x : y : Z 
-7.362, -1.856, 8.229
-7.362, -1.856, 8.229
-6.385, -1.76, 7.156
-5.121, -1.655, 7.367
-5.121, -1.655, 7.367
-5.121, -1.655, 7.367
-4.824, -1.607, 6.965
-4.824, -1.607, 6.965
-4.824, -1.205, 5.375
-5.14, -0.467, 3.661
-5.14, -0.467, 3.661
-5.772, 0.403, 3.383
-6.385, 0.614, 4.523
-6.385, 0.614, 4.523
-7.219, 0.556, 6.697
-8.655, 1.485, 8.497
-8.655, 1.485, 8.497
-8.866, 0.078, 6.879
-8.866, 0.078, 6.879
-7.793, 0.422, 6.888
-7.793, 0.422, 6.888
-6.318, 0.126, 7.3
-6.318, 0.126, 7.3
-3.627, -2.402, 8.938
-3.627, -2.402, 8.938
-3.416, -2.316, 9.206
-3.752, -1.741, 8.411
-3.752, -1.741, 8.411
-3.761, -0.669, 8.018
-5.073, 0.614, 5.164
-5.073, 0.614, 5.164
-6.088, 0.978, 3.938
-6.088, 0.978, 3.938
-6.031, 0.652, 5.643
-6.031, 0.652, 5.643
-5.466, 0.633, 6.553
-5.121, 0.633, 7.367
-4.566, 0.413, 7.865
-4.566, 0.413, 7.865
-4.24, 0.27, 7.894
-4.259, 0.155, 8.219
-4.259, 0.155, 8.219
-4.527, 0.117, 8.67
-5.437, 0.892, 7.357
-5.437, 0.892, 7.357
-5.437, 0.892, 7.357
-5.772, 1.284, 7.003
-5.839, 1.428, 7.108
-5.839, 1.428, 7.108
-5.59, 1.351, 7.501
-5.59, 1.351, 7.501
-5.868, 1.476, 6.936
-5.868, 1.476, 6.936
-5.945, 1.495, 6.61
-6.06, 1.581, 6.017
-6.251, 1.696, 5.653
-6.251, 1.696, 5.653
-6.539, 1.964, 6.074
-6.424, 1.964, 6.342
-6.002, 1.868, 6.936
-6.002, 1.868, 6.936
-5.112, 0.825, 7.99
-5.112, 0.825, 7.99
-4.173, 0.413, 9.148
-3.685, 0.318, 9.675
-3.081, -0.113, 10.719
-2.813, -0.352, 10.891
-2.813, -0.352, 10.891
-2.554, -0.86, 10.202
-2.554, -0.86, 10.202
-2.229, -0.678, 9.857
-2.229, -0.678, 9.857
-2.133, -0.238, 9.321
-2.602, 0.232, 8.2
-2.602, 0.232, 8.2
-2.832, 0.643, 8.085
-2.832, 0.643, 8.085
-3.426, 0.968, 8.478
-4.144, 1.313, 9.12
-4.748, 1.466, 9.072
-4.748, 1.466, 9.072
-5.035, 1.753, 8.373
-5.14, 1.935, 7.52
-5.14, 1.935, 7.52
-4.997, 1.581, 6.706
-4.69, 0.987, 6.409
-4.69, 0.987, 6.409
-4.25, 0.384, 7.051
-2.938, 0.451, 7.817
-2.938, 0.451, 7.817
-2.918, -0.266, 8.334
-2.918, -0.266, 8.334
-2.784, -0.42, 7.99
-2.679, -0.257, 7.654
-2.679, -0.257, 7.654
-2.775, -0.123, 7.281
-2.775, -0.123, 7.281
-2.909, 0.146, 7.357
-2.851, 0.318, 7.329
-2.756, 0.374, 7.405
-2.756, 0.374, 7.405
-3.005, 0.422, 7.444
-3.005, 0.422, 7.444
-2.784, 0.318, 8.277
-2.784, 0.318, 8.277
-2.698, 0.184, 8.631
-2.478, 0.021, 9.445
-2.507, -0.171, 9.962
-2.507, -0.171, 9.962
-2.535, -0.4, 9.934
-2.535, -0.4, 9.934
-2.114, -0.803, 9.426
-2.114, -0.803, 9.426
-1.961, -0.889, 9.12
-1.75, -0.822, 9.225
-1.75, -0.822, 9.225
-1.731, -0.803, 9.235
-1.731, -0.803, 9.235
-1.827, -0.544, 8.938
-2.191, -0.132, 8.583
-2.411, 0.327, 7.884
-2.411, 0.327, 7.884
-2.181, 0.499, 7.731
-1.731, 0.556, 7.827
-1.731, 0.556, 7.827
-1.338, 0.384, 8.459
-1.338, 0.384, 8.459
-1.156, 0.117, 9.081
-1.271, -0.199, 9.359
-1.434, -0.218, 8.909
-1.434, -0.218, 8.909
-1.712, 0.002, 8.804
-2.018, 0.289, 8.296
-2.018, 0.289, 8.296
-2.248, 0.633, 7.683
-2.248, 0.633, 7.683
-2.401, 0.959, 6.946
-2.401, 0.959, 6.946
-2.411, 1.323, 6.505
-2.411, 1.323, 6.505
-2.497, 1.332, 6.294
-2.554, 1.141, 6.141
-2.554, 1.141, 6.141
-2.373, 0.748, 6.084
-2.373, 0.748, 6.084
-2.286, 0.537, 6.246
-2.124, 0.384, 6.189
-2.124, 0.384, 6.189
-2.305, 0.336, 5.978
-2.124, 0.289, 5.835
-2.124, 0.289, 5.835
-2.047, 0.374, 5.739
-2.238, 0.155, 5.634
-2.238, 0.155, 5.634
-2.238, 0.155, 5.634
-2.191, -0.027, 5.356
-2.191, -0.027, 5.356
-2.124, -0.199, 4.858
-2.124, -0.199, 4.858
-2.363, -0.343, 4.408
-2.899, -0.103, 2.693
-2.899, -0.103, 2.693
-2.899, -0.103, 2.693
-3.483, -0.276, 2.349
-3.991, -0.496, 1.831
-3.991, -0.496, 1.831
-4.24, -0.659, 1.161
-4.24, -0.659, 1.161
-4.537, -0.985, 0.711
-6.05, -0.592, 1.104
-6.069, -0.755, 1.008
-6.395, -0.841, 1.381
-6.395, -0.841, 1.381
-7.333, -1.396, 1.946
-7.333, -1.396, 1.946
-8.023, -1.291, 1.621
-9.105, -0.908, 1.707
-8.205, -0.707, 1.266
-8.205, -0.707, 1.266
-5.974, -1.09, 0.471
-5.974, -1.09, 0.471
-5.102, -1.54, 0.28
-7.094, -1.818, 1.037
-7.094, -1.818, 1.037
-9.258, -2.431, 1.927
-9.258, -2.431, 1.927
-10.513, -2.345, 2.349
-11.959, -2.297, 3.182
-13.405, -1.914, 3.651
-14.105, -1.349, 4.207
-14.105, -1.349, 4.207
-14.612, -0.937, 4.36
-15.283, -1.147, 4.321
-15.283, -1.147, 4.321
-15.187, -1.511, 4.264
-15.187, -1.511, 4.264
-14.564, -2.182, 3.977
-14.334, -2.345, 3.823
-14.229, -2.316, 3.958
-14.229, -2.316, 3.958
-14.296, -2.23, 3.814
-14.765, -1.77, 3.651
-15.666, -1.31, 3.929
-16.786, -1.214, 4.733
-16.786, -1.214, 4.733
-17.064, -0.745, 5.614
-17.236, -0.391, 5.911
-17.255, 0.117, 5.806
-17.255, 0.117, 5.806
-17.15, 0.604, 5.308
-17.236, 1.246, 4.762
-17.236, 1.246, 4.762
-17.389, 2.012, 4.216
-17.064, 2.079, 3.555
-16.46, 1.868, 2.377
-16.46, 1.868, 2.377
-15.397, 1.591, 1.113
-15.397, 1.591, 1.113
-14.085, 0.595, 0.529
-12.907, 0.213, 0.376
-12.907, 0.213, 0.376
-12.017, -0.458, 0.548
-11.212, -0.592, 0.385
-11.212, -0.592, 0.385
-10.685, -0.649, 0.069
-10.178, -0.927, -0.084
-9.718, -1.176, -0.323
-9.402, -1.167, -0.189
-9.44, -1.138, -0.027
-9.44, -1.138, -0.027
-9.498, -0.985, 0.222
-9.498, -0.985, 0.222
-9.527, -0.879, 0.625
-9.651, -0.831, 0.768
-9.651, -0.831, 0.768
-10.015, -0.707, 0.989
-10.417, -0.707, 1.046
-10.417, -0.707, 1.046
-10.446, -0.755, 1.286
-10.561, -1.052, 1.4
-10.436, -1.751, 1.161
-10.436, -1.751, 1.161
-10.417, -1.837, 1.247
-10.542, -1.875, 1.774
-10.542, -1.875, 1.774
-10.446, -2.009, 2.32
-10.446, -2.009, 2.32
-10.389, -2.191, 2.464
-10.389, -2.191, 2.464
-10.379, -2.421, 2.483
-10.379, -2.421, 2.483
-10.235, -2.823, 2.416
-10.235, -2.823, 2.416
-9.824, -3.36, 1.918
-9.824, -3.36, 1.918
-9.488, -3.628, 1.506
-9.278, -3.886, 1.142
-9.278, -3.886, 1.142
-9.182, -4.126, 1.037
-9.182, -4.126, 1.037
-9.258, -4.298, 0.969
-9.23, -4.509, 0.989
-9.077, -4.442, 1.046
-9.096, -4.356, 1.027
-9.096, -4.356, 1.027
-9.057, -4.059, 0.893
-9.057, -4.059, 0.893
-9.029, -3.772, 0.788
-9.0, -3.532, 0.826
-9.115, -3.35, 0.931
-9.115, -3.35, 0.931
-9.124, -3.254, 1.084
-9.124, -3.072, 1.42
-9.124, -3.072, 1.42
-8.942, -3.025, 2.224
-8.942, -3.025, 2.224
-8.952, -3.101, 2.55
-8.923, -3.13, 2.645
-8.923, -3.13, 2.645
-8.818, -3.111, 2.674
-8.818, -3.111, 2.674
-8.923, -3.082, 2.588
-9.115, -3.168, 2.329
-9.115, -3.168, 2.329
-9.297, -3.12, 1.822
-9.67, -3.101, 1.544
-9.67, -3.101, 1.544
-9.862, -3.101, 1.381
-9.862, -3.101, 1.381
-10.044, -3.072, 1.218
-10.063, -3.092, 1.247
-10.101, -2.919, 1.075
-10.006, -2.938, 0.95
-10.006, -2.938, 0.95
-9.919, -3.015, 0.768
-9.919, -3.015, 0.768
-9.804, -2.986, 0.625
-9.689, -3.015, 0.663
-9.689, -3.015, 0.663
-9.527, -3.264, 0.768
-9.268, -3.503, 0.749
-9.096, -3.637, 0.864
-9.096, -3.637, 0.864
-8.952, -3.743, 0.96
-8.866, -3.867, 1.084
-8.866, -3.867, 1.084
-9.019, -4.011, 1.247
-9.124, -3.848, 1.295
-8.99, -3.666, 1.084
-9.067, -3.455, 1.008
-9.191, -3.35, 0.979
-9.191, -3.35, 0.979
-9.364, -3.302, 0.893
-9.364, -3.302, 0.893
-9.306, -3.216, 0.96
-9.345, -3.178, 0.922
-9.345, -3.178, 0.922
-9.239, -3.12, 1.084
-9.134, -3.168, 1.324
-9.134, -3.168, 1.324
-8.99, -3.293, 1.582
-8.99, -3.293, 1.582
-8.942, -3.254, 1.535
-8.981, -3.408, 1.477
-8.981, -3.408, 1.477
-8.866, -3.264, 1.295
-8.866, -3.264, 1.295
-8.971, -3.159, 1.314
-9.22, -3.226, 1.228
-9.22, -3.226, 1.228
-9.354, -3.12, 1.295
-9.354, -3.12, 1.295
-9.431, -3.216, 1.439
-9.488, -3.111, 1.515
-9.651, -3.025, 1.774
-9.584, -3.178, 1.669
-9.584, -3.178, 1.669
-9.584, -3.178, 1.669
-9.383, -3.216, 1.707
-9.258, -3.187, 1.755
-9.258, -3.187, 1.755
-9.077, -3.235, 1.841
-8.914, -3.417, 2.138
-8.914, -3.417, 2.138
-8.914, -3.417, 2.138
-8.78, -3.408, 2.358
-8.751, -3.475, 2.32
-8.751, -3.475, 2.32
-8.818, -3.542, 2.387
-8.818, -3.542, 2.387
-8.828, -3.609, 2.186
-8.818, -3.647, 2.042
-8.818, -3.647, 2.042
-8.866, -3.628, 1.879
-8.904, -3.733, 1.448
-8.904, -3.733, 1.448
-9.009, -3.695, 1.343
-9.048, -3.618, 1.199
-9.048, -3.618, 1.199
-9.201, -3.532, 1.008
-9.345, -3.455, 0.95
-9.383, -3.436, 0.931
-9.383, -3.436, 0.931
-9.46, -3.542, 0.912
-9.258, -3.551, 0.931
-9.172, -3.57, 0.998
-9.172, -3.57, 0.998
-8.99, -3.647, 1.008
-8.99, -3.647, 1.008
-8.914, -3.561, 1.084
-8.904, -3.408, 1.171
-8.904, -3.408, 1.171
-8.933, -3.369, 1.228
-8.885, -3.264, 1.295
-8.866, -3.149, 1.151
-9.009, -3.034, 1.132
-9.009, -3.034, 1.132
-9.144, -2.862, 1.218
-9.144, -2.862, 1.218
-9.345, -2.881, 1.362
-9.632, -2.737, 1.477
-9.632, -2.737, 1.477
-9.833, -2.526, 1.391
-9.929, -2.565, 1.649
-9.929, -2.565, 1.649
-9.938, -2.412, 1.764
-9.891, -2.488, 1.822
-9.9, -2.498, 1.87
-9.9, -2.498, 1.87
-9.824, -2.613, 1.985
-9.68, -2.728, 2.09
-9.68, -2.728, 2.09
-9.555, -2.823, 2.167
-9.393, -2.948, 2.167
-9.278, -2.996, 2.08
-9.278, -2.996, 2.08
-9.191, -3.092, 1.918
-9.191, -3.092, 1.918
-9.115, -3.111, 1.841
-9.038, -3.159, 1.649
-9.038, -3.159, 1.649
-9.009, -3.13, 1.688
-9.067, -3.025, 1.64
-9.239, -2.986, 1.678
-9.239, -2.986, 1.678
-9.326, -3.053, 1.697
-9.326, -3.053, 1.697
-9.326, -3.053, 1.697
-9.44, -3.015, 1.697
-9.479, -3.044, 1.678
-9.479, -3.044, 1.678
-9.555, -3.101, 1.535
-9.507, -3.139, 1.515
-9.594, -3.111, 1.582
-9.594, -3.111, 1.582
-9.507, -3.197, 1.439
-9.507, -3.187, 1.333
-9.507, -3.187, 1.333
-9.345, -3.293, 1.286
-9.373, -3.465, 1.113
-9.249, -3.513, 1.228
-9.249, -3.513, 1.228
-9.239, -3.436, 1.266
-9.239, -3.436, 1.266
-9.144, -3.436, 1.362
-9.115, -3.379, 1.343
-9.115, -3.379, 1.343
-9.124, -3.321, 1.391
-9.096, -3.312, 1.333
-9.096, -3.312, 1.333
-9.124, -3.302, 1.247
-9.124, -3.302, 1.247
-9.077, -3.417, 1.218
-9.077, -3.417, 1.218
-9.086, -3.369, 1.343
-9.077, -3.408, 1.305
-9.077, -3.408, 1.305
-9.115, -3.484, 1.429
-9.115, -3.484, 1.429
-9.077, -3.427, 1.573
-9.297, -3.235, 2.08
-9.297, -3.235, 2.08
-9.297, -3.235, 2.08
-9.335, -3.206, 2.138
-9.22, -3.12, 2.138
-9.22, -3.12, 2.138
-9.211, -3.082, 2.09
-9.211, -3.082, 2.09
-9.249, -3.063, 2.004
-9.249, -3.063, 2.004
-9.45, -3.092, 1.946
-9.45, -3.092, 1.946
-9.364, -3.063, 1.966
-9.354, -3.044, 1.87
-9.354, -3.044, 1.87
-9.354, -3.044, 1.87
-9.278, -3.082, 1.86
-9.278, -3.082, 1.86
-9.268, -3.092, 1.851
-9.211, -3.149, 1.927
-9.172, -3.111, 1.975
-9.172, -3.111, 1.975
-9.134, -3.216, 1.985
-9.134, -3.216, 1.985
-9.086, -3.187, 1.812
-9.134, -3.245, 1.716
-9.134, -3.245, 1.716
-9.115, -3.187, 1.487
-9.115, -3.187, 1.487
-9.048, -3.149, 1.506
-9.067, -3.063, 1.41
-9.144, -3.101, 1.448
-9.211, -3.072, 1.525
-9.211, -3.072, 1.525
-9.23, -3.206, 1.563
-9.191, -3.12, 1.573
-9.144, -3.206, 1.506
-9.144, -3.206, 1.506
-9.153, -3.206, 1.544
-9.211, -3.13, 1.487
-9.211, -3.13, 1.487
-9.335, -2.89, 1.669
-9.335, -2.89, 1.669
-9.402, -2.881, 1.678
-9.527, -2.814, 1.764
-9.594, -2.823, 1.678
-9.479, -2.747, 1.554
-9.479, -2.747, 1.554
-9.479, -2.747, 1.554
-9.383, -2.881, 1.439
-9.364, -2.871, 1.295
-9.364, -2.871, 1.295
-9.354, -2.871, 1.305
-9.373, -2.843, 1.218
-9.431, -2.785, 1.209
-9.44, -2.737, 1.286
-9.44, -2.737, 1.286
-9.45, -2.737, 1.171
-9.536, -2.594, 1.075
-9.536, -2.594, 1.075
-9.977, -2.392, 1.295
-9.977, -2.392, 1.295
-9.977, -2.392, 1.295
-9.967, -2.277, 1.467
-9.776, -2.287, 1.467
-9.967, -2.287, 1.477
-9.967, -2.287, 1.477
-9.958, -2.383, 1.324
-9.795, -2.45, 1.238
-9.795, -2.45, 1.238
-9.833, -2.392, 0.969
-9.824, -2.306, 0.95
-9.824, -2.306, 0.95
-9.843, -2.268, 0.979
-9.843, -2.268, 0.979
-9.852, -2.201, 1.037
-9.852, -2.201, 1.037
-9.977, -2.21, 1.113
-9.996, -2.143, 1.171
-9.996, -2.143, 1.171
-9.986, -2.076, 0.969
-9.986, -2.076, 0.969
-10.006, -2.057, 0.912
-10.044, -2.048, 0.816
-10.044, -2.048, 0.816
-10.015, -2.143, 0.768
-9.718, -2.201, 0.96
-9.718, -2.201, 0.96
-9.843, -2.163, 1.286
-9.843, -2.163, 1.286
-10.092, -2.105, 1.525
-10.092, -2.105, 1.525
-10.073, -2.096, 1.42
-9.958, -2.258, 1.477
-9.919, -2.325, 1.467
-9.9, -2.258, 1.247
-9.9, -2.268, 1.218
-9.9, -2.268, 1.218
-9.833, -2.297, 1.171
-9.785, -2.354, 1.142
-9.785, -2.354, 1.142
-9.776, -2.364, 1.151
-9.776, -2.364, 1.151
-9.737, -2.479, 1.161
-9.737, -2.479, 1.161
-9.709, -2.517, 1.247
-9.709, -2.517, 1.247
-9.584, -2.574, 1.333
-9.46, -2.632, 1.228
-9.46, -2.632, 1.228
-9.383, -2.603, 1.18
-9.383, -2.603, 1.18
-9.306, -2.613, 1.151
-9.201, -2.613, 1.266
-9.201, -2.613, 1.266
-9.287, -2.584, 1.257
-9.191, -2.574, 1.286
-9.153, -2.479, 1.161
-9.153, -2.479, 1.161
-9.134, -2.632, 1.132
-9.038, -2.737, 1.094
-9.038, -2.737, 1.094
-9.0, -2.737, 1.151
-9.077, -2.814, 1.18
-9.038, -2.728, 1.324
-9.038, -2.728, 1.324
-9.096, -2.852, 1.448
-9.096, -2.852, 1.448
-9.057, -2.814, 1.697
-9.105, -2.804, 1.774
-9.105, -2.804, 1.774
-9.134, -2.804, 1.697
-9.134, -2.804, 1.697
-9.163, -2.67, 1.64
-9.268, -2.718, 1.458
-9.278, -2.641, 1.266
-9.326, -2.594, 1.151
-9.345, -2.546, 0.96
-9.373, -2.546, 0.874
-9.373, -2.546, 0.874
-9.45, -2.459, 0.883
-9.45, -2.459, 0.883
-9.45, -2.555, 0.998
-9.46, -2.584, 1.084
-9.46, -2.584, 1.084
-9.412, -2.651, 1.286
-9.412, -2.651, 1.286
-9.326, -2.546, 1.353
-9.335, -2.747, 1.381
-9.335, -2.747, 1.381
-9.335, -2.747, 1.381
-9.345, -2.718, 1.362
-9.335, -2.661, 1.324
-9.335, -2.661, 1.324
-9.44, -2.661, 1.247
-9.469, -2.526, 1.238
-9.469, -2.526, 1.238
-9.661, -2.613, 1.199
-9.67, -2.584, 1.132
-9.67, -2.584, 1.132
-9.766, -2.488, 1.19
-9.795, -2.498, 1.238
-9.785, -2.431, 1.218
-9.785, -2.431, 1.218
-9.804, -2.421, 1.209
-9.862, -2.306, 1.123
-9.862, -2.306, 1.123
-9.891, -2.22, 1.104
-9.919, -2.201, 1.065
-10.034, -2.076, 1.104
-10.034, -2.076, 1.104
-10.13, -2.009, 1.228
-10.13, -2.009, 1.228
-10.168, -2.009, 1.276
-10.168, -2.009, 1.276
-10.149, -1.971, 1.238
-10.149, -1.971, 1.238
-10.168, -2.038, 1.295
-10.063, -2.201, 1.238
-10.063, -2.201, 1.238
-9.929, -2.277, 1.247
-9.843, -2.325, 1.18
-9.843, -2.325, 1.18
-9.709, -2.44, 1.209
-9.651, -2.479, 1.247
-9.651, -2.479, 1.247
-9.575, -2.479, 1.295
-9.575, -2.479, 1.295
-9.613, -2.479, 1.276
-9.632, -2.431, 1.247
-9.632, -2.431, 1.247
-9.632, -2.431, 1.247
-9.555, -2.488, 1.324
-9.555, -2.488, 1.324
-9.622, -2.412, 1.276
-9.584, -2.45, 1.333
-9.584, -2.45, 1.333
-9.594, -2.45, 1.458
-9.594, -2.45, 1.458
-9.594, -2.45, 1.458
-9.651, -2.574, 1.467
-9.651, -2.574, 1.467
-9.575, -2.517, 1.582
-9.632, -2.421, 1.621
-9.632, -2.421, 1.621
-9.718, -2.392, 1.525
-9.776, -2.297, 1.487
-9.871, -2.105, 1.41
-9.919, -2.096, 1.305
-9.919, -2.096, 1.305
-9.843, -2.076, 1.286
-9.852, -2.105, 1.324
-9.833, -2.163, 1.4
-9.938, -2.086, 1.506
-10.015, -1.904, 1.582
-10.015, -1.904, 1.582
-10.044, -1.847, 1.448
-10.025, -1.818, 1.353
-9.958, -1.914, 1.199
-9.958, -1.914, 1.199
-10.025, -1.818, 1.037
-10.025, -1.818, 1.037
-9.919, -1.818, 0.95
-9.91, -1.875, 0.893
-9.776, -2.038, 1.017
-9.785, -2.105, 1.123
-9.785, -2.105, 1.123
-9.756, -2.086, 1.324
-9.756, -2.086, 1.324
-9.756, -2.096, 1.487
-9.699, -2.124, 1.525
-9.814, -1.99, 1.602
-9.814, -1.99, 1.602
-9.948, -1.914, 1.716
-10.111, -1.818, 1.602
-10.111, -1.818, 1.602
-10.264, -1.626, 1.563
-10.283, -1.693, 1.448
-10.283, -1.693, 1.448
-10.331, -1.655, 1.228
-10.341, -1.645, 1.113
-10.341, -1.645, 1.113
-10.379, -1.578, 1.017
-10.379, -1.578, 1.017
-10.35, -1.559, 1.19
-10.274, -1.578, 1.257
-10.312, -1.588, 1.506
-10.312, -1.588, 1.506
-10.274, -1.636, 1.592
-10.178, -1.703, 1.764
-10.178, -1.703, 1.764
-10.216, -1.703, 1.755
-10.207, -1.751, 1.697
-10.207, -1.789, 1.736
-10.207, -1.789, 1.736
-10.255, -1.732, 1.63
-10.216, -1.799, 1.515
-10.283, -1.665, 1.525
-10.245, -1.693, 1.381
-10.245, -1.693, 1.381
-10.197, -1.779, 1.333
-10.187, -1.933, 1.295
-10.187, -1.933, 1.295
-10.015, -2.038, 1.324
-9.814, -2.249, 1.333
-9.709, -2.316, 1.439
-9.709, -2.316, 1.439
-9.527, -2.517, 1.554
-9.527, -2.517, 1.554
-9.479, -2.603, 1.582
-9.479, -2.603, 1.582
-9.488, -2.689, 1.563
-9.373, -2.661, 1.544
-9.249, -2.661, 1.63
-9.249, -2.661, 1.63
-9.182, -2.661, 1.573
-9.144, -2.67, 1.573
-9.124, -2.622, 1.649
-9.124, -2.526, 1.716
-9.124, -2.526, 1.716
-9.086, -2.459, 1.764
-9.057, -2.459, 1.716
-9.057, -2.459, 1.716
-9.0, -2.517, 1.678
-9.0, -2.517, 1.678
-9.029, -2.431, 1.621
-9.009, -2.364, 1.448
-9.009, -2.364, 1.448
-9.019, -2.373, 1.41
-9.019, -2.373, 1.41
-8.971, -2.383, 1.353
-9.009, -2.412, 1.343
-9.009, -2.412, 1.343
-8.99, -2.45, 1.391
-8.99, -2.45, 1.391
-8.914, -2.584, 1.621
-8.914, -2.584, 1.621
-8.895, -2.603, 1.736
-8.895, -2.603, 1.736
-8.933, -2.651, 1.851
-8.933, -2.651, 1.851
-8.99, -2.594, 1.889
-8.99, -2.594, 1.889
-9.009, -2.546, 1.879
-9.038, -2.565, 1.966
-9.038, -2.565, 1.966
-9.067, -2.517, 1.87
-9.086, -2.431, 1.745
-9.153, -2.402, 1.697
-9.153, -2.402, 1.697
-9.182, -2.345, 1.736
-9.22, -2.402, 1.793
-9.22, -2.402, 1.793
-9.345, -2.325, 1.726
-9.335, -2.373, 1.793
-9.335, -2.373, 1.793
-9.326, -2.383, 1.774
-9.364, -2.412, 1.716
-9.44, -2.546, 1.784
-9.44, -2.546, 1.784
-9.469, -2.517, 1.851
-9.536, -2.498, 1.774
-9.594, -2.517, 1.755
-9.594, -2.517, 1.755
-9.622, -2.431, 1.669
-9.622, -2.431, 1.669
-9.498, -2.412, 1.563
-9.498, -2.412, 1.563
-9.46, -2.469, 1.448
-9.46, -2.469, 1.448
-9.488, -2.594, 1.496
-9.488, -2.594, 1.496
-9.46, -2.536, 1.669
-9.412, -2.565, 1.582
-9.412, -2.565, 1.582
-9.402, -2.67, 1.707
-9.402, -2.67, 1.707
-9.345, -2.67, 1.525
-9.345, -2.67, 1.525
-9.345, -2.574, 1.554
-9.345, -2.574, 1.554
-9.297, -2.584, 1.563
-9.383, -2.555, 1.554
-9.383, -2.555, 1.554
-9.421, -2.555, 1.487
-9.45, -2.488, 1.649
-9.402, -2.402, 1.726
-9.402, -2.402, 1.726
-9.469, -2.507, 1.812
-9.507, -2.431, 1.841
-9.507, -2.431, 1.841
-9.555, -2.354, 1.87
-9.642, -2.316, 1.822
-9.689, -2.21, 1.764
-9.689, -2.21, 1.764
-9.689, -2.191, 1.544
-9.689, -2.191, 1.544
-9.871, -1.99, 1.525
-9.871, -1.99, 1.525
-9.938, -1.904, 1.467
-10.015, -1.741, 1.458
-10.36, -1.435, 1.238
-10.36, -1.435, 1.238
-10.523, -1.08, 1.19
-10.523, -1.08, 1.19
-10.705, -0.927, 1.42
-10.705, -0.927, 1.42
-10.714, -1.061, 1.592
-10.714, -1.061, 1.592
-10.532, -1.205, 1.707
-10.532, -1.205, 1.707
-10.293, -1.358, 1.774
-10.264, -1.339, 2.08
-10.264, -1.339, 2.08
-10.255, -1.387, 2.195
-10.149, -1.396, 2.243
-10.149, -1.396, 2.243
-10.092, -1.358, 2.033
-10.092, -1.358, 2.033
-10.312, -1.157, 2.004
-10.312, -1.157, 2.004
-10.369, -1.042, 1.927
-10.513, -0.918, 1.697
-10.513, -0.918, 1.697
-10.551, -0.803, 1.487
-10.551, -0.803, 1.487
-10.551, -0.822, 1.41
-10.561, -0.86, 1.487
-10.561, -0.86, 1.487
-10.369, -1.061, 1.649
-10.331, -1.253, 1.841
-10.322, -1.377, 1.803
-10.302, -1.416, 1.841
-10.35, -1.358, 1.831
-10.35, -1.358, 1.831
-10.456, -1.234, 1.707
-10.523, -1.214, 1.63
-10.475, -1.214, 1.592
-10.475, -1.186, 1.611
-10.322, -1.291, 1.496
-10.322, -1.291, 1.496
-10.226, -1.358, 1.525
-10.149, -1.463, 1.544
-10.111, -1.636, 1.611
-10.034, -1.751, 1.602
-9.938, -1.847, 1.477
-9.938, -1.847, 1.477
-9.747, -1.933, 1.458
-9.642, -2.048, 1.506
-9.555, -2.105, 1.573
-9.555, -2.105, 1.573
-9.555, -2.163, 1.688
-9.488, -2.191, 1.659
-9.488, -2.191, 1.659
-9.45, -2.191, 1.621
-9.488, -2.268, 1.621
-9.488, -2.287, 1.544
-9.488, -2.287, 1.544
-9.45, -2.325, 1.41
-9.45, -2.325, 1.41
-9.603, -2.287, 1.391
-9.632, -2.306, 1.458
-9.642, -2.277, 1.41
-9.661, -2.249, 1.391
-9.661, -2.249, 1.391
-9.613, -2.306, 1.544
-9.613, -2.306, 1.544
-9.642, -2.268, 1.63
-9.642, -2.268, 1.63
-9.642, -2.335, 1.592
-9.642, -2.335, 1.592
-9.603, -2.306, 1.467
-9.642, -2.306, 1.41
-9.642, -2.306, 1.41
-9.661, -2.268, 1.362
-9.575, -2.383, 1.372
-9.575, -2.383, 1.372
-9.469, -2.488, 1.362
-9.431, -2.45, 1.333
-9.431, -2.45, 1.333
-9.335, -2.488, 1.343
-9.249, -2.479, 1.362
-9.211, -2.45, 1.295
-9.211, -2.45, 1.295
-9.258, -2.574, 1.266
-9.22, -2.574, 1.266
-9.249, -2.747, 1.228
-9.249, -2.747, 1.228
-9.23, -2.804, 1.305
-9.211, -2.91, 1.276
-9.211, -2.91, 1.276
-9.067, -2.948, 1.276
-9.067, -2.948, 1.276
-8.981, -2.871, 1.295
-8.952, -2.785, 1.353
-8.952, -2.785, 1.353
-8.99, -2.795, 1.372
-8.942, -2.804, 1.448
-8.942, -2.804, 1.448
-8.923, -2.775, 1.439
-8.923, -2.843, 1.496
-8.923, -2.91, 1.429
-8.933, -2.871, 1.381
-8.933, -2.871, 1.381
-8.942, -2.852, 1.439
-8.942, -2.852, 1.439
-8.971, -2.795, 1.4
-8.971, -2.795, 1.4
-9.191, -2.718, 1.333
-9.191, -2.718, 1.333
-9.335, -2.584, 1.238
-9.44, -2.584, 1.123
-9.44, -2.584, 1.123
-9.555, -2.412, 1.008
-9.555, -2.412, 1.008
-9.594, -2.412, 0.989
-9.594, -2.412, 0.989
-9.642, -2.383, 0.969
-9.661, -2.383, 0.989
-9.661, -2.383, 0.989
-9.661, -2.345, 1.037
-9.661, -2.345, 1.037
-9.642, -2.345, 1.084
-9.699, -2.354, 1.171
-9.651, -2.306, 1.151
-9.651, -2.306, 1.151
-9.642, -2.325, 1.199
-9.642, -2.325, 1.199
-9.709, -2.258, 1.238
-9.709, -2.258, 1.238
-9.891, -2.115, 1.218
-9.881, -2.076, 1.161
-9.881, -2.076, 1.161
-9.843, -2.038, 1.171
-10.092, -1.808, 0.96
-10.092, -1.808, 0.96
-10.092, -1.808, 0.96
-10.092, -1.655, 1.046
-10.235, -1.425, 1.008
-10.235, -1.425, 1.008
-10.302, -1.301, 1.046
-10.427, -1.167, 1.286
-10.427, -1.167, 1.286
-10.571, -1.099, 1.305
-10.666, -0.879, 1.439
-10.724, -0.86, 1.726
-10.724, -0.86, 1.726
-10.513, -0.85, 1.745
-10.513, -0.85, 1.745
-10.465, -0.831, 1.726
-10.417, -0.86, 1.841
-10.417, -0.86, 1.841
-10.427, -0.87, 1.927
-10.379, -1.08, 2.109
-10.379, -1.08, 2.109
-10.436, -0.879, 2.147
-10.274, -1.061, 1.918
-9.986, -1.617, 1.86
-9.986, -1.617, 1.86
-9.977, -1.655, 1.898
-9.977, -1.655, 1.898
-9.948, -1.502, 1.506
-10.14, -1.253, 1.381
-10.14, -1.253, 1.381
-10.255, -1.032, 1.257
-10.216, -1.09, 1.314
-10.101, -1.128, 1.266
-10.101, -1.128, 1.266
-10.13, -1.195, 1.372
-10.197, -1.176, 1.381
-10.331, -1.08, 1.64
-10.331, -1.08, 1.64
-10.331, -1.08, 1.64
-10.216, -1.31, 1.602
-10.216, -1.31, 1.602
-10.187, -1.416, 1.496
-10.187, -1.416, 1.496
-10.178, -1.473, 1.372
-10.197, -1.463, 1.266
-10.197, -1.463, 1.266
-10.216, -1.396, 1.286
-10.216, -1.396, 1.286
-10.216, -1.425, 1.295
-10.283, -1.253, 1.257
-10.283, -1.253, 1.257
-10.523, -1.119, 1.228
-10.532, -1.023, 1.247
-10.666, -1.013, 1.18
-10.666, -1.013, 1.18
-10.647, -1.042, 1.084
-10.599, -1.119, 1.113
-10.494, -1.272, 1.209
-10.542, -1.349, 1.333
-10.542, -1.349, 1.333
-10.235, -1.473, 1.381
-10.235, -1.473, 1.381
-10.235, -1.502, 1.554
-10.207, -1.492, 1.707
-10.207, -1.492, 1.707
-10.044, -1.674, 1.898
-10.034, -1.741, 1.87
-10.034, -1.741, 1.87
-10.073, -1.703, 1.879
-9.843, -1.904, 1.736
-9.728, -1.981, 1.745
-9.728, -1.981, 1.745
-9.642, -1.981, 1.64
-9.642, -1.981, 1.64
-9.661, -2.048, 1.669
-9.661, -2.048, 1.669
-9.565, -2.096, 1.544
-9.479, -2.105, 1.669
-9.479, -2.105, 1.669
-9.498, -2.306, 1.697
-9.46, -2.392, 1.554
-9.46, -2.392, 1.554
-9.364, -2.373, 1.477
-9.364, -2.373, 1.477
-9.287, -2.383, 1.42
-9.287, -2.383, 1.42
-9.23, -2.306, 1.324
-9.249, -2.354, 1.276
-9.249, -2.354, 1.276
-9.182, -2.421, 1.266
-9.182, -2.421, 1.266
-9.239, -2.44, 1.324
-9.316, -2.383, 1.305
-9.316, -2.383, 1.305
-9.364, -2.402, 1.305
-9.364, -2.412, 1.238
-9.364, -2.412, 1.238
-9.373, -2.44, 1.171
-9.383, -2.44, 1.104
-9.383, -2.44, 1.104
-9.316, -2.421, 1.056
-9.326, -2.517, 1.075
-9.258, -2.526, 1.142
-9.23, -2.641, 1.247
-9.23, -2.641, 1.247
-9.249, -2.632, 1.324
-9.249, -2.632, 1.324
-9.258, -2.574, 1.314
-9.268, -2.565, 1.199
-9.268, -2.565, 1.199
-9.22, -2.594, 1.113
-9.124, -2.574, 0.96
-9.086, -2.622, 0.874
-9.086, -2.622, 0.874
-9.067, -2.536, 0.807
-9.057, -2.622, 0.749
-9.057, -2.622, 0.749
-8.99, -2.766, 0.874
-8.99, -2.766, 0.874
-9.048, -2.737, 0.864
-9.134, -2.737, 0.902
-9.163, -2.766, 0.96
-9.306, -2.766, 0.912
-9.306, -2.766, 0.912
-9.45, -2.651, 0.835
-9.45, -2.651, 0.835
-9.498, -2.594, 0.759
-9.622, -2.469, 0.72
-9.747, -2.325, 0.682
-9.747, -2.325, 0.682
-9.833, -2.201, 0.72
-9.833, -2.23, 0.912
-9.977, -2.23, 0.941
-9.977, -2.23, 0.941
-10.149, -2.067, 0.864
-10.264, -1.981, 0.998
-10.264, -1.981, 0.998
-10.245, -1.866, 0.922
-10.245, -1.866, 0.922
-10.379, -1.732, 0.96
-10.465, -1.626, 1.017
-10.465, -1.626, 1.017
-10.561, -1.396, 0.998
-10.561, -1.396, 0.998
-10.8, -1.109, 1.056
-10.848, -1.128, 0.941
-10.685, -1.119, 1.017
-10.685, -1.119, 1.017
-10.389, -1.272, 1.218
-10.389, -1.272, 1.218
-10.389, -1.272, 1.218
-10.513, -1.272, 1.257
-10.283, -1.578, 1.286
-10.312, -1.521, 1.4
-9.919, -1.779, 1.257
-9.919, -1.779, 1.257
-9.613, -2.134, 1.467
-9.613, -2.134, 1.467
-9.785, -1.971, 1.496
-9.814, -1.789, 1.381
-9.814, -1.789, 1.381
-10.073, -1.559, 1.333
-10.073, -1.559, 1.333
-10.235, -1.329, 1.458
-10.235, -1.329, 1.458
-10.264, -1.234, 1.343
-10.216, -1.234, 1.247
-10.293, -1.109, 1.084
-10.283, -0.994, 1.084
-10.283, -0.994, 1.084
-10.59, -0.918, 1.199
-10.436, -0.985, 1.333
-10.427, -0.956, 1.544
-10.369, -1.061, 1.669
-10.369, -1.061, 1.669
-10.36, -1.032, 1.621
-10.36, -1.032, 1.621
-10.322, -1.08, 1.602
-10.341, -1.042, 1.64
-10.389, -1.023, 1.563
-10.389, -1.023, 1.563
-10.475, -1.004, 1.487
-10.513, -1.004, 1.42
-10.513, -1.004, 1.42
-10.571, -0.908, 1.42
-10.571, -0.908, 1.42
-10.618, -0.85, 1.295
-10.724, -0.841, 1.18
-10.724, -0.841, 1.18
-10.781, -0.793, 1.142
-10.743, -0.946, 1.084
-10.743, -0.946, 1.084
-10.666, -1.061, 1.046
-10.618, -1.119, 1.037
-10.484, -1.32, 1.065
-10.312, -1.454, 1.142
-10.226, -1.665, 1.228
-10.226, -1.665, 1.228
-10.082, -1.684, 1.218
-10.082, -1.684, 1.218
-10.025, -1.866, 1.238
-10.025, -1.866, 1.238
-9.967, -1.904, 1.209
-9.919, -2.019, 1.286
-9.919, -2.019, 1.286
-9.986, -1.961, 1.228
-9.852, -2.105, 1.257
-9.795, -2.076, 1.266
-9.756, -2.028, 1.295
-9.756, -2.028, 1.295
-9.795, -2.086, 1.324
-9.795, -2.086, 1.324
-9.958, -1.99, 1.381
-9.891, -2.067, 1.276
-9.891, -2.067, 1.276
-9.852, -2.019, 1.199
-9.852, -2.019, 1.199
-9.785, -2.201, 1.209
-9.747, -2.258, 1.18
-9.747, -2.258, 1.18
-9.718, -2.21, 1.228
-9.622, -2.268, 1.199
-9.527, -2.287, 1.295
-9.527, -2.287, 1.295
-9.479, -2.335, 1.324
-9.479, -2.335, 1.324
-9.431, -2.383, 1.257
-9.431, -2.383, 1.257
-9.431, -2.402, 1.257
-9.421, -2.459, 1.295
-9.412, -2.517, 1.295
-9.412, -2.517, 1.295
-9.421, -2.469, 1.218
-9.421, -2.469, 1.218
-9.421, -2.498, 1.19
-9.393, -2.526, 1.104
-9.393, -2.526, 1.104
-9.354, -2.488, 1.065
-9.354, -2.488, 1.065
-9.373, -2.517, 1.104
-9.412, -2.421, 1.046
-9.412, -2.421, 1.046
-9.364, -2.479, 1.104
-9.364, -2.479, 1.104
-9.316, -2.469, 1.056
-9.316, -2.469, 1.056
-9.306, -2.45, 1.113
-9.23, -2.45, 1.104
-9.211, -2.479, 1.037
-9.191, -2.45, 1.104
-9.191, -2.45, 1.104
-9.201, -2.536, 1.199
-9.201, -2.536, 1.199
-9.22, -2.469, 1.123
-9.249, -2.479, 1.056
-9.297, -2.421, 1.037
-9.278, -2.354, 0.931
-9.278, -2.354, 0.931
-9.46, -2.364, 0.883
-9.46, -2.364, 0.883
-9.421, -2.277, 0.768
-9.527, -2.201, 0.807
-9.613, -2.23, 0.788
-9.632, -2.22, 0.874
-9.632, -2.22, 0.874
-9.804, -2.134, 0.883
-9.871, -2.134, 0.902
-9.938, -2.086, 0.855
-9.938, -2.086, 0.855
-9.929, -2.038, 0.883
-9.938, -2.038, 0.845
-9.938, -1.981, 0.864
-10.015, -1.961, 0.95
-10.044, -1.875, 0.922
-10.044, -1.875, 0.922
-10.015, -1.827, 0.912
-10.015, -1.827, 0.912
-10.053, -1.789, 0.835
-10.063, -1.693, 0.912
-10.053, -1.76, 0.893
-10.101, -1.751, 0.845
-10.101, -1.751, 0.845
-10.082, -1.76, 0.893
-10.082, -1.76, 0.893
-10.044, -1.77, 0.883
-10.082, -1.751, 1.017
-10.207, -1.598, 0.979
-10.207, -1.598, 0.979
-10.322, -1.32, 1.084
-10.322, -1.32, 1.084
-10.331, -1.281, 1.056
-10.302, -1.291, 1.132
-10.302, -1.291, 1.132
-10.149, -1.444, 1.18
-10.14, -1.425, 1.266
-10.034, -1.569, 1.362
-10.034, -1.569, 1.362
-10.092, -1.511, 1.496
-10.092, -1.511, 1.496
-10.101, -1.454, 1.515
-10.044, -1.463, 1.496
-10.044, -1.463, 1.496
-9.833, -1.674, 1.4
-9.833, -1.674, 1.4
-9.565, -1.942, 1.286
-9.565, -1.942, 1.286
-9.613, -1.885, 1.171
-9.613, -1.885, 1.171
-9.833, -1.751, 1.104
-9.919, -1.598, 1.113
-9.919, -1.598, 1.113
-9.824, -1.598, 1.132
-9.824, -1.598, 1.132
-9.919, -1.358, 1.046
-10.092, -1.253, 1.161
-10.092, -1.253, 1.161
-10.178, -1.176, 1.228
-10.168, -1.147, 1.161
-10.101, -1.157, 1.19
-10.216, -1.147, 1.151
-10.216, -1.147, 1.151
-10.36, -1.061, 1.266
-10.36, -1.061, 1.266
-10.504, -0.918, 1.295
-10.504, -0.918, 1.295
-10.618, -0.918, 1.266
-10.695, -0.831, 1.218
-10.695, -0.831, 1.218
-10.743, -0.879, 1.065
-10.743, -0.879, 1.065
-10.772, -0.822, 1.027
-10.714, -0.764, 1.017
-10.714, -0.764, 1.017
-10.791, -0.726, 1.056
-10.877, -0.755, 0.998
-10.877, -0.755, 0.998
-10.982, -0.774, 1.046
-10.982, -0.774, 1.046
-10.992, -0.764, 1.037
-11.011, -0.774, 0.941
-11.011, -0.774, 0.941
-10.973, -0.793, 0.95
-10.973, -0.793, 0.95
-10.925, -0.898, 0.883
-10.925, -0.898, 0.883
-10.762, -1.013, 1.046
-10.762, -1.013, 1.046
-10.666, -1.09, 1.104
-10.523, -1.234, 1.247
-10.523, -1.234, 1.247
-10.408, -1.349, 1.151
-10.408, -1.349, 1.151
-10.283, -1.435, 1.276
-10.207, -1.483, 1.314
-10.207, -1.483, 1.314
-10.111, -1.655, 1.238
-10.053, -1.76, 1.247
-9.91, -1.818, 1.218
-9.91, -1.818, 1.218
-9.91, -1.818, 1.218
-9.929, -1.818, 1.084
-9.929, -1.818, 1.084
-9.843, -1.856, 1.008
-9.776, -1.942, 0.883
-9.67, -2.009, 0.864
-9.67, -2.009, 0.864
-9.536, -2.096, 0.816
-9.469, -2.143, 0.835
-9.335, -2.143, 0.883
-9.326, -2.163, 1.027
-9.335, -2.191, 0.989
-9.335, -2.191, 0.989
-9.297, -2.163, 0.989
-9.383, -2.115, 0.922
-9.383, -2.115, 0.922
-9.565, -2.028, 0.797
-9.565, -2.028, 0.797
-9.603, -2.0, 0.74
-9.613, -2.009, 0.759
-9.68, -1.99, 0.768
-9.68, -1.99, 0.768
-9.756, -2.0, 0.855
-9.785, -2.009, 0.96
-9.776, -1.961, 1.075
-9.776, -1.961, 1.075
-9.776, -2.048, 1.132
-9.728, -2.019, 1.161
-9.728, -2.019, 1.161
-9.766, -1.971, 1.075
-9.766, -1.971, 1.075
-9.689, -2.067, 1.065
-9.689, -2.067, 1.065
-9.728, -2.076, 0.998
-9.728, -2.076, 0.998
-9.689, -2.096, 0.989
-9.689, -2.096, 0.989
-9.67, -2.124, 0.979
-9.584, -2.182, 0.922
-9.584, -2.182, 0.922
-9.536, -2.172, 0.969
-9.575, -2.172, 0.941
-9.575, -2.172, 0.941
-9.555, -2.258, 0.874
-9.555, -2.258, 0.874
-9.431, -2.191, 0.797
-9.393, -2.249, 0.711
-9.306, -2.239, 0.682
-9.306, -2.239, 0.682
-9.345, -2.287, 0.826
-9.345, -2.287, 0.826
-9.287, -2.277, 0.969
-9.287, -2.277, 0.969
-9.278, -2.297, 0.989
-9.268, -2.201, 0.941
-9.268, -2.201, 0.941
-9.306, -2.287, 0.95
-9.306, -2.316, 0.864
-9.306, -2.316, 0.864
-9.306, -2.287, 0.788
-9.421, -2.22, 0.797
-9.421, -2.22, 0.797
-9.498, -2.172, 0.759
-9.68, -2.076, 0.912
-9.68, -2.076, 0.912
-9.766, -2.028, 0.816
-9.843, -1.885, 0.711
-9.843, -1.885, 0.711
-9.881, -1.99, 0.634
-10.025, -1.837, 0.653
-10.025, -1.837, 0.653
-9.996, -1.751, 0.634
-9.996, -1.751, 0.634
-10.092, -1.779, 0.653
-10.149, -1.751, 0.653
-10.149, -1.751, 0.653
-10.197, -1.655, 0.797
-10.293, -1.645, 0.845
-10.331, -1.569, 0.864
-10.274, -1.473, 0.893
-10.274, -1.473, 0.893
-10.235, -1.483, 0.893
-10.235, -1.483, 0.893
-10.331, -1.425, 0.788
-10.331, -1.425, 0.788
-10.322, -1.368, 0.835
-10.264, -1.368, 0.941
-10.264, -1.368, 0.941
-10.264, -1.454, 0.969
-10.235, -1.387, 1.017
-10.235, -1.387, 1.017
-10.159, -1.463, 1.017
-10.168, -1.463, 1.046
-10.159, -1.492, 1.104
-10.322, -1.387, 1.008
-10.322, -1.387, 1.008
-10.599, -1.08, 0.893
-10.599, -1.08, 0.893
-10.379, -1.042, 0.807
-10.379, -1.042, 0.807
-10.475, -0.965, 0.72
-10.475, -0.965, 0.72
-10.456, -1.071, 0.692
-10.427, -1.052, 0.778
-10.427, -1.052, 0.778
-10.264, -1.167, 0.874
-10.264, -1.167, 0.874
-10.092, -1.349, 1.151
-10.092, -1.349, 1.151
-10.006, -1.483, 1.209
-10.274, -1.224, 1.228
-10.274, -1.224, 1.228
-10.312, -1.071, 1.238
-10.312, -1.071, 1.238
-10.36, -1.013, 1.19
-10.446, -0.841, 1.209
-10.523, -0.774, 1.113
-10.523, -0.774, 1.113
-10.609, -0.755, 1.094
-10.724, -0.64, 1.094
-10.724, -0.64, 1.094
-10.733, -0.63, 1.18
-10.685, -0.697, 1.391
-10.685, -0.697, 1.391
-10.705, -0.726, 1.487
-10.705, -0.726, 1.487
-10.657, -0.716, 1.563
-10.599, -0.822, 1.611
-10.494, -0.908, 1.64
-10.494, -0.908, 1.64
-10.389, -0.841, 1.611
-10.389, -0.841, 1.611
-10.456, -0.965, 1.554
-10.494, -0.86, 1.487
-10.456, -0.898, 1.458
-10.8, -0.822, 1.458
-10.848, -0.793, 1.458
-10.848, -0.793, 1.458
-10.504, -0.755, 1.477
-10.504, -0.755, 1.477
-10.848, -0.793, 1.065
-10.848, -0.793, 1.065
-10.111, -1.071, 0.941
-10.341, -0.908, 0.912
-10.341, -0.908, 0.912
-10.494, -0.898, 0.893
-10.657, -0.879, 1.017
-10.504, -0.927, 1.333
-10.504, -0.927, 1.333
-10.542, -0.831, 1.458
-10.609, -0.927, 1.726
-10.609, -0.927, 1.726
-10.638, -0.956, 2.109
-10.638, -0.956, 2.109
-10.791, -0.918, 1.956
-10.705, -1.013, 1.889
-10.484, -1.099, 1.784
-10.484, -1.099, 1.784
-10.465, -1.061, 1.784
-10.331, -1.119, 1.649
-10.331, -1.119, 1.649
-10.465, -1.013, 1.822
-10.523, -1.042, 1.764
-10.436, -1.099, 1.611
-10.436, -1.099, 1.611
-10.427, -1.023, 1.515
-10.101, -1.349, 1.554
-10.101, -1.349, 1.554
-10.034, -1.368, 1.678
-10.034, -1.368, 1.678
-9.843, -1.588, 1.611
-9.642, -1.636, 1.496
-9.642, -1.636, 1.496
-9.488, -1.808, 1.429
-9.488, -1.808, 1.429
-9.479, -1.77, 1.573
-9.412, -1.76, 1.707
-9.412, -1.76, 1.707
-9.383, -1.914, 1.966
-9.383, -1.914, 1.966
-9.258, -1.942, 1.937
-9.201, -2.0, 1.966
-9.019, -1.981, 2.052
-8.981, -2.038, 2.119
-8.981, -2.038, 2.119
-8.856, -1.961, 1.966
-8.856, -1.961, 1.966
-8.751, -2.0, 2.013
-8.751, -2.0, 2.013
-8.693, -1.971, 2.004
-8.684, -2.0, 2.167
-8.684, -2.0, 2.167
-8.655, -2.057, 2.339
-8.646, -2.076, 2.502
-8.646, -2.076, 2.502
-8.646, -2.076, 2.55
-8.646, -2.076, 2.55
-8.703, -2.019, 2.55
-8.962, -2.009, 2.521
-8.962, -2.009, 2.521
-8.971, -1.933, 2.454
-8.971, -1.933, 2.454
-9.038, -1.933, 2.531
-9.115, -1.952, 2.626
-8.923, -1.961, 2.425
-8.923, -1.961, 2.425
-8.636, -1.885, 1.908
-8.636, -1.885, 1.908
-8.713, -1.942, 1.582
-8.76, -1.894, 1.563
-8.808, -1.904, 1.602
-8.799, -1.933, 1.966
-8.799, -1.933, 1.966
-8.885, -1.856, 2.617
-8.885, -1.856, 2.617
-9.134, -1.76, 3.067
-9.651, -1.588, 3.134
-9.211, -1.425, 3.574
-8.473, -2.038, 3.46
-8.473, -2.038, 3.46
-8.54, -2.153, 3.029
-8.54, -2.153, 3.029
-9.096, -2.057, 2.674
-8.617, -2.028, 3.076
-8.617, -2.028, 3.076
-8.176, -1.904, 3.373
-8.148, -1.827, 3.929
-8.148, -1.827, 3.929
-8.224, -1.837, 3.986
-8.368, -1.808, 4.159
-8.368, -1.808, 4.159
-8.464, -1.856, 3.996
-8.464, -1.808, 3.948
-8.464, -1.808, 3.948
-8.483, -1.76, 3.709
-8.626, -1.732, 3.747
-8.76, -1.722, 3.555
-8.76, -1.722, 3.555
-8.914, -1.741, 3.45
-8.866, -1.578, 3.335
-8.866, -1.578, 3.335
-8.818, -1.444, 3.488
-8.713, -1.358, 3.871
-8.866, -1.291, 4.187
-8.866, -1.291, 4.187
-9.038, -1.224, 4.523
-9.038, -1.224, 4.523
-9.029, -1.186, 4.58
-9.029, -1.186, 4.58
-9.019, -1.061, 4.618
-9.029, -1.032, 4.647
-9.029, -1.032, 4.647
-9.048, -1.004, 4.819
-9.163, -1.071, 4.791
-9.297, -1.023, 4.973
-9.297, -1.023, 4.973
-9.335, -1.032, 5.155
-9.44, -1.042, 5.164
-9.44, -1.042, 5.164
-9.402, -1.099, 4.81
-9.402, -1.099, 4.81
-9.297, -1.138, 4.427
-9.239, -1.195, 4.264
-9.115, -1.205, 4.264
-9.115, -1.205, 4.264
-9.057, -1.272, 4.207
-9.0, -1.31, 4.226
-8.904, -1.387, 4.379
-8.904, -1.387, 4.379
-8.856, -1.454, 4.389
-8.856, -1.454, 4.389
-8.808, -1.463, 4.331
-8.741, -1.607, 4.379
-8.741, -1.607, 4.379
-8.617, -1.665, 4.369
-8.502, -1.684, 4.293
-8.511, -1.732, 4.14
-8.511, -1.732, 4.14
-8.406, -1.665, 4.197
-8.492, -1.665, 4.092
-8.492, -1.665, 4.092
-8.607, -1.693, 4.044
-8.617, -1.684, 3.977
-8.598, -1.693, 3.996
-8.598, -1.693, 3.996
-8.674, -1.693, 3.814
-8.674, -1.693, 3.814
-8.617, -1.732, 3.862
-8.617, -1.732, 3.862
-8.636, -1.712, 3.852
-8.607, -1.712, 3.843
-8.607, -1.712, 3.843
-8.531, -1.693, 3.91
-8.588, -1.598, 3.977
-8.588, -1.598, 3.977
-8.559, -1.732, 4.063
-8.598, -1.722, 3.977
-8.598, -1.722, 3.977
-8.588, -1.732, 4.072
-8.588, -1.732, 4.072
-8.636, -1.779, 4.034
-8.636, -1.779, 4.034
-8.693, -1.722, 4.015
-8.693, -1.722, 4.015
-8.646, -1.789, 3.996
-8.684, -1.693, 3.804
-8.751, -1.722, 3.776
-8.828, -1.732, 3.747
-8.828, -1.732, 3.747
-8.703, -1.693, 3.718
-8.703, -1.693, 3.718
-8.674, -1.693, 3.756
-8.674, -1.693, 3.756
-8.674, -1.722, 3.814
-8.674, -1.722, 3.814
-8.569, -1.76, 3.871
-8.473, -1.789, 3.9
-8.473, -1.789, 3.9
-8.483, -1.818, 4.015
-8.502, -1.818, 4.034
-8.502, -1.818, 4.034
-8.531, -1.875, 3.958
-8.511, -1.894, 3.9
-8.406, -1.875, 3.776
-8.406, -1.875, 3.776
-8.406, -1.894, 3.776
-8.444, -1.866, 3.728
-8.454, -1.866, 3.68
-8.454, -1.866, 3.68
-8.521, -1.837, 3.728
-8.502, -1.885, 3.709
-8.502, -1.885, 3.709
-8.502, -1.885, 3.709
-8.559, -1.799, 3.862
-8.693, -1.875, 3.747
-8.693, -1.875, 3.747
-8.722, -1.933, 3.9
-8.703, -1.856, 3.737
-8.703, -1.856, 3.737
-8.674, -1.827, 3.718
-8.559, -1.77, 3.814
-8.626, -1.837, 3.699
-8.598, -1.808, 3.967
-8.598, -1.808, 3.967
-8.617, -1.875, 3.833
-8.617, -1.875, 3.833
-8.626, -1.779, 3.862
-8.626, -1.779, 3.862
-8.588, -1.722, 3.929
-8.588, -1.722, 3.929
-8.77, -1.799, 3.833
-8.77, -1.799, 3.833
-8.77, -1.789, 3.881
-8.847, -1.712, 3.766
-8.847, -1.712, 3.766
-8.847, -1.684, 3.67
-8.914, -1.626, 3.67
-8.914, -1.626, 3.67
-8.875, -1.645, 3.642
-8.895, -1.626, 3.632
-8.914, -1.674, 3.642
-8.914, -1.674, 3.642
-8.904, -1.684, 3.833
-8.895, -1.693, 3.871
-8.895, -1.693, 3.871
-8.895, -1.732, 4.015
-8.904, -1.674, 4.034
-8.904, -1.674, 4.034
-8.818, -1.684, 3.986
-8.77, -1.617, 4.025
-8.76, -1.636, 3.929
-8.76, -1.636, 3.929
-8.751, -1.636, 3.871
-8.751, -1.636, 3.871
-8.856, -1.521, 3.833
-8.866, -1.406, 3.91
-8.866, -1.406, 3.91
-8.914, -1.387, 3.833
-8.933, -1.329, 4.034
-8.933, -1.329, 4.034
-9.019, -1.301, 4.178
-9.077, -1.425, 4.254
-9.077, -1.425, 4.254
-9.105, -1.396, 4.427
-9.105, -1.396, 4.427
-9.077, -1.358, 4.532
-9.077, -1.358, 4.532
-9.105, -1.349, 4.446
-9.105, -1.349, 4.446
-9.115, -1.253, 4.427
-9.086, -1.272, 4.475
-9.086, -1.272, 4.475
-9.067, -1.329, 4.417
-9.057, -1.301, 4.389
-8.981, -1.406, 4.389
-8.981, -1.406, 4.389
-8.895, -1.521, 4.178
-8.799, -1.54, 4.178
-8.799, -1.54, 4.178
-8.741, -1.578, 4.264
-8.741, -1.578, 4.264
-8.741, -1.578, 4.264
-8.713, -1.674, 4.283
-8.646, -1.655, 4.082
-8.626, -1.703, 4.034
-8.626, -1.703, 4.034
-8.521, -1.77, 3.804
-8.521, -1.77, 3.804
-8.492, -1.751, 3.862
-8.483, -1.77, 3.948
-8.483, -1.77, 3.948
-8.473, -1.712, 3.843
-8.406, -1.732, 3.862
-8.406, -1.732, 3.862
-8.425, -1.827, 3.776
-8.425, -1.827, 3.776
-8.387, -1.818, 3.661
-8.387, -1.818, 3.661
-8.272, -1.799, 3.814
-8.272, -1.799, 3.814
-8.282, -1.808, 3.823
-8.368, -1.789, 3.891
-8.454, -1.818, 3.871
-8.454, -1.818, 3.871
-8.425, -1.818, 3.737
-8.435, -1.76, 3.833
-8.435, -1.76, 3.833
-8.435, -1.77, 3.766
-8.492, -1.827, 3.689
-8.492, -1.827, 3.689
-8.454, -1.818, 3.756
-8.588, -1.847, 3.718
-8.588, -1.847, 3.718
-8.511, -1.875, 3.718
-8.444, -1.885, 3.728
-8.444, -1.885, 3.728
-8.502, -1.914, 3.728
-8.502, -1.914, 3.728
-8.483, -1.923, 3.843
-8.483, -1.923, 3.843
-8.521, -1.904, 3.852
-8.492, -1.847, 3.852
-8.492, -1.847, 3.852
-8.559, -1.856, 3.814
-8.559, -1.856, 3.814
-8.607, -1.866, 3.795
-8.559, -1.827, 3.594
-8.559, -1.827, 3.594
-8.531, -1.789, 3.661
-8.559, -1.885, 3.527
-8.617, -1.847, 3.584
-8.531, -1.866, 3.728
-8.531, -1.866, 3.728
-8.598, -1.885, 3.613
-8.598, -1.885, 3.613
-8.55, -1.866, 3.661
-8.55, -1.866, 3.661
-8.569, -1.808, 3.747
-8.569, -1.808, 3.747
-8.598, -1.885, 3.709
-8.598, -1.837, 3.699
-8.598, -1.837, 3.699
-8.617, -1.76, 3.709
-8.713, -1.789, 3.689
-8.77, -1.789, 3.622
-8.77, -1.789, 3.622
-8.77, -1.712, 3.613
-8.77, -1.712, 3.613
-8.76, -1.732, 3.622
-8.722, -1.703, 3.613
-8.722, -1.703, 3.613
-8.741, -1.645, 3.785
-8.741, -1.645, 3.785
-8.77, -1.655, 3.814
-8.77, -1.655, 3.814
-8.78, -1.665, 3.833
-8.78, -1.665, 3.833
-8.78, -1.645, 3.91
-8.77, -1.645, 3.938
-8.77, -1.645, 3.938
-8.713, -1.607, 3.996
-8.77, -1.674, 3.804
-8.77, -1.674, 3.804
-8.741, -1.645, 3.862
-8.76, -1.626, 3.967
-8.76, -1.626, 3.967
-8.837, -1.636, 3.958
-8.837, -1.636, 3.958
-8.808, -1.617, 3.958
-8.808, -1.617, 3.958
-8.799, -1.636, 3.814
-8.751, -1.54, 3.986
-8.76, -1.569, 3.881
-8.76, -1.569, 3.881
-8.799, -1.55, 3.823
-8.751, -1.435, 3.938
-8.837, -1.377, 3.91
-8.904, -1.329, 4.044
-8.904, -1.329, 4.044
-8.962, -1.358, 4.159
-8.962, -1.358, 4.159
-8.923, -1.272, 4.341
-9.009, -1.234, 4.369
-8.971, -1.272, 4.494
-8.971, -1.272, 4.494
-9.0, -1.349, 4.484
-9.0, -1.349, 4.484
-9.077, -1.262, 4.685
-9.077, -1.262, 4.685
-9.048, -1.205, 4.609
-9.048, -1.205, 4.609
-9.019, -1.234, 4.618
-9.019, -1.234, 4.618
-8.952, -1.368, 4.551
-8.933, -1.416, 4.446
-8.933, -1.416, 4.446
-8.895, -1.368, 4.494
-8.895, -1.368, 4.494
-8.847, -1.406, 4.293
-8.808, -1.454, 4.264
-8.808, -1.454, 4.264
-8.76, -1.435, 4.12
-8.732, -1.454, 4.14
-8.703, -1.492, 4.14
-8.684, -1.559, 4.159
-8.684, -1.559, 4.159
-8.665, -1.54, 4.274
-8.655, -1.521, 4.111
-8.655, -1.521, 4.111
-8.617, -1.588, 4.149
-8.646, -1.53, 4.293
-8.665, -1.588, 4.197
-8.665, -1.588, 4.197
-8.655, -1.617, 4.159
-8.655, -1.617, 4.159
-8.684, -1.684, 4.13
-8.684, -1.684, 4.13
-8.703, -1.684, 4.044
-8.703, -1.636, 4.015
-8.703, -1.636, 4.015
-8.703, -1.636, 4.015
-8.751, -1.655, 3.929
-8.751, -1.655, 3.929
-8.751, -1.636, 3.938
-8.713, -1.645, 3.91
-8.713, -1.645, 3.91
-8.751, -1.693, 4.034
-8.751, -1.693, 4.034
-8.722, -1.626, 3.977

