x : y : Z 
7.897278, -0.14125061, 6.1016235
7.9152374, -0.1376648, 6.0621185
7.8876953, -0.14724731, 6.099228
7.882904, -0.16998291, 6.072891
7.8876953, -0.15441895, 6.0704956
7.8960724, -0.16281128, 6.027405
7.929596, -0.14364624, 6.0154266
7.9116364, -0.1592102, 6.036972
7.8757324, -0.14724731, 6.0309906
7.874527, -0.15681458, 6.0214233
7.906845, -0.16281128, 6.0022583
7.912842, -0.16879272, 5.977127
7.9032593, -0.17956543, 5.9950867
7.9080505, -0.17837524, 5.9879
7.934387, -0.16281128, 5.9352264
7.952347, -0.18315125, 5.9507904
7.972687, -0.16160583, 5.9005127
7.9559326, -0.1592102, 5.834671
7.898468, -0.18315125, 5.831085
7.934387, -0.2166748, 5.822693
7.952347, -0.18554688, 5.8298798
7.933182, -0.1771698, 5.7999573
7.969101, -0.19752502, 5.79158
7.9978333, -0.20469666, 5.759247
7.984665, -0.19033813, 5.7377014
7.9882507, -0.19992065, 5.735306
7.9822693, -0.17956543, 5.743683
7.970291, -0.18075562, 5.7496796
7.9870605, -0.19992065, 5.783188
7.969101, -0.17837524, 5.786789
8.003815, -0.19992065, 5.747284
7.984665, -0.20948792, 5.7855835
8.0229645, -0.21427917, 5.7903748
8.00621, -0.20350647, 5.8095245
8.003815, -0.22744751, 5.8322754
8.051697, -0.19752502, 5.779602
8.036133, -0.19154358, 5.772415
8.051697, -0.22265625, 5.783188
8.078033, -0.21188354, 5.693405
8.056488, -0.22026062, 5.649124
8.038528, -0.2059021, 5.609619
8.057678, -0.20350647, 5.620392
8.04332, -0.18075562, 5.5880737
8.028961, -0.19752502, 5.5677185
8.020569, -0.18196106, 5.5234222
8.051697, -0.17956543, 5.4922943
8.054092, -0.17597961, 5.4815216
8.048111, -0.18914795, 5.4851227
8.070847, -0.18675232, 5.542572
8.0421295, -0.1663971, 5.57251
8.020569, -0.20829773, 5.613205
8.039734, -0.19631958, 5.617996
8.020569, -0.1879425, 5.700592
8.015793, -0.18914795, 5.7305145
8.018188, -0.17118835, 5.740097
8.02536, -0.1771698, 5.7305145
8.0074005, -0.17956543, 5.755661
7.9870605, -0.16998291, 5.7688293
7.973892, -0.16041565, 5.795166
7.952347, -0.1771698, 5.8250885
7.9559326, -0.19392395, 5.8322754
7.967911, -0.16041565, 5.8238983
7.9595184, -0.16758728, 5.8789673
7.9427643, -0.17358398, 5.862198
7.9391785, -0.1484375, 5.841858
7.933182, -0.15441895, 5.8945312
7.9439545, -0.14485168, 5.9184723
7.9439545, -0.16041565, 5.8885345
7.9236145, -0.15441895, 5.9424133
7.8960724, -0.12928772, 5.9591675
7.8960724, -0.15203857, 5.953186
7.894882, -0.16041565, 5.9819183
7.914032, -0.14364624, 6.013031
7.8960724, -0.16400146, 5.9879
7.9164276, -0.17237854, 6.028595
7.94635, -0.16758728, 6.0429688
7.941574, -0.16998291, 6.0465546
7.94635, -0.16879272, 6.028595
7.898468, -0.18315125, 6.035782
7.9248047, -0.15441895, 6.040573
7.949951, -0.14125061, 6.035782
7.9116364, -0.16998291, 6.0142365
7.928406, -0.14964294, 6.009445
7.9487457, -0.16281128, 5.9627533
7.9248047, -0.18315125, 5.9340363
7.9080505, -0.16281128, 5.9472046
7.9272003, -0.16758728, 5.954376
7.9200134, -0.18435669, 5.9388123
7.933182, -0.16758728, 5.930435
7.929596, -0.18196106, 5.9340363
7.936783, -0.18196106, 5.9196625
7.9631195, -0.1592102, 5.8837433
7.929596, -0.18315125, 5.8837433
7.9391785, -0.18554688, 5.8765717
7.929596, -0.19871521, 5.865799
7.933182, -0.17597961, 5.858612
7.92601, -0.18914795, 5.8849487
7.9248047, -0.16879272, 5.8394623
7.9487457, -0.16160583, 5.831085
7.969101, -0.18315125, 5.834671
7.941574, -0.17237854, 5.81192
7.94635, -0.17118835, 5.802353
7.985855, -0.16041565, 5.8215027
7.961914, -0.18196106, 5.8095245
7.967911, -0.19392395, 5.803543
7.976288, -0.17597961, 5.819107
7.9487457, -0.19871521, 5.8215027
7.9750824, -0.18435669, 5.7580566
7.9990234, -0.18554688, 5.764038
8.02417, -0.1771698, 5.7616425
8.011002, -0.1879425, 5.73291
7.994232, -0.18554688, 5.707779
8.012192, -0.18196106, 5.738907
8.0074005, -0.17237854, 5.7424927
8.013397, -0.18554688, 5.728134
7.984665, -0.20111084, 5.728134
8.0074005, -0.18554688, 5.740097
7.9906464, -0.18196106, 5.743683
7.9786835, -0.20231628, 5.764038
8.0229645, -0.18435669, 5.752075
7.9954376, -0.1771698, 5.7424927
7.9990234, -0.19392395, 5.754471
7.9403687, -0.19392395, 5.7927704
7.9882507, -0.18075562, 5.779602
7.9786835, -0.1592102, 5.776016
7.961914, -0.16281128, 5.79158
7.9834595, -0.17837524, 5.803543
7.9643097, -0.17956543, 5.8478394
7.972687, -0.16281128, 5.8286896
7.969101, -0.16041565, 5.8406525
7.960724, -0.13168335, 5.834671
7.9631195, -0.15441895, 5.882553
7.973892, -0.18435669, 5.9112854
7.952347, -0.16400146, 5.9112854
7.977478, -0.15681458, 5.9184723
7.9870605, -0.15441895, 5.8873444
7.9475555, -0.17956543, 5.9040985
7.933182, -0.1663971, 5.881363
7.936783, -0.18554688, 5.8921356
7.9355774, -0.18914795, 5.8945312
7.9559326, -0.17956543, 5.8765717
7.961914, -0.1484375, 5.9268494
7.976288, -0.1771698, 5.9124756
7.9475555, -0.17597961, 5.846634
7.934387, -0.14604187, 5.8634033
7.930786, -0.1484375, 5.930435
7.9475555, -0.17837524, 5.9005127
7.9547424, -0.17597961, 5.858612
7.929596, -0.1771698, 5.8885345
7.933182, -0.15681458, 5.8957214
7.953537, -0.15203857, 5.862198
7.928406, -0.15802002, 5.901703
7.94516, -0.16400146, 5.9040985
7.9391785, -0.19154358, 5.8789673
7.973892, -0.19033813, 5.881363
7.9511414, -0.18435669, 5.925644
7.9427643, -0.17237854, 5.8765717
7.92601, -0.17118835, 5.8550262
7.921219, -0.1771698, 5.865799
7.9236145, -0.17597961, 5.8885345
7.936783, -0.1879425, 5.8729706
7.952347, -0.17237854, 5.8550262
7.9403687, -0.19752502, 5.81073
7.9631195, -0.18554688, 5.8478394
7.953537, -0.16520691, 5.8801575
7.92601, -0.20469666, 5.7808075
7.9583282, -0.1592102, 5.786789
7.934387, -0.16041565, 5.803543
7.9188232, -0.18075562, 5.803543
7.9355774, -0.19154358, 5.7891846
7.934387, -0.19992065, 5.8095245
7.9236145, -0.17118835, 5.851425
7.928406, -0.16758728, 5.807129
7.912842, -0.19631958, 5.834671
7.9248047, -0.1376648, 5.881363
7.890091, -0.14245605, 5.8681946
7.92601, -0.16520691, 5.8849487
7.930786, -0.16400146, 5.9005127
7.9439545, -0.16400146, 5.9244537
7.8936768, -0.14724731, 5.91008
7.9164276, -0.16041565, 5.9184723
7.9032593, -0.16041565, 5.948395
7.905655, -0.17956543, 5.9519806
7.9080505, -0.15441895, 5.9507904
7.914032, -0.12808228, 5.9400177
7.897278, -0.16520691, 5.949585
7.8936768, -0.15562439, 5.9364166
7.902069, -0.13168335, 5.9627533
7.894882, -0.15083313, 5.9555817
7.9080505, -0.17358398, 5.9795227
7.8769226, -0.14245605, 5.9831085
7.9032593, -0.15203857, 6.009445
7.8841095, -0.1304779, 6.0226135
7.874527, -0.1257019, 6.0345917
7.8721313, -0.118515015, 5.9866943
7.8362274, -0.13287354, 6.0214233
7.8637543, -0.14006042, 6.020218
7.874527, -0.12449646, 6.025009
7.8410034, -0.15802002, 6.0932465
7.873337, -0.17118835, 6.032196
7.8685455, -0.17956543, 6.1135864
7.8613586, -0.14964294, 6.080078
7.8769226, -0.1592102, 6.0944366
7.890091, -0.15322876, 6.0740967
7.8637543, -0.16160583, 6.0214233
7.8805084, -0.16160583, 6.027405
7.8852997, -0.17837524, 6.035782
7.9032593, -0.14485168, 6.008255
7.928406, -0.16998291, 6.013031
7.921219, -0.16998291, 5.937622
7.8841095, -0.16041565, 5.869385
7.8876953, -0.17956543, 5.917267
7.8889008, -0.1771698, 5.9555817
7.8912964, -0.16400146, 5.941208
7.881714, -0.15203857, 5.89093
7.910446, -0.18435669, 5.893326
7.9032593, -0.16520691, 5.901703
7.9008636, -0.14364624, 5.893326
7.9008636, -0.16281128, 5.8945312
7.9152374, -0.19992065, 5.898117
7.9319916, -0.16041565, 5.9124756
7.9236145, -0.17237854, 5.8478394
7.937973, -0.19273376, 5.814316
7.9403687, -0.1879425, 5.81073
7.9116364, -0.18315125, 5.7975616
7.941574, -0.17597961, 5.796356
7.9427643, -0.20231628, 5.786789
7.961914, -0.17837524, 5.7652435
7.9427643, -0.18554688, 5.779602
7.934387, -0.17597961, 5.7652435
7.9319916, -0.16879272, 5.787979
7.9272003, -0.18554688, 5.776016
7.937973, -0.18075562, 5.7903748
7.952347, -0.19752502, 5.762848
7.906845, -0.20350647, 5.748474
7.9116364, -0.17237854, 5.7939606
7.953537, -0.17956543, 5.7927704
7.957123, -0.19392395, 5.754471
7.912842, -0.1592102, 5.7448883
7.8924866, -0.1592102, 5.767639
7.8960724, -0.17597961, 5.7580566
7.914032, -0.1484375, 5.81073
7.898468, -0.15203857, 5.826294
7.8769226, -0.14964294, 5.8490295
7.9032593, -0.16281128, 5.9160767
7.8721313, -0.16998291, 5.9280396
7.8697357, -0.14006042, 5.9675446
7.850586, -0.1376648, 5.972336
7.818268, -0.1304779, 6.020218
7.827835, -0.13526917, 6.064514
7.8050995, -0.14724731, 6.0549316
7.8134766, -0.108932495, 6.1243744
7.8050995, -0.09815979, 6.159088
7.827835, -0.13168335, 6.1890106
7.7620087, -0.14245605, 6.20697
7.7823486, -0.14604187, 6.1961975
7.799118, -0.1149292, 6.217743
7.7691803, -0.13407898, 6.241684
7.7895355, -0.1257019, 6.2596436
7.7691803, -0.13287354, 6.3027344
7.775177, -0.111328125, 6.3075256
7.7739716, -0.12689209, 6.2799835
7.747635, -0.10534668, 6.2991486
7.739258, -0.08859253, 6.28598
7.736862, -0.113723755, 6.293152
7.7536163, -0.10055542, 6.3111115
7.7847443, -0.11013794, 6.3147125
7.759613, -0.13407898, 6.277603
7.7536163, -0.14485168, 6.2835846
7.783554, -0.1197052, 6.293152
7.779953, -0.084991455, 6.2871704
7.7296753, -0.12808228, 6.284775
7.7488403, -0.14364624, 6.264435
7.775177, -0.13168335, 6.24527
7.795517, -0.12449646, 6.253662
7.7847443, -0.11253357, 6.229706
7.799118, -0.1149292, 6.2201385
7.8410034, -0.14125061, 6.185425
7.8134766, -0.15203857, 6.169861
7.78714, -0.13887024, 6.138733
7.7967224, -0.14245605, 6.14711
7.8122864, -0.14006042, 6.083664
7.8062897, -0.16758728, 6.0537415
7.8146667, -0.16998291, 6.040573
7.857773, -0.14604187, 6.0142365
7.8302307, -0.14964294, 5.9866943
7.8290405, -0.13647461, 5.9866943
7.855377, -0.1376648, 5.9639587
7.8685455, -0.14964294, 5.9124756
7.847, -0.14724731, 5.929245
7.8697357, -0.15681458, 5.9400177
7.8541718, -0.17358398, 5.944809
7.857773, -0.16998291, 5.929245
7.8601685, -0.1376648, 5.9124756
7.906845, -0.16520691, 5.9112854
7.874527, -0.1663971, 5.9364166
7.886505, -0.16879272, 5.9472046
7.8912964, -0.17837524, 5.8957214
7.894882, -0.15203857, 5.8729706
7.8565674, -0.17118835, 5.8957214
7.8936768, -0.17477417, 5.8550262
7.8889008, -0.15681458, 5.8801575
7.8912964, -0.16281128, 5.8837433
7.9044495, -0.19033813, 5.826294
7.921219, -0.16879272, 5.8406525
7.912842, -0.17837524, 5.835861
7.9032593, -0.17237854, 5.8131256
7.858963, -0.1663971, 5.8394623
7.8721313, -0.13287354, 5.8202972
7.886505, -0.15083313, 5.7999573
7.878128, -0.15441895, 5.875366
7.86615, -0.16400146, 5.8837433
7.8757324, -0.16400146, 5.893326
7.86734, -0.17118835, 5.9316406
7.858963, -0.19273376, 5.949585
7.8410034, -0.18914795, 5.9795227
7.8541718, -0.15322876, 5.9914856
7.838623, -0.15203857, 6.009445
7.823059, -0.15562439, 6.011841
7.8410034, -0.123306274, 6.0681
7.8374176, -0.12689209, 6.131546
7.8254547, -0.14485168, 6.0968323
7.8122864, -0.13526917, 6.1207733
7.8254547, -0.15441895, 6.131546
7.8050995, -0.14006042, 6.16626
7.794327, -0.13168335, 6.161484
7.795517, -0.14245605, 6.1914062
7.778763, -0.1304779, 6.1806335
7.8134766, -0.14245605, 6.1686554
7.7847443, -0.15083313, 6.203369
7.7847443, -0.15322876, 6.1925964
7.8122864, -0.15681458, 6.1878204
7.783554, -0.15562439, 6.1842194
7.7907257, -0.12449646, 6.1914062
7.7967224, -0.11730957, 6.1722565
7.8122864, -0.15441895, 6.16626
7.8050995, -0.14364624, 6.143524
7.7931213, -0.1149292, 6.1806335
7.800308, -0.14245605, 6.1530914
7.795517, -0.116119385, 6.119583
7.8050995, -0.14006042, 6.1207733
7.783554, -0.13526917, 6.106415
7.794327, -0.12928772, 6.1255646
7.8218536, -0.1257019, 6.1375427
7.794327, -0.1376648, 6.1028137
7.7979126, -0.14724731, 6.14711
7.802704, -0.123306274, 6.1878204
7.8242493, -0.11730957, 6.104019
7.818268, -0.1197052, 6.0824738
7.78714, -0.13407898, 6.123169
7.811081, -0.15562439, 6.1207733
7.839813, -0.1197052, 6.123169
7.776367, -0.1484375, 6.1052094
7.835022, -0.13887024, 6.0549316
7.8218536, -0.12808228, 6.106415
7.833832, -0.13887024, 6.056137
7.835022, -0.14125061, 6.080078
7.8517914, -0.14604187, 6.0573273
7.874527, -0.14245605, 6.013031
7.8457947, -0.14364624, 6.0058594
7.86734, -0.14245605, 5.9747314
7.870941, -0.1304779, 5.9914856
7.843399, -0.1592102, 5.9507904
7.862564, -0.15802002, 5.948395
7.8637543, -0.16998291, 5.937622
7.905655, -0.16520691, 5.9268494
7.890091, -0.20350647, 5.9436035
7.8493958, -0.16520691, 5.8681946
7.874527, -0.13887024, 5.893326
7.8841095, -0.16281128, 5.882553
7.870941, -0.18435669, 5.866989
7.8805084, -0.15562439, 5.866989
7.8481903, -0.15322876, 5.9124756
7.870941, -0.14964294, 5.9196625
7.874527, -0.17477417, 5.944809
7.858963, -0.14125061, 5.954376
7.873337, -0.14724731, 5.9759216
7.855377, -0.16758728, 5.96875
7.874527, -0.17477417, 6.0070496
7.8613586, -0.16758728, 6.004654
7.8649597, -0.18675232, 6.008255
7.842209, -0.16041565, 6.0429688
7.873337, -0.14964294, 6.04776
7.873337, -0.16758728, 5.9974823
7.8218536, -0.15562439, 5.977127
7.838623, -0.15441895, 5.9639587
7.879318, -0.14364624, 5.941208
7.882904, -0.14964294, 5.953186
7.8457947, -0.120910645, 5.941208
7.8362274, -0.15322876, 5.9639587
7.8529816, -0.17358398, 5.9747314
7.847, -0.14964294, 5.9831085
7.870941, -0.16041565, 5.9879
7.850586, -0.13647461, 5.9914856
7.827835, -0.14125061, 6.0585327
7.8457947, -0.1663971, 6.0465546
7.8410034, -0.15322876, 6.0142365
7.839813, -0.15203857, 6.0298004
7.839813, -0.13407898, 6.020218
7.8326263, -0.14604187, 6.036972
7.833832, -0.13887024, 6.06691
7.8170624, -0.11013794, 6.0621185
7.8134766, -0.13407898, 6.0429688
7.823059, -0.16281128, 6.035782
7.8218536, -0.13647461, 6.0657043
7.827835, -0.12210083, 6.0621185
7.8122864, -0.13647461, 6.0848694
7.8062897, -0.12210083, 6.123169
7.8134766, -0.13526917, 6.1100006
7.7883453, -0.13526917, 6.1327515
7.819458, -0.13647461, 6.1423187
7.8146667, -0.12928772, 6.1650696
7.823059, -0.1376648, 6.1818237
7.811081, -0.13526917, 6.1363373
7.831436, -0.1257019, 6.1578827
7.8170624, -0.12689209, 6.135147
7.8206635, -0.13526917, 6.114792
7.8529816, -0.123306274, 6.1016235
7.842209, -0.15203857, 6.119583
7.8242493, -0.16520691, 6.115982
7.855377, -0.15681458, 6.1530914
7.8541718, -0.1484375, 6.111206
7.8254547, -0.19154358, 6.088455
7.8242493, -0.17477417, 6.0621185
7.86615, -0.15322876, 6.0657043
7.8769226, -0.17837524, 6.0178223
7.878128, -0.17118835, 5.98909
7.8601685, -0.16160583, 5.973526
7.8805084, -0.20469666, 5.9555817
7.9032593, -0.19631958, 5.913681
7.921219, -0.16400146, 5.9112854
7.898468, -0.18196106, 5.9196625
7.8936768, -0.19752502, 5.8765717
7.9164276, -0.20469666, 5.8526306
7.898468, -0.18196106, 5.8562164
7.928406, -0.18075562, 5.8454437
7.906845, -0.18675232, 5.7903748
7.8936768, -0.17956543, 5.7652435
7.894882, -0.17358398, 5.783188
7.873337, -0.17118835, 5.81073
7.898468, -0.16160583, 5.786789
7.905655, -0.16160583, 5.8167114
7.9008636, -0.17477417, 5.8298798
7.881714, -0.19033813, 5.857422
7.8996735, -0.1592102, 5.8849487
7.9391785, -0.1484375, 5.9364166
7.8960724, -0.14964294, 5.9400177
7.862564, -0.15681458, 5.91008
7.886505, -0.1484375, 5.917267
7.9092407, -0.14964294, 5.9005127
7.881714, -0.16998291, 5.877762
7.874527, -0.16879272, 5.9424133
7.86734, -0.1592102, 5.9639587
7.850586, -0.15203857, 5.9998627
7.839813, -0.16041565, 6.0345917
7.8912964, -0.15083313, 5.9819183
7.8769226, -0.13526917, 6.001068
7.8374176, -0.1592102, 6.001068
7.8446045, -0.13887024, 6.0309906
7.8242493, -0.14245605, 6.035782
7.827835, -0.1376648, 6.059723
7.835022, -0.12449646, 6.104019
7.827835, -0.1304779, 6.06691
7.8374176, -0.1304779, 6.092041
7.8410034, -0.12808228, 6.083664
7.818268, -0.15562439, 6.0896454
7.842209, -0.14604187, 6.130356
7.8206635, -0.13887024, 6.115982
7.833832, -0.15322876, 6.14711
7.86615, -0.18315125, 6.0980377
7.8517914, -0.15441895, 6.106415
7.850586, -0.11730957, 6.1135864
7.857773, -0.1663971, 6.0633087
7.8613586, -0.18075562, 6.0537415
7.897278, -0.14724731, 5.9998627
7.8685455, -0.14125061, 5.985504
7.8637543, -0.18435669, 5.98909
7.8290405, -0.18675232, 5.9603577
7.850586, -0.19631958, 5.953186
7.8565674, -0.18315125, 5.9280396
7.858963, -0.16160583, 5.9076996
7.878128, -0.17597961, 5.8717804
7.8852997, -0.15322876, 5.886139
7.8613586, -0.15441895, 5.8801575
7.855377, -0.14245605, 5.882553
7.838623, -0.15441895, 5.8849487
7.8446045, -0.16400146, 5.9124756
7.8517914, -0.16400146, 5.9759216
7.847, -0.14604187, 5.96875
7.8493958, -0.16998291, 5.996277
7.835022, -0.15322876, 6.04895
7.838623, -0.14604187, 6.0657043
7.8326263, -0.1376648, 6.0549316
7.862564, -0.13407898, 6.071701
7.8326263, -0.1376648, 6.1016235
7.815872, -0.15802002, 6.1207733
7.831436, -0.099365234, 6.095642
7.7931213, -0.14245605, 6.139923
7.833832, -0.1484375, 6.1207733
7.858963, -0.16400146, 6.1123962
7.802704, -0.16041565, 6.155487
7.818268, -0.16520691, 6.1004333
7.857773, -0.15681458, 6.1171875
7.835022, -0.13887024, 6.088455
7.8410034, -0.13526917, 6.071701
7.8541718, -0.15322876, 6.051346
7.8326263, -0.14724731, 6.0417633
7.8302307, -0.14964294, 6.028595
7.8481903, -0.15083313, 6.020218
7.8457947, -0.14604187, 6.001068
7.86734, -0.15083313, 5.9436035
7.858963, -0.14006042, 5.9424133
7.8613586, -0.12808228, 5.9675446
7.8960724, -0.15441895, 5.925644
7.86615, -0.15802002, 5.8945312
7.8529816, -0.15322876, 5.9388123
7.86615, -0.1592102, 5.9232483
7.8613586, -0.16041565, 5.8957214
7.8517914, -0.16879272, 5.9196625
7.873337, -0.14245605, 5.9639587
7.8565674, -0.14964294, 5.9436035
7.870941, -0.12928772, 5.9591675
7.8876953, -0.18435669, 5.9879
7.8841095, -0.15441895, 6.004654
7.873337, -0.15441895, 5.980713
7.858963, -0.15562439, 5.945999
7.8541718, -0.16041565, 5.9950867
7.8601685, -0.15802002, 5.9663544
7.8601685, -0.1376648, 5.9675446
7.8601685, -0.14724731, 5.973526
7.894882, -0.15203857, 5.9591675
7.8565674, -0.14485168, 5.9603577
7.874527, -0.17956543, 5.956772
7.890091, -0.16758728, 5.956772
7.882904, -0.14724731, 5.965149
7.8517914, -0.15802002, 5.96994
7.8565674, -0.15083313, 5.9352264
7.8541718, -0.15203857, 5.9711456
7.890091, -0.14604187, 5.9280396
7.873337, -0.1592102, 5.9591675
7.906845, -0.15562439, 5.956772
7.8757324, -0.16160583, 5.9591675
7.8805084, -0.18675232, 6.016632
7.9008636, -0.16281128, 5.9603577
7.8457947, -0.16400146, 5.96994
7.86734, -0.16281128, 6.0022583
7.8637543, -0.15802002, 5.993881
7.8697357, -0.1771698, 5.993881
7.8721313, -0.17358398, 5.9914856
7.8841095, -0.15322876, 5.972336
7.881714, -0.14964294, 5.973526
7.8757324, -0.15562439, 5.9795227
7.8721313, -0.16160583, 5.96875
7.8960724, -0.14604187, 5.9519806
7.8601685, -0.14364624, 5.96875
7.8565674, -0.16400146, 5.96875
7.8876953, -0.13887024, 5.956772
7.886505, -0.1376648, 6.0070496
7.894882, -0.14006042, 5.965149
7.881714, -0.13887024, 5.9388123
7.86615, -0.14364624, 5.972336
7.855377, -0.14245605, 5.9879
7.8912964, -0.16041565, 5.9244537
7.8841095, -0.15802002, 5.961563
7.898468, -0.17956543, 5.9663544
7.850586, -0.1592102, 5.96875
7.8721313, -0.14724731, 5.961563
7.8936768, -0.12808228, 5.9232483
7.843399, -0.13168335, 5.901703
7.8876953, -0.16281128, 5.932831
7.9092407, -0.1592102, 5.9579773
7.847, -0.18554688, 5.920868
7.902069, -0.16998291, 5.9364166
7.8889008, -0.17597961, 5.930435
7.894882, -0.16281128, 5.9112854
7.890091, -0.13647461, 5.9388123
7.8912964, -0.1663971, 5.9340363
7.862564, -0.18196106, 5.9591675
7.874527, -0.16998291, 5.9436035
7.8805084, -0.15322876, 5.9244537
7.8769226, -0.1592102, 5.922058
7.8805084, -0.14485168, 5.948395
7.9008636, -0.16041565, 5.9639587
7.8721313, -0.13526917, 5.9663544
7.894882, -0.14604187, 5.96994
7.878128, -0.16998291, 5.980713
7.882904, -0.19154358, 5.9783173
7.8876953, -0.15681458, 5.9998627
7.9200134, -0.14724731, 6.0034637
7.8936768, -0.14964294, 5.9902954
7.874527, -0.16160583, 6.0022583
7.9008636, -0.16281128, 6.0142365
7.894882, -0.15681458, 6.0022583
7.9188232, -0.16758728, 5.993881
7.873337, -0.16520691, 5.9914856
7.8637543, -0.16998291, 6.0070496
7.882904, -0.15681458, 5.9998627
7.8805084, -0.14485168, 5.9879
7.857773, -0.14485168, 5.9974823
7.8769226, -0.17237854, 6.0106506
7.910446, -0.1663971, 6.0058594
7.9116364, -0.1592102, 5.965149
7.9116364, -0.13287354, 5.9232483
7.870941, -0.14364624, 5.944809
7.8996735, -0.12808228, 5.98909
7.898468, -0.15562439, 5.9579773
7.8852997, -0.14364624, 5.9436035
7.878128, -0.12928772, 5.956772
7.8889008, -0.1663971, 5.9340363
7.8876953, -0.18435669, 5.9364166
7.882904, -0.15802002, 5.886139
7.8841095, -0.17118835, 5.870575
7.8996735, -0.15802002, 5.8610077
7.879318, -0.15083313, 5.886139
7.8649597, -0.15203857, 5.869385
7.8876953, -0.16041565, 5.893326
7.8912964, -0.17118835, 5.8729706
7.8649597, -0.15681458, 5.9340363
7.9044495, -0.14485168, 5.906494
7.878128, -0.1484375, 5.906494
7.8936768, -0.17597961, 5.8993073
7.8996735, -0.19033813, 5.9316406
7.878128, -0.18914795, 5.925644
7.917618, -0.15562439, 5.937622
7.9272003, -0.16160583, 5.953186
7.8876953, -0.19154358, 5.96994
7.8613586, -0.17358398, 5.973526
7.878128, -0.16041565, 5.9795227
7.902069, -0.15562439, 5.9759216
7.8541718, -0.13887024, 5.9986725
7.910446, -0.16160583, 6.0106506
7.8960724, -0.14964294, 5.9795227
7.862564, -0.15562439, 6.0154266
7.878128, -0.1663971, 5.984314
7.8685455, -0.16758728, 6.035782
7.881714, -0.1663971, 5.9747314
7.86734, -0.17956543, 5.9639587
7.8637543, -0.16758728, 5.9555817
7.873337, -0.15681458, 5.9831085
7.9092407, -0.16520691, 5.9998627
7.928406, -0.16160583, 5.9519806
7.8960724, -0.16281128, 5.9364166
7.86734, -0.17358398, 5.9400177
7.858963, -0.17118835, 5.9352264
7.878128, -0.18435669, 5.9555817
7.898468, -0.16281128, 5.9675446
7.9164276, -0.15322876, 5.9340363
7.906845, -0.1376648, 5.9639587
7.8876953, -0.18435669, 5.993881
7.905655, -0.17597961, 5.9005127
7.929596, -0.14364624, 5.9507904
7.86734, -0.2059021, 5.948395
7.8889008, -0.19392395, 5.8993073
7.9044495, -0.1484375, 5.96994
7.8960724, -0.17237854, 5.9603577
7.8924866, -0.18914795, 5.8849487
7.862564, -0.16998291, 5.937622
7.858963, -0.1376648, 5.972336
7.8912964, -0.14245605, 5.9400177
7.8601685, -0.15802002, 5.905304
7.890091, -0.14125061, 5.96994
7.9092407, -0.15562439, 5.9639587
7.898468, -0.18196106, 5.898117
7.9116364, -0.15203857, 5.9184723
7.8805084, -0.1484375, 5.9998627
7.870941, -0.16998291, 5.944809
7.8852997, -0.1592102, 5.874176
7.933182, -0.1484375, 5.9519806
7.890091, -0.16758728, 5.917267
7.86615, -0.18315125, 5.874176
7.8769226, -0.14485168, 5.877762
7.838623, -0.15802002, 5.9819183
7.850586, -0.14964294, 5.9184723
7.8805084, -0.16520691, 5.905304
7.86615, -0.17118835, 5.992691
7.8410034, -0.1484375, 5.949585
7.8565674, -0.16041565, 5.9472046
7.8805084, -0.14125061, 5.9866943
7.86734, -0.13168335, 6.051346
7.8601685, -0.18196106, 5.9974823
7.8685455, -0.14485168, 6.004654
7.835022, -0.118515015, 6.0633087
7.8613586, -0.16281128, 6.0740967
7.8374176, -0.13287354, 6.0573273
7.8134766, -0.14364624, 6.0633087
7.843399, -0.118515015, 6.107605
7.827835, -0.14245605, 6.0549316
7.839813, -0.14964294, 6.072891
7.86734, -0.13168335, 6.107605
7.8529816, -0.14604187, 6.1004333
7.8649597, -0.15441895, 6.119583
7.8613586, -0.13887024, 6.155487
7.843399, -0.13407898, 6.0968323
7.8613586, -0.14364624, 6.1052094
7.833832, -0.13287354, 6.123169
7.8529816, -0.12808228, 6.1135864
7.8481903, -0.1484375, 6.0968323
7.862564, -0.14364624, 6.1207733
7.8481903, -0.14125061, 6.1291504
7.882904, -0.14724731, 6.0609283
7.8565674, -0.15802002, 5.9998627
7.8302307, -0.15802002, 6.0465546
7.850586, -0.15802002, 5.985504
7.8769226, -0.18315125, 5.9711456
7.8541718, -0.17358398, 5.9986725
7.874527, -0.15441895, 5.944809
7.874527, -0.16998291, 5.9472046
7.874527, -0.16160583, 5.9436035
7.9116364, -0.16281128, 5.9627533
7.8697357, -0.15562439, 5.930435
7.9152374, -0.16160583, 5.9184723
7.937973, -0.15203857, 5.920868
7.870941, -0.1663971, 5.922058
7.897278, -0.2238617, 5.8993073
7.960724, -0.19871521, 5.920868
7.921219, -0.16281128, 5.920868
7.9152374, -0.17477417, 5.869385
7.9475555, -0.18196106, 5.853821
7.9583282, -0.1592102, 5.8849487
7.9403687, -0.17237854, 5.846634
7.969101, -0.17118835, 5.8011475
7.936783, -0.17358398, 5.786789
7.9511414, -0.17118835, 5.756851
7.970291, -0.17597961, 5.755661
7.9511414, -0.19392395, 5.7664337
7.9595184, -0.16041565, 5.747284
7.94516, -0.18554688, 5.693405
7.9595184, -0.19992065, 5.740097
7.953537, -0.17597961, 5.764038
7.9427643, -0.21188354, 5.7808075
7.972687, -0.18196106, 5.771225
7.953537, -0.20111084, 5.81192
7.965515, -0.20350647, 5.798752
7.9631195, -0.17237854, 5.796356
7.953537, -0.19631958, 5.81192
7.941574, -0.19154358, 5.7855835
7.9403687, -0.18554688, 5.8059387
7.9822693, -0.1663971, 5.743683
7.989456, -0.17956543, 5.774811
7.9595184, -0.1771698, 5.7652435
7.9786835, -0.18315125, 5.776016
8.001419, -0.18914795, 5.8047485
7.9248047, -0.20709229, 5.8202972
7.9200134, -0.19631958, 5.8286896
7.952347, -0.17477417, 5.8801575
7.9667053, -0.16520691, 5.8873444
7.92601, -0.17597961, 5.8562164
7.922409, -0.17956543, 5.8849487
7.934387, -0.16758728, 5.9436035
7.898468, -0.14485168, 5.9340363
7.8721313, -0.17237854, 5.9160767
7.905655, -0.18075562, 5.925644
7.94635, -0.16879272, 5.9400177
7.9032593, -0.17597961, 5.932831
7.936783, -0.18075562, 5.9388123
7.9092407, -0.18435669, 5.961563
7.898468, -0.18435669, 5.922058
7.912842, -0.16160583, 5.9472046
7.922409, -0.16998291, 5.9340363
7.898468, -0.16281128, 5.906494
7.9080505, -0.18554688, 5.8957214
7.9092407, -0.17477417, 5.945999
7.905655, -0.1592102, 5.949585
7.9032593, -0.18554688, 5.929245
7.910446, -0.1592102, 5.9184723
7.921219, -0.14245605, 5.956772
7.897278, -0.15203857, 5.953186
7.9391785, -0.15441895, 5.949585
7.894882, -0.16879272, 5.9232483
7.9032593, -0.17956543, 5.948395
7.941574, -0.19033813, 5.89093
7.92601, -0.1771698, 5.8634033
7.8841095, -0.13168335, 5.874176
7.9475555, -0.16998291, 5.874176
7.9319916, -0.17358398, 5.850235
7.910446, -0.17597961, 5.8202972
7.898468, -0.17477417, 5.857422
7.8852997, -0.14006042, 5.922058
7.9164276, -0.14724731, 5.893326
7.92601, -0.1592102, 5.914871
7.902069, -0.15562439, 5.8957214
7.9152374, -0.14604187, 5.9519806
7.9164276, -0.19154358, 5.920868
7.897278, -0.16998291, 5.9316406
7.905655, -0.1484375, 5.941208
7.917618, -0.14964294, 5.954376
7.886505, -0.15441895, 5.9555817
7.9152374, -0.16998291, 5.913681
7.9200134, -0.18554688, 5.9280396
7.941574, -0.20948792, 5.917267
7.930786, -0.20948792, 5.8993073
7.917618, -0.18315125, 5.901703
7.9008636, -0.14604187, 5.865799
7.9092407, -0.15681458, 5.9076996
7.9008636, -0.15322876, 5.9340363
7.9164276, -0.13887024, 5.905304
7.9116364, -0.17358398, 5.9040985
7.9188232, -0.16758728, 5.9603577
7.9044495, -0.16758728, 6.011841
7.898468, -0.19631958, 6.0070496
7.9032593, -0.16758728, 5.9675446
7.902069, -0.15203857, 6.0429688
7.8769226, -0.17358398, 5.985504
7.86615, -0.1376648, 5.9352264
7.906845, -0.17237854, 5.9950867
7.92601, -0.16998291, 5.980713
7.8996735, -0.15441895, 5.9400177
7.9032593, -0.16041565, 5.932831
7.912842, -0.1484375, 5.913681
7.8936768, -0.15562439, 5.9160767
7.9236145, -0.14006042, 5.898117
7.9272003, -0.16400146, 5.905304
7.9248047, -0.16281128, 5.917267
7.9319916, -0.19273376, 5.91008
7.953537, -0.16160583, 5.932831
7.933182, -0.16041565, 5.901703
7.9403687, -0.1592102, 5.8873444
7.9272003, -0.16758728, 5.850235
7.933182, -0.16400146, 5.853821
7.9511414, -0.15681458, 5.862198
7.9427643, -0.14245605, 5.8238983
7.933182, -0.1771698, 5.7999573
7.930786, -0.17837524, 5.8526306
7.92601, -0.17837524, 5.8442535
7.94516, -0.18675232, 5.8131256
7.953537, -0.18075562, 5.814316
7.9427643, -0.17837524, 5.8286896
7.94516, -0.18554688, 5.807129
7.9272003, -0.17118835, 5.7532654
7.965515, -0.16998291, 5.7819977
7.9547424, -0.17477417, 5.8083344
7.934387, -0.19273376, 5.7508698
7.9248047, -0.18315125, 5.764038
7.921219, -0.17956543, 5.771225
7.993042, -0.16879272, 5.7891846
7.9595184, -0.18315125, 5.774811
7.960724, -0.17118835, 5.8059387
7.9152374, -0.19154358, 5.81073
7.9164276, -0.17956543, 5.835861
7.9511414, -0.15562439, 5.851425
7.928406, -0.16520691, 5.875366
7.9427643, -0.16520691, 5.865799
7.9092407, -0.15802002, 5.8550262
7.902069, -0.16879272, 5.8921356
7.8936768, -0.16041565, 5.9184723
7.92601, -0.16520691, 5.91008
7.921219, -0.15083313, 5.917267
7.9152374, -0.16400146, 5.9364166
7.874527, -0.18196106, 5.898117
7.8649597, -0.15203857, 5.965149
7.8697357, -0.16758728, 5.9436035
7.8960724, -0.13168335, 5.941208
7.8721313, -0.15802002, 5.992691
7.8841095, -0.14125061, 5.9555817
7.882904, -0.14724731, 5.9603577
7.8841095, -0.16160583, 5.985504
7.881714, -0.15562439, 5.9879
7.886505, -0.15681458, 6.032196
7.86734, -0.15802002, 6.0633087
7.8637543, -0.12210083, 6.0824738
7.8637543, -0.11013794, 6.1135864
7.8242493, -0.17118835, 5.9950867
7.9547424, -0.20231628, 5.980713
7.9272003, -0.14125061, 6.1483154
7.8122864, -0.17237854, 6.025009
7.881714, -0.2238617, 5.941208
7.922409, -0.13168335, 6.099228
7.8457947, -0.101760864, 6.0812683
7.819458, -0.19273376, 5.877762
7.8637543, -0.14485168, 5.9507904
7.890091, -0.092178345, 6.0381775
7.86734, -0.15203857, 5.9124756
7.890091, -0.20829773, 5.881363
7.905655, -0.13287354, 6.027405
7.838623, -0.17118835, 5.9663544
7.8757324, -0.19154358, 5.9268494
7.905655, -0.15562439, 6.0106506
7.8996735, -0.16041565, 6.0022583
7.8565674, -0.20709229, 5.913681
7.8805084, -0.15562439, 5.9184723
7.8805084, -0.14364624, 6.009445
7.8841095, -0.15562439, 5.985504
7.8613586, -0.14364624, 5.925644
7.906845, -0.1592102, 5.9591675
7.9008636, -0.14604187, 5.953186
7.9092407, -0.1592102, 5.9040985
7.914032, -0.13168335, 5.941208
7.8924866, -0.14364624, 5.9364166
7.855377, -0.16879272, 5.9424133
7.8637543, -0.16520691, 5.9519806
7.902069, -0.14604187, 5.9244537
7.894882, -0.16041565, 5.9316406
7.881714, -0.17477417, 5.922058
7.8960724, -0.16758728, 5.9424133
7.897278, -0.14006042, 5.953186
7.8769226, -0.1304779, 5.954376
7.862564, -0.15441895, 5.954376
7.9032593, -0.16160583, 5.9040985
7.9008636, -0.14006042, 5.9316406
7.8936768, -0.16160583, 5.929245
7.914032, -0.19033813, 5.929245
7.912842, -0.16758728, 5.9268494
7.878128, -0.15562439, 5.914871
7.862564, -0.16520691, 5.925644
7.8889008, -0.17358398, 5.8945312
7.9164276, -0.16520691, 5.9424133
7.9092407, -0.15322876, 5.930435
7.9236145, -0.14724731, 5.9268494
7.8889008, -0.18075562, 5.9244537
7.9487457, -0.16400146, 5.96994
7.937973, -0.16160583, 5.949585
7.8697357, -0.17597961, 5.914871
7.8912964, -0.16758728, 5.8945312
7.9044495, -0.16041565, 5.9388123
7.934387, -0.16400146, 5.9076996
7.9152374, -0.16998291, 5.882553
7.898468, -0.19752502, 5.8789673
7.897278, -0.20829773, 5.920868
7.9092407, -0.17118835, 5.8945312
7.9511414, -0.16998291, 5.8729706
7.930786, -0.15562439, 5.8993073
7.936783, -0.15562439, 5.9076996
7.906845, -0.16281128, 5.882553
7.905655, -0.16400146, 5.8717804
7.9391785, -0.14125061, 5.869385
7.934387, -0.16281128, 5.843048
7.9248047, -0.16400146, 5.898117
7.949951, -0.19273376, 5.8562164
7.8852997, -0.17956543, 5.796356
7.8996735, -0.21786499, 5.8478394
7.9164276, -0.18435669, 5.89093
7.9152374, -0.1771698, 5.846634
7.922409, -0.19392395, 5.8634033
7.9355774, -0.1951294, 5.8873444
7.937973, -0.19631958, 5.8957214
7.929596, -0.18315125, 5.913681
7.9391785, -0.14964294, 5.9029083
7.929596, -0.1376648, 5.8957214
7.9116364, -0.13647461, 5.9340363
7.914032, -0.14006042, 5.929245
7.8960724, -0.14125061, 5.9184723
7.890091, -0.15802002, 5.906494
7.886505, -0.13407898, 5.9244537
7.9032593, -0.14724731, 5.961563
7.906845, -0.17237854, 5.996277
7.912842, -0.16160583, 5.9472046
7.9188232, -0.15802002, 5.949585
7.9272003, -0.16879272, 5.9914856
7.914032, -0.15681458, 5.9352264
7.902069, -0.15083313, 5.9352264
7.8805084, -0.16041565, 5.9711456
7.928406, -0.13526917, 5.9507904
7.9008636, -0.14964294, 5.8969116
7.914032, -0.17477417, 5.9160767
7.9080505, -0.16998291, 5.9040985
7.897278, -0.19033813, 5.875366
7.8912964, -0.15562439, 5.91008
7.906845, -0.17477417, 5.901703
7.9272003, -0.1592102, 5.8849487
7.9319916, -0.19752502, 5.881363
7.917618, -0.1771698, 5.9029083
7.921219, -0.18196106, 5.89093
7.92601, -0.16041565, 5.8550262
7.8996735, -0.16758728, 5.875366
7.934387, -0.18675232, 5.9040985
7.9475555, -0.16879272, 5.8717804
7.9439545, -0.16281128, 5.8298798
7.965515, -0.1951294, 5.8298798
7.9439545, -0.16520691, 5.835861
7.952347, -0.16520691, 5.814316
7.9595184, -0.16400146, 5.819107
7.917618, -0.18075562, 5.827484
7.9272003, -0.16879272, 5.8131256
7.94516, -0.16879272, 5.8334656
7.94516, -0.18675232, 5.8155212
7.92601, -0.17956543, 5.8490295
7.9427643, -0.17118835, 5.8298798
7.941574, -0.16400146, 5.8598022
7.9319916, -0.18914795, 5.89093
7.914032, -0.17358398, 5.8598022
7.9164276, -0.16520691, 5.865799
7.902069, -0.17358398, 5.869385
7.912842, -0.17118835, 5.9040985
7.9032593, -0.18435669, 5.930435
7.912842, -0.2059021, 5.9029083
7.937973, -0.16520691, 5.91008
7.9200134, -0.1771698, 5.886139
7.910446, -0.17358398, 5.906494
7.9116364, -0.15562439, 5.9076996
7.902069, -0.17118835, 5.9268494
7.9032593, -0.15203857, 5.944809
7.9092407, -0.16041565, 5.9316406
7.937973, -0.15322876, 5.9507904
7.8876953, -0.14964294, 5.944809
7.902069, -0.14604187, 5.929245
7.912842, -0.1592102, 5.9124756
7.921219, -0.1592102, 5.956772
7.8912964, -0.14485168, 5.961563
7.897278, -0.1592102, 5.929245
7.9272003, -0.15441895, 5.98909
7.894882, -0.12928772, 5.9819183
7.881714, -0.17837524, 5.945999
7.917618, -0.15203857, 5.9998627
7.905655, -0.14724731, 6.0298004
7.881714, -0.14964294, 5.9998627
7.874527, -0.15083313, 5.9914856
7.898468, -0.15322876, 6.0178223
7.897278, -0.1592102, 6.008255
7.8601685, -0.16758728, 5.972336
7.917618, -0.16160583, 5.9747314
7.890091, -0.15562439, 5.98909
7.8996735, -0.15681458, 5.9663544
7.890091, -0.15203857, 5.9555817
7.8912964, -0.17358398, 5.9639587
7.9188232, -0.16998291, 5.937622
7.878128, -0.14964294, 5.9400177
7.897278, -0.16758728, 5.8957214
7.9164276, -0.15562439, 5.9232483
7.9080505, -0.14125061, 5.8969116
7.949951, -0.16041565, 5.913681
7.960724, -0.18315125, 5.877762
7.9092407, -0.19273376, 5.875366
7.8876953, -0.1663971, 5.9124756
7.8960724, -0.17477417, 5.8921356
7.9355774, -0.19392395, 5.901703
7.94635, -0.1879425, 5.8993073
7.8936768, -0.17237854, 5.875366
7.921219, -0.17837524, 5.8837433
7.9248047, -0.17477417, 5.9388123
7.922409, -0.20231628, 5.8550262
7.9439545, -0.17956543, 5.838257
7.929596, -0.13287354, 5.870575
7.9116364, -0.1663971, 5.874176
7.930786, -0.18075562, 5.7843933
7.969101, -0.1771698, 5.81073
7.960724, -0.16160583, 5.8370667
7.9116364, -0.18675232, 5.814316
7.9559326, -0.16998291, 5.850235
7.928406, -0.1663971, 5.8298798
7.9272003, -0.18554688, 5.8215027
7.9044495, -0.17597961, 5.862198
7.910446, -0.15681458, 5.8550262
7.9487457, -0.1663971, 5.8478394
7.952347, -0.16520691, 5.869385
7.9044495, -0.17358398, 5.838257
7.9272003, -0.18554688, 5.8250885
7.933182, -0.16520691, 5.8729706
7.930786, -0.17118835, 5.858612
7.9272003, -0.1771698, 5.8885345
7.9643097, -0.16400146, 5.8945312
7.905655, -0.1592102, 5.922058
7.94635, -0.16998291, 5.945999
7.949951, -0.18554688, 5.9388123
7.936783, -0.18075562, 5.9436035
7.9032593, -0.18435669, 5.941208
7.9044495, -0.16879272, 5.917267
7.8852997, -0.14245605, 5.901703
7.910446, -0.17358398, 5.9232483
7.9403687, -0.17237854, 5.9268494
7.9272003, -0.16400146, 5.869385
7.9319916, -0.16400146, 5.9232483
7.910446, -0.18675232, 5.9124756
7.898468, -0.21308899, 5.853821
7.9236145, -0.16520691, 5.8969116
7.9164276, -0.1592102, 5.929245
7.9236145, -0.16281128, 5.9029083
7.949951, -0.15562439, 5.913681
7.933182, -0.16041565, 5.914871
7.905655, -0.16041565, 5.941208
7.9152374, -0.1484375, 5.9603577
7.9080505, -0.17477417, 5.920868
7.8876953, -0.18315125, 5.932831
7.9044495, -0.15562439, 5.90889
7.905655, -0.16998291, 5.930435
7.92601, -0.16520691, 5.8921356
7.9092407, -0.16520691, 5.905304
7.8996735, -0.18435669, 5.881363
7.910446, -0.19752502, 5.922058
7.882904, -0.15681458, 5.906494
7.894882, -0.14245605, 5.886139
7.898468, -0.1592102, 5.914871
7.8721313, -0.16758728, 5.9579773
7.882904, -0.14724731, 5.949585
7.906845, -0.17237854, 5.9639587
7.902069, -0.16879272, 5.9675446
7.9092407, -0.15681458, 5.9950867
7.902069, -0.15083313, 5.9950867
7.921219, -0.16160583, 5.984314
7.912842, -0.1663971, 5.973526
7.8649597, -0.15802002, 5.9795227
7.894882, -0.14245605, 5.9974823
7.9044495, -0.16160583, 5.993881
7.906845, -0.15441895, 5.965149
7.912842, -0.15203857, 5.9364166
7.897278, -0.16160583, 5.937622
7.8960724, -0.17237854, 5.913681
7.922409, -0.18315125, 5.9352264
7.930786, -0.15203857, 5.9388123
7.9200134, -0.17477417, 5.8969116
7.9092407, -0.19871521, 5.9040985
7.8996735, -0.17477417, 5.9040985
7.9200134, -0.17477417, 5.870575
7.934387, -0.16758728, 5.874176
7.9164276, -0.18675232, 5.851425
7.933182, -0.16998291, 5.8849487
7.9427643, -0.15562439, 5.88974
7.917618, -0.19033813, 5.8550262
7.921219, -0.17477417, 5.8921356
7.92601, -0.15441895, 5.905304
7.912842, -0.17118835, 5.914871
7.9511414, -0.17237854, 5.8634033
7.879318, -0.14604187, 5.9160767
7.8996735, -0.16520691, 5.905304
7.914032, -0.18315125, 5.886139
7.9236145, -0.14964294, 5.875366
7.930786, -0.1592102, 5.89093
7.922409, -0.16041565, 5.8765717
7.9116364, -0.1592102, 5.857422
7.933182, -0.17597961, 5.8598022
7.9714966, -0.1879425, 5.8562164
7.941574, -0.17837524, 5.8562164
7.941574, -0.17358398, 5.8598022
7.9667053, -0.14125061, 5.882553
7.953537, -0.19752502, 5.8681946
7.917618, -0.18315125, 5.838257
7.917618, -0.15681458, 5.822693
7.9439545, -0.17118835, 5.843048
7.936783, -0.19154358, 5.8334656
7.9272003, -0.18075562, 5.8394623
7.9188232, -0.18315125, 5.8083344
7.9427643, -0.1771698, 5.8286896
7.928406, -0.18315125, 5.8322754
7.949951, -0.17477417, 5.846634
7.9319916, -0.18435669, 5.8406525
7.9236145, -0.17358398, 5.858612
7.92601, -0.19631958, 5.858612
7.910446, -0.19752502, 5.866989
7.9032593, -0.15203857, 5.865799
7.9355774, -0.14604187, 5.898117
7.9248047, -0.17837524, 5.8873444
7.9403687, -0.17358398, 5.875366
7.9248047, -0.15441895, 5.8490295
7.921219, -0.16998291, 5.8849487
7.9475555, -0.14724731, 5.898117
7.94635, -0.14364624, 5.8945312
7.953537, -0.17837524, 5.9040985
7.8876953, -0.17597961, 5.9124756
7.9200134, -0.14724731, 5.9579773
7.8924866, -0.16520691, 5.9783173
7.9008636, -0.12210083, 6.001068
7.8876953, -0.13168335, 5.9795227
7.886505, -0.12808228, 5.9879
7.8685455, -0.15802002, 6.032196
7.897278, -0.15083313, 6.0381775
7.906845, -0.15441895, 6.036972
7.894882, -0.13287354, 6.027405
7.879318, -0.15562439, 6.0585327
7.9092407, -0.14364624, 6.027405
7.9248047, -0.1376648, 5.9902954
7.9032593, -0.1771698, 6.023819
7.917618, -0.17118835, 5.972336
7.9164276, -0.14245605, 5.9352264
7.906845, -0.13887024, 5.9436035
7.890091, -0.15083313, 5.9268494
7.8876953, -0.14364624, 5.9388123
7.8960724, -0.15441895, 5.9747314
7.894882, -0.15083313, 5.96994
7.881714, -0.14964294, 5.984314
7.878128, -0.15203857, 5.9232483
7.874527, -0.16281128, 5.953186
7.9092407, -0.14604187, 6.0058594
7.905655, -0.16998291, 6.013031
7.882904, -0.14724731, 5.9675446
7.8924866, -0.13887024, 5.980713
7.881714, -0.17477417, 5.9639587
7.906845, -0.1771698, 5.9388123
7.9080505, -0.15441895, 5.9819183
7.894882, -0.16400146, 5.9603577
7.9080505, -0.16520691, 5.9112854
7.902069, -0.1879425, 5.9352264
7.9008636, -0.17237854, 5.901703
7.9475555, -0.18196106, 5.886139
7.912842, -0.16758728, 5.8454437
7.8924866, -0.16998291, 5.8789673
7.936783, -0.14964294, 5.9232483
7.930786, -0.1592102, 5.8849487
7.9152374, -0.18914795, 5.8490295
7.902069, -0.2059021, 5.8681946
7.9032593, -0.1592102, 5.858612
7.8996735, -0.1663971, 5.857422
7.9200134, -0.1951294, 5.9029083
7.9248047, -0.16400146, 5.9040985
7.921219, -0.16520691, 5.8765717
7.9236145, -0.18554688, 5.874176
7.934387, -0.15083313, 5.930435
7.9008636, -0.14125061, 5.920868
7.9116364, -0.15562439, 5.875366
7.9092407, -0.17956543, 5.901703
7.906845, -0.17597961, 5.945999
7.921219, -0.16281128, 5.8885345
7.921219, -0.16400146, 5.875366
7.922409, -0.17597961, 5.8729706
7.9475555, -0.19752502, 5.853821
7.9487457, -0.16998291, 5.827484
7.957123, -0.17837524, 5.8298798
7.928406, -0.17477417, 5.853821
7.928406, -0.17118835, 5.8298798
7.930786, -0.17358398, 5.8442535
7.9583282, -0.17237854, 5.8370667
7.957123, -0.20111084, 5.826294
7.952347, -0.20829773, 5.8215027
7.965515, -0.21786499, 5.803543
7.9487457, -0.17956543, 5.7999573
7.934387, -0.18315125, 5.787979
7.957123, -0.19273376, 5.7508698
7.9750824, -0.16041565, 5.7664337
7.984665, -0.19992065, 5.834671
7.9631195, -0.18075562, 5.8238983
7.9631195, -0.15802002, 5.817917
7.936783, -0.19154358, 5.850235
7.933182, -0.19392395, 5.834671
7.977478, -0.16160583, 5.8394623
7.965515, -0.17956543, 5.8286896
7.9559326, -0.19154358, 5.853821
7.960724, -0.17358398, 5.8550262
7.9750824, -0.16758728, 5.8681946
7.9714966, -0.17597961, 5.8873444
7.957123, -0.18196106, 5.8849487
7.941574, -0.19992065, 5.88974
7.9547424, -0.17237854, 5.8550262
7.9559326, -0.15203857, 5.9124756
7.985855, -0.15681458, 5.898117
7.9511414, -0.1592102, 5.8526306
7.953537, -0.18196106, 5.8598022
7.9786835, -0.15441895, 5.8681946
7.937973, -0.16400146, 5.838257
7.9511414, -0.19033813, 5.8837433
7.9427643, -0.16520691, 5.8921356
7.937973, -0.16520691, 5.886139
7.94635, -0.16400146, 5.8562164
7.9631195, -0.18075562, 5.8406525
7.941574, -0.18315125, 5.8490295
7.928406, -0.14964294, 5.834671
7.976288, -0.17237854, 5.8131256
7.994232, -0.17118835, 5.8215027
8.00621, -0.18196106, 5.803543
7.973892, -0.16520691, 5.822693
7.9643097, -0.18914795, 5.817917
7.953537, -0.17956543, 5.7999573
7.9643097, -0.18435669, 5.7772064
7.969101, -0.17358398, 5.8202972
7.9978333, -0.1592102, 5.834671
7.9954376, -0.18075562, 5.819107
7.985855, -0.18675232, 5.8167114
7.991852, -0.19871521, 5.841858
7.973892, -0.16879272, 5.838257
7.9667053, -0.17477417, 5.8298798
7.952347, -0.18075562, 5.8406525
7.965515, -0.17358398, 5.817917
8.0026245, -0.17597961, 5.8095245
7.981064, -0.1879425, 5.787979
7.934387, -0.20469666, 5.7664337
8.003815, -0.18675232, 5.795166
7.9906464, -0.17597961, 5.826294
7.957123, -0.1663971, 5.7975616
7.9822693, -0.18675232, 5.778412
7.993042, -0.17597961, 5.81073
7.957123, -0.15083313, 5.7999573
7.9355774, -0.15681458, 5.7604523
7.9583282, -0.17237854, 5.787979
7.957123, -0.18196106, 5.787979
7.9870605, -0.16400146, 5.774811
7.922409, -0.18675232, 5.8059387
7.9272003, -0.19631958, 5.8155212
7.941574, -0.17597961, 5.8406525
7.94635, -0.16041565, 5.8370667
7.8996735, -0.17118835, 5.8454437
7.9667053, -0.14724731, 5.853821
7.973892, -0.15681458, 5.9040985
7.9487457, -0.16520691, 5.9076996
7.92601, -0.17597961, 5.8490295
7.921219, -0.17118835, 5.8885345
7.9164276, -0.14125061, 5.881363
7.921219, -0.13407898, 5.898117
7.928406, -0.16758728, 5.914871
7.9236145, -0.16160583, 5.869385
7.9403687, -0.15322876, 5.8801575
7.9008636, -0.16041565, 5.9388123
7.8889008, -0.17358398, 5.9519806
7.906845, -0.15562439, 5.984314
7.8960724, -0.15083313, 5.980713
7.8924866, -0.14724731, 6.0022583
7.886505, -0.14364624, 6.0453644
7.874527, -0.13887024, 6.1088104
7.890091, -0.14964294, 6.044159
7.9188232, -0.16041565, 6.0693054
7.8912964, -0.15083313, 6.0776825
7.9044495, -0.13887024, 6.033386
7.894882, -0.16520691, 5.9879
7.8996735, -0.15562439, 5.961563
7.9044495, -0.1663971, 5.925644
7.9080505, -0.19273376, 5.9124756
7.921219, -0.1771698, 5.8562164
7.897278, -0.16400146, 5.9112854
7.881714, -0.14964294, 5.8969116
7.910446, -0.16758728, 5.8334656
7.905655, -0.15681458, 5.8789673
7.8841095, -0.1771698, 5.9184723
7.878128, -0.18675232, 5.930435
7.917618, -0.16281128, 5.913681
7.929596, -0.18196106, 5.89093
7.921219, -0.16281128, 5.9579773
7.906845, -0.16758728, 5.9244537
7.8936768, -0.16520691, 5.9364166
7.8996735, -0.1771698, 5.917267
7.9008636, -0.1663971, 5.945999
7.9032593, -0.17597961, 5.96875
7.9044495, -0.17837524, 5.9711456
7.879318, -0.1663971, 5.980713
7.8769226, -0.16879272, 5.954376
7.906845, -0.16998291, 5.9819183
7.910446, -0.15322876, 5.9819183
7.8924866, -0.15562439, 5.972336
7.870941, -0.14604187, 5.948395
7.8697357, -0.15203857, 5.932831
7.8936768, -0.15562439, 5.9244537
7.8876953, -0.15083313, 5.917267
7.8769226, -0.15322876, 5.949585
7.897278, -0.14724731, 5.925644
7.9032593, -0.16281128, 5.944809
7.902069, -0.16520691, 5.9196625
7.902069, -0.13647461, 5.8442535
7.914032, -0.16998291, 5.857422
7.906845, -0.15203857, 5.8645935
7.910446, -0.15322876, 5.8729706
7.9116364, -0.16400146, 5.8645935
7.890091, -0.16400146, 5.914871
7.9152374, -0.16520691, 5.9184723
7.937973, -0.1771698, 5.9280396
7.912842, -0.12210083, 5.965149
7.894882, -0.16160583, 5.9555817
7.912842, -0.1879425, 5.9711456
7.9044495, -0.14964294, 5.985504
7.890091, -0.1663971, 5.992691
7.922409, -0.16520691, 6.0261993
7.9355774, -0.15083313, 5.984314
7.9391785, -0.16400146, 5.948395
7.928406, -0.1592102, 5.9603577
7.9188232, -0.1592102, 5.913681
7.9080505, -0.15441895, 5.9340363
7.9116364, -0.15562439, 5.9400177
7.922409, -0.15802002, 5.8885345
7.9248047, -0.19871521, 5.865799
7.914032, -0.1951294, 5.8645935
7.9092407, -0.15681458, 5.831085
7.917618, -0.15203857, 5.8406525
7.9272003, -0.14485168, 5.8215027
7.9116364, -0.17358398, 5.8562164
7.910446, -0.1484375, 5.8550262
7.9631195, -0.17118835, 5.8131256
7.953537, -0.16281128, 5.857422
7.934387, -0.18435669, 5.8789673
7.94635, -0.17597961, 5.8155212
7.94516, -0.18315125, 5.8083344
7.9583282, -0.18675232, 5.8334656
7.9667053, -0.16520691, 5.8047485
7.973892, -0.16160583, 5.7927704
7.961914, -0.18075562, 5.7664337
7.972687, -0.17237854, 5.7736206
7.9547424, -0.17118835, 5.7855835
7.9355774, -0.18196106, 5.795166
7.967911, -0.19033813, 5.787979
7.9236145, -0.18196106, 5.8131256
7.9487457, -0.17237854, 5.8442535
7.985855, -0.16041565, 5.831085
7.9439545, -0.15562439, 5.8645935
7.9355774, -0.16520691, 5.8993073
7.9511414, -0.18315125, 5.937622
7.9487457, -0.16520691, 5.9579773
7.933182, -0.18554688, 5.9663544
7.917618, -0.17237854, 5.9519806
7.9427643, -0.15681458, 5.925644
7.9272003, -0.17956543, 5.8729706
7.94516, -0.18435669, 5.9124756
7.9439545, -0.16998291, 5.8562164
7.94516, -0.17597961, 5.8634033
7.960724, -0.16160583, 5.7736206
7.9355774, -0.17477417, 5.759247
7.941574, -0.19871521, 5.79158
7.949951, -0.20350647, 5.764038
7.9547424, -0.16041565, 5.756851
7.9750824, -0.17358398, 5.7808075
7.970291, -0.17477417, 5.819107
7.936783, -0.18315125, 5.807129
7.949951, -0.1663971, 5.8322754
7.953537, -0.16041565, 5.8059387
7.9355774, -0.17837524, 5.8370667
7.9164276, -0.17237854, 5.8610077
7.930786, -0.17237854, 5.8478394
7.933182, -0.1951294, 5.870575
7.929596, -0.18914795, 5.853821
7.9272003, -0.15802002, 5.89093
7.9044495, -0.1484375, 5.89093
7.886505, -0.18075562, 5.882553
7.9080505, -0.16041565, 5.88974
7.898468, -0.15441895, 5.9160767
7.9152374, -0.14485168, 5.9076996
7.8889008, -0.15322876, 5.9280396
7.8721313, -0.16520691, 5.9711456
7.912842, -0.14724731, 5.972336
7.9044495, -0.14724731, 5.9783173
7.8996735, -0.18075562, 5.9711456
7.902069, -0.17477417, 5.9591675
7.897278, -0.14006042, 5.996277
7.8649597, -0.14006042, 5.9866943
7.8805084, -0.14485168, 5.9747314
7.8996735, -0.13168335, 5.9974823
7.9032593, -0.14125061, 6.0034637
7.9643097, -0.15322876, 5.9879
7.9032593, -0.16041565, 6.0154266
7.9164276, -0.17477417, 6.004654
7.9008636, -0.17237854, 5.9950867
7.912842, -0.15802002, 5.953186
7.9188232, -0.16041565, 5.9364166
7.9044495, -0.1663971, 5.893326
7.898468, -0.16998291, 5.8765717
7.9032593, -0.16758728, 5.906494
7.898468, -0.17118835, 5.9196625
7.9008636, -0.14724731, 5.8993073
7.882904, -0.17837524, 5.9244537
7.8841095, -0.16041565, 5.9076996
7.9116364, -0.15562439, 5.9603577
7.910446, -0.16281128, 5.954376
7.8889008, -0.16041565, 5.9831085
7.8936768, -0.1376648, 5.953186
7.8852997, -0.16758728, 6.004654
7.9236145, -0.16041565, 5.9795227
7.8960724, -0.15802002, 5.9436035
7.8769226, -0.16520691, 5.941208
7.894882, -0.14724731, 5.882553
7.8996735, -0.16041565, 5.914871
7.890091, -0.13407898, 5.932831
7.873337, -0.14245605, 5.9472046
7.8685455, -0.15681458, 5.9639587
7.9152374, -0.16520691, 5.9998627
7.906845, -0.17477417, 5.9831085
7.8721313, -0.17477417, 5.96994
7.862564, -0.15322876, 5.985504
7.8805084, -0.14485168, 5.996277
7.9008636, -0.18914795, 5.972336
7.9080505, -0.18315125, 5.9711456
7.897278, -0.16160583, 5.96875
7.897278, -0.1879425, 5.961563
7.8924866, -0.14125061, 5.9675446
7.8936768, -0.16400146, 5.9424133
7.9092407, -0.15681458, 5.920868
7.8960724, -0.16160583, 5.9340363
7.9272003, -0.1771698, 5.9232483
7.898468, -0.17477417, 5.8921356
7.9032593, -0.17237854, 5.937622
7.9200134, -0.15083313, 5.9507904
7.905655, -0.16758728, 5.9783173
7.894882, -0.18435669, 5.9519806
7.9008636, -0.14604187, 5.9783173
7.934387, -0.14964294, 6.04776
7.937973, -0.15562439, 5.9950867
7.953537, -0.17237854, 6.011841
7.9427643, -0.16758728, 5.9866943
7.9559326, -0.17358398, 5.9579773
7.949951, -0.16998291, 5.914871
7.941574, -0.17237854, 5.9160767
7.933182, -0.18675232, 5.8945312
7.936783, -0.1771698, 5.862198
7.9643097, -0.17358398, 5.9160767
7.973892, -0.17597961, 5.831085
7.989456, -0.17358398, 5.7999573
7.989456, -0.16160583, 5.79158
7.994232, -0.18315125, 5.740097
7.991852, -0.17597961, 5.7448883
7.989456, -0.19154358, 5.71257
8.001419, -0.16998291, 5.6898193
8.000229, -0.17477417, 5.6981964
8.030151, -0.16400146, 5.685028
8.028961, -0.16758728, 5.664688
8.032547, -0.19631958, 5.644333
8.001419, -0.14964294, 5.645523
8.014587, -0.20469666, 5.6383514
8.044525, -0.19992065, 5.645523
8.0421295, -0.19033813, 5.6706696
8.054092, -0.20709229, 5.657501
8.050507, -0.17956543, 5.6311646
8.052902, -0.22625732, 5.6347504
8.044525, -0.20111084, 5.649124
8.058884, -0.16998291, 5.5952454
8.050507, -0.1879425, 5.6634827
8.049301, -0.18675232, 5.6311646
8.021774, -0.19992065, 5.612015
8.030151, -0.20948792, 5.6156006
8.037338, -0.19631958, 5.657501
8.015793, -0.17956543, 5.6479187
8.055298, -0.2166748, 5.6503143
8.028961, -0.20948792, 5.680237
8.032547, -0.17237854, 5.6479187
8.009796, -0.17956543, 5.637146
8.003815, -0.1663971, 5.6634827
7.9870605, -0.17477417, 5.7017975
7.993042, -0.18675232, 5.728134
7.985855, -0.17597961, 5.743683
7.9954376, -0.17237854, 5.735306
7.981064, -0.18554688, 5.7736206
7.949951, -0.17237854, 5.771225
7.9475555, -0.17477417, 5.7652435
7.952347, -0.18075562, 5.7736206
7.977478, -0.18435669, 5.835861
7.9355774, -0.19752502, 5.8454437
7.9080505, -0.16879272, 5.8610077
7.9248047, -0.15203857, 5.838257
7.929596, -0.1663971, 5.8454437
7.9391785, -0.16400146, 5.875366
7.874527, -0.14364624, 5.9280396
7.906845, -0.14724731, 5.9507904
7.917618, -0.15322876, 5.9675446
7.8841095, -0.16400146, 5.984314
7.9092407, -0.14364624, 6.013031
7.934387, -0.14964294, 5.9998627
7.8757324, -0.1663971, 6.033386
7.8805084, -0.15441895, 6.0824738
7.8996735, -0.118515015, 6.0549316
7.890091, -0.13287354, 6.052536
7.9032593, -0.14125061, 6.1016235
7.8841095, -0.15802002, 6.099228
7.890091, -0.15441895, 6.106415
7.857773, -0.14006042, 6.095642
7.8769226, -0.13887024, 6.090851
7.8721313, -0.13407898, 6.0657043
7.842209, -0.120910645, 6.051346
7.827835, -0.15802002, 6.092041
7.8649597, -0.16281128, 6.0633087
7.847, -0.13887024, 6.083664
7.8362274, -0.15681458, 6.0309906
7.8601685, -0.12689209, 6.008255
7.8769226, -0.1484375, 5.980713
7.8601685, -0.16160583, 6.011841
7.9032593, -0.15681458, 5.973526
7.878128, -0.16160583, 5.930435
7.881714, -0.14604187, 5.9352264
7.879318, -0.16520691, 5.9507904
7.8960724, -0.16879272, 5.9663544
7.879318, -0.17237854, 5.9352264
7.9032593, -0.17477417, 5.929245
7.910446, -0.16400146, 5.941208
7.894882, -0.15681458, 5.949585
7.910446, -0.18075562, 5.9160767
7.8996735, -0.1771698, 5.846634
7.8996735, -0.17956543, 5.8681946
7.8912964, -0.14964294, 5.906494
7.902069, -0.16879272, 5.9232483
7.897278, -0.1771698, 5.882553
7.8852997, -0.15203857, 5.8801575
7.912842, -0.18435669, 5.8801575
7.9188232, -0.17597961, 5.870575
7.9092407, -0.14964294, 5.8717804
7.8769226, -0.18435669, 5.8945312
7.881714, -0.15802002, 5.88974
7.9272003, -0.15083313, 5.8921356
7.9188232, -0.14245605, 5.8921356
7.886505, -0.15322876, 5.865799
7.906845, -0.17837524, 5.862198
7.882904, -0.1304779, 5.886139
7.906845, -0.15322876, 5.9005127
7.902069, -0.16400146, 5.9232483
7.881714, -0.16879272, 5.9076996
7.9080505, -0.16041565, 5.9196625
7.9008636, -0.15322876, 5.930435
7.890091, -0.15083313, 5.948395
7.8649597, -0.1663971, 5.9268494
7.86615, -0.17237854, 5.965149
7.898468, -0.13407898, 5.980713
7.8769226, -0.13168335, 5.9902954
7.882904, -0.16041565, 5.973526
7.8936768, -0.15681458, 5.9603577
7.855377, -0.1376648, 6.0058594
7.870941, -0.14006042, 6.009445
7.858963, -0.15083313, 6.023819
7.886505, -0.14364624, 6.044159
7.881714, -0.15322876, 6.056137
7.8446045, -0.13887024, 6.0261993
7.890091, -0.14724731, 6.044159
7.8685455, -0.13526917, 6.0633087
7.870941, -0.13407898, 6.0178223
7.8541718, -0.14125061, 6.036972
7.886505, -0.14964294, 6.023819
7.874527, -0.13168335, 6.0381775
7.873337, -0.1484375, 6.0022583
7.92601, -0.16400146, 6.020218
7.9092407, -0.16758728, 6.023819
7.9008636, -0.15441895, 6.0465546
7.906845, -0.14604187, 6.04895
7.878128, -0.15083313, 6.013031
7.9188232, -0.15562439, 6.0106506
7.92601, -0.1257019, 6.016632
7.929596, -0.12928772, 6.001068
7.905655, -0.1484375, 5.9711456
7.9403687, -0.1663971, 5.9316406
7.9188232, -0.16281128, 5.8885345
7.8924866, -0.17956543, 5.874176
7.9200134, -0.18196106, 5.8370667
7.9152374, -0.16998291, 5.819107
7.937973, -0.17237854, 5.8047485
7.9667053, -0.15322876, 5.783188
7.936783, -0.16879272, 5.747284
7.9044495, -0.18675232, 5.6862335
7.9439545, -0.19631958, 5.675461
7.9511414, -0.1663971, 5.723343
7.953537, -0.16400146, 5.7065735
7.930786, -0.14485168, 5.743683
7.9272003, -0.15681458, 5.762848
7.905655, -0.14125061, 5.795166
7.914032, -0.16160583, 5.8131256
7.922409, -0.15562439, 5.846634
7.8960724, -0.16998291, 5.870575
7.917618, -0.20350647, 5.8645935
7.9583282, -0.19392395, 5.9076996
7.902069, -0.17358398, 5.8849487
7.8889008, -0.15681458, 5.8873444
7.870941, -0.14245605, 5.9747314
7.886505, -0.15203857, 5.980713
7.8960724, -0.15322876, 5.948395
7.9044495, -0.14964294, 5.9316406
7.9092407, -0.14245605, 5.996277
7.881714, -0.14364624, 5.98909
7.894882, -0.1592102, 5.9747314
7.8912964, -0.15083313, 5.9711456
7.8697357, -0.14245605, 5.9879
7.897278, -0.15083313, 5.9340363
7.879318, -0.1484375, 5.9866943
7.8541718, -0.14724731, 5.9998627
7.855377, -0.15681458, 5.9998627
7.8565674, -0.16400146, 5.9831085
7.86615, -0.15083313, 5.985504
7.86615, -0.14364624, 6.025009
7.8924866, -0.12928772, 6.0261993
7.936783, -0.15322876, 6.04776
7.881714, -0.1592102, 6.0154266
7.8613586, -0.16281128, 6.044159
7.8936768, -0.15562439, 6.0417633
7.8889008, -0.14604187, 6.035782
7.898468, -0.1376648, 6.072891
7.8996735, -0.15441895, 6.052536
7.8841095, -0.1376648, 6.0381775
7.8769226, -0.15083313, 6.0537415
7.897278, -0.1484375, 6.0776825
7.886505, -0.13526917, 6.0429688
7.9164276, -0.16879272, 5.9998627
7.8757324, -0.1592102, 6.0214233
7.874527, -0.15203857, 6.0070496
7.886505, -0.14964294, 5.985504
7.8996735, -0.16160583, 5.961563
7.9116364, -0.14364624, 5.9783173
7.9080505, -0.1484375, 5.9519806
7.890091, -0.16879272, 5.906494
7.921219, -0.14364624, 5.90889
7.8936768, -0.15441895, 5.922058
7.902069, -0.15203857, 5.862198
7.9236145, -0.17837524, 5.8370667
7.917618, -0.18075562, 5.865799
7.9164276, -0.18554688, 5.8095245
7.9355774, -0.18554688, 5.7808075
7.933182, -0.16879272, 5.81073
7.967911, -0.16758728, 5.8083344
7.92601, -0.17597961, 5.8011475
7.9152374, -0.1376648, 5.748474
7.9439545, -0.1484375, 5.723343
7.9272003, -0.15681458, 5.736511
7.921219, -0.15441895, 5.7604523
7.933182, -0.15322876, 5.771225
7.9164276, -0.15802002, 5.81073
7.930786, -0.15083313, 5.8454437
7.949951, -0.16879272, 5.826294
7.9319916, -0.15802002, 5.866989
7.910446, -0.17837524, 5.8454437
7.953537, -0.16520691, 5.850235
7.930786, -0.15441895, 5.8789673
7.9272003, -0.1484375, 5.893326
7.9559326, -0.1592102, 5.8717804
7.9188232, -0.17358398, 5.858612
7.910446, -0.1484375, 5.8634033
7.9032593, -0.1771698, 5.8681946
7.9116364, -0.17237854, 5.901703
7.922409, -0.15802002, 5.898117
7.902069, -0.15441895, 5.930435
7.8613586, -0.15322876, 5.9639587
7.874527, -0.18315125, 5.945999
7.8841095, -0.14724731, 5.9783173
7.8936768, -0.13887024, 6.040573
7.8769226, -0.16281128, 6.008255
7.8721313, -0.15562439, 6.0106506
7.8613586, -0.14485168, 6.04776
7.8769226, -0.15681458, 6.0393677
7.86615, -0.1376648, 6.059723
7.8601685, -0.1484375, 6.072891
7.86734, -0.13647461, 6.0393677
7.86615, -0.14245605, 6.027405
7.858963, -0.16520691, 6.0417633
7.8601685, -0.14245605, 6.083664
7.86734, -0.12928772, 6.052536
7.8637543, -0.1197052, 6.0309906
7.8637543, -0.1304779, 6.033386
7.8721313, -0.14964294, 6.0381775
7.873337, -0.17237854, 6.0501404
7.86615, -0.17237854, 6.0693054
7.878128, -0.1592102, 6.080078
7.8649597, -0.14604187, 6.0417633
7.8769226, -0.15441895, 6.0393677
7.894882, -0.14485168, 6.0178223
7.897278, -0.14125061, 6.027405
7.92601, -0.14125061, 5.984314
7.914032, -0.1663971, 5.9675446
7.9008636, -0.17118835, 5.9244537
7.9355774, -0.16400146, 5.89093
7.9355774, -0.15441895, 5.8921356
7.933182, -0.15322876, 5.8801575
7.9511414, -0.16400146, 5.8167114
7.9272003, -0.14364624, 5.8095245
7.952347, -0.19154358, 5.783188
7.9236145, -0.18914795, 5.796356
7.902069, -0.17118835, 5.7688293
7.922409, -0.1663971, 5.7413025
7.9236145, -0.19154358, 5.723343
7.9200134, -0.18554688, 5.755661
7.9200134, -0.1771698, 5.7496796
7.921219, -0.17597961, 5.771225
7.9092407, -0.15203857, 5.7855835
7.970291, -0.1771698, 5.7819977
7.9583282, -0.18914795, 5.835861
7.9236145, -0.15562439, 5.8406525
7.94635, -0.16400146, 5.898117
7.902069, -0.16998291, 5.953186
7.890091, -0.17237854, 5.937622
7.912842, -0.18075562, 5.9627533
7.9272003, -0.16041565, 5.9591675
7.9164276, -0.17237854, 6.013031
7.9152374, -0.1484375, 5.948395
7.881714, -0.16400146, 5.922058
7.897278, -0.19631958, 5.9124756
7.9547424, -0.17237854, 5.9124756
7.933182, -0.16160583, 5.9364166
7.9008636, -0.1592102, 5.941208
7.967911, -0.19392395, 5.9244537
7.930786, -0.17237854, 5.91008
7.917618, -0.1771698, 5.8873444
7.9200134, -0.16400146, 5.843048
7.9080505, -0.14125061, 5.853821
7.9080505, -0.14006042, 5.8550262
7.910446, -0.14724731, 5.875366
7.933182, -0.14724731, 5.8250885
7.928406, -0.15562439, 5.79158
7.914032, -0.16400146, 5.8286896
7.937973, -0.15441895, 5.851425
7.890091, -0.12210083, 5.8598022
7.9116364, -0.12449646, 5.886139
7.890091, -0.15562439, 5.913681
7.8924866, -0.1484375, 5.9436035
7.8924866, -0.13647461, 5.9747314
7.879318, -0.1376648, 5.973526
7.8841095, -0.1304779, 6.020218
7.8613586, -0.12689209, 6.0034637
7.8936768, -0.1304779, 6.0417633
7.826645, -0.12808228, 6.044159
7.850586, -0.12449646, 6.099228
7.8493958, -0.1304779, 6.04895
7.8254547, -0.09336853, 6.072891
7.8218536, -0.1197052, 6.092041
7.838623, -0.13887024, 6.033386
7.8493958, -0.15322876, 6.051346
7.8446045, -0.14364624, 6.0465546
7.8218536, -0.13168335, 6.016632
7.8098907, -0.14724731, 6.027405
7.8242493, -0.16520691, 6.044159
7.8326263, -0.16160583, 6.0609283
7.8302307, -0.14125061, 6.032196
7.795517, -0.16041565, 6.032196
7.8290405, -0.1663971, 6.033386
7.8254547, -0.14964294, 6.059723
7.835022, -0.12928772, 6.0465546
7.839813, -0.15441895, 6.090851
7.835022, -0.17597961, 6.106415
7.8529816, -0.16041565, 6.1171875
7.838623, -0.15802002, 6.1519012
7.843399, -0.16758728, 6.1734467
7.8254547, -0.1376648, 6.190216
7.850586, -0.15562439, 6.22493
7.8374176, -0.1484375, 6.1997833
7.855377, -0.16758728, 6.20697
7.838623, -0.14006042, 6.20697
7.8242493, -0.1376648, 6.171051
7.818268, -0.17118835, 6.1495056
7.803894, -0.12210083, 6.1483154
7.8446045, -0.1257019, 6.099228
7.8410034, -0.16041565, 6.092041
7.8529816, -0.13647461, 6.0860596
7.847, -0.13526917, 6.0345917
7.8541718, -0.16520691, 6.0417633
7.8410034, -0.14604187, 6.0034637
7.855377, -0.1592102, 5.954376
7.86615, -0.1663971, 5.9639587
7.8757324, -0.15083313, 5.9316406
7.8697357, -0.14485168, 5.973526
7.881714, -0.13526917, 5.9436035
7.8852997, -0.15322876, 5.925644
7.862564, -0.16879272, 5.9747314
7.8613586, -0.120910645, 5.941208
7.878128, -0.15802002, 5.90889
7.898468, -0.14964294, 5.88974
7.922409, -0.1484375, 5.8969116
7.902069, -0.16041565, 5.865799
7.9248047, -0.17118835, 5.850235
7.941574, -0.1663971, 5.81073
7.9319916, -0.16041565, 5.835861
7.914032, -0.15802002, 5.8059387
7.930786, -0.17118835, 5.7855835
7.9319916, -0.20948792, 5.7448883
7.977478, -0.18914795, 5.707779
7.929596, -0.16758728, 5.6718597
7.952347, -0.1879425, 5.683838
7.928406, -0.17477417, 5.661087
7.9487457, -0.16758728, 5.683838
7.949951, -0.18914795, 5.688629
7.9319916, -0.17597961, 5.699402
7.9080505, -0.1879425, 5.759247
7.9200134, -0.19871521, 5.778412
7.9583282, -0.1663971, 5.774811
7.9583282, -0.1592102, 5.81192
7.910446, -0.17956543, 5.822693
7.912842, -0.1663971, 5.827484
7.928406, -0.1663971, 5.8083344
7.86734, -0.15322876, 5.841858
7.878128, -0.14006042, 5.9076996
7.858963, -0.14125061, 5.9040985
7.850586, -0.13407898, 5.901703
7.847, -0.10534668, 5.944809
7.858963, -0.12689209, 5.980713
7.8374176, -0.13526917, 6.0393677
7.8206635, -0.12808228, 6.1052094
7.807495, -0.11730957, 6.179428
7.7895355, -0.11253357, 6.2357025
7.795517, -0.11730957, 6.2955475
7.7572174, -0.11253357, 6.351822
7.7739716, -0.0861969, 6.4284363
7.7500305, -0.096969604, 6.4607544
7.7620087, -0.0861969, 6.4894867
7.7344666, -0.1197052, 6.490677
7.7416534, -0.11253357, 6.490677
7.760803, -0.11253357, 6.5170135
7.7572174, -0.123306274, 6.442795
7.7847443, -0.09576416, 6.424835
7.778763, -0.11013794, 6.3733673
7.7691803, -0.080200195, 6.3350525
7.744049, -0.08859253, 6.2799835
7.7739716, -0.096969604, 6.193802
7.7823486, -0.111328125, 6.1530914
7.7847443, -0.13526917, 6.1243744
7.7931213, -0.11013794, 6.0609283
7.8086853, -0.13168335, 6.0609283
7.8685455, -0.1592102, 6.051346
7.8481903, -0.14604187, 6.0058594
7.8122864, -0.15802002, 6.0106506
7.833832, -0.14964294, 5.9591675
7.855377, -0.1771698, 5.9340363
7.8410034, -0.19154358, 5.948395
7.855377, -0.16998291, 5.9364166
7.8697357, -0.14485168, 5.905304
7.897278, -0.16281128, 5.893326
7.8529816, -0.17358398, 5.88974
7.8805084, -0.19392395, 5.8454437
7.8936768, -0.16400146, 5.807129
7.886505, -0.14245605, 5.834671
7.9092407, -0.16758728, 5.841858
7.9319916, -0.14485168, 5.8238983
7.9547424, -0.16998291, 5.826294
7.910446, -0.16160583, 5.81192
7.9080505, -0.14245605, 5.8634033
7.9547424, -0.16998291, 5.841858
7.9547424, -0.16520691, 5.817917
7.9272003, -0.15802002, 5.881363
7.9355774, -0.16998291, 5.8370667
7.961914, -0.14245605, 5.8334656
7.941574, -0.15322876, 5.814316
7.9391785, -0.17477417, 5.786789
7.9248047, -0.16758728, 5.7772064
7.906845, -0.14604187, 5.719742
7.910446, -0.16998291, 5.7460785
7.914032, -0.19392395, 5.7029877
7.9152374, -0.15681458, 5.7065735
7.9200134, -0.1592102, 5.724533
7.910446, -0.15083313, 5.7305145
7.9008636, -0.16520691, 5.7808075
7.878128, -0.17358398, 5.8155212
7.8757324, -0.1592102, 5.858612
7.8637543, -0.15681458, 5.9112854
7.8493958, -0.15802002, 5.945999
7.8290405, -0.16160583, 5.9950867
7.8218536, -0.15681458, 6.06691
7.870941, -0.14125061, 6.111206
7.8242493, -0.14125061, 6.1519012
7.8086853, -0.13287354, 6.2321014
7.8218536, -0.10774231, 6.250061
7.8098907, -0.096969604, 6.2368927
7.827835, -0.13168335, 6.293152
7.831436, -0.13168335, 6.2991486
7.8218536, -0.11013794, 6.2560425
7.8062897, -0.12449646, 6.2752075
7.826645, -0.12210083, 6.301544
7.8326263, -0.13887024, 6.214157
7.839813, -0.1484375, 6.200989
7.8146667, -0.12808228, 6.1566925
7.8206635, -0.14006042, 6.04776
7.862564, -0.13526917, 6.0633087
7.850586, -0.11730957, 6.0824738
7.8050995, -0.11253357, 6.0154266
7.8134766, -0.10295105, 5.961563
7.815872, -0.099365234, 6.023819
7.8134766, -0.113723755, 6.080078
7.8302307, -0.123306274, 6.1243744
7.835022, -0.13168335, 6.131546
7.8170624, -0.13647461, 6.154297
7.850586, -0.14125061, 6.1255646
7.803894, -0.14485168, 6.1255646
7.8218536, -0.1484375, 6.1267548
7.86734, -0.14724731, 6.072891
7.8601685, -0.13526917, 6.06691
7.862564, -0.12808228, 6.0381775
7.8517914, -0.14125061, 6.0178223
7.8852997, -0.15562439, 5.973526
7.9152374, -0.15562439, 5.9184723
7.870941, -0.15802002, 5.9076996
7.8649597, -0.17837524, 5.875366
7.9080505, -0.16520691, 5.8454437
7.9092407, -0.16520691, 5.858612
7.9152374, -0.16400146, 5.7808075
7.934387, -0.15802002, 5.7843933
7.898468, -0.18315125, 5.8083344
7.905655, -0.20111084, 5.79158
7.879318, -0.15681458, 5.7808075
7.8852997, -0.18554688, 5.8047485
7.8912964, -0.1951294, 5.7819977
7.8721313, -0.18675232, 5.7819977
7.8852997, -0.17956543, 5.814316
7.910446, -0.19033813, 5.8298798
7.9248047, -0.1879425, 5.8250885
7.922409, -0.17837524, 5.8729706
7.9008636, -0.2059021, 5.874176
7.8960724, -0.19631958, 5.869385
7.8936768, -0.18075562, 5.9352264
7.9188232, -0.15322876, 5.8993073
7.906845, -0.15322876, 5.893326
7.898468, -0.17837524, 5.9627533
7.894882, -0.18435669, 6.001068
7.9116364, -0.14724731, 6.0070496
7.9032593, -0.13168335, 6.0621185
7.8757324, -0.15802002, 6.009445
7.894882, -0.16281128, 6.0453644
7.8757324, -0.14604187, 6.04895
7.870941, -0.13887024, 6.064514
7.8924866, -0.12808228, 6.0309906
7.870941, -0.120910645, 5.9950867
7.8649597, -0.14125061, 5.993881
7.8924866, -0.16041565, 5.9831085
7.86615, -0.15083313, 5.9316406
7.881714, -0.1257019, 5.953186
7.886505, -0.106536865, 5.977127
7.873337, -0.11253357, 5.9795227
7.835022, -0.15441895, 5.9998627
7.862564, -0.14006042, 6.036972
7.8541718, -0.13526917, 6.051346
7.8481903, -0.12808228, 6.0860596
7.855377, -0.13287354, 6.0704956
7.8757324, -0.118515015, 6.0657043
7.8936768, -0.1663971, 6.0345917
7.8852997, -0.16879272, 6.020218
7.912842, -0.15681458, 5.9831085
7.9236145, -0.15083313, 5.91008
7.8889008, -0.16879272, 5.898117
7.949951, -0.16879272, 5.850235
7.94635, -0.16998291, 5.7664337
7.941574, -0.17597961, 5.7293243
7.9092407, -0.19273376, 5.7305145
7.9272003, -0.17837524, 5.7293243
7.905655, -0.17837524, 5.699402
7.936783, -0.16041565, 5.699402
7.9475555, -0.17118835, 5.748474
7.9391785, -0.18914795, 5.736511
7.9188232, -0.17837524, 5.740097
7.897278, -0.1663971, 5.7903748
7.8637543, -0.16400146, 5.7891846
7.894882, -0.1592102, 5.8490295
7.8721313, -0.14485168, 5.90889
7.8637543, -0.13647461, 5.9029083
7.8457947, -0.14364624, 5.922058
7.8649597, -0.14364624, 5.985504
7.8697357, -0.12210083, 6.0261993
7.842209, -0.1149292, 6.033386
7.8290405, -0.104141235, 6.04776
7.835022, -0.099365234, 6.0932465
7.833832, -0.082595825, 6.1052094
7.8050995, -0.12210083, 6.139923
7.8015137, -0.09815979, 6.190216
7.7859497, -0.10534668, 6.1997833
7.78714, -0.11253357, 6.2560425
7.7895355, -0.111328125, 6.262039
7.803894, -0.0861969, 6.2560425
7.7703857, -0.08859253, 6.264435
7.7667847, -0.089782715, 6.325485
7.7691803, -0.12449646, 6.30394
7.78714, -0.12210083, 6.2907715
7.776367, -0.120910645, 6.344635
7.7907257, -0.1197052, 6.337448
7.7823486, -0.12210083, 6.297943
7.8134766, -0.11730957, 6.320694
7.8062897, -0.13647461, 6.312317
7.8062897, -0.14364624, 6.313507
7.795517, -0.16520691, 6.2907715
7.8146667, -0.14604187, 6.2524567
7.8015137, -0.15441895, 6.2476654
7.7931213, -0.14724731, 6.22612
7.8362274, -0.16520691, 6.171051
7.8649597, -0.16041565, 6.1183777
7.8649597, -0.15562439, 6.088455
7.8841095, -0.16400146, 6.0106506
7.8757324, -0.16758728, 6.0261993
7.874527, -0.15802002, 5.901703
7.8912964, -0.19631958, 5.881363
7.879318, -0.18075562, 5.8550262
7.934387, -0.16041565, 5.7808075
7.9511414, -0.17358398, 5.8215027
7.9475555, -0.15802002, 5.827484
7.9044495, -0.14364624, 5.756851
7.9092407, -0.17358398, 5.7819977
7.9355774, -0.19033813, 5.803543
7.969101, -0.18675232, 5.7700195
7.9798737, -0.18315125, 5.736511
7.957123, -0.1771698, 5.8047485
7.9990234, -0.16879272, 5.71257
7.957123, -0.18675232, 5.6981964
7.9427643, -0.20829773, 5.691025
7.9990234, -0.15681458, 5.6275635
7.9882507, -0.1663971, 5.594055
8.009796, -0.15802002, 5.5713043
8.00621, -0.18196106, 5.57251
8.0026245, -0.18315125, 5.577286
7.991852, -0.14724731, 5.585678
8.00621, -0.16520691, 5.5713043
8.00621, -0.15441895, 5.585678
7.9583282, -0.1376648, 5.5916595
8.016983, -0.17597961, 5.6263733
7.977478, -0.17477417, 5.6263733
8.009796, -0.17597961, 5.6814423
7.967911, -0.17597961, 5.691025
7.970291, -0.17837524, 5.716156
7.9822693, -0.16758728, 5.724533
7.9319916, -0.13887024, 5.740097
7.928406, -0.16758728, 5.7819977
7.9427643, -0.16041565, 5.814316
7.937973, -0.16998291, 5.7903748
7.934387, -0.1484375, 5.8801575
7.8805084, -0.17956543, 5.882553
7.881714, -0.19154358, 5.913681
7.881714, -0.16281128, 5.980713
7.8637543, -0.17118835, 6.0106506
7.8601685, -0.17237854, 6.0681
7.882904, -0.16998291, 6.064514
7.906845, -0.15322876, 6.0549316
7.8649597, -0.13647461, 6.119583
7.843399, -0.13526917, 6.1004333
7.839813, -0.12808228, 6.087265
7.827835, -0.13168335, 6.14592
7.8290405, -0.14604187, 6.1818237
7.827835, -0.14485168, 6.233307
7.807495, -0.11253357, 6.2560425
7.823059, -0.12449646, 6.248871
7.839813, -0.14604187, 6.28598
7.8254547, -0.120910645, 6.2632294
7.8242493, -0.12808228, 6.2392883
7.823059, -0.13287354, 6.234497
7.8242493, -0.13287354, 6.2476654
7.823059, -0.13168335, 6.258438
7.807495, -0.13407898, 6.214157
7.8362274, -0.1257019, 6.1973877
7.8218536, -0.14245605, 6.1770477
7.8170624, -0.13168335, 6.1566925
7.8086853, -0.13887024, 6.1423187
7.8493958, -0.1257019, 6.1135864
7.882904, -0.120910645, 6.131546
7.858963, -0.14485168, 6.0573273
7.862564, -0.15083313, 6.027405
7.9044495, -0.18554688, 6.0034637
7.9032593, -0.16520691, 5.954376
7.929596, -0.1771698, 5.925644
7.952347, -0.14724731, 5.906494
7.910446, -0.15441895, 5.850235
7.933182, -0.16879272, 5.8047485
7.921219, -0.16879272, 5.798752
7.9200134, -0.18914795, 5.7604523
7.960724, -0.18914795, 5.7257385
7.928406, -0.18554688, 5.691025
7.969101, -0.1951294, 5.716156
7.9906464, -0.18075562, 5.661087
7.9786835, -0.19631958, 5.5988464
7.970291, -0.18315125, 5.6191864
8.013397, -0.16520691, 5.5593414
7.9954376, -0.19631958, 5.556946
7.961914, -0.17358398, 5.6000366
7.984665, -0.17237854, 5.589264
7.949951, -0.18196106, 5.6024323
7.9643097, -0.17237854, 5.606018
7.9475555, -0.18675232, 5.644333
7.977478, -0.18675232, 5.6419373
7.994232, -0.19992065, 5.6981964
7.967911, -0.19033813, 5.714966
7.957123, -0.15802002, 5.7819977
7.9164276, -0.15203857, 5.776016
7.922409, -0.16998291, 5.8610077
7.9200134, -0.1879425, 5.8849487
7.910446, -0.14245605, 5.932831
7.8841095, -0.13407898, 5.932831
7.862564, -0.12689209, 5.980713
7.8481903, -0.1376648, 6.0429688
7.881714, -0.12928772, 6.076477
7.8721313, -0.14364624, 6.1004333
7.8769226, -0.111328125, 6.14592
7.8326263, -0.12210083, 6.183029
7.8481903, -0.11730957, 6.2273254
7.799118, -0.10774231, 6.24527
7.8290405, -0.089782715, 6.28598
7.842209, -0.104141235, 6.282379
7.839813, -0.113723755, 6.262039
7.835022, -0.12210083, 6.234497
7.8146667, -0.0909729, 6.2512665
7.8170624, -0.13287354, 6.186615
7.855377, -0.13407898, 6.169861
7.826645, -0.12210083, 6.1806335
7.8050995, -0.15441895, 6.1267548
7.827835, -0.15441895, 6.099228
7.823059, -0.13887024, 6.1363373
7.833832, -0.14364624, 6.1327515
7.8649597, -0.14364624, 6.088455
7.882904, -0.18675232, 6.115982
7.8936768, -0.16998291, 6.0860596
7.8852997, -0.17118835, 6.0309906
7.922409, -0.16281128, 6.011841
7.922409, -0.14724731, 5.9519806
7.9319916, -0.18435669, 5.9400177
7.921219, -0.19273376, 5.9268494
7.9319916, -0.18554688, 5.874176
7.9583282, -0.16758728, 5.846634
7.960724, -0.1771698, 5.7975616
7.985855, -0.19033813, 5.7460785
7.9954376, -0.2166748, 5.748474
7.981064, -0.20231628, 5.692215
8.011002, -0.19392395, 5.6539
8.008606, -0.16879272, 5.6072235
8.012192, -0.17358398, 5.5689087
8.012192, -0.19154358, 5.4970856
8.003815, -0.16998291, 5.4958954
8.011002, -0.18435669, 5.4480133
8.015793, -0.17597961, 5.455185
7.989456, -0.1879425, 5.438431
7.957123, -0.16281128, 5.501877
7.973892, -0.16160583, 5.556946
7.973892, -0.17358398, 5.5760956
7.9547424, -0.17597961, 5.657501
7.984665, -0.16879272, 5.762848
7.9978333, -0.14604187, 5.779602
7.972687, -0.16998291, 5.8047485
7.9439545, -0.16041565, 5.9076996
7.9152374, -0.15203857, 5.9472046
7.898468, -0.16281128, 5.9831085
7.897278, -0.13526917, 5.980713
7.902069, -0.16160583, 5.9831085
7.8685455, -0.14364624, 5.973526
7.898468, -0.16758728, 5.96994
7.905655, -0.14245605, 5.96994
7.890091, -0.14964294, 5.9831085
7.897278, -0.1257019, 5.9507904
7.8889008, -0.12928772, 5.9340363
7.862564, -0.14485168, 5.941208
7.870941, -0.1376648, 5.961563
7.874527, -0.14724731, 5.965149
7.86734, -0.14604187, 6.040573
7.843399, -0.120910645, 6.130356
7.8805084, -0.15083313, 6.159088
7.823059, -0.15322876, 6.171051
7.8326263, -0.13526917, 6.233307
7.8457947, -0.1484375, 6.2632294
7.835022, -0.15681458, 6.241684
7.8493958, -0.1771698, 6.250061
7.86734, -0.14245605, 6.2285156
7.8493958, -0.14964294, 6.2201385
7.8565674, -0.14125061, 6.14711
7.8481903, -0.13887024, 6.1207733
7.8517914, -0.16400146, 6.0980377
7.8457947, -0.15083313, 6.0309906
7.8290405, -0.1376648, 6.011841
7.8493958, -0.123306274, 6.009445
7.8601685, -0.1592102, 6.036972
7.8769226, -0.16281128, 6.06691
7.86734, -0.1484375, 6.0573273
7.8302307, -0.17358398, 6.1052094
7.839813, -0.16400146, 6.1028137
7.8637543, -0.15083313, 6.138733
7.8302307, -0.1592102, 6.111206
7.8362274, -0.15681458, 6.095642
7.8541718, -0.18196106, 6.0657043
7.8697357, -0.15681458, 6.0693054
7.8805084, -0.16758728, 6.0501404
7.898468, -0.1771698, 6.0022583
7.9044495, -0.14364624, 6.004654
7.8960724, -0.15681458, 5.956772
7.8960724, -0.13287354, 5.9268494
7.8996735, -0.1376648, 5.9029083
7.8996735, -0.1592102, 5.881363
7.92601, -0.13407898, 5.8885345
7.910446, -0.1592102, 5.8286896
7.933182, -0.14724731, 5.807129
7.94516, -0.12689209, 5.7927704
7.9080505, -0.16041565, 5.8286896
7.9439545, -0.17837524, 5.81073
7.934387, -0.19992065, 5.7616425
7.94516, -0.17237854, 5.7413025
7.953537, -0.17118835, 5.774811
7.965515, -0.18075562, 5.762848
7.9487457, -0.18675232, 5.6946106
7.929596, -0.16758728, 5.719742
7.930786, -0.17597961, 5.71257
7.957123, -0.16998291, 5.716156
7.9080505, -0.14125061, 5.7580566
7.914032, -0.19992065, 5.735306
7.967911, -0.21069336, 5.7377014
7.976288, -0.19273376, 5.7580566
7.9595184, -0.1879425, 5.738907
7.970291, -0.18914795, 5.7508698
7.928406, -0.19392395, 5.7377014
7.94635, -0.17477417, 5.756851
7.930786, -0.14604187, 5.7736206
7.936783, -0.16160583, 5.79158
7.922409, -0.16400146, 5.8011475
7.9092407, -0.15681458, 5.8238983
7.894882, -0.15562439, 5.858612
7.8996735, -0.16041565, 5.834671
7.9092407, -0.1663971, 5.843048
7.9188232, -0.16879272, 5.875366
7.928406, -0.15441895, 5.949585
7.9008636, -0.17358398, 5.9340363
7.8960724, -0.18315125, 5.930435
7.8876953, -0.15083313, 5.944809
7.8541718, -0.1484375, 5.9400177
7.8565674, -0.1304779, 5.937622
7.8529816, -0.12689209, 5.944809
7.8529816, -0.1197052, 5.9424133
7.842209, -0.1149292, 5.9675446
7.826645, -0.13287354, 6.008255
7.873337, -0.096969604, 6.027405
7.819458, -0.09576416, 6.076477
7.8290405, -0.1149292, 6.0740967
7.8218536, -0.12449646, 6.1243744
7.7979126, -0.106536865, 6.183029
7.819458, -0.104141235, 6.222534
7.7883453, -0.1304779, 6.2440796
7.7823486, -0.099365234, 6.2524567
7.775177, -0.10055542, 6.210556
7.7811584, -0.116119385, 6.2392883
7.795517, -0.104141235, 6.264435
7.775177, -0.077804565, 6.2213287
7.7691803, -0.104141235, 6.217743
7.799118, -0.10774231, 6.2117615
7.760803, -0.10774231, 6.2129517
7.778763, -0.1197052, 6.202179
7.7667847, -0.12928772, 6.20697
7.752426, -0.14125061, 6.210556
7.7931213, -0.123306274, 6.190216
7.8098907, -0.116119385, 6.161484
7.8134766, -0.12808228, 6.159088
7.8218536, -0.14245605, 6.1363373
7.8290405, -0.15322876, 6.14592
7.811081, -0.14245605, 6.1339417
7.819458, -0.1484375, 6.080078
7.815872, -0.14245605, 6.106415
7.7979126, -0.15203857, 6.0573273
7.8170624, -0.14364624, 6.083664
7.823059, -0.16041565, 6.088455
7.8206635, -0.13407898, 6.076477
7.842209, -0.14364624, 6.080078
7.8374176, -0.14485168, 6.083664
7.8134766, -0.15802002, 6.06691
7.843399, -0.16400146, 6.040573
7.835022, -0.1592102, 6.0537415
7.8290405, -0.15441895, 6.028595
7.8062897, -0.13647461, 6.0417633
7.8446045, -0.16998291, 6.0034637
7.8541718, -0.13647461, 6.004654
7.850586, -0.1257019, 5.972336
7.819458, -0.15083313, 5.992691
7.8326263, -0.1376648, 6.0261993
7.8362274, -0.15203857, 6.04776
7.862564, -0.16998291, 6.001068
7.873337, -0.13647461, 6.0453644
7.858963, -0.14485168, 6.052536
7.8769226, -0.14006042, 6.0106506
7.8769226, -0.1484375, 5.992691
7.8601685, -0.15441895, 5.992691
7.8841095, -0.15562439, 5.929245
7.8613586, -0.16281128, 5.961563
7.8601685, -0.15203857, 5.956772
7.8841095, -0.13287354, 5.922058
7.8757324, -0.1592102, 5.8634033
7.897278, -0.18075562, 5.8598022
7.870941, -0.17837524, 5.8957214
7.8565674, -0.15802002, 5.8610077
7.8601685, -0.11253357, 5.8526306
7.8565674, -0.14724731, 5.8562164
7.86734, -0.17477417, 5.893326
7.870941, -0.17118835, 5.9160767
7.8613586, -0.15083313, 5.930435
7.886505, -0.14964294, 5.9783173
7.843399, -0.14485168, 5.973526
7.855377, -0.12689209, 5.9902954
7.839813, -0.13407898, 6.0261993
7.833832, -0.16758728, 6.035782
7.8565674, -0.15802002, 6.020218
7.86734, -0.1484375, 6.075287
7.8254547, -0.17118835, 6.095642
7.8613586, -0.13647461, 6.0980377
7.839813, -0.11013794, 6.0860596
7.8170624, -0.14245605, 6.1171875
7.850586, -0.12808228, 6.1219788
7.8517914, -0.1197052, 6.1243744
7.855377, -0.11730957, 6.080078
7.842209, -0.13168335, 6.04895
7.879318, -0.16879272, 6.0968323
7.878128, -0.15802002, 6.0609283
7.850586, -0.118515015, 6.0609283
7.8206635, -0.14964294, 6.0609283
7.86615, -0.15681458, 6.036972
7.847, -0.14724731, 6.0381775
7.8326263, -0.1197052, 6.056137
7.838623, -0.14604187, 6.072891
7.8457947, -0.116119385, 6.052536
7.8613586, -0.111328125, 6.0226135
7.882904, -0.14245605, 5.9783173
7.878128, -0.13887024, 5.9902954
7.879318, -0.13647461, 5.972336
7.850586, -0.15562439, 5.96994
7.8374176, -0.14964294, 5.98909
7.8805084, -0.13526917, 5.9711456
7.8601685, -0.1197052, 6.013031
7.862564, -0.16041565, 6.0298004
7.8852997, -0.1376648, 6.0537415
7.8242493, -0.13526917, 6.0693054
7.86734, -0.113723755, 6.0848694
7.862564, -0.120910645, 5.9950867
7.8457947, -0.14245605, 5.9950867
7.8326263, -0.13287354, 5.977127
7.8685455, -0.13526917, 5.9675446
7.881714, -0.16400146, 5.945999
7.8685455, -0.16520691, 5.9268494
7.8697357, -0.1592102, 5.949585
7.8852997, -0.18075562, 5.941208
7.843399, -0.15802002, 5.9244537
7.8912964, -0.17837524, 5.949585
7.8852997, -0.1663971, 5.9232483
7.86615, -0.17597961, 5.948395
7.882904, -0.17597961, 5.925644
7.9080505, -0.15203857, 5.9424133
7.8912964, -0.15562439, 5.937622
7.878128, -0.1304779, 5.948395
7.8757324, -0.16879272, 5.9040985
7.902069, -0.17597961, 5.949585
7.894882, -0.16998291, 5.898117
7.878128, -0.18315125, 5.8885345
7.9188232, -0.17118835, 5.9436035
7.917618, -0.16160583, 5.9627533
7.874527, -0.17597961, 5.9196625
7.897278, -0.18914795, 5.9196625
7.9080505, -0.19273376, 5.9244537
7.9044495, -0.17837524, 5.9196625
7.9248047, -0.1663971, 5.932831
7.9080505, -0.17956543, 5.886139
7.9164276, -0.20948792, 5.89093
7.9487457, -0.19273376, 5.89093
7.9319916, -0.1771698, 5.850235
7.9092407, -0.18075562, 5.8526306
7.9152374, -0.17237854, 5.8610077
7.9200134, -0.17237854, 5.862198
7.914032, -0.15322876, 5.869385
7.914032, -0.15441895, 5.8765717
7.921219, -0.17477417, 5.8945312
7.94516, -0.1663971, 5.8957214
7.902069, -0.1592102, 5.9795227
7.898468, -0.14724731, 5.9316406
7.9200134, -0.15681458, 5.9124756
7.9044495, -0.15681458, 5.953186
7.9080505, -0.16400146, 5.96875
7.921219, -0.18914795, 5.914871
7.898468, -0.18914795, 5.913681
7.8841095, -0.15441895, 5.9268494
7.9008636, -0.1663971, 5.8945312
7.905655, -0.17837524, 5.8873444
7.890091, -0.1376648, 5.846634
7.8996735, -0.14125061, 5.8202972
7.9164276, -0.15802002, 5.838257
7.933182, -0.14245605, 5.846634
7.8960724, -0.12210083, 5.869385
7.873337, -0.13287354, 5.8202972
7.8960724, -0.12689209, 5.9005127
7.8960724, -0.1304779, 5.948395
7.873337, -0.1149292, 5.9280396
7.86615, -0.14364624, 5.973526
7.8637543, -0.16041565, 6.0549316
7.847, -0.15203857, 6.075287
7.86734, -0.16879272, 6.0178223
7.8529816, -0.12928772, 6.04895
7.8960724, -0.16041565, 6.0429688
7.8769226, -0.18075562, 6.06691
7.879318, -0.14724731, 6.0657043
7.8410034, -0.1376648, 6.0034637
7.842209, -0.14125061, 6.013031
7.8517914, -0.1592102, 6.0393677
7.874527, -0.16160583, 6.040573
7.86615, -0.16041565, 6.0573273
7.850586, -0.15681458, 6.072891
7.8685455, -0.15203857, 6.0740967
7.878128, -0.17118835, 6.064514
7.8960724, -0.15802002, 6.0417633
7.910446, -0.1771698, 6.052536
7.8889008, -0.15441895, 6.0609283
7.910446, -0.15802002, 6.0573273
7.886505, -0.16520691, 6.0776825
7.8697357, -0.15322876, 5.9914856
7.874527, -0.15681458, 5.9902954
7.857773, -0.15441895, 6.0178223
7.8757324, -0.13526917, 5.9831085
7.8960724, -0.15681458, 5.948395
7.912842, -0.16879272, 5.948395
7.8960724, -0.12689209, 5.9663544
7.8852997, -0.120910645, 5.941208
7.910446, -0.14125061, 5.9400177
7.9248047, -0.1592102, 5.8322754
7.910446, -0.15203857, 5.857422
7.9164276, -0.17237854, 5.846634
7.921219, -0.1663971, 5.8789673
7.9248047, -0.1771698, 5.906494
7.937973, -0.15681458, 5.8083344
7.930786, -0.14964294, 5.8095245
7.9200134, -0.18435669, 5.8478394
7.9092407, -0.17237854, 5.8957214
7.9236145, -0.1484375, 5.865799
7.9200134, -0.17118835, 5.8562164
7.9152374, -0.14006042, 5.875366
7.8936768, -0.16879272, 5.8729706
7.9008636, -0.16041565, 5.9040985
7.930786, -0.13647461, 5.905304
7.922409, -0.14724731, 5.8550262
7.937973, -0.17237854, 5.8849487
7.9403687, -0.1771698, 5.862198
7.9236145, -0.15441895, 5.922058
7.9080505, -0.14604187, 5.841858
7.8996735, -0.18075562, 5.858612
7.906845, -0.1484375, 5.8885345
7.9152374, -0.16281128, 5.8885345
7.928406, -0.1771698, 5.8490295
7.9355774, -0.15203857, 5.838257
7.910446, -0.15681458, 5.8454437
7.9248047, -0.17237854, 5.850235
7.917618, -0.1663971, 5.8526306
7.937973, -0.16879272, 5.870575
7.9355774, -0.16998291, 5.877762
7.9391785, -0.1663971, 5.853821
7.9200134, -0.15441895, 5.881363
7.92601, -0.16160583, 5.9244537
7.921219, -0.18914795, 5.9005127
7.9152374, -0.15441895, 5.9160767
7.897278, -0.15441895, 5.9424133
7.905655, -0.16758728, 5.9974823
7.8876953, -0.19631958, 5.954376
7.862564, -0.17837524, 5.9340363
7.8960724, -0.15562439, 5.984314
7.9032593, -0.14485168, 5.96875
7.8924866, -0.17237854, 5.949585
7.886505, -0.15681458, 5.9603577
7.897278, -0.16998291, 6.0058594
7.8996735, -0.16400146, 5.9902954
7.934387, -0.13526917, 5.977127
7.8996735, -0.13647461, 6.013031
7.930786, -0.1592102, 6.0154266
7.897278, -0.15083313, 5.9866943
7.9092407, -0.13168335, 5.985504
7.9236145, -0.18914795, 6.0070496
7.928406, -0.15562439, 5.9902954
7.9116364, -0.1376648, 5.9555817
7.8889008, -0.1663971, 5.945999
7.910446, -0.18315125, 5.941208
7.905655, -0.20829773, 5.913681
7.858963, -0.16879272, 5.877762
7.9044495, -0.15441895, 5.869385
7.92601, -0.16520691, 5.822693
7.9008636, -0.14364624, 5.850235
7.8936768, -0.17237854, 5.8334656
7.9188232, -0.1663971, 5.8059387
7.9188232, -0.1484375, 5.8167114
7.917618, -0.17477417, 5.834671
7.949951, -0.16879272, 5.875366
7.936783, -0.16998291, 5.8717804
7.9236145, -0.17597961, 5.8993073
7.9008636, -0.16160583, 5.91008
7.878128, -0.1484375, 5.9627533
7.886505, -0.17837524, 5.9603577
7.9080505, -0.17118835, 5.961563
7.906845, -0.14485168, 5.9627533
7.8960724, -0.15203857, 5.96875
7.9044495, -0.17237854, 5.9268494
7.921219, -0.16520691, 5.929245
7.9116364, -0.14604187, 5.8957214
7.906845, -0.16041565, 5.906494
7.9188232, -0.1304779, 5.893326
7.882904, -0.12689209, 5.8849487
7.881714, -0.15441895, 5.8370667
7.928406, -0.15083313, 5.8286896
7.9248047, -0.118515015, 5.841858
7.9032593, -0.15441895, 5.850235
7.8936768, -0.16160583, 5.8634033
7.9248047, -0.14724731, 5.930435
7.917618, -0.13407898, 5.930435
7.9152374, -0.15083313, 5.937622
7.9008636, -0.15562439, 5.9436035
7.8996735, -0.15441895, 5.9879
7.8769226, -0.14364624, 5.9998627
7.8936768, -0.13887024, 6.008255
7.878128, -0.13168335, 5.977127
7.8565674, -0.12808228, 5.9711456
7.8613586, -0.14245605, 6.0034637
7.897278, -0.14125061, 5.9986725
7.8924866, -0.1376648, 5.9675446
7.86615, -0.14964294, 5.954376
7.9032593, -0.15322876, 5.977127
7.8852997, -0.14724731, 6.008255
7.858963, -0.1304779, 5.96994
7.9044495, -0.1484375, 5.972336
7.8721313, -0.15562439, 5.9879
7.902069, -0.16160583, 6.0058594
7.9008636, -0.16758728, 6.0142365
7.897278, -0.17837524, 6.001068
7.8936768, -0.16998291, 5.9196625
7.9080505, -0.16758728, 5.9436035
7.9200134, -0.19033813, 5.914871
7.933182, -0.16758728, 5.905304
7.9116364, -0.19392395, 5.898117
7.9092407, -0.17237854, 5.88974
7.917618, -0.17837524, 5.8526306
7.9164276, -0.17237854, 5.8202972
7.960724, -0.19154358, 5.881363
7.961914, -0.16998291, 5.8921356
7.9511414, -0.17837524, 5.906494
7.9319916, -0.16281128, 5.9232483
7.9319916, -0.17597961, 5.929245
7.9547424, -0.18675232, 5.89093
7.9272003, -0.17477417, 5.929245
7.9188232, -0.17237854, 5.901703
7.894882, -0.13168335, 5.9232483
7.933182, -0.1663971, 5.8957214
7.9439545, -0.15562439, 5.8837433
7.941574, -0.15802002, 5.817917
7.929596, -0.17118835, 5.850235
7.922409, -0.16879272, 5.90889
7.929596, -0.14364624, 5.8921356
7.902069, -0.1592102, 5.850235
7.937973, -0.1771698, 5.862198
7.9200134, -0.16758728, 5.8322754
7.936783, -0.14364624, 5.827484
7.9164276, -0.14604187, 5.8059387
7.930786, -0.13526917, 5.8490295
7.933182, -0.14604187, 5.838257
7.9008636, -0.15681458, 5.905304
7.890091, -0.13287354, 5.9196625

