x : y : Z 
8.12233, -1.470047, 5.3666077
8.1809845, -1.4652557, 5.321106
8.149857, -1.450882, 5.367798
8.095993, -1.4341278, 5.4492035
8.034943, -1.3694763, 5.3929443
8.051697, -1.3706818, 5.3474426
8.088806, -1.3874359, 5.293579
8.152252, -1.4365234, 5.304352
8.155853, -1.4389191, 5.365402
8.113953, -1.4616547, 5.39534
8.072052, -1.4568787, 5.359421
8.074448, -1.4736328, 5.3773804
8.109161, -1.4664459, 5.4061127
8.135498, -1.4760284, 5.4503937
8.197754, -1.5071564, 5.47554
8.167816, -1.5131378, 5.527008
8.151062, -1.538269, 5.510254
8.153458, -1.5322876, 5.4743347
8.179794, -1.5011597, 5.4731445
8.176193, -1.5310974, 5.4731445
8.196548, -1.5370789, 5.4743347
8.155853, -1.5023651, 5.451599
8.175003, -1.5274963, 5.431244
8.165421, -1.4855957, 5.4180756
8.149857, -1.474823, 5.443222
8.130707, -1.4784241, 5.439621
8.106766, -1.4652557, 5.4527893
8.137894, -1.498764, 5.444412
8.16423, -1.4975739, 5.371399
8.133102, -1.4915924, 5.4025116
8.136688, -1.5047607, 5.4108887
8.110352, -1.5119324, 5.365402
8.095993, -1.5119324, 5.3510437
8.163025, -1.5155334, 5.359421
8.134308, -1.5346832, 5.319916
8.158249, -1.5346832, 5.273224
8.195358, -1.5119324, 5.300766
8.152252, -1.5514374, 5.3187256
8.16423, -1.5263062, 5.2875977
8.198944, -1.5131378, 5.3235016
8.1809845, -1.5466614, 5.3618164
8.173798, -1.5502472, 5.360611
8.148666, -1.5239105, 5.376175
8.151062, -1.5370789, 5.367798
8.137894, -1.5251007, 5.352234
8.172607, -1.4844055, 5.371399
8.185776, -1.5095367, 5.3546295
8.198944, -1.5035553, 5.325897
8.195358, -1.5203247, 5.3271027
8.175003, -1.4879913, 5.2947845
8.146271, -1.4365234, 5.2947845
8.118744, -1.4233551, 5.246887
8.082825, -1.4089813, 5.185837
8.113953, -1.4377136, 5.1726685
8.12352, -1.4221497, 5.189438
8.158249, -1.4496918, 5.246887
8.203735, -1.5071564, 5.319916
8.203735, -1.5466614, 5.3498383
8.190567, -1.5502472, 5.388153
8.184586, -1.5670013, 5.352234
8.20134, -1.6292572, 5.3462524
8.191757, -1.608902, 5.404907
8.166626, -1.608902, 5.3534393
8.165421, -1.593338, 5.340271
8.165421, -1.5837708, 5.3294983
8.177399, -1.5598297, 5.3773804
8.149857, -1.5346832, 5.3893433
8.151062, -1.4915924, 5.3390656
8.152252, -1.5191193, 5.278015
8.177399, -1.5059509, 5.21817
8.12352, -1.459259, 5.2756195
8.137894, -1.450882, 5.400116
8.115143, -1.4329224, 5.451599
8.087616, -1.359909, 5.4815216
8.040924, -1.3347626, 5.467163
8.0624695, -1.3431396, 5.4743347
8.095993, -1.3658905, 5.4731445
8.100784, -1.3838501, 5.4767303
8.068466, -1.450882, 5.4934998
8.105576, -1.4556732, 5.4695587
8.113953, -1.430542, 5.47554
8.060074, -1.4449005, 5.459976
8.070847, -1.450882, 5.4108887
8.098389, -1.493988, 5.403717
8.176193, -1.5179291, 5.400116
8.186966, -1.5610199, 5.431244
8.198944, -1.5670013, 5.4408264
8.219299, -1.5682068, 5.4288483
8.213303, -1.5885468, 5.419281
8.207321, -1.5682068, 5.404907
8.203735, -1.5658112, 5.434845
8.172607, -1.5203247, 5.4456177
8.143875, -1.4999695, 5.4539948
8.18219, -1.4628601, 5.4731445
8.129517, -1.514328, 5.491104
8.106766, -1.498764, 5.49469
8.097183, -1.4736328, 5.4563904
8.094803, -1.4664459, 5.4527893
8.074448, -1.4772186, 5.491104
8.093597, -1.4676514, 5.3869476
8.073242, -1.4556732, 5.3223114
8.091202, -1.4472961, 5.3474426
8.110352, -1.4820099, 5.301956
8.146271, -1.5179291, 5.3271027
8.152252, -1.5047607, 5.3354797
8.143875, -1.5251007, 5.3474426
8.167816, -1.514328, 5.3235016
8.148666, -1.4963837, 5.3474426
8.161835, -1.4317322, 5.33667
8.195358, -1.1264648, 5.4480133
8.309082, -1.1994934, 5.771225
7.92601, -1.7357941, 5.5473633
8.011002, -1.9189453, 5.1164093
8.291122, -1.6352386, 5.103241
8.231262, -1.4496918, 5.3079376
8.213303, -1.4377136, 5.2947845
8.203735, -1.4161682, 5.285202
8.157043, -1.3982086, 5.357025
8.140289, -1.4568787, 5.372589
8.135498, -1.5251007, 5.367798
8.109161, -1.5035553, 5.3151245
8.105576, -1.4676514, 5.319916
8.160629, -1.419754, 5.3474426
8.139084, -1.4281464, 5.384552
8.171417, -1.4927826, 5.3294983
8.177399, -1.4736328, 5.3271027
8.154648, -1.5083466, 5.268448
8.145081, -1.5095367, 5.23851
8.152252, -1.4975739, 5.293579
8.167816, -1.4855957, 5.3342743
8.152252, -1.4975739, 5.3546295
8.170212, -1.5071564, 5.427658
8.145081, -1.5071564, 5.41568
8.142685, -1.5179291, 5.3929443
8.152252, -1.493988, 5.3390656
8.1414795, -1.498764, 5.367798
8.170212, -1.4832153, 5.325897
8.170212, -1.5023651, 5.340271
8.186966, -1.4891968, 5.2983704
8.196548, -1.538269, 5.3055573
8.196548, -1.5310974, 5.321106
8.155853, -1.5119324, 5.2792206
8.155853, -1.5478516, 5.2720337
8.155853, -1.5215149, 5.3474426
8.16423, -1.5047607, 5.352234
8.175003, -1.490387, 5.4061127
8.179794, -1.5251007, 5.3941345
8.185776, -1.5071564, 5.3905487
8.167816, -1.4951782, 5.4420166
8.135498, -1.4784241, 5.4216766
8.113953, -1.5083466, 5.359421
8.128311, -1.4760284, 5.3546295
8.1019745, -1.4556732, 5.4336395
8.12114, -1.4329224, 5.431244
8.088806, -1.3802643, 5.384552
8.109161, -1.3826447, 5.4013214
8.117538, -1.3898315, 5.4180756
8.094803, -1.3658905, 5.398926
8.0816345, -1.3790588, 5.3749847
8.084015, -1.3730774, 5.3534393
8.10437, -1.3766632, 5.343857
8.130707, -1.3898315, 5.333084
8.131912, -1.4185638, 5.376175
8.136688, -1.4532776, 5.384552
8.1414795, -1.430542, 5.352234
8.130707, -1.4365234, 5.3630066
8.115143, -1.450882, 5.4025116
8.112747, -1.4281464, 5.4503937
8.124725, -1.4125824, 5.4575806
8.130707, -1.4401093, 5.4264526
8.080429, -1.4281464, 5.444412
7.9643097, -1.1073151, 5.5126495
8.282745, -1.2282257, 5.3977203
8.097183, -1.6819305, 5.325897
8.075638, -1.8124084, 5.3857574
8.2599945, -1.5969391, 5.444412
8.204926, -1.4413147, 5.4695587
8.135498, -1.3742676, 5.4611816
8.133102, -1.3730774, 5.39534
8.106766, -1.3970184, 5.41568
8.082825, -1.454483, 5.424057
8.0816345, -1.3802643, 5.434845
8.16423, -1.414978, 5.4252625
8.091202, -1.5322876, 5.39653
8.129517, -1.5203247, 5.3869476
8.191757, -1.4975739, 5.3941345
8.134308, -1.474823, 5.446808
8.140289, -1.4604645, 5.451599
8.137894, -1.450882, 5.503067
8.117538, -1.4832153, 5.5138397
8.152252, -1.4915924, 5.5162354
8.10318, -1.5227051, 5.5198364
8.146271, -1.4951782, 5.4647675
8.129517, -1.4520874, 5.486313
8.073242, -1.450882, 5.4898987
8.110352, -1.4820099, 5.5006714
8.095993, -1.4927826, 5.436035
8.105576, -1.474823, 5.4132843
8.088806, -1.4760284, 5.434845
8.080429, -1.490387, 5.4492035
8.113953, -1.4820099, 5.434845
8.08522, -1.4808197, 5.3737793
8.110352, -1.4915924, 5.4144897
8.109161, -1.4796143, 5.4372253
8.1019745, -1.4832153, 5.4085083
8.090012, -1.5071564, 5.4264526
8.093597, -1.4724274, 5.3929443
8.134308, -1.4784241, 5.427658
8.127121, -1.4568787, 5.436035
8.069656, -1.435318, 5.463562
8.0864105, -1.454483, 5.4958954
8.088806, -1.4664459, 5.4611816
8.113953, -1.4089813, 5.4336395
8.094803, -1.430542, 5.4611816
8.049301, -1.4137726, 5.5078583
8.084015, -1.4520874, 5.510254
8.117538, -1.4161682, 5.546173
8.091202, -1.4185638, 5.5593414
8.10318, -1.4101868, 5.5832825
8.092407, -1.3778687, 5.5760956
8.067261, -1.391037, 5.558136
8.094803, -1.4125824, 5.578491
8.049301, -1.4018097, 5.558136
8.055298, -1.4077911, 5.525818
8.068466, -1.4269409, 5.5317993
8.082825, -1.3982086, 5.4743347
8.10437, -1.3922272, 5.479126
8.116348, -1.4089813, 5.444412
8.090012, -1.4137726, 5.4336395
8.105576, -1.4221497, 5.427658
8.119934, -1.4269409, 5.4216766
8.12233, -1.4437103, 5.403717
8.128311, -1.4341278, 5.400116
8.125916, -1.4425049, 5.4563904
8.125916, -1.4257507, 5.479126
8.130707, -1.4053955, 5.4492035
8.097183, -1.4161682, 5.4695587
8.098389, -1.4365234, 5.4611816
8.135498, -1.4209595, 5.434845
8.112747, -1.4042053, 5.4252625
8.092407, -1.4281464, 5.4168854
8.113953, -1.4221497, 5.4168854
8.105576, -1.411377, 5.3857574
8.140289, -1.4341278, 5.4025116
8.161835, -1.4484863, 5.3977203
8.115143, -1.4652557, 5.3426666
8.091202, -1.4676514, 5.3582306
8.111557, -1.4676514, 5.3701935
8.173798, -1.4664459, 5.359421
8.166626, -1.490387, 5.3773804
8.129517, -1.5083466, 5.388153
8.151062, -1.493988, 5.3630066
8.147461, -1.454483, 5.352234
8.137894, -1.4927826, 5.3773804
8.151062, -1.4832153, 5.365402
8.176193, -1.459259, 5.383362
8.12233, -1.4377136, 5.404907
8.12233, -1.4329224, 5.357025
8.129517, -1.4101868, 5.357025
8.119934, -1.4173737, 5.388153
8.105576, -1.4221497, 5.355835
8.106766, -1.3922272, 5.3893433
8.129517, -1.3742676, 5.4408264
8.12352, -1.4221497, 5.501877
8.087616, -1.4269409, 5.462372
8.112747, -1.4269409, 5.499481
8.154648, -1.4317322, 5.487503
8.143875, -1.4616547, 5.4336395
8.158249, -1.4628601, 5.4420166
8.135498, -1.4580688, 5.4851227
8.142685, -1.4736328, 5.4408264
8.134308, -1.470047, 5.4563904
8.134308, -1.459259, 5.4168854
8.134308, -1.4532776, 5.4144897
8.10318, -1.4496918, 5.4180756
8.097183, -1.419754, 5.4168854
8.116348, -1.4281464, 5.4144897
8.125916, -1.4245453, 5.467163
8.124725, -1.3862457, 5.486313
8.094803, -1.359909, 5.4683533
8.112747, -1.351532, 5.4288483
8.129517, -1.3467407, 5.4144897
8.110352, -1.3551178, 5.443222
8.105576, -1.351532, 5.4958954
8.116348, -1.371872, 5.4898987
8.118744, -1.3610992, 5.444412
8.12352, -1.3886414, 5.4695587
8.106766, -1.4233551, 5.4575806
8.128311, -1.4377136, 5.4575806
8.152252, -1.419754, 5.407303
8.148666, -1.4293365, 5.39534
8.154648, -1.4293365, 5.3893433
8.130707, -1.459259, 5.407303
8.115143, -1.4556732, 5.39534
8.140289, -1.4628601, 5.4013214
8.128311, -1.459259, 5.3941345
8.12352, -1.4449005, 5.398926
8.151062, -1.4281464, 5.398926
8.129517, -1.4377136, 5.4085083
8.129517, -1.4329224, 5.3666077
8.140289, -1.4029999, 5.384552
8.131912, -1.3946228, 5.371399
8.087616, -1.411377, 5.3618164
8.130707, -1.4161682, 5.340271
8.124725, -1.4042053, 5.360611
8.106766, -1.3898315, 5.3821716
8.08522, -1.367096, 5.3582306
8.116348, -1.3551178, 5.360611
8.1019745, -1.3850403, 5.367798
8.105576, -1.4257507, 5.376175
8.135498, -1.4077911, 5.3630066
8.12233, -1.3898315, 5.3630066
8.135498, -1.391037, 5.3929443
8.139084, -1.3970184, 5.4061127
8.147461, -1.4257507, 5.3941345
8.192963, -1.4377136, 5.404907
8.169022, -1.4472961, 5.4108887
8.169022, -1.4425049, 5.398926
8.139084, -1.430542, 5.39534
8.151062, -1.4401093, 5.4336395
8.154648, -1.4293365, 5.4300537
8.159439, -1.3994141, 5.419281
8.157043, -1.4173737, 5.384552
8.154648, -1.4389191, 5.365402
8.12114, -1.4042053, 5.376175
8.136688, -1.4221497, 5.3749847
8.12352, -1.4006042, 5.384552
8.115143, -1.3886414, 5.3941345
8.111557, -1.356308, 5.380966
8.111557, -1.3706818, 5.3821716
8.119934, -1.3826447, 5.403717
8.099579, -1.3311768, 5.4767303
8.0816345, -1.3730774, 5.458786
8.064865, -1.3383636, 5.4575806
8.076843, -1.3658905, 5.4288483
8.055298, -1.3467407, 5.4336395
8.08522, -1.391037, 5.444412
8.095993, -1.3539276, 5.407303
8.099579, -1.3503265, 5.439621
8.088806, -1.3922272, 5.4803314
8.12352, -1.3706818, 5.4767303
8.16423, -1.3814545, 5.462372
8.107971, -1.4173737, 5.4934998
8.090012, -1.4293365, 5.419281
8.134308, -1.4496918, 5.355835
8.189362, -1.4449005, 5.39653
8.170212, -1.4604645, 5.403717
8.18219, -1.4915924, 5.4180756
8.197754, -1.493988, 5.424057
8.155853, -1.5251007, 5.4132843
8.129517, -1.5251007, 5.4168854
8.128311, -1.5167236, 5.407303
8.117538, -1.5586243, 5.39653
8.127121, -1.5155334, 5.41568
8.135498, -1.4832153, 5.3821716
8.145081, -1.4568787, 5.372589
8.106766, -1.4460907, 5.4180756
8.100784, -1.4233551, 5.391739
8.088806, -1.4018097, 5.403717
8.107971, -1.4161682, 5.412094
8.106766, -1.4185638, 5.391739
8.0816345, -1.4125824, 5.3929443
8.100784, -1.4257507, 5.3929443
8.100784, -1.4460907, 5.39534
8.12352, -1.498764, 5.4168854
8.130707, -1.4975739, 5.459976
8.142685, -1.5011597, 5.486313
8.175003, -1.4951782, 5.4934998
8.158249, -1.4975739, 5.486313
8.200134, -1.529892, 5.4695587
8.136688, -1.5227051, 5.4108887
8.140289, -1.5274963, 5.3582306
8.195358, -1.5107422, 5.355835
8.159439, -1.5239105, 5.4013214
8.145081, -1.5083466, 5.4025116
8.155853, -1.4820099, 5.4216766
8.119934, -1.4760284, 5.41568
8.094803, -1.4472961, 5.4336395
8.073242, -1.4281464, 5.4563904
8.090012, -1.4006042, 5.4767303
8.0864105, -1.3874359, 5.483917
8.058884, -1.3994141, 5.5437775
8.063675, -1.4329224, 5.5365906
8.058884, -1.4425049, 5.510254
8.066071, -1.4580688, 5.486313
8.079239, -1.4341278, 5.446808
8.12233, -1.4484863, 5.4144897
8.128311, -1.4580688, 5.407303
8.145081, -1.4520874, 5.424057
8.118744, -1.4173737, 5.424057
8.140289, -1.4125824, 5.403717
8.146271, -1.4281464, 5.407303
8.140289, -1.4233551, 5.4324493
8.105576, -1.3982086, 5.463562
8.12233, -1.4101868, 5.479126
8.139084, -1.3970184, 5.499481
8.146271, -1.4664459, 5.436035
8.139084, -1.4389191, 5.3893433
8.109161, -1.4281464, 5.4168854
8.124725, -1.4293365, 5.39534
8.110352, -1.3994141, 5.388153
8.12352, -1.3850403, 5.367798
8.099579, -1.367096, 5.328293
8.10318, -1.3874359, 5.3306885
8.097183, -1.3946228, 5.301956
8.068466, -1.3694763, 5.3271027
8.1019745, -1.3527222, 5.321106
8.084015, -1.3778687, 5.3354797
8.087616, -1.3862457, 5.3821716
8.095993, -1.4042053, 5.3546295
8.079239, -1.3682861, 5.3749847
8.094803, -1.3503265, 5.3869476
8.112747, -1.3634949, 5.4300537
8.119934, -1.4053955, 5.455185
8.10318, -1.375473, 5.4408264
8.113953, -1.391037, 5.459976
8.137894, -1.430542, 5.491104
8.10318, -1.430542, 5.4575806
8.124725, -1.4604645, 5.4336395
8.173798, -1.4820099, 5.431244
8.149857, -1.5011597, 5.400116
8.142685, -1.5203247, 5.4085083
8.173798, -1.5191193, 5.4096985
8.198944, -1.5394745, 5.360611
8.191757, -1.4963837, 5.379776
8.1809845, -1.4640503, 5.3630066
8.116348, -1.4951782, 5.3749847
8.116348, -1.5155334, 5.3546295
8.148666, -1.490387, 5.3630066
8.116348, -1.5227051, 5.39653
8.105576, -1.5023651, 5.4288483
8.1019745, -1.4389191, 5.451599
8.10437, -1.4484863, 5.443222
8.099579, -1.490387, 5.4887085
8.0864105, -1.4532776, 5.479126
8.098389, -1.4772186, 5.5090637
8.134308, -1.498764, 5.515045
8.091202, -1.5059509, 5.5473633
8.117538, -1.5287018, 5.4922943
8.125916, -1.5406647, 5.5090637
8.127121, -1.5610199, 5.487503
8.139084, -1.5442657, 5.483917
8.152252, -1.5119324, 5.4958954
8.143875, -1.5358734, 5.4683533
8.154648, -1.5478516, 5.4324493
8.158249, -1.5274963, 5.4025116
8.161835, -1.5274963, 5.4132843
8.142685, -1.5095367, 5.4731445
8.131912, -1.4784241, 5.459976
8.134308, -1.4736328, 5.4887085
8.117538, -1.470047, 5.5198364
8.127121, -1.4437103, 5.541382
8.119934, -1.4317322, 5.525818
8.115143, -1.454483, 5.5294037
8.097183, -1.470047, 5.522232
8.057678, -1.4724274, 5.483917
8.0624695, -1.4652557, 5.463562
8.093597, -1.4269409, 5.4480133
8.060074, -1.4233551, 5.383362
8.079239, -1.4018097, 5.3630066
8.095993, -1.3886414, 5.3749847
8.115143, -1.3419495, 5.3630066
8.136688, -1.3623047, 5.4144897
8.118744, -1.3874359, 5.446808
8.078033, -1.3778687, 5.439621
8.140289, -1.3874359, 5.391739
8.119934, -1.4137726, 5.482727
8.10437, -1.4029999, 5.487503
8.117538, -1.4161682, 5.4970856
8.146271, -1.459259, 5.458786
8.18219, -1.474823, 5.4731445
8.169022, -1.493988, 5.451599
8.148666, -1.4963837, 5.427658
8.137894, -1.493988, 5.4372253
8.154648, -1.4808197, 5.391739
8.151062, -1.4688416, 5.3749847
8.115143, -1.4963837, 5.281616
8.125916, -1.474823, 5.321106
8.127121, -1.4460907, 5.324707
8.105576, -1.4293365, 5.3462524
8.095993, -1.4293365, 5.3773804
8.092407, -1.4185638, 5.3857574
8.054092, -1.3634949, 5.3869476
8.10437, -1.3682861, 5.407303
8.125916, -1.3730774, 5.3690033
8.118744, -1.4018097, 5.3450623
8.139084, -1.391037, 5.3103333
8.130707, -1.3898315, 5.2947845
8.129517, -1.3946228, 5.3079376
8.1414795, -1.4185638, 5.309143
8.161835, -1.4341278, 5.297165
8.177399, -1.4042053, 5.3294983
8.170212, -1.3898315, 5.3187256
8.163025, -1.414978, 5.319916
8.167816, -1.4437103, 5.246887
8.18219, -1.4760284, 5.2899933
8.179794, -1.4640503, 5.3031616
8.155853, -1.4604645, 5.264847
8.1414795, -1.4556732, 5.2660522
8.154648, -1.4688416, 5.2947845
8.179794, -1.4449005, 5.3103333
8.152252, -1.4652557, 5.3342743
8.1414795, -1.4496918, 5.341461
8.130707, -1.4484863, 5.434845
8.151062, -1.4868011, 5.4061127
8.1414795, -1.5035553, 5.4180756
8.152252, -1.4844055, 5.47554
8.200134, -1.5131378, 5.5042725
8.206131, -1.5502472, 5.5449677
8.163025, -1.5526428, 5.537796
8.148666, -1.5227051, 5.515045
8.167816, -1.5622101, 5.5162354
8.176193, -1.5634155, 5.444412
8.185776, -1.533493, 5.419281
8.175003, -1.5155334, 5.4300537
8.185776, -1.5011597, 5.3773804
8.170212, -1.514328, 5.3869476
8.18219, -1.4832153, 5.3630066
8.155853, -1.4772186, 5.3666077
8.145081, -1.4269409, 5.384552
8.112747, -1.4053955, 5.4324493
8.044525, -1.367096, 5.503067
8.078033, -1.3766632, 5.5090637
8.054092, -1.3730774, 5.5162354
8.067261, -1.3682861, 5.515045
8.069656, -1.3610992, 5.506668
8.052902, -1.3838501, 5.501877
8.073242, -1.3826447, 5.4731445
8.099579, -1.3862457, 5.404907
8.136688, -1.4006042, 5.4264526
8.118744, -1.4257507, 5.4503937
8.116348, -1.4389191, 5.4168854
8.155853, -1.4772186, 5.4300537
8.161835, -1.4604645, 5.3977203
8.161835, -1.4891968, 5.4085083
8.176193, -1.4808197, 5.4563904
8.224075, -1.5358734, 5.3977203
8.204926, -1.5753784, 5.403717
8.208527, -1.5981293, 5.4372253
8.242035, -1.663971, 5.4132843
8.221695, -1.6496124, 5.3378754
8.221695, -1.6256561, 5.304352
8.225281, -1.6508026, 5.2444916
8.233658, -1.687912, 5.2600555
8.197754, -1.6352386, 5.245697
8.16423, -1.6077118, 5.2433014
8.152252, -1.5490417, 5.2899933
8.170212, -1.493988, 5.341461
8.140289, -1.4329224, 5.4216766
8.154648, -1.3647003, 5.436035
8.147461, -1.367096, 5.4731445
8.117538, -1.320404, 5.4563904
8.084015, -1.2629395, 5.3905487
8.064865, -1.1875305, 5.4264526
8.095993, -1.1551971, 5.477936
8.069656, -1.0905609, 5.5354004
8.045715, -1.1085205, 5.491104
8.039734, -1.1324615, 5.4372253
8.092407, -1.1695709, 5.4503937
8.090012, -1.1659698, 5.419281
8.064865, -1.2162476, 5.391739
8.087616, -1.3024445, 5.3187256
8.134308, -1.3431396, 5.3187256
8.16423, -1.3970184, 5.2744293
8.169022, -1.4101868, 5.2265472
8.179794, -1.4209595, 5.23732
8.213303, -1.4269409, 5.23732
8.233658, -1.411377, 5.2444916
8.239639, -1.450882, 5.2444916
8.224075, -1.4580688, 5.2277374
8.206131, -1.4018097, 5.2157745
8.200134, -1.4401093, 5.2325287
8.224075, -1.4257507, 5.2397156
8.203735, -1.414978, 5.2720337
8.195358, -1.4042053, 5.2516785
8.171417, -1.3862457, 5.249283
8.197754, -1.3802643, 5.2349243
8.20253, -1.3156128, 5.367798
8.158249, -1.2749176, 5.4420166
8.133102, -1.2713165, 5.4719543
8.084015, -1.3168182, 5.5317993
8.110352, -1.332367, 5.5437775
8.119934, -1.3503265, 5.515045
8.142685, -1.3467407, 5.5138397
8.188171, -1.375473, 5.5473633
8.214508, -1.4329224, 5.5533447
8.200134, -1.4975739, 5.4683533
8.250412, -1.533493, 5.3941345
8.305481, -1.5131378, 5.352234
8.275558, -1.4844055, 5.2588654
8.269577, -1.5083466, 5.2241516
8.275558, -1.5107422, 5.249283
8.277954, -1.5322876, 5.228943
8.286331, -1.5239105, 5.225342
8.268372, -1.5035553, 5.297165
8.289917, -1.4712372, 5.249283
8.269577, -1.470047, 5.146332
8.273163, -1.4532776, 5.143936
8.267181, -1.490387, 5.1535187
8.234863, -1.4844055, 5.154709
8.20134, -1.4460907, 5.221756
8.20134, -1.4377136, 5.21817
8.175003, -1.419754, 5.2504883
8.153458, -1.4077911, 5.3031616
8.128311, -1.4161682, 5.2959747
8.109161, -1.3874359, 5.372589
8.12352, -1.3491364, 5.41568
8.097183, -1.3251953, 5.4731445
8.070847, -1.3239899, 5.5521545
8.064865, -1.3012543, 5.5557404
8.087616, -1.2796936, 5.4934998
8.133102, -1.2952576, 5.5162354
8.149857, -1.3144226, 5.518631
8.152252, -1.3132172, 5.477936
8.157043, -1.3096313, 5.458786
8.139084, -1.3132172, 5.391739
8.151062, -1.312027, 5.3306885
8.185776, -1.2856903, 5.252884
8.239639, -1.3227997, 5.2720337
8.245636, -1.3287811, 5.252884
8.214508, -1.3455353, 5.207382
8.248032, -1.3479309, 5.1930237
8.311478, -1.3610992, 5.1319733
8.289917, -1.3862457, 5.1642914
8.255203, -1.3623047, 5.1571045
8.248032, -1.3623047, 5.173874
8.231262, -1.3395538, 5.207382
8.254013, -1.3431396, 5.197815
8.336609, -1.356308, 5.1379547
8.370132, -1.4029999, 5.213379
8.301895, -1.3982086, 5.127182
8.244431, -1.3156128, 4.9619904
8.218094, -1.2952576, 4.838684
8.169022, -1.312027, 4.7345276
8.169022, -1.3407593, 4.697418
8.190567, -1.3395538, 4.7536926
8.294708, -1.3898315, 4.9428253
8.3797, -1.4341278, 5.1618958
8.446747, -1.474823, 5.39534
8.495819, -1.5179291, 5.459976
8.482651, -1.5107422, 5.463562
8.349777, -1.450882, 5.4144897
8.209717, -1.3479309, 5.333084
8.154648, -1.2952576, 5.388153
8.175003, -1.3144226, 5.3905487
8.179794, -1.3371582, 5.3929443
8.212112, -1.3419495, 5.3294983
8.246826, -1.3443451, 5.207382
8.219299, -1.335968, 5.099655
8.213303, -1.3347626, 4.9428253
8.198944, -1.3383636, 4.9081116
8.188171, -1.320404, 4.8410797
8.206131, -1.3383636, 4.8279114
8.224075, -1.367096, 4.8650208
8.237244, -1.356308, 4.9392395
8.273163, -1.3539276, 5.00029
8.282745, -1.3874359, 5.0613403
8.26239, -1.3850403, 5.166687
8.298309, -1.3730774, 5.240906
8.28154, -1.3682861, 5.2552795
8.292313, -1.4484863, 5.25766
8.348587, -1.4413147, 5.254074
8.347382, -1.4975739, 5.225342
8.32225, -1.4951782, 5.2121735
8.317459, -1.4808197, 5.194214
8.30069, -1.4341278, 5.1571045
8.319855, -1.391037, 5.154709
8.336609, -1.3922272, 5.154709
8.343796, -1.4018097, 5.2157745
8.323441, -1.3946228, 5.1726685
8.288727, -1.4053955, 5.1223907
8.268372, -1.4389191, 5.1331635
8.218094, -1.4209595, 5.0589447
8.200134, -1.3934326, 5.067322
8.251617, -1.3443451, 5.0110626
8.238449, -1.3730774, 5.015854
8.28035, -1.3970184, 5.0697174
8.282745, -1.4173737, 5.070923
8.287537, -1.4257507, 5.00029
8.318649, -1.4018097, 4.9751587
8.347382, -1.406601, 4.983536
8.305481, -1.3946228, 5.0110626
8.273163, -1.3491364, 4.9990997
8.274368, -1.3814545, 5.0146484
8.231262, -1.4221497, 5.0613403
8.269577, -1.4496918, 5.1283875
8.307877, -1.4556732, 5.1164093
8.303085, -1.4891968, 5.111618
8.265976, -1.4724274, 5.1559143
8.245636, -1.4437103, 5.2504883
8.250412, -1.4712372, 5.2839966
8.277954, -1.474823, 5.400116
8.245636, -1.4844055, 5.5078583
8.198944, -1.4915924, 5.5042725
8.2204895, -1.5083466, 5.4132843
8.207321, -1.514328, 5.427658
8.167816, -1.4520874, 5.39653
8.157043, -1.4425049, 5.325897
8.151062, -1.4053955, 5.3462524
8.155853, -1.4137726, 5.293579
8.194153, -1.4077911, 5.3067474
8.197754, -1.3874359, 5.372589
8.2204895, -1.406601, 5.4252625
8.213303, -1.3539276, 5.479126
8.167816, -1.3467407, 5.5282135
8.167816, -1.3742676, 5.4731445
8.219299, -1.4125824, 5.487503
8.170212, -1.3778687, 5.4767303
8.167816, -1.3850403, 5.4300537
8.170212, -1.3994141, 5.407303
8.206131, -1.4089813, 5.380966
8.207321, -1.3850403, 5.4132843
8.219299, -1.4006042, 5.4025116
8.233658, -1.4209595, 5.340271
8.238449, -1.4425049, 5.2899933
8.203735, -1.4269409, 5.242111
8.184586, -1.4245453, 5.21817
8.213303, -1.4077911, 5.2002106
8.20253, -1.411377, 5.286392
8.179794, -1.3838501, 5.371399
8.186966, -1.3467407, 5.4480133
8.158249, -1.3658905, 5.4695587
8.153458, -1.3587036, 5.4934998
8.178589, -1.3431396, 5.4970856
8.109161, -1.371872, 5.3857574
8.115143, -1.3802643, 5.2504883
8.163025, -1.3730774, 5.185837
8.230072, -1.4245453, 5.118805
8.248032, -1.4269409, 5.1379547
8.28035, -1.3898315, 5.197815
8.233658, -1.3886414, 5.245697
8.248032, -1.395813, 5.2444916
8.225281, -1.359909, 5.2397156
8.192963, -1.3658905, 5.175064
8.173798, -1.3826447, 5.163101
8.240845, -1.375473, 5.1247864
8.268372, -1.3994141, 5.135559
8.275558, -1.4221497, 5.115219
8.2612, -1.4257507, 5.1247864
8.250412, -1.4269409, 5.1487274
8.237244, -1.4006042, 5.21817
8.233658, -1.4089813, 5.2121735
8.271973, -1.3826447, 5.2588654
8.277954, -1.4137726, 5.262451
8.276749, -1.391037, 5.2085876
8.237244, -1.4281464, 5.2014008
8.192963, -1.3994141, 5.182251
8.169022, -1.3706818, 5.189438
8.111557, -1.3180084, 5.194214
8.127121, -1.332367, 5.1954193
8.140289, -1.3311768, 5.1798553
8.190567, -1.3239899, 5.2205505
8.236053, -1.3000488, 5.2636566
8.222885, -1.2988586, 5.2828064
8.192963, -1.2796936, 5.324707
8.197754, -1.2677307, 5.3690033
8.196548, -1.3024445, 5.3510437
8.159439, -1.335968, 5.278015
8.165421, -1.3455353, 5.312729
8.233658, -1.367096, 5.3666077
8.237244, -1.3946228, 5.380966
8.254013, -1.4221497, 5.4108887
8.244431, -1.4281464, 5.3582306
8.28154, -1.395813, 5.419281
8.251617, -1.4029999, 5.404907
8.204926, -1.411377, 5.39653
8.18338, -1.375473, 5.3546295
8.109161, -1.356308, 5.3067474
8.157043, -1.3766632, 5.3139343
8.195358, -1.3730774, 5.324707
8.203735, -1.371872, 5.3690033
8.194153, -1.3814545, 5.4216766
8.176193, -1.3527222, 5.438431
8.140289, -1.3826447, 5.3690033
8.148666, -1.419754, 5.297165
8.159439, -1.4089813, 5.343857
8.177399, -1.4173737, 5.4096985
8.169022, -1.4042053, 5.443222
8.161835, -1.3623047, 5.5042725
8.131912, -1.359909, 5.556946
8.155853, -1.3239899, 5.4731445
8.129517, -1.3311768, 5.427658
8.147461, -1.3299866, 5.4288483
8.167816, -1.3168182, 5.4132843
8.137894, -1.3084259, 5.4647675
8.094803, -1.2844849, 5.4767303
8.087616, -1.272522, 5.470749
8.061279, -1.3156128, 5.5162354
8.1019745, -1.3551178, 5.5317993
8.145081, -1.3551178, 5.501877
8.139084, -1.3407593, 5.5330048
8.185776, -1.2820892, 5.538986
8.149857, -1.3191986, 5.530609
8.1809845, -1.2976532, 5.5641174
8.208527, -1.296463, 5.5868683
8.190567, -1.2904816, 5.5689087
8.1414795, -1.2557526, 5.5282135
8.079239, -1.241394, 5.462372
8.0421295, -1.2581482, 5.4252625
8.051697, -1.2210388, 5.39653
8.045715, -1.2366028, 5.364212
8.067261, -1.2509766, 5.3390656
8.136688, -1.2521667, 5.2899933
8.166626, -1.2629395, 5.355835
8.192963, -1.2761078, 5.324707
8.244431, -1.2796936, 5.33667
8.203735, -1.3156128, 5.340271
8.171417, -1.3024445, 5.404907
8.148666, -1.3012543, 5.404907
8.186966, -1.3443451, 5.4216766
8.178589, -1.312027, 5.483917
8.215698, -1.3694763, 5.4934998
8.234863, -1.3347626, 5.534195
8.215698, -1.3287811, 5.5605316
8.186966, -1.3371582, 5.5521545
8.203735, -1.327591, 5.542572
8.20253, -1.3527222, 5.4851227
8.12352, -1.3168182, 5.4264526
8.115143, -1.280899, 5.3905487
8.147461, -1.241394, 5.3510437
8.179794, -1.2557526, 5.365402
8.1809845, -1.3024445, 5.39534
8.212112, -1.2820892, 5.439621
8.242035, -1.3144226, 5.4527893
8.2204895, -1.2761078, 5.4527893
8.177399, -1.2677307, 5.4288483
8.146271, -1.3084259, 5.4563904
8.163025, -1.2653351, 5.412094
8.131912, -1.2928619, 5.41568
8.119934, -1.2796936, 5.4815216
8.165421, -1.2294159, 5.5234222
8.139084, -1.233017, 5.5138397
8.093597, -1.2916718, 5.5437775
8.148666, -1.217453, 5.515045
8.155853, -1.2138672, 5.486313
8.135498, -1.217453, 5.4611816
8.136688, -1.2198486, 5.438431
8.149857, -1.1671753, 5.5078583
8.148666, -1.1480255, 5.503067
8.069656, -1.0809784, 5.5138397
8.078033, -1.1360474, 5.477936
8.02417, -1.1288605, 5.4420166
8.048111, -1.1180878, 5.3869476
8.068466, -1.0977478, 5.357025
8.064865, -1.1216888, 5.352234
8.099579, -1.1695709, 5.352234
8.163025, -1.193512, 5.300766
8.117538, -1.2030792, 5.333084
8.040924, -1.2318115, 5.3378754
8.0864105, -1.1911163, 5.340271
8.148666, -1.1947021, 5.3618164
8.170212, -1.1611938, 5.388153
8.208527, -1.1827393, 5.372589
8.197754, -1.2042847, 5.4061127
8.173798, -1.1743622, 5.376175
8.170212, -1.1827393, 5.341461
8.195358, -1.1755524, 5.422867
8.197754, -1.1683655, 5.4132843
8.136688, -1.1360474, 5.3857574
8.12233, -1.0714111, 5.4336395
8.151062, -1.0630188, 5.482727
8.134308, -1.0965424, 5.510254
8.056488, -1.1132965, 5.5282135
8.011002, -1.1037292, 5.506668
8.030151, -1.083374, 5.5162354
8.079239, -1.0690155, 5.506668
8.10318, -1.1037292, 5.463562
8.0816345, -1.1492157, 5.4539948
8.1414795, -1.1564026, 5.407303
8.12233, -1.1731567, 5.4061127
8.098389, -1.2006989, 5.4683533
8.136688, -1.2198486, 5.5689087
8.130707, -1.1863251, 5.5760956
8.115143, -1.1970978, 5.549759
8.074448, -1.1994934, 5.590454
8.018188, -1.162384, 5.635956
8.093597, -1.1827393, 5.6706696
8.179794, -1.1899109, 5.7185516
8.195358, -1.1994934, 5.71257
8.2599945, -1.2557526, 5.5928497
8.237244, -1.2796936, 5.486313
8.12352, -1.2425842, 5.4815216
8.038528, -1.1851349, 5.4647675
8.054092, -1.1408386, 5.4958954
8.188171, -1.1851349, 5.517441
8.318649, -1.2605438, 5.4887085
8.386887, -1.2940674, 5.4336395
8.277954, -1.2641449, 5.400116
8.289917, -1.3108215, 5.319916
8.316254, -1.3587036, 5.309143
8.258804, -1.3311768, 5.343857
8.237244, -1.2952576, 5.33667
8.145081, -1.2940674, 5.2959747
8.099579, -1.2617493, 5.285202
8.066071, -1.2653351, 5.31752
8.109161, -1.3012543, 5.3749847
8.125916, -1.2796936, 5.3977203
8.061279, -1.1959076, 5.422867
7.9786835, -1.1372528, 5.458786
7.972687, -1.1492157, 5.5198364
8.110352, -1.2234344, 5.5365906
8.256409, -1.2796936, 5.515045
8.285141, -1.2402039, 5.4743347
8.365341, -1.2449799, 5.5557404
8.4216, -1.320404, 5.5689087
8.373718, -1.391037, 5.556946
8.311478, -1.4616547, 5.4168854
8.328232, -1.4915924, 5.3187256
8.315063, -1.5370789, 5.293579
8.175003, -1.493988, 5.254074
8.04332, -1.4329224, 5.2121735
8.0074005, -1.3802643, 5.189438
8.034943, -1.3431396, 5.2265472
8.066071, -1.3826447, 5.324707
8.161835, -1.4137726, 5.3510437
8.12233, -1.359909, 5.3701935
8.151062, -1.3299866, 5.388153
8.166626, -1.2856903, 5.3893433
8.226471, -1.2976532, 5.4132843
8.218094, -1.3060303, 5.455185
8.292313, -1.3168182, 5.459976
8.287537, -1.3072357, 5.3785706
8.170212, -1.2270355, 5.2636566
8.067261, -1.201889, 5.2600555
8.165421, -1.2150574, 5.280411
8.273163, -1.2318115, 5.2959747
8.276749, -1.2832947, 5.3773804
8.303085, -1.3000488, 5.3187256
8.269577, -1.3191986, 5.2325287
8.20134, -1.2785034, 5.225342
8.233658, -1.2976532, 5.1882324
8.226471, -1.3012543, 5.1164093
8.20253, -1.3108215, 5.067322
8.245636, -1.3132172, 5.1247864
8.306686, -1.3227997, 5.1523285
8.3797, -1.3168182, 5.087677
8.3940735, -1.3287811, 5.0373993
8.425201, -1.3096313, 5.103241
8.456314, -1.3287811, 5.125992
8.463501, -1.3395538, 5.178665
8.501816, -1.351532, 5.1714783
8.529343, -1.327591, 5.1966095
8.574829, -1.4317322, 5.182251
8.582016, -1.5717926, 5.1642914
8.547302, -1.624466, 5.087677
8.416809, -1.4963837, 5.063736
8.444351, -1.4676514, 5.094864
8.683777, -1.6065063, 5.119995
8.626312, -1.5574341, 5.1535187
8.682571, -1.4891968, 5.147537
8.852554, -1.5610199, 5.1595
8.866928, -1.5586243, 5.091263
8.998611, -1.5717926, 5.0433807
9.016571, -1.5263062, 4.9739532
9.021347, -1.4963837, 4.8279114
9.028534, -1.5849609, 4.7177734
8.930374, -1.593338, 4.562149
8.814255, -1.419754, 4.4328613
8.67778, -1.296463, 4.3658295
8.567657, -1.0977478, 4.4172974
8.528152, -0.9457092, 4.5046844
8.586807, -0.9421234, 4.60524
8.713699, -0.91937256, 4.7848053
8.859741, -0.9612732, 4.888962
8.959106, -0.96965027, 4.8003693
9.003403, -0.98760986, 4.7225647
8.892059, -0.920578, 4.7225647
8.742432, -0.8271942, 4.648346
8.571243, -0.7146759, 4.624405
8.470688, -0.6296692, 4.534622
8.455124, -0.55426025, 4.5406036
8.441956, -0.4980011, 4.5406036
8.40126, -0.51594543, 4.474762
8.372528, -0.48960876, 4.359848
8.36055, -0.39863586, 4.2940063
8.312668, -0.33758545, 4.2437286
8.271973, -0.30526733, 4.181473
8.293518, -0.28970337, 4.1515503
8.298309, -0.24659729, 4.027054
8.305481, -0.20829773, 3.894165
8.382095, -0.24182129, 3.9193115
8.408432, -0.2454071, 3.9276886
8.350983, -0.17358398, 3.9863434
7.416046, 0.80085754, 3.779251
6.2752075, 1.830368, 3.494339
6.391327, 1.4580688, 3.612854
6.6678467, 0.9241638, 3.6427765
6.882126, 0.5973511, 3.6535492
7.047333, 0.252594, 3.6750946
7.3154907, -0.070632935, 3.770874
7.632721, -0.40342712, 3.877411
8.019379, -0.7194519, 4.0330353
8.504211, -1.0929565, 4.2437286
9.050079, -1.6077118, 4.5118713
9.615112, -2.072174, 4.7345276
10.213669, -2.4756012, 5.00148
10.834961, -2.7904358, 5.3235016
11.2838745, -2.9747925, 5.6191864
11.136627, -2.5234833, 5.9160767
10.127472, -1.3838501, 6.059723
8.866928, -0.3471527, 5.9124756
7.9439545, 0.11253357, 5.5282135
7.574051, -0.008377075, 5.032608
7.620743, -0.3327942, 4.697418
7.7859497, -0.6715698, 4.4568024
7.934387, -0.925354, 4.3670197
8.072052, -0.99479675, 4.339493
8.153458, -1.0390778, 4.3095703
8.208527, -1.0079651, 4.2868195
8.221695, -0.94810486, 4.3574524
8.221695, -0.9217682, 4.378998
8.249222, -0.9528961, 4.458008
8.282745, -0.980423, 4.6268005
8.402451, -0.9744415, 4.74411
8.428787, -0.9911957, 4.7800293
8.461105, -0.9744415, 4.7105865
8.45871, -0.9720459, 4.679474
8.492233, -0.9720459, 4.660309
8.544907, -0.95887756, 4.624405
8.595184, -1.0163422, 4.5920715
8.614334, -1.0067596, 4.5872955
8.659821, -1.0319061, 4.562149
8.731659, -1.0965424, 4.4939117
8.817841, -1.1276703, 4.3753967
8.831009, -1.1755524, 4.364624
8.858551, -1.1899109, 4.285614
8.851364, -1.1719666, 4.2748413
8.8489685, -1.1240845, 4.3670197
8.858551, -1.0917511, 4.4137115
8.85376, -1.0869751, 4.4244843
8.874115, -1.122879, 4.412506
8.935165, -1.1456299, 4.3933563
8.948334, -1.1516113, 4.4220886
8.91362, -1.1707611, 4.392166
8.91362, -1.1803436, 4.3981476
8.841782, -1.1695709, 4.440048
8.851364, -1.1863251, 4.4496307
8.820236, -1.1575928, 4.4089203
8.7556, -1.1372528, 4.4568024
8.689758, -1.1264648, 4.5010986
8.611938, -1.114502, 4.515457
8.659821, -1.1468201, 4.5406036
8.67778, -1.1695709, 4.5669403
8.678986, -1.2162476, 4.522644
8.674194, -1.296463, 4.491516
8.667007, -1.2844849, 4.5094757
8.639481, -1.2796936, 4.526245
8.707718, -1.2557526, 4.510681
8.760391, -1.201889, 4.479553
8.790314, -1.1827393, 4.4256744
8.799881, -1.1791382, 4.399353
8.7939, -1.1791382, 4.352661
8.791504, -1.1851349, 4.387375
8.73764, -1.1875305, 4.4364624
8.746017, -1.1959076, 4.4149017
8.723267, -1.1528015, 4.3933563
8.649048, -1.114502, 4.447235
8.645462, -1.1216888, 4.462799
8.6311035, -1.162384, 4.455612
8.592789, -1.1599884, 4.4053345
8.580826, -1.1647797, 4.438843
8.5915985, -1.1204834, 4.4448395
8.641876, -1.0761871, 4.4855347
8.6909485, -1.0474701, 4.5358124
8.65863, -1.0414734, 4.497513
8.641876, -1.0726013, 4.4999084
8.605957, -1.0965424, 4.4939117
8.589203, -1.0797882, 4.534622
8.608353, -1.1061249, 4.58609
8.59758, -1.1300659, 4.6112366
8.605957, -1.1312561, 4.521454
8.604767, -1.0845795, 4.5286255
8.599976, -1.1001282, 4.552582
8.6358795, -1.0929565, 4.552582
8.59758, -1.074997, 4.5274353
8.623917, -1.0857697, 4.514267
8.622711, -1.1049194, 4.4963074
8.637085, -1.1264648, 4.5082855
8.67778, -1.1001282, 4.48674
8.688553, -1.06781, 4.440048
8.632294, -1.0211334, 4.431671
8.625107, -1.0390778, 4.50708
8.566452, -1.0378876, 4.574127
8.574829, -1.0343018, 4.5729218
8.565262, -1.0462646, 4.617218
8.550888, -1.0558472, 4.6387634
8.468292, -1.0259094, 4.6615143
8.485046, -1.0366821, 4.636368
8.526947, -1.0151367, 4.5801086
8.541321, -1.0295105, 4.554962
8.5915985, -1.0366821, 4.541794
8.592789, -1.0378876, 4.513077
8.567657, -1.0366821, 4.5274353
8.583206, -1.0522461, 4.6196136
8.5963745, -1.059433, 4.6435547
8.593994, -1.0414734, 4.617218
8.601166, -1.0295105, 4.5884857
8.592789, -0.99479675, 4.6315765
8.61554, -1.0295105, 4.624405
8.585602, -1.0426788, 4.6375732
8.604767, -1.059433, 4.6375732
8.587997, -1.0606384, 4.616028
8.5915985, -1.0785828, 4.581299
8.566452, -1.0654144, 4.545395
8.572433, -1.0307007, 4.4651794
8.542511, -1.0067596, 4.412506
8.546097, -1.019928, 4.418503
8.5915985, -1.035492, 4.435257
8.583206, -1.0151367, 4.4927216
8.576035, -0.98880005, 4.537018
8.583206, -0.9924011, 4.617218
8.607162, -0.94451904, 4.6591187
8.574829, -0.9612732, 4.697418
8.540115, -0.93852234, 4.712982
8.5520935, -0.96006775, 4.691437
8.546097, -1.0079651, 4.6387634
8.546097, -1.0187378, 4.6148224
8.507797, -1.0187378, 4.657913
8.520966, -1.0151367, 4.656723
8.53653, -1.059433, 4.577713
8.589203, -1.0761871, 4.558563
8.619125, -1.0702057, 4.521454
8.601166, -1.0941467, 4.4999084
8.611938, -1.083374, 4.517853
8.629898, -1.0654144, 4.570526
8.595184, -1.0079651, 4.6112366
8.637085, -0.9756317, 4.696228
8.663422, -0.95529175, 4.751297
8.664612, -0.9816284, 4.7800293
8.570038, -1.0426788, 4.809952
8.4730835, -1.0618286, 4.7776337
8.5125885, -1.0702057, 4.7692566
8.487442, -1.059433, 4.7656555
8.479065, -1.0402832, 4.751297
8.51976, -1.0247192, 4.7417145
8.542511, -1.0630188, 4.7453003
8.619125, -1.0378876, 4.76326
8.661026, -1.0905609, 4.7620697
8.633484, -1.154007, 4.747696
8.661026, -1.1959076, 4.806366
8.646652, -1.1611938, 4.8374786
8.61554, -1.1348572, 4.838684
8.564056, -1.1348572, 4.8243103
8.511383, -1.1192932, 4.730942
8.501816, -1.0881653, 4.711792
8.45871, -1.0498505, 4.649536
8.414429, -1.0235138, 4.608841
8.392868, -1.0761871, 4.576523
8.446747, -1.1240845, 4.594467
8.489838, -1.1504211, 4.5717316
8.53653, -1.1839294, 4.576523
8.590393, -1.2150574, 4.641159
8.638275, -1.2150574, 4.689041
8.688553, -1.1551971, 4.625595
8.71489, -1.1168976, 4.6543274
8.668213, -1.1204834, 4.651932
8.625107, -1.1264648, 4.601654
8.617935, -1.1192932, 4.601654
8.590393, -1.1156921, 4.56575
8.619125, -1.1288605, 4.5513763
8.623917, -1.1444244, 4.581299
8.541321, -1.1324615, 4.5429993
8.566452, -1.1264648, 4.56575
8.621521, -1.1504211, 4.578903
8.601166, -1.1528015, 4.577713
8.565262, -1.1444244, 4.6435547
8.593994, -1.1719666, 4.6471405
8.587997, -1.1528015, 4.689041
8.572433, -1.1216888, 4.7261505
8.51976, -1.1180878, 4.7058105
8.479065, -1.1121063, 4.7333374
8.491043, -1.1204834, 4.636368
8.501816, -1.1061249, 4.616028
8.53772, -1.1348572, 4.6196136
8.524551, -1.1504211, 4.6459503
8.561661, -1.1456299, 4.6746826
8.605957, -1.1635895, 4.6938324
8.625107, -1.138443, 4.6746826
8.637085, -1.1121063, 4.692642
8.626312, -1.1156921, 4.7093964
8.592789, -1.1300659, 4.6770782
8.566452, -1.0941467, 4.6710815
8.51857, -1.0929565, 4.675873
8.471878, -1.0534515, 4.6782684
8.469482, -1.0606384, 4.6387634
8.482651, -1.0307007, 4.6902466
8.443146, -1.0031738, 4.6543274
8.43956, -1.0235138, 4.6591187
8.477875, -1.0618286, 4.712982
8.511383, -1.1025238, 4.730942
8.505402, -1.0929565, 4.775238
8.53772, -1.0761871, 4.7608643
8.526947, -1.0462646, 4.7500916
8.541321, -1.0881653, 4.775238
8.526947, -1.0773926, 4.787201
8.522156, -1.0738068, 4.7860107
8.482651, -1.0809784, 4.7620697
8.476669, -1.059433, 4.736923
8.483856, -1.0570374, 4.7177734
8.480255, -1.0881653, 4.6710815
8.514984, -1.0570374, 4.6818542
8.525757, -1.0570374, 4.6986237
8.528152, -1.0714111, 4.7644653
8.510193, -1.0845795, 4.7608643
8.522156, -1.0977478, 4.76326
8.543701, -1.1132965, 4.82312
8.565262, -1.1049194, 4.8374786
8.576035, -1.1132965, 4.8291016
8.576035, -1.1013336, 4.888962
8.582016, -1.1168976, 4.909317
8.516174, -1.1061249, 4.8997345
8.477875, -1.0881653, 4.8362885
8.470688, -1.0738068, 4.7895966
8.477875, -1.0606384, 4.776428
8.514984, -1.043869, 4.7070007
8.522156, -1.0570374, 4.6950226
8.470688, -1.0738068, 4.752487
8.483856, -1.0558472, 4.7165833
8.531738, -1.0690155, 4.7297516
8.522156, -1.0821838, 4.696228
8.524551, -1.0761871, 4.6950226
8.564056, -1.0606384, 4.6818542
8.561661, -1.074997, 4.696228
8.547302, -1.0857697, 4.675873
8.534134, -1.059433, 4.7560883
8.501816, -1.06781, 4.7405243
8.510193, -1.0486603, 4.7465057
8.494629, -1.0223236, 4.732147
8.446747, -1.0414734, 4.759674
8.449142, -1.0151367, 4.7620697
8.440765, -1.0187378, 4.7536926
8.451538, -1.043869, 4.74411
8.43956, -1.0378876, 4.7656555
8.479065, -1.0570374, 4.8207245
8.507797, -1.0474701, 4.8255157
8.505402, -1.0941467, 4.831497
8.480255, -1.1073151, 4.8398743
8.491043, -1.059433, 4.847061
8.489838, -1.0726013, 4.799179
8.471878, -1.0666199, 4.7608643
8.487442, -1.0929565, 4.8279114
8.483856, -1.1049194, 4.850647
8.485046, -1.1037292, 4.845871
8.503006, -1.1276703, 4.8135376
8.49942, -1.1252747, 4.7955933
8.49942, -1.0738068, 4.8039703
8.488647, -1.06781, 4.8374786
8.481461, -1.0773926, 4.8602295
8.486252, -1.0941467, 4.893753
8.467087, -1.0917511, 4.855438
8.476669, -1.0809784, 4.835083
8.481461, -1.0845795, 4.8446655
8.471878, -1.0426788, 4.862625
8.440765, -1.0510559, 4.885376
8.449142, -1.0450745, 4.936844
8.423996, -1.0534515, 4.9559937
8.431183, -1.0785828, 4.90213
8.441956, -1.0965424, 4.9308624
8.459915, -1.1324615, 4.950012
8.445541, -1.1097107, 4.9344482
8.445541, -1.074997, 4.9667664
8.467087, -1.0666199, 4.9715576
8.445541, -1.0618286, 4.972763
8.444351, -1.083374, 5.00148
8.45871, -1.0714111, 5.007477
8.497025, -1.0809784, 4.98114
8.43837, -1.074997, 4.976349
8.429977, -1.0893555, 5.020645
8.432373, -1.1192932, 4.991913
8.423996, -1.0845795, 5.008667
8.455124, -1.0558472, 5.012268
8.459915, -1.059433, 4.9667664
8.440765, -1.0917511, 4.9595947
8.443146, -1.0654144, 4.933258
8.45871, -1.059433, 4.90213
8.406036, -1.0714111, 4.893753
8.43837, -1.0450745, 4.869812
8.455124, -1.0738068, 4.898529
8.422806, -1.0929565, 4.9164886
8.456314, -1.0462646, 4.9009247
8.486252, -1.0702057, 4.878189
8.452728, -1.0474701, 4.8925476
8.402451, -1.0606384, 4.894943
8.418015, -1.0618286, 4.912903
8.450333, -1.0546417, 4.9392395
8.449142, -1.035492, 4.9559937
8.397659, -1.0366821, 5.0218353
8.419205, -1.0486603, 4.9799347
8.4335785, -1.0893555, 5.0110626
8.462311, -1.083374, 5.008667
8.459915, -1.0690155, 5.0218353
8.461105, -1.0821838, 5.0098724
8.469482, -1.0953522, 4.9583893
8.468292, -1.074997, 4.9464264
8.456314, -1.06781, 4.9152985
8.431183, -1.074997, 4.945221
8.453934, -1.1061249, 4.933258
8.479065, -1.083374, 4.92128
8.474274, -1.0965424, 4.933258
8.467087, -1.1324615, 4.850647
8.449142, -1.1001282, 4.8039703
8.513779, -1.0702057, 4.8243103
8.491043, -1.06781, 4.8243103
8.492233, -1.043869, 4.7560883
8.548492, -1.074997, 4.699814
8.524551, -1.0618286, 4.66391
8.532928, -1.028305, 4.6710815
8.534134, -0.9684601, 4.687851
8.462311, -0.93852234, 4.7297516
8.432373, -0.9756317, 4.8482513
8.446747, -0.9924011, 4.944031
8.444351, -1.0175323, 5.0218353
8.440765, -1.0223236, 5.0936584
8.469482, -1.0474701, 5.108032
8.485046, -1.0426788, 5.091263
8.497025, -1.0618286, 5.0457764
8.543701, -1.0402832, 4.9871216
8.621521, -1.0534515, 4.847061
8.655045, -1.0929565, 4.728546
8.629898, -1.1312561, 4.687851
8.59877, -1.1025238, 4.60524
8.5963745, -1.0654144, 4.5010986
8.5915985, -1.0929565, 4.479553
8.583206, -1.0977478, 4.514267
8.617935, -1.0295105, 4.5010986
8.650253, -1.0211334, 4.4807434
8.645462, -1.0031738, 4.5429993
8.623917, -0.95648193, 4.517853
8.614334, -0.98521423, 4.3969574
8.543701, -0.9900055, 4.3849792
8.523361, -0.9924011, 4.340683
8.566452, -1.004364, 4.2916107
8.572433, -0.99838257, 4.242523
8.564056, -0.9744415, 4.277237
8.599976, -0.97683716, 4.3311157
8.672989, -0.99838257, 4.3909607
8.662216, -1.035492, 4.411316
8.689758, -1.059433, 4.383789
8.693344, -1.083374, 4.3909607
8.708908, -1.1168976, 4.3777924
8.720886, -1.0785828, 4.4304657
8.728058, -1.0785828, 4.4376526
8.734055, -1.06781, 4.440048
8.692154, -1.0426788, 4.4723663
8.718491, -1.0606384, 4.483139
8.699326, -1.0809784, 4.4927216
8.75679, -1.0977478, 4.4137115
8.765167, -1.1025238, 4.316742
8.784332, -1.1156921, 4.313156
8.791504, -1.1300659, 4.2066193
8.792709, -1.0905609, 4.1671143
8.798691, -1.0977478, 4.158722
8.779541, -1.0881653, 4.0857086
8.785522, -1.0881653, 3.9923248
8.772354, -1.0642242, 3.9480438
8.777145, -1.0486603, 3.9217072
8.744827, -1.0510559, 3.8642426
8.759186, -1.0726013, 3.8295288
8.784332, -1.0558472, 3.8031921
8.777145, -1.0582428, 3.815155
8.761581, -1.028305, 3.7816467
8.762772, -1.0402832, 3.8247375
8.779541, -1.0378876, 3.822342
8.7939, -1.0414734, 3.8283234
8.801086, -1.0378876, 3.8043823
8.828613, -1.0462646, 3.8031921
8.874115, -1.1216888, 3.822342
8.901642, -1.1276703, 3.8247375
8.838196, -1.114502, 3.822342
8.815445, -1.114502, 3.8331146
8.845383, -1.0977478, 3.7852325
8.845383, -1.1767426, 3.645172
8.85495, -1.217453, 3.636795
8.866928, -1.1970978, 3.6715088
8.898056, -1.2294159, 3.7684784
8.921997, -1.2102661, 3.8331146
8.908829, -1.1611938, 3.8833923
8.878891, -1.1516113, 3.8953705
8.819046, -1.162384, 3.9360657
8.734055, -1.0857697, 3.9875488
8.711304, -1.0343018, 4.0881042
8.711304, -1.019928, 4.155136
8.6753845, -1.0115509, 4.2149963
8.667007, -1.028305, 4.3263245
8.696945, -1.0067596, 4.3933563
8.663422, -1.0259094, 4.452011
8.627502, -1.0402832, 4.574127
8.667007, -1.0426788, 4.6435547
8.69574, -1.0702057, 4.691437
8.719681, -1.0977478, 4.7058105
8.711304, -1.1168976, 4.6698914
8.720886, -1.0618286, 4.649536
8.719681, -1.0582428, 4.6351776
8.710098, -1.0175323, 4.5729218
8.689758, -1.0366821, 4.519058
8.684967, -1.059433, 4.5046844
8.678986, -1.0797882, 4.519058
8.702927, -1.074997, 4.466385
8.69574, -1.0977478, 4.399353
8.69574, -1.0845795, 4.356247
8.749603, -1.0773926, 4.3107605
8.71489, -1.0522461, 4.2305603
8.65863, -0.99838257, 4.130005
8.639481, -1.0091553, 4.098877
8.632294, -0.9864044, 3.995926
8.644272, -0.96606445, 3.9480438
8.604767, -0.93733215, 3.9001617
8.609543, -0.9624634, 3.9468384
8.672989, -0.9361267, 4.047394
8.6706085, -0.964859, 4.084503
8.692154, -0.98402405, 4.2700653
8.674194, -0.95648193, 4.359848
8.620331, -0.9720459, 4.4376526
8.565262, -0.9361267, 4.50708
8.560471, -0.9229584, 4.5477905
8.576035, -0.95887756, 4.5274353
8.613144, -1.0187378, 4.5513763
8.619125, -1.1121063, 4.538208
8.638275, -1.1767426, 4.5489807
8.634689, -1.2054749, 4.5429993
8.718491, -1.2449799, 4.5729218
8.807068, -1.2868805, 4.5849
8.851364, -1.327591, 4.632782
8.862137, -1.3263855, 4.6854553
8.881287, -1.3036499, 4.66391
8.907623, -1.3527222, 4.58609
8.85376, -1.3371582, 4.478348
8.815445, -1.3431396, 4.4101257
8.799881, -1.3108215, 4.2916107
8.7939, -1.2521667, 4.162323
8.81665, -1.2210388, 4.0737305
8.760391, -1.1791382, 3.9683838
8.754395, -1.1767426, 3.8833923
8.757996, -1.1731567, 3.8606567
8.696945, -1.2066803, 3.8175507
8.746017, -1.2437897, 3.8259277
8.7556, -1.201889, 3.8175507
8.781937, -1.1312561, 3.8750153
8.777145, -1.1156921, 3.9540253
8.765167, -1.1097107, 3.9121246
8.726868, -1.114502, 3.9109344
8.711304, -1.1252747, 3.9061432
8.693344, -1.138443, 3.949234
8.744827, -1.1791382, 3.9707794
8.77594, -1.1923065, 4.043808
8.817841, -1.1767426, 4.102463
8.803482, -1.2150574, 4.1371765
8.780731, -1.2509766, 4.1132355
8.802277, -1.2880859, 4.122818
8.804672, -1.3000488, 4.1994324
8.789108, -1.2785034, 4.2628784
8.821442, -1.2138672, 4.3335114
8.7699585, -1.1899109, 4.3191376
8.73764, -1.1372528, 4.344284
8.717285, -1.1408386, 4.3909607
8.678986, -1.1420288, 4.392166
8.6358795, -1.1683655, 4.359848
8.656235, -1.138443, 4.355057
8.687363, -1.1551971, 4.3263245
8.718491, -1.201889, 4.3311157
8.751999, -1.1707611, 4.337097
8.717285, -1.1516113, 4.380188
8.724472, -1.1695709, 4.392166
8.698135, -1.1575928, 4.3933563
8.6909485, -1.1911163, 4.339493
8.708908, -1.1899109, 4.34787
8.699326, -1.1755524, 4.3382874
8.735245, -1.1492157, 4.2940063
8.696945, -1.1061249, 4.3071747
8.692154, -1.1156921, 4.284424
8.6706085, -1.0845795, 4.2676697
8.696945, -1.1276703, 4.256897
8.729263, -1.1827393, 4.2545013
8.757996, -1.1671753, 4.226959
8.762772, -1.1504211, 4.2353363
8.735245, -1.1396332, 4.241333
8.731659, -1.1001282, 4.241333
8.686157, -1.1180878, 4.2066193
8.687363, -1.1156921, 4.2545013
8.69574, -1.154007, 4.2509003
8.674194, -1.1551971, 4.2640686
8.674194, -1.1288605, 4.292801
8.706512, -1.1168976, 4.285614
8.687363, -1.1372528, 4.3382874
8.6706085, -1.0977478, 4.3742065
8.686157, -1.0929565, 4.3382874
8.6706085, -1.1049194, 4.3813934
8.634689, -1.1037292, 4.395752
8.667007, -1.1061249, 4.383789
8.686157, -1.1504211, 4.3311157
8.665817, -1.1444244, 4.2904053
8.698135, -1.0917511, 4.3107605
8.711304, -1.1013336, 4.3191376
8.662216, -1.1073151, 4.3035736
8.683777, -1.1288605, 4.325119
8.689758, -1.122879, 4.392166
8.671799, -1.1132965, 4.355057
8.664612, -1.1276703, 4.3813934
8.724472, -1.1216888, 4.3849792
8.741226, -1.1336517, 4.3730164
8.680176, -1.1180878, 4.3658295
8.699326, -1.1348572, 4.3622284
8.702927, -1.1731567, 4.395752
8.707718, -1.1348572, 4.4065247
8.734055, -1.1252747, 4.3861847
8.710098, -1.1252747, 4.3897705
8.700531, -1.1097107, 4.3849792
8.678986, -1.0881653, 4.412506
8.663422, -1.1049194, 4.3706207
8.671799, -1.1300659, 4.344284
8.663422, -1.1288605, 4.394562
8.652649, -1.1013336, 4.383789
8.645462, -1.1013336, 4.402939
8.6706085, -1.1025238, 4.3586426
8.661026, -1.1073151, 4.356247
8.65863, -1.0953522, 4.3418884
8.668213, -1.0917511, 4.339493
8.656235, -1.0917511, 4.3263245
8.65863, -1.1061249, 4.3466797
8.663422, -1.0809784, 4.371811
8.701721, -1.0773926, 4.392166
8.701721, -1.1156921, 4.376602
8.69455, -1.1216888, 4.3813934
8.682571, -1.0905609, 4.4101257
8.678986, -1.1444244, 4.3825836
8.682571, -1.1815338, 4.359848
8.688553, -1.1994934, 4.3706207
8.741226, -1.2066803, 4.400543
8.77594, -1.1827393, 4.3586426
8.760391, -1.1767426, 4.34787
8.751999, -1.1492157, 4.34787
8.742432, -1.1312561, 4.320343
8.719681, -1.1264648, 4.292801
8.689758, -1.114502, 4.2940063
8.667007, -1.1073151, 4.2748413
8.6358795, -1.0642242, 4.2640686
8.568848, -1.0295105, 4.2748413
8.593994, -1.0175323, 4.308365
8.576035, -1.0271149, 4.394562
8.604767, -1.0654144, 4.411316
8.619125, -1.0761871, 4.4376526
8.634689, -1.0630188, 4.452011
8.632294, -1.0702057, 4.471176
8.652649, -1.1109161, 4.4639893
8.6753845, -1.1073151, 4.4089203
8.704117, -1.0857697, 4.412506
8.701721, -1.1061249, 4.4604034
8.69574, -1.0881653, 4.450821
8.707718, -1.098938, 4.42688
8.707718, -1.1551971, 4.40773
8.692154, -1.1097107, 4.4604034
8.678986, -1.0881653, 4.416107
8.682571, -1.083374, 4.4328613
8.640671, -1.1121063, 4.474762
8.627502, -1.1156921, 4.471176
8.611938, -1.0546417, 4.443634
8.620331, -1.0702057, 4.458008
8.601166, -1.0378876, 4.4687805
8.617935, -1.0450745, 4.552582
8.639481, -1.0606384, 4.594467
8.6514435, -1.0690155, 4.6040497
8.622711, -1.059433, 4.554962
8.5915985, -1.043869, 4.4759674
8.610748, -1.0714111, 4.4304657
8.634689, -1.0546417, 4.400543
8.655045, -1.0546417, 4.368225
8.665817, -1.0570374, 4.4101257
8.699326, -1.0761871, 4.42688
8.708908, -1.1013336, 4.4149017
8.711304, -1.1312561, 4.4101257
8.724472, -1.1324615, 4.40773
8.781937, -1.1264648, 4.359848
8.787918, -1.1671753, 4.3574524
8.741226, -1.1695709, 4.383789
8.707718, -1.1444244, 4.34787
8.688553, -1.0857697, 4.296402
8.649048, -1.0738068, 4.266464
8.586807, -1.0319061, 4.2161865
8.541321, -1.0271149, 4.1994324
8.531738, -0.9756317, 4.242523
8.532928, -0.9816284, 4.222168
8.528152, -1.0091553, 4.2760468
8.562866, -1.0390778, 4.3586426
8.595184, -1.0498505, 4.4639893
8.586807, -1.0905609, 4.5729218
8.611938, -1.0905609, 4.6651
8.668213, -1.1336517, 4.7572784
8.716095, -1.1216888, 4.8410797
8.716095, -1.1240845, 4.9344482
8.723267, -1.098938, 4.9548035
8.706512, -1.1049194, 4.9548035
8.6514435, -1.0761871, 4.9009247
8.641876, -1.0857697, 4.847061
8.526947, -1.0618286, 4.776428
8.480255, -1.0474701, 4.754883
8.456314, -1.0175323, 4.732147
8.435974, -1.0103607, 4.6830597
8.455124, -1.0187378, 4.692642
8.461105, -1.0115509, 4.672287
8.435974, -1.0067596, 4.649536
8.5125885, -1.0079651, 4.6471405
8.516174, -0.9744415, 4.657913
8.504211, -0.9540863, 4.6459503
8.461105, -0.94929504, 4.594467
8.511383, -0.9636688, 4.58609
8.485046, -1.0031738, 4.558563
8.489838, -1.0570374, 4.613632
8.513779, -1.0797882, 4.632782
8.544907, -1.1336517, 4.653137
8.604767, -1.1755524, 4.7297516
8.661026, -1.1707611, 4.675873
8.680176, -1.1970978, 4.620804
8.682571, -1.2102661, 4.7058105
8.69455, -1.2306213, 4.7405243
8.611938, -1.2497711, 4.815933
8.544907, -1.2605438, 4.909317
8.516174, -1.3072357, 4.8757935
8.474274, -1.3419495, 4.869812
8.462311, -1.3108215, 4.874588
8.437164, -1.2988586, 4.8925476
8.462311, -1.2461853, 4.857834
8.406036, -1.2006989, 4.830307
8.347382, -1.1851349, 4.775238
8.329422, -1.1336517, 4.739319
8.358154, -1.1444244, 4.7225647
8.525757, -1.0965424, 4.833893
8.65863, -1.0809784, 4.9548035
8.736435, -1.1192932, 5.127182
8.751999, -1.1360474, 5.3103333
8.77356, -1.1360474, 5.470749
8.718491, -1.1109161, 5.5677185
8.586807, -1.0486603, 5.5677185
8.432373, -0.9935913, 5.5365906
8.327026, -0.96965027, 5.420471
8.10437, -1.0235138, 5.262451
8.0074005, -1.019928, 5.103241
8.076843, -0.98402405, 5.086487
8.093597, -0.9289551, 5.0661316
8.10437, -0.885849, 4.9954987
8.204926, -0.8714905, 4.993103
8.289917, -0.9349365, 5.00029
8.449142, -0.87986755, 5.0146484
8.662216, -0.8140259, 5.103241
8.726868, -0.8140259, 5.091263
8.650253, -0.90979004, 5.0421906
8.546097, -1.028305, 5.0350037
8.495819, -1.0510559, 5.0182495
8.465897, -1.0522461, 4.9787445
8.445541, -1.0330963, 4.9859314
8.42041, -1.0307007, 4.989517
8.464706, -1.0558472, 4.9224854
8.449142, -1.1180878, 4.905716
8.340195, -1.1815338, 4.905716
8.310272, -1.2210388, 4.917694
8.396469, -1.2342072, 4.9069214
8.526947, -1.2030792, 4.890152
8.613144, -1.0977478, 4.8650208
8.574829, -1.0366821, 4.898529
8.587997, -0.99479675, 4.9619904
8.602371, -0.9361267, 4.993103
8.543701, -0.94810486, 4.9859314
8.477875, -1.0606384, 4.933258
8.477875, -1.1156921, 4.9200897
8.427597, -1.2090759, 4.8961487
8.452728, -1.2066803, 4.945221
8.5520935, -1.1132965, 4.9344482
8.67659, -0.99957275, 5.0266266
8.763977, -0.89064026, 5.1690826
8.807068, -0.87268066, 5.2014008
8.807068, -0.8271942, 5.1571045
8.735245, -0.7912903, 5.225342
8.659821, -0.8487396, 5.2636566
8.547302, -0.8535309, 5.221756
8.384491, -0.90501404, 5.2121735
8.301895, -0.96725464, 5.178665
8.323441, -0.8930359, 5.111618
8.441956, -0.8547363, 5.0828857
8.583206, -0.7757263, 5.1571045
8.65744, -0.7517853, 5.1618958
8.683777, -0.9062042, 5.143936
8.603561, -0.8200073, 5.2085876
8.605957, -0.8750763, 5.213379
8.586807, -0.9241638, 5.149933
8.53653, -0.95887756, 5.0745087
8.408432, -0.94929504, 4.984726
8.2599945, -0.84994507, 4.8925476
8.206131, -0.78889465, 4.874588
8.189362, -0.8152313, 4.8374786
8.219299, -0.78289795, 4.878189
8.214508, -0.72784424, 4.996704
8.192963, -0.7517853, 5.0661316
8.128311, -0.8451538, 5.1331635
8.093597, -1.0031738, 5.187042
8.069656, -1.4401093, 5.062546
8.063675, -1.7980499, 4.6651
7.8134766, -1.6831207, 4.416107
7.5177917, -1.3587036, 4.632782
7.491455, -1.1180878, 4.8841705
7.7703857, -1.1180878, 4.9308624
8.244431, -1.2270355, 4.8997345
8.570038, -1.1109161, 5.0589447
8.8489685, -1.0450745, 5.2121735
8.929169, -1.1480255, 5.1882324
8.811859, -1.1611938, 5.1283875
8.700531, -1.1420288, 5.2792206
8.672989, -1.233017, 5.2720337
8.487442, -1.4269409, 5.2349243
7.991852, -1.7190399, 5.1367645
7.9032593, -1.8160095, 4.9476166
8.159439, -1.5993195, 4.8961487
8.268372, -1.3623047, 4.9619904
8.245636, -1.122879, 5.039795
8.151062, -1.1456299, 5.017044
8.226471, -1.3383636, 4.9643707
8.425201, -1.4628601, 4.996704
8.553284, -1.5215149, 5.068527
8.534134, -1.5239105, 5.1798553
8.384491, -1.3886414, 5.242111
8.254013, -1.3898315, 5.2672424
8.276749, -1.4161682, 5.2552795
8.258804, -1.5706024, 5.300766
8.233658, -1.7322083, 5.2588654
8.236053, -1.6783295, 5.2241516
8.222885, -1.5634155, 5.2720337
8.195358, -1.5227051, 5.3342743
8.12352, -1.5514374, 5.3905487
8.069656, -1.6160889, 5.340271
8.08522, -1.6579895, 5.3235016
8.353363, -1.6759338, 5.407303
8.663422, -1.6436157, 5.5078583
8.838196, -1.6017151, 5.5054626
8.936356, -1.5478516, 5.5114594
8.899246, -1.4329224, 5.4922943
8.827423, -1.454483, 5.5234222
8.742432, -1.5574341, 5.5114594
8.639481, -1.617279, 5.5844727
8.601166, -1.6053162, 5.6634827
8.67659, -1.5717926, 5.81073
8.767563, -1.6017151, 5.851425
8.759186, -1.4844055, 5.7999573
8.534134, -1.4185638, 5.644333
8.30069, -1.3623047, 5.541382
8.087616, -1.193512, 5.419281
7.9403687, -1.0139465, 5.31633
7.740448, -0.98880005, 5.31633
7.7272797, -0.9528961, 5.3785706
7.675812, -1.0378876, 5.3701935
7.70813, -1.0330963, 5.2899933
7.6853943, -0.99957275, 5.273224
7.648285, -0.87867737, 5.3618164
7.6195526, -0.7146759, 5.5198364
7.6195526, -0.5985565, 5.6419373
7.642288, -0.54467773, 5.81073
7.6901703, -0.53630066, 6.064514
7.756012, -0.60095215, 6.348221
7.8086853, -0.63446045, 6.5445557
7.736862, -0.60453796, 6.537369
7.6075745, -0.49919128, 6.4176636
7.505829, -0.3423767, 6.2955475
7.3526, -0.24420166, 5.9507904
7.2364807, -0.0861969, 5.661087
7.21492, -0.051467896, 5.4743347
7.211334, -0.15322876, 5.3785706
7.3262634, -0.27053833, 5.3821716
7.5357513, -0.40342712, 5.4288483
7.7727814, -0.4513092, 5.436035
7.953537, -0.45968628, 5.3618164
8.0864105, -0.35673523, 5.407303
8.152252, -0.31243896, 5.5114594
8.213303, -0.3148346, 5.5916595
8.344986, -0.31004333, 5.6826324
8.3797, -0.331604, 5.747284
8.368927, -0.3938446, 5.7137604
8.404846, -0.44891357, 5.6742554
8.270767, -0.45370483, 5.5330048
8.099579, -0.43455505, 5.458786
7.9595184, -0.39863586, 5.5138397
7.94516, -0.3471527, 5.5234222
7.9403687, -0.29089355, 5.556946
7.847, -0.35794067, 5.629959
7.771576, -0.36631775, 5.55455
7.6470795, -0.37469482, 5.578491
7.6626434, -0.4297638, 5.7065735
7.7332764, -0.5817871, 5.7819977
7.791931, -0.7338257, 5.814316
7.874527, -0.8595123, 5.898117
7.879318, -0.9349365, 5.8729706
7.930786, -0.96725464, 5.851425
8.149857, -0.97802734, 6.001068
8.310272, -0.98760986, 6.051346
8.28154, -1.0139465, 6.159088
8.207321, -1.0606384, 6.1375427
8.216904, -1.0654144, 6.131546
8.274368, -1.0821838, 6.033386
8.26239, -1.1408386, 5.9005127
8.265976, -1.2354126, 5.807129
8.226471, -1.280899, 5.783188
8.252808, -1.2425842, 5.786789
8.175003, -1.1983032, 5.714966
8.10437, -1.2258301, 5.65152
8.050507, -1.2222443, 5.6383514
8.02536, -1.241394, 5.620392
8.056488, -1.320404, 5.6072235
7.984665, -1.3491364, 5.617996
7.9643097, -1.3060303, 5.6946106
7.921219, -1.2844849, 5.669464
7.906845, -1.296463, 5.65152
7.94516, -1.2940674, 5.6395416
7.941574, -1.2928619, 5.6431274
7.9439545, -1.2868805, 5.685028
7.9439545, -1.2533722, 5.724533
7.9152374, -1.280899, 5.738907
8.003815, -1.280899, 5.7808075
7.9882507, -1.2605438, 5.8238983
7.9559326, -1.1551971, 5.8442535
7.929596, -1.1037292, 5.7508698
7.8960724, -1.0235138, 5.7448883
7.858963, -0.99838257, 5.7688293
7.8649597, -0.9732361, 5.826294
7.862564, -0.96006775, 5.8921356
7.910446, -0.9684601, 5.945999
7.8446045, -0.93852234, 6.072891
7.700943, -0.89901733, 6.209366
7.6279297, -0.8643036, 6.248871
7.673416, -0.9289551, 6.210556
7.681793, -0.89782715, 6.3302765
7.5764465, -0.82240295, 6.487091
7.6111603, -0.8307953, 6.6666565
7.7189026, -0.8271942, 6.7935486
7.7033386, -0.7086792, 6.909668
7.7177124, -0.683548, 6.902481
7.715317, -0.68473816, 6.855789
7.7428436, -0.7146759, 6.7767944
7.847, -0.70269775, 6.696579
7.9475555, -0.6584015, 6.681015
8.008606, -0.63327026, 6.6427155
8.00502, -0.6691742, 6.6044006
7.9834595, -0.65242004, 6.6989746
7.8685455, -0.6260834, 6.774399
7.697357, -0.6201019, 6.851013
7.4699097, -0.6177063, 6.9384003
7.2604218, -0.5961609, 7.059311
7.132324, -0.61172485, 7.0257874
6.992264, -0.63446045, 6.87854
6.9120636, -0.6823425, 6.8162994
6.846222, -0.7757263, 6.688202
6.822281, -0.77812195, 6.6630707
6.861786, -0.77812195, 6.672638
6.950363, -0.86550903, 6.7492523
7.0150146, -0.9361267, 6.835449
7.0892334, -1.0247192, 6.806717
7.110779, -1.0726013, 6.7157288
7.234085, -1.1444244, 6.5493317
7.416046, -1.1767426, 6.246475
7.5991974, -1.1994934, 5.90889
7.815872, -1.217453, 5.8334656
7.9008636, -1.2605438, 5.802353
8.051697, -1.3527222, 5.756851
8.171417, -1.4293365, 5.831085
8.057678, -1.4580688, 5.91008
7.8302307, -1.3527222, 6.1411285
7.574051, -1.3048401, 6.4044952
7.347809, -1.3491364, 6.4763184
7.179016, -1.419754, 6.5529327
7.0413513, -1.419754, 6.574478
6.9036865, -1.3970184, 6.533783
6.763626, -1.3575134, 6.5134277
6.661865, -1.3443451, 6.5242004
6.5529327, -1.3311768, 6.5206146
6.5481415, -1.241394, 6.5804596
6.451172, -1.1300659, 6.6666565
6.420059, -1.0019684, 6.7779846
6.4571686, -0.9217682, 6.79834
6.514618, -0.8918457, 6.7851715
6.5242004, -0.846344, 6.8414307
6.534973, -0.7852936, 6.890518
6.5637054, -0.6895294, 7.0174103
6.5050507, -0.6093292, 7.1167603
6.4451904, -0.52433777, 7.1407013
6.3589935, -0.40940857, 7.206543
6.262039, -0.32202148, 7.268799
6.2081604, -0.20948792, 7.3202667
6.1925964, -0.13647461, 7.3537903
6.20697, -0.07421875, 7.3657684
6.2907715, -0.08380127, 7.242462
6.30632, -0.10774231, 7.111969
6.2752075, -0.099365234, 7.0102234
6.2752075, -0.0861969, 6.910858
6.2608337, -0.0861969, 6.941986
6.238098, -0.13287354, 7.0652924
6.194992, -0.120910645, 7.2915344
6.1423187, -0.13407898, 7.547714
6.072891, -0.14604187, 7.775177
5.96875, -0.16041565, 8.078033
5.8083344, -0.23822021, 8.329422
5.700592, -0.27653503, 8.506592
5.6156006, -0.32202148, 8.73764
5.5198364, -0.3327942, 9.058456
5.5294037, -0.35794067, 9.385269
5.5916595, -0.4225769, 9.648636
5.6108093, -0.5279236, 9.817429
5.5485687, -0.63087463, 9.935944
5.463562, -0.7170563, 9.968262
5.1954193, -0.67396545, 9.933548
4.9045258, -0.5817871, 9.915588
4.7249603, -0.5566559, 9.885666
4.557358, -0.5782013, 9.840164
4.3897705, -0.5303192, 9.76355
4.205414, -0.5207367, 9.759964
4.100067, -0.5171509, 9.801865
4.0174713, -0.5506592, 9.781509
3.9707794, -0.5518646, 9.779114
3.9911346, -0.5602417, 9.783905
4.040222, -0.5913696, 9.640259
4.131195, -0.6069336, 9.491806
4.2317505, -0.6428375, 9.451111
4.394562, -0.7110748, 9.349365
4.577713, -0.7158661, 9.200912
4.6663055, -0.723053, 9.052475
4.782425, -0.7158661, 8.898056
4.92128, -0.7254486, 8.683777
4.9667664, -0.7110748, 8.388092
4.8769836, -0.6643982, 8.125916
4.736923, -0.5985565, 7.9116364
4.6435547, -0.5961609, 7.839813
4.596863, -0.60095215, 7.8757324
4.6555176, -0.5782013, 7.9786835
4.730942, -0.5925598, 8.160629
4.7955933, -0.6392517, 8.334213
4.894943, -0.7003021, 8.571243
4.9404297, -0.7254486, 8.75679
4.989517, -0.69192505, 8.963898
5.00148, -0.7158661, 9.132675
5.032608, -0.74339294, 9.168594
5.00148, -0.7410126, 9.105148
4.9954987, -0.6823425, 9.075226
4.9356537, -0.61650085, 9.042892
4.849457, -0.5279236, 8.905228
4.8255157, -0.4908142, 8.7939
4.8602295, -0.4908142, 8.684967
4.9308624, -0.57221985, 8.585602
4.984726, -0.67396545, 8.51857
5.0457764, -0.67277527, 8.568848
5.0541534, -0.57699585, 8.601166
5.068527, -0.47883606, 8.634689
5.0793, -0.4513092, 8.734055
5.175064, -0.5602417, 8.876495
5.269638, -0.628479, 8.991425
5.352234, -0.6392517, 9.11113
5.33667, -0.628479, 9.198517
5.1846466, -0.6500244, 9.2595825
3.8007965, -1.3479309, 9.052475
1.3419495, -2.1715393, 9.021347
2.905365, -0.72784424, 9.366119
4.952408, 0.056259155, 9.289505
6.020218, -0.049087524, 9.436752
6.494278, -0.5985565, 9.817429
6.6714478, -1.0139465, 10.002975
6.5277863, -1.1731567, 9.816223
6.1519012, -1.1611938, 9.464279
5.700592, -1.1492157, 9.205704
5.4527893, -1.1707611, 9.042892
5.4168854, -1.2497711, 9.034515
5.4851227, -1.3587036, 9.015366
5.4408264, -1.4341278, 8.926788
5.325897, -1.3742676, 8.826218
5.1714783, -1.2737122, 8.790314
5.1175995, -1.2354126, 8.753204
5.245697, -1.1911163, 8.650253
5.4144897, -1.1049194, 8.639481
5.5796814, -1.0630188, 8.741226
5.6670685, -1.1851349, 8.978256
5.688629, -1.3694763, 9.293091
5.6311646, -1.4688416, 9.459488
5.5832825, -1.4173737, 9.478638
5.6551056, -1.2581482, 9.494202
5.826294, -1.2138672, 9.534912
6.051346, -1.3048401, 9.599548
6.28598, -1.4413147, 9.46907
6.4691315, -1.5179291, 9.312241
6.573288, -1.4796143, 9.239227
6.661865, -1.4329224, 9.2200775
6.6475067, -1.3934326, 9.223663
6.558914, -1.3838501, 9.303864
6.4679413, -1.356308, 9.399643
6.348221, -1.3383636, 9.448715
6.2392883, -1.3898315, 9.42836
6.0309906, -1.4209595, 9.294296
4.4999084, -2.0254974, 8.632294
4.1407776, -1.4712372, 7.905655
5.4922943, -0.34477234, 7.6913757
6.155487, -0.13168335, 8.171417
6.4332275, -0.84994507, 9.042892
6.7935486, -1.4772186, 9.633072
6.9084625, -1.6101074, 9.864105
6.494278, -1.7836761, 9.7444
5.185837, -2.1392212, 8.901642
5.2672424, -1.1599884, 8.2599945
5.7508698, -0.26097107, 8.095993
5.8334656, -0.2669525, 8.469482
6.035782, -0.95887756, 9.200912
6.233307, -1.4820099, 9.588776
6.1375427, -1.5957336, 9.667786
5.2313232, -1.9440918, 9.191345
4.708191, -1.5251007, 8.488647
4.9739532, -0.47764587, 8.5568695
4.732147, -0.35673523, 8.771164
4.5825043, -0.9241638, 8.833405
4.3981476, -1.8387451, 8.474274
4.2880096, -1.5167236, 8.056488
4.2724457, -0.36631775, 8.589203
3.8666382, -0.26455688, 8.972275
3.8259277, -0.7410126, 9.154236
4.062958, -1.1013336, 9.534912
4.18985, -1.2114716, 9.933548
4.1060486, -1.2246399, 10.29866
3.9468384, -1.177948, 10.562027
3.6942596, -1.0630188, 10.745178
3.454834, -1.0163422, 10.893616
3.2357635, -0.980423, 10.913971
3.075348, -0.96606445, 10.982208
2.9652252, -1.0139465, 10.98819
2.8993835, -1.0510559, 10.884048
2.7365723, -1.3479309, 10.37886
2.1236572, -2.2230225, 8.786713
2.2014618, -1.1863251, 8.142685
2.308014, -0.044296265, 8.541321
2.1547852, -0.30166626, 8.267181
2.2242126, -1.4209595, 7.8481903
2.363083, -1.9584503, 7.4878693
2.5701752, -1.2509766, 7.8098907
2.5941162, -0.67396545, 8.26358
2.545044, -0.90501404, 8.228867
2.7664948, -1.2940674, 8.313858
2.9460602, -1.454483, 8.607162
2.695877, -1.6364441, 8.555679
2.4684296, -1.470047, 8.242035
2.8945923, -0.7398071, 8.544907
3.2369537, -0.6823425, 8.736435
3.1854858, -1.1528015, 8.732849
3.1759033, -1.3970184, 8.719681
3.4332886, -1.177948, 9.10994
3.569748, -1.1156921, 9.386475
3.3889923, -1.3730774, 9.234436
3.075348, -1.5658112, 8.949524
2.7988281, -1.5107422, 8.869324
3.0813446, -1.3012543, 9.228455
3.3219604, -1.2521667, 9.746796
3.157959, -1.2940674, 10.01973
3.0131073, -1.5658112, 10.052063
2.9676056, -1.6651611, 9.931152
3.190277, -1.3431396, 9.952698
3.470398, -1.0343018, 9.613922
3.5529938, -1.1396332, 9.299072
3.5673676, -1.419754, 9.357742
3.6176453, -1.5370789, 9.576813
3.5518036, -1.4341278, 9.733627
3.3961792, -1.3682861, 9.7061
3.2621002, -1.3251953, 9.498993
3.3003998, -1.2892761, 9.273941
3.4584198, -1.2509766, 9.244019
3.6475677, -1.2090759, 9.343369
3.8163605, -1.2198486, 9.364914
3.8654327, -1.296463, 9.317032
3.8127594, -1.3503265, 9.106354
3.6631317, -1.3395538, 8.736435
3.51828, -1.2737122, 8.324646
3.2908325, -1.2306213, 8.076843
3.2644958, -1.1851349, 7.8517914
3.5158844, -1.1983032, 7.6279297
3.8570557, -1.2521667, 7.6279297
4.1886597, -1.3144226, 7.8254547
4.48674, -1.414978, 8.063675
4.657913, -1.4688416, 8.257599
4.7249603, -1.4676514, 8.397659
4.6830597, -1.3838501, 8.538925
4.570526, -1.2437897, 8.772354
4.3969574, -1.2198486, 8.912415
4.0976715, -1.138443, 8.876495
3.7816467, -1.1647797, 9.15303
3.643982, -1.3191986, 9.325409
3.6140442, -1.3108215, 9.307465
3.5194702, -1.2354126, 9.276337
3.305191, -1.2581482, 9.064453
3.0980988, -1.2832947, 8.906433
3.0023346, -1.1875305, 9.100357
3.0502167, -1.0642242, 9.36731
3.408142, -1.0690155, 9.603149
3.863037, -1.2054749, 9.870102
3.830719, -0.8427582, 9.959885
1.727417, 1.6675568, 9.18895
1.9931793, 1.2617493, 9.238022
2.498352, 0.47883606, 9.1410675
2.597702, 0.044296265, 8.652649
2.8143768, -0.49560547, 8.224075
2.913742, -0.9145813, 7.8206635
3.0729523, -1.1887207, 7.502228
4.616028, -2.0063477, 9.998184
7.8134766, -3.6930542, 15.899887
9.653427, -4.1276093, 14.522034
7.6219482, -4.289215, 11.360489
5.3462524, -3.8199463, 10.253174
4.043808, -2.6731262, 9.910797
3.3782196, -1.7022705, 10.305847
2.8802185, -1.2832947, 11.508926
2.173935, -1.0845795, 11.604691
1.5394745, -1.0690155, 10.897202
1.0127411, -1.5430603, 10.400406
0.9816284, -2.0302887, 10.534485
1.5191193, -2.1763306, 10.942703
1.9273376, -2.2553406, 11.061218
2.2349854, -2.2912445, 10.953476
2.6276398, -2.29245, 10.820587
3.047821, -2.1619568, 10.729614
3.4835663, -2.0147247, 10.602722
3.7684784, -1.8758545, 10.281906
3.9743805, -1.8423309, 9.806656
4.2149963, -2.0218964, 9.157822
3.9636078, -1.7537537, 8.829819
3.6822815, -1.2545624, 9.246414
3.5314484, -1.1611938, 8.966278
3.5709534, -1.1719666, 8.522156
3.837906, -1.2270355, 8.106766
4.1048584, -1.320404, 7.7727814
4.201828, -1.3311768, 7.6542664
4.2437286, -1.3826447, 7.6243286
4.155136, -1.3946228, 7.7428436
3.9157104, -1.391037, 7.9164276
3.633194, -1.4389191, 8.032547
3.2980194, -1.470047, 8.195358
2.984375, -1.5430603, 8.426392
2.6635437, -1.6388245, 8.565262
2.395401, -1.6735535, 8.53653
2.1727448, -1.7202301, 8.483856
2.0099335, -1.8195953, 8.538925
1.9237366, -1.9129639, 8.734055
1.8962097, -2.024292, 8.930374
1.8626862, -2.130844, 9.283524
1.8866272, -2.1787262, 9.580399
1.8136139, -2.2026672, 9.90361
1.8806458, -2.1368256, 10.268738
2.043457, -2.0901337, 10.650604
2.324768, -2.0027466, 10.866089
2.558197, -1.8973999, 10.925934
2.841919, -1.7417755, 10.971436
3.1459808, -1.648407, 10.846924
3.265686, -1.5969391, 10.502167
3.1806946, -1.6148834, 10.334564
3.0286713, -1.648407, 10.340561
2.8802185, -1.7357941, 10.283096
2.8155823, -1.8171997, 10.229233
2.7688904, -1.8890228, 10.188522
2.7102356, -1.8890228, 10.195709
2.6659393, -1.8435364, 10.2400055
2.620453, -1.8387451, 10.296265
2.5761566, -1.8722687, 10.33696
2.6096802, -1.9907837, 10.485413
2.668335, -2.1092987, 10.579971
2.6946716, -2.1787262, 10.724823
2.7269897, -2.229004, 10.782288
2.7461548, -2.300827, 10.702087
2.755722, -2.3020325, 10.546463
2.7916412, -2.3187866, 10.404007
2.8526917, -2.29245, 10.281906
2.9436646, -2.2601318, 10.194504
3.0286713, -2.2948456, 10.213669
3.0298615, -2.348709, 10.275909
2.968811, -2.3379364, 10.357315
2.8395233, -2.3618774, 10.39682
2.6491852, -2.3511047, 10.392029
2.486374, -2.3020325, 10.273514
2.3618774, -2.2625275, 10.074799
2.2792816, -2.2673035, 9.896439
2.221817, -2.2816772, 9.672577
2.2816772, -2.2828674, 9.524139
2.3295593, -2.37146, 9.519348
2.3894196, -2.3738556, 9.622299
2.367859, -2.3367462, 9.592377
2.3702545, -2.309204, 9.518143
2.379837, -2.245758, 9.442734
2.3786469, -2.324768, 9.238022
2.3989868, -2.407364, 9.39006
2.6024933, -2.7090454, 9.575607
2.5677795, -2.5522156, 9.414001
2.5546112, -2.2397766, 9.797073
2.4672241, -1.9991608, 10.229233
2.379837, -1.8973999, 10.413574
2.4492645, -2.0757751, 10.309433
2.5941162, -2.3463135, 10.062836
2.699463, -2.505539, 9.773132
2.7293854, -2.4564514, 9.521744
2.6791077, -2.2804718, 9.495407
2.5989075, -2.110489, 9.493011
2.613266, -1.9991608, 9.455902
2.671936, -1.9429016, 9.459488
2.7257996, -1.9309235, 9.370911
2.762909, -1.9812012, 9.385269
2.7581177, -2.0386658, 9.465469
2.738968, -2.072174, 9.56842
2.7126312, -2.0997162, 9.673767
2.716217, -2.1787262, 9.752777
2.9747925, -2.8730469, 10.104721
2.6862946, -2.6886902, 10.165787
2.300827, -2.059021, 10.034103
2.2313995, -1.7106628, 9.990997
2.3451233, -1.6448212, 9.888046
2.5354614, -1.7645264, 9.8246
2.7293854, -1.95607, 9.787491
2.8311462, -2.1056976, 9.702499
2.795227, -2.2026672, 9.621094
2.7269897, -2.2337952, 9.560043
2.6827087, -2.2050629, 9.603149
2.640808, -2.1763306, 9.691727
2.671936, -2.110489, 9.764755
2.7066498, -2.0805664, 9.848541
2.7664948, -2.0781708, 9.864105
2.8706512, -2.0769653, 9.874878
2.8909912, -2.1284485, 9.856934
2.9317017, -2.142807, 9.8533325
2.929306, -2.1212616, 9.821014
2.9113464, -2.1212616, 9.765945
2.8682556, -2.1296387, 9.745605
2.9041595, -2.149994, 9.720459
2.8778229, -2.111679, 9.764755
2.8562775, -2.0937347, 9.848541
2.8215637, -2.0997162, 9.86171
2.779663, -2.0745697, 9.832993
2.7186127, -2.0841522, 9.752777
2.6982727, -2.0661926, 9.775528
2.6336212, -2.0027466, 9.777924
2.597702, -1.9943695, 9.752777
2.637207, -1.9967651, 9.68335
2.6779175, -2.008728, 9.710876
2.683899, -2.0207062, 9.697708
2.6695404, -1.9668427, 9.668991
2.6886902, -1.9225464, 9.579208
2.7018585, -1.8758545, 9.6115265
2.778473, -1.8830414, 9.645035
2.7988281, -1.8746643, 9.64743
2.8131866, -1.8914185, 9.667786
2.826355, -1.9129639, 9.694122
2.8083954, -1.9369049, 9.691727
2.8239594, -1.9393005, 9.694122
2.857483, -1.960846, 9.696518
2.8706512, -1.9859924, 9.746796
2.8670502, -1.9859924, 9.795883
2.8754425, -2.015915, 9.828201
2.874237, -2.027893, 9.834183
2.8443146, -2.0470428, 9.799469
2.8598785, -2.0578156, 9.825806
2.8610687, -2.067398, 9.817429
2.850296, -2.0865479, 9.811432
2.8167725, -2.1056976, 9.84256
2.8096008, -2.063797, 9.834183
2.8131866, -2.05542, 9.793488
2.850296, -2.0530243, 9.788696
2.7832642, -1.9812012, 9.773132
2.7377625, -1.9153595, 9.727646
2.7461548, -1.8363495, 9.661804
2.7856598, -1.7812805, 9.636658
2.8167725, -1.7956543, 9.587585
2.8993835, -1.8375549, 9.560043
2.968811, -1.830368, 9.64743
2.952057, -1.8543091, 9.670181
2.9580383, -1.8567047, 9.657013
2.9616241, -1.8507233, 9.631866
2.9795837, -1.9081726, 9.707291
2.8933868, -1.924942, 9.806656
2.841919, -1.9117737, 9.856934
2.8059998, -1.909378, 9.850937
2.8275452, -1.8638916, 9.788696
2.8359375, -1.8507233, 9.6510315
2.8682556, -1.8602905, 9.58638
2.9005737, -1.8591003, 9.52533
2.8694458, -1.8722687, 9.436752
2.8646698, -1.8890228, 9.454697
2.8167725, -1.9596558, 9.494202
2.738968, -1.9812012, 9.544479
2.6671448, -1.9776154, 9.677368
2.7210083, -2.1080933, 9.88446
3.0801392, -2.3786469, 10.188522
3.0142975, -2.2277985, 10.126282
2.5390472, -1.921341, 10.25795
2.225418, -1.5670013, 10.016144
2.29245, -1.4401093, 9.431961
2.6491852, -1.4532776, 9.066849
3.063385, -1.533493, 9.029724
3.344696, -1.6938934, 9.191345
3.3542786, -1.7453766, 9.424774
3.1699219, -1.7346039, 9.550476
3.1016846, -1.7142487, 9.801865
2.9879608, -1.7333984, 9.88327
2.9161377, -1.8578949, 10.348938
2.8862152, -2.0542297, 9.844955
2.7150269, -1.9153595, 10.504562
2.8479004, -2.2325897, 9.929947
2.589325, -1.8938141, 10.1586
2.8143768, -2.146408, 10.245987
2.9747925, -1.9871826, 9.652222
2.8299408, -1.8554993, 10.023331
2.699463, -1.8722687, 10.14064
2.5941162, -1.8578949, 9.904816
2.6312256, -1.8411407, 9.694122
2.7437592, -1.7800903, 9.526535
2.8227692, -1.7693176, 9.483429
2.8790283, -1.7836761, 9.485825
2.8622742, -1.7705078, 9.557648
2.8203735, -1.8016357, 9.629486
2.8622742, -1.8495178, 9.676163
2.9005737, -1.8554993, 9.673767
2.9233246, -1.845932, 9.715668
2.956833, -1.8950043, 9.66539
2.984375, -1.9237366, 9.678558
2.9723969, -1.945282, 9.739609
2.9891663, -1.945282, 9.776718
2.9436646, -1.95607, 9.7695465
2.8862152, -1.9512787, 9.7695465
2.9005737, -1.9429016, 9.742004
2.8945923, -1.9716187, 9.749191
2.8634644, -1.95607, 9.710876
2.8215637, -1.9345093, 9.672577
2.740158, -1.8890228, 9.661804
2.7293854, -1.8578949, 9.658203
2.7329865, -1.8411407, 9.6953125
2.7509308, -1.7920532, 9.6953125
2.8059998, -1.8112183, 9.68454
2.8335419, -1.7788849, 9.709686
2.8610687, -1.7453766, 9.7743225
2.896988, -1.7178345, 9.776718
2.8862152, -1.6974945, 9.773132
2.9328918, -1.742981, 9.821014
2.9484558, -1.7549438, 9.836578
2.929306, -1.8100128, 9.819824
2.8993835, -1.7741089, 9.798264
2.8790283, -1.7872772, 9.8090515
2.8826141, -1.8004456, 9.834183
2.834732, -1.7765045, 9.84256
2.7988281, -1.7980499, 9.849747
2.8299408, -1.821991, 9.847351
2.8299408, -1.8136139, 9.821014
2.8287506, -1.8028412, 9.770737
2.8694458, -1.7980499, 9.7695465
2.858673, -1.7800903, 9.704895
2.8467102, -1.7860718, 9.702499
2.8622742, -1.7741089, 9.736023
2.857483, -1.7681122, 9.685745
2.8443146, -1.7836761, 9.645035
2.850296, -1.7657166, 9.641449
2.8155823, -1.7800903, 9.653427
2.7605133, -1.7968445, 9.678558
2.7509308, -1.790863, 9.7300415
2.7102356, -1.8183899, 9.720459
2.7281952, -1.8315582, 9.727646
2.7281952, -1.8435364, 9.786301
2.7054443, -1.8231812, 9.7743225
2.7293854, -1.7920532, 9.755173
2.7820587, -1.7752991, 9.745605
2.817978, -1.7346039, 9.781509
2.8203735, -1.7441711, 9.812637
2.8395233, -1.6950989, 9.811432
2.8455048, -1.7405853, 9.82341
2.8850098, -1.7717133, 9.850937
2.8706512, -1.7621307, 9.846161
2.857483, -1.7573395, 9.874878
2.8299408, -1.7729034, 9.94072
2.841919, -1.7872772, 9.958679
2.8526917, -1.806427, 9.889252
2.8287506, -1.8112183, 9.912003
2.8287506, -1.8136139, 9.896439
2.8299408, -1.7956543, 9.872498
2.8359375, -1.7729034, 9.781509
2.8371277, -1.7621307, 9.745605
2.8646698, -1.7765045, 9.691727
2.8874054, -1.7788849, 9.686935
2.8957825, -1.7836761, 9.732437
2.8634644, -1.8112183, 9.745605
2.8479004, -1.8243866, 9.731232
2.8299408, -1.8076172, 9.777924
2.8239594, -1.8136139, 9.799469
2.819168, -1.7693176, 9.786301
2.8335419, -1.7585449, 9.838974
2.8718414, -1.7333984, 9.819824
2.8395233, -1.7298126, 9.873688
2.8131866, -1.7070618, 9.959885
2.7844543, -1.6627655, 9.9479065
2.8072052, -1.7094574, 9.894043
2.8167725, -1.7286072, 9.859329
2.819168, -1.711853, 9.812637
2.8933868, -1.6998901, 9.810242
2.9269104, -1.6711578, 9.834183
2.956833, -1.663971, 9.860519
3.0107117, -1.663971, 9.832993
2.9736023, -1.6831207, 9.831787
2.9795837, -1.6472168, 9.836578
3.0514069, -1.656784, 9.815033
3.0645752, -1.6615753, 9.786301
3.016693, -1.6807251, 9.68335
2.9855652, -1.6855164, 9.598358
2.9245148, -1.7800903, 9.360138
2.9508514, -1.8339539, 9.284714
2.956833, -1.7705078, 9.549271
2.7976227, -1.6699524, 9.777924
2.716217, -1.5825653, 9.873688
2.7257996, -1.5478516, 9.882065
2.913742, -1.5741882, 9.797073
2.9676056, -1.6160889, 9.7061
3.0131073, -1.6531982, 9.672577
3.020279, -1.7238312, 9.658203
2.960434, -1.806427, 9.629486
2.8083954, -1.9321136, 9.5720215
2.7293854, -2.003952, 9.5720215
2.6898804, -2.0338745, 9.433151
2.6575623, -2.0422516, 9.283524
2.7581177, -2.0350647, 9.196121
2.9580383, -2.012329, 8.925583
3.083725, -2.008728, 8.479065
2.7569275, -1.8040314, 8.586807
2.4217377, -1.5706024, 9.235626
2.426529, -1.5634155, 9.680954
2.4995422, -1.6256561, 10.073608
2.7054443, -1.5765839, 10.443512
2.920929, -1.4604645, 10.588364
2.8646698, -1.5167236, 10.380066
2.779663, -1.6627655, 10.287888
2.5965118, -1.8626862, 10.108322
2.4875793, -2.0458527, 9.86171
2.4851837, -2.1284485, 9.767151
2.4839783, -2.1607666, 9.6953125
2.5246887, -2.118866, 9.719269
2.9556427, -2.5546112, 9.436752
3.2932281, -3.0645752, 9.040512
2.8143768, -2.4995422, 9.624695
2.4169464, -2.000351, 10.122681
2.1954803, -1.6005249, 10.679337
1.9357147, -1.1767426, 11.091141
1.9237366, -0.964859, 11.062408
2.048233, -0.8930359, 10.748764
2.3331451, -0.8966217, 10.262741
2.62883, -1.0019684, 9.836578
2.779663, -1.2162476, 9.448715
2.7617188, -1.490387, 9.18895
2.6659393, -1.6735535, 9.202118
2.45047, -1.7872772, 9.40802
2.3223724, -1.8387451, 9.591171
2.2493591, -1.8052216, 9.691727
2.2493591, -1.7693176, 9.76355
2.1715393, -1.6950989, 9.8090515
1.9429016, -1.617279, 9.7743225
1.9153595, -1.514328, 9.787491
2.443283, -2.309204, 8.7699585
2.5486298, -2.6551666, 8.311478
2.5426483, -2.5270844, 9.076416
2.407364, -2.1751251, 9.955093
2.1655579, -1.8183899, 10.79187
1.9225464, -1.5239105, 11.451462
1.821991, -1.4257507, 11.724411
1.7681122, -1.4077911, 11.735184
1.7980499, -1.4568787, 11.683701
1.9776154, -1.6843262, 11.300629
2.1799164, -1.984787, 10.583572
2.3128052, -2.1200714, 9.934738
2.3690643, -2.1547852, 9.58519
2.4253235, -2.13443, 9.431961
2.4648285, -2.1631622, 9.475052
2.3654785, -2.0805664, 9.750381
2.2170258, -1.9345093, 10.189728
2.111679, -1.9931793, 10.423157
2.0650024, -2.146408, 10.295074
2.0422516, -2.2900543, 10.125076
2.0362701, -2.323578, 9.9479065
2.012329, -2.2325897, 9.7743225
1.9776154, -2.2086487, 9.502594
1.9500732, -2.2625275, 9.287109
2.082962, -2.1487885, 9.187744
2.1176758, -1.984787, 9.0620575
2.2086487, -1.8567047, 9.132675
2.3930054, -1.8088226, 9.276337
2.5234833, -1.7860718, 9.490616
2.601303, -1.7872772, 9.80426
2.6264343, -1.7752991, 10.129868
2.565384, -1.8076172, 10.366898
2.4648285, -1.8183899, 10.368088
2.3822327, -1.7968445, 10.171768
2.3594818, -1.7166443, 9.847351
2.3582916, -1.6424255, 9.62709
2.3451233, -1.5526428, 9.634262
2.4049683, -1.5969391, 9.7444
2.2828674, -1.6747437, 10.293869
2.1092987, -1.8315582, 13.673279
2.3690643, -1.6783295, 13.120224
2.2170258, -1.4281464, 8.587997
2.4049683, -1.3239899, 8.130707
2.5629883, -1.1767426, 8.542511
2.5558167, -1.2605438, 8.188171
2.6503754, -1.6077118, 8.276749
2.7174225, -1.8052216, 9.368515
2.5905304, -1.7992401, 10.399216
2.4360962, -1.9033966, 10.583572
2.2086487, -2.0111237, 10.119095
2.0422516, -2.063797, 9.879669
1.924942, -2.0865479, 9.810242
1.8554993, -2.2589264, 10.296265
1.6124878, -2.489975, 9.659409
1.280899, -2.7832642, 11.010941
0.9169769, -2.1356354, 10.236404
1.3503265, -1.6591797, 10.696091
2.130844, -1.5717926, 9.414001
2.5438385, -1.4137726, 9.686935
2.8455048, -1.5909424, 10.223236
2.731781, -1.5394745, 10.192123
2.4360962, -1.430542, 10.205292
2.2577362, -1.538269, 10.180145
2.2649078, -1.7681122, 10.0784
2.3379364, -1.9069824, 10.059235
2.3451233, -1.945282, 10.108322
2.3068085, -1.916565, 10.152618
2.2744904, -1.8758545, 10.128677
2.2313995, -1.8770599, 10.00177
2.221817, -1.8782501, 9.951492
2.3104095, -1.7944489, 9.84137
2.37146, -1.672348, 9.764755
2.443283, -1.4832153, 9.806656
2.6228485, -1.490387, 9.819824
2.4576416, -1.6675568, 9.707291
2.229004, -1.672348, 9.846161
2.1990814, -1.8830414, 9.82341
2.363083, -2.597702, 8.623917
2.0075378, -2.5282745, 9.393646
1.4784241, -1.9931793, 10.478226
1.0582428, -1.5478516, 10.620682
0.87867737, -1.4915924, 10.49379
1.0486603, -1.5191193, 10.413574
1.4389191, -1.5071564, 10.144226
1.8160095, -1.4951782, 9.791092
2.1368256, -1.4808197, 9.712082
2.3331451, -1.4664459, 9.768341
2.388214, -1.4652557, 9.8533325
2.3786469, -1.4760284, 9.983826
2.3762512, -1.5059509, 10.0784
2.3271637, -1.5873566, 10.151413
2.2158356, -1.5825653, 10.195709
2.2002716, -1.5107422, 10.151413
2.182312, -1.5813751, 9.939529
2.1260529, -1.7561493, 9.76355
2.0075378, -1.8016357, 9.755173
1.9033966, -1.8088226, 9.815033
1.8507233, -1.7860718, 9.848541
1.8004456, -1.7776947, 9.858124
1.9297333, -1.8674774, 9.797073
2.403778, -2.3965912, 9.382874
2.3020325, -2.4289246, 9.257187
1.9752197, -1.9357147, 9.764755
1.711853, -1.529892, 10.132263
1.538269, -1.2844849, 10.437515
1.4999695, -1.1132965, 10.781097
1.6029205, -1.0857697, 10.9474945
1.7968445, -1.2114716, 10.882843
1.9261322, -1.4257507, 10.670959
2.0506287, -1.6579895, 10.4578705
2.0266876, -1.8591003, 10.41478
1.9117737, -1.8938141, 10.424347
1.8028412, -1.9189453, 10.342957
1.7405853, -1.948883, 10.234009
1.6663666, -1.9261322, 10.101135
1.6591797, -1.9129639, 9.964661
1.7094574, -1.8878326, 9.894043
1.7333984, -1.8890228, 9.817429
1.7609406, -1.8782501, 9.8293915
1.7166443, -1.8531189, 9.82341
1.6436157, -1.806427, 9.888046
1.5682068, -1.6927032, 9.994598
1.5873566, -1.6591797, 10.084381
1.6663666, -1.6436157, 10.151413
1.7441711, -1.6663666, 10.226837
1.7968445, -1.5346832, 10.263947
1.8531189, -1.5454559, 10.315414

