x : y : Z 
9.026138, -0.082595825, -2.458847
9.006989, -0.0909729, -2.4360962
9.001007, -0.113723755, -2.4480743
9.026138, -0.11730957, -2.4384918
9.038116, -0.1304779, -2.3918
9.038116, -0.13168335, -2.402588
9.023743, -0.11253357, -2.4013824
9.040512, -0.123306274, -2.4145508
9.004593, -0.14125061, -2.3989868
9.026138, -0.12449646, -2.4061737
9.034515, -0.0861969, -2.431305
9.027344, -0.080200195, -2.4241333
9.015366, -0.07901001, -2.4253235
9.01178, -0.10055542, -2.4181366
8.998611, -0.118515015, -2.4121552
9.008179, -0.116119385, -2.4456787
9.01178, -0.10774231, -2.4157562
9.015366, -0.1149292, -2.4337006
9.059662, -0.14245605, -2.4456787
9.040512, -0.14604187, -2.443283
9.034515, -0.14125061, -2.4337006
9.03093, -0.1376648, -2.4061737
9.03212, -0.12210083, -2.387024
8.99501, -0.12449646, -2.4648285
9.01297, -0.14604187, -2.4540558
8.998611, -0.12808228, -2.4456787
8.998611, -0.116119385, -2.4408875
8.984238, -0.12689209, -2.4696198
9.01297, -0.13647461, -2.4672241
9.060852, -0.12808228, -2.4229279
9.03212, -0.11730957, -2.4564514
9.051285, -0.13168335, -2.4384918
9.057266, -0.12449646, -2.4456787
9.033325, -0.1257019, -2.4444733
8.996216, -0.12689209, -2.4360962
9.020157, -0.15562439, -2.4684296
9.004593, -0.13407898, -2.458847
8.991425, -0.14724731, -2.427719
8.987839, -0.13407898, -2.45047
9.021347, -0.106536865, -2.4396973
9.016571, -0.11253357, -2.4935608
9.047684, -0.11253357, -2.4839783
9.024948, -0.14724731, -2.434906
9.002197, -0.14604187, -2.4217377
8.991425, -0.1149292, -2.4516602
9.020157, -0.10774231, -2.4396973
9.039307, -0.12449646, -2.458847
9.015366, -0.09336853, -2.4408875
9.029724, -0.101760864, -2.4576416
9.014175, -0.10534668, -2.4444733
9.010574, -0.113723755, -2.4301147
9.03093, -0.12210083, -2.45047
9.060852, -0.14604187, -2.4217377
9.020157, -0.12808228, -2.4373016
9.01178, -0.1376648, -2.442093
9.051285, -0.113723755, -2.407364
9.039307, -0.120910645, -2.402588
9.01178, -0.12808228, -2.3523102
9.036911, -0.13287354, -2.3750458
9.024948, -0.120910645, -2.4241333
9.017761, -0.111328125, -2.4205322
9.045288, -0.09815979, -2.434906
9.054871, -0.12689209, -2.4253235
9.014175, -0.1257019, -2.4815826
9.0225525, -0.12808228, -2.4576416
9.052475, -0.11253357, -2.4779968
9.046494, -0.120910645, -2.4935608
9.026138, -0.1257019, -2.458847
9.036911, -0.120910645, -2.4672241
9.028534, -0.15562439, -2.4648285
8.997406, -0.12928772, -2.5019379
9.038116, -0.1149292, -2.4576416
9.016571, -0.099365234, -2.4384918
9.024948, -0.123306274, -2.4600372
9.0225525, -0.13526917, -2.4492645
9.026138, -0.1197052, -2.4576416
8.987839, -0.082595825, -2.4181366
8.996216, -0.104141235, -2.427719
9.016571, -0.1149292, -2.4121552
9.041702, -0.113723755, -2.3989868
9.029724, -0.1257019, -2.4301147
9.033325, -0.092178345, -2.4456787
9.027344, -0.108932495, -2.402588
9.017761, -0.11253357, -2.4492645
9.047684, -0.13287354, -2.4301147
9.048889, -0.11253357, -2.4492645
9.018951, -0.11013794, -2.466034
9.041702, -0.118515015, -2.4205322
9.006989, -0.101760864, -2.4217377
8.987839, -0.07901001, -2.426529
9.021347, -0.108932495, -2.3726501
9.021347, -0.10774231, -2.3666687
9.015366, -0.113723755, -2.3930054
9.009384, -0.10774231, -2.3762512
9.020157, -0.10534668, -2.3654785
9.029724, -0.111328125, -2.3355408
9.040512, -0.099365234, -2.3930054
9.03093, -0.10295105, -2.3726501
9.058456, -0.09336853, -2.3834229
9.021347, -0.08380127, -2.3535004
8.992615, -0.106536865, -2.3618774
9.029724, -0.106536865, -2.4061737
9.089584, -0.12210083, -2.4049683
9.059662, -0.108932495, -2.395401
9.057266, -0.123306274, -2.4456787
9.026138, -0.116119385, -2.427719
9.034515, -0.09336853, -2.4121552
9.004593, -0.077804565, -2.4049683
9.042892, -0.1149292, -2.4253235
9.040512, -0.120910645, -2.3965912
9.036911, -0.12928772, -2.4097595
9.03212, -0.1149292, -2.3846283
9.027344, -0.10534668, -2.403778
9.026138, -0.106536865, -2.407364
9.03212, -0.10774231, -2.4061737
9.021347, -0.11253357, -2.431305
9.01297, -0.106536865, -2.4444733
9.026138, -0.10774231, -2.4061737
9.046494, -0.120910645, -2.4408875
9.017761, -0.1257019, -2.4408875
9.041702, -0.13647461, -2.4289246
9.082397, -0.10295105, -2.4253235
9.0620575, -0.087387085, -2.3750458
9.03093, -0.080200195, -2.407364
9.038116, -0.111328125, -2.4085693
9.033325, -0.094573975, -2.3666687
9.0225525, -0.113723755, -2.4001923
9.018951, -0.1197052, -2.3989868
9.03212, -0.11253357, -2.402588
9.046494, -0.10774231, -2.419342
9.044098, -0.1304779, -2.407364
9.036911, -0.13287354, -2.4325104
9.052475, -0.12449646, -2.4360962
9.066849, -0.111328125, -2.4253235
9.0225525, -0.120910645, -2.4325104
9.038116, -0.1197052, -2.3918
9.051285, -0.12689209, -2.4013824
9.03093, -0.096969604, -2.4253235
9.01178, -0.106536865, -2.402588
9.020157, -0.113723755, -2.3977966
9.047684, -0.11013794, -2.3965912
9.024948, -0.087387085, -2.4373016
9.026138, -0.089782715, -2.4169464
9.044098, -0.120910645, -2.4408875
9.020157, -0.11253357, -2.4085693
9.005783, -0.118515015, -2.4145508
9.005783, -0.1197052, -2.4061737
9.026138, -0.101760864, -2.4049683
9.040512, -0.096969604, -2.446869
9.036911, -0.10055542, -2.474411
9.041702, -0.1197052, -2.4600372
9.017761, -0.094573975, -2.4301147
9.029724, -0.11253357, -2.4492645
9.017761, -0.13407898, -2.4564514
9.023743, -0.14125061, -2.458847
9.01297, -0.096969604, -2.4229279
8.996216, -0.11730957, -2.4301147
9.0225525, -0.1376648, -2.4337006
9.036911, -0.11730957, -2.4301147
9.040512, -0.0909729, -2.4360962
9.040512, -0.12928772, -2.4325104
9.052475, -0.14125061, -2.4289246
9.03212, -0.13647461, -2.4564514
9.009384, -0.084991455, -2.4516602
8.996216, -0.10534668, -2.4600372
9.005783, -0.1304779, -2.4301147
9.03093, -0.12689209, -2.4612427
9.009384, -0.09336853, -2.4540558
9.05368, -0.10055542, -2.4456787
9.059662, -0.15562439, -2.4061737
9.095566, -0.15203857, -2.3965912
9.082397, -0.14604187, -2.379837
9.054871, -0.15322876, -2.3786469
9.045288, -0.12808228, -2.3762512
9.039307, -0.13647461, -2.3762512
9.005783, -0.1149292, -2.3810272
8.97467, -0.0909729, -2.387024
8.977066, -0.0861969, -2.379837
9.014175, -0.08140564, -2.3702545
9.016571, -0.075424194, -2.4061737
9.023743, -0.09576416, -2.4061737
9.040512, -0.120910645, -2.4325104
9.036911, -0.10055542, -2.402588
9.042892, -0.10774231, -2.4241333
9.064453, -0.094573975, -2.4013824
9.052475, -0.118515015, -2.403778
9.048889, -0.14006042, -2.4373016
9.041702, -0.10055542, -2.4325104
9.034515, -0.094573975, -2.4301147
9.029724, -0.118515015, -2.4241333
9.018951, -0.11253357, -2.4696198
9.054871, -0.0909729, -2.4241333
9.041702, -0.075424194, -2.3918
9.044098, -0.111328125, -2.3918
9.057266, -0.12808228, -2.3570862
9.047684, -0.12689209, -2.3187866
9.047684, -0.15083313, -2.3343506
9.065643, -0.12210083, -2.340332
9.05368, -0.12689209, -2.2816772
9.045288, -0.120910645, -2.3523102
9.045288, -0.108932495, -2.379837
9.016571, -0.10055542, -2.3894196
9.017761, -0.14006042, -2.395401
9.009384, -0.120910645, -2.419342
8.99501, -0.099365234, -2.4384918
9.004593, -0.087387085, -2.4301147
9.063248, -0.10055542, -2.4540558
9.03093, -0.13168335, -2.3965912
9.039307, -0.12210083, -2.403778
9.057266, -0.094573975, -2.4217377
9.042892, -0.12928772, -2.3511047
9.01297, -0.1304779, -2.3223724
9.039307, -0.106536865, -2.37146
9.015366, -0.068237305, -2.3654785
9.023743, -0.1197052, -2.3391418
9.015366, -0.1257019, -2.355896
9.042892, -0.14245605, -2.387024
9.036911, -0.14006042, -2.434906
9.017761, -0.123306274, -2.45047
9.03093, -0.106536865, -2.486374
9.044098, -0.10774231, -2.4887695
9.0225525, -0.0909729, -2.466034
9.03093, -0.082595825, -2.4839783
9.036911, -0.080200195, -2.4564514
9.033325, -0.09815979, -2.4528656
9.002197, -0.10295105, -2.4013824
9.010574, -0.094573975, -2.3738556
9.029724, -0.12928772, -2.3989868
9.045288, -0.13407898, -2.3834229
9.021347, -0.13287354, -2.37146
9.005783, -0.12808228, -2.3810272
9.017761, -0.10534668, -2.4001923
9.017761, -0.10295105, -2.4289246
9.046494, -0.1257019, -2.4444733
9.039307, -0.111328125, -2.4396973
9.047684, -0.10295105, -2.427719
8.989029, -0.12210083, -2.427719
9.01178, -0.11013794, -2.474411
9.021347, -0.094573975, -2.4779968
9.017761, -0.10055542, -2.4672241
9.005783, -0.080200195, -2.4408875
9.015366, -0.087387085, -2.4456787
9.040512, -0.07661438, -2.4085693
9.033325, -0.087387085, -2.4013824
9.005783, -0.12210083, -2.3594818
9.054871, -0.080200195, -2.331955
9.016571, -0.07901001, -2.3594818
9.016571, -0.10055542, -2.363083
9.035721, -0.092178345, -2.379837
9.052475, -0.10295105, -2.387024
9.040512, -0.12210083, -2.3690643
9.038116, -0.09576416, -2.3355408
8.996216, -0.06703186, -2.3068085
8.985443, -0.03831482, -2.3115997
8.969879, -0.013168335, -2.3139954
8.939957, 0.0, -2.2505493
8.935165, 0.0143585205, -2.230194
8.944733, -0.025146484, -2.2361908
8.991425, 0.0011901855, -2.1787262
8.985443, -0.049087524, -2.2098541
8.986633, -0.09815979, -2.300827
9.03212, -0.10774231, -2.3199768
9.035721, -0.12449646, -2.388214
9.023743, -0.1663971, -2.498352
9.018951, -0.23582458, -2.5725708
9.036911, -0.23822021, -2.6898804
9.046494, -0.26576233, -2.8167725
9.051285, -0.27772522, -2.8802185
9.028534, -0.26576233, -2.8957825
9.001007, -0.2454071, -2.9233246
9.01178, -0.22505188, -2.936493
8.985443, -0.17118835, -2.8431091
8.963898, -0.15083313, -2.7581177
8.931564, -0.13887024, -2.7210083
8.935165, -0.113723755, -2.613266
8.942337, -0.08140564, -2.510315
8.929169, -0.1149292, -2.510315
8.963898, -0.116119385, -2.4792023
8.97467, -0.13647461, -2.466034
8.991425, -0.16041565, -2.4217377
9.010574, -0.12808228, -2.4648285
9.028534, -0.1771698, -2.4887695
9.01297, -0.18075562, -2.561798
8.990234, -0.18435669, -2.6108704
9.046494, -0.17118835, -2.6467896
9.014175, -0.16520691, -2.6886902
8.977066, -0.18914795, -2.778473
9.017761, -0.1592102, -2.7688904
8.962692, -0.16041565, -2.7892456
8.972275, -0.16281128, -2.817978
8.975861, -0.15802002, -2.7916412
9.015366, -0.15562439, -2.7377625
9.010574, -0.16041565, -2.6360168
9.034515, -0.16281128, -2.6000977
9.006989, -0.14724731, -2.5019379
9.023743, -0.14485168, -2.4540558
8.999802, -0.12689209, -2.4384918
8.971069, -0.123306274, -2.4205322
8.9830475, -0.120910645, -2.4648285
8.979446, -0.13168335, -2.5151062
8.975861, -0.14485168, -2.505539
8.979446, -0.12449646, -2.52948
9.01178, -0.1149292, -2.5163116
8.997406, -0.15322876, -2.5414429
9.021347, -0.13526917, -2.5605927
9.050079, -0.116119385, -2.5366516
8.985443, -0.106536865, -2.4768066
8.986633, -0.10534668, -2.5091248
8.99382, -0.108932495, -2.4851837
8.986633, -0.09576416, -2.4516602
8.984238, -0.082595825, -2.387024
8.984238, -0.070632935, -2.402588
8.966278, -0.09576416, -2.3894196
8.941147, -0.06703186, -2.3738556
8.960297, -0.05986023, -2.355896
8.948334, -0.07182312, -2.3606873
8.956711, -0.06942749, -2.3726501
8.987839, -0.10055542, -2.419342
8.985443, -0.07421875, -2.426529
8.979446, -0.094573975, -2.4624329
8.987839, -0.09336853, -2.4935608
8.984238, -0.09336853, -2.5151062
8.978256, -0.106536865, -2.5031433
9.028534, -0.089782715, -2.5330658
9.006989, -0.096969604, -2.5127106
9.002197, -0.12210083, -2.52948
9.018951, -0.1197052, -2.5115204
9.026138, -0.118515015, -2.4995422
9.036911, -0.1304779, -2.4792023
9.001007, -0.11013794, -2.4624329
9.016571, -0.14485168, -2.4528656
8.985443, -0.1257019, -2.4696198
8.985443, -0.104141235, -2.4720154
8.936356, -0.101760864, -2.4684296
8.95311, -0.106536865, -2.4803925
8.99501, -0.087387085, -2.5486298
8.996216, -0.11253357, -2.5175018
9.008179, -0.1304779, -2.565384
9.047684, -0.113723755, -2.6252441
9.046494, -0.12808228, -2.6192627
9.057266, -0.14364624, -2.5665894
9.044098, -0.14604187, -2.561798
9.0620575, -0.1484375, -2.5426483
9.056061, -0.15322876, -2.573761
8.99501, -0.14485168, -2.5558167
8.97467, -0.14964294, -2.5965118
8.966278, -0.14604187, -2.6252441
8.986633, -0.14125061, -2.6216583
8.9830475, -0.16281128, -2.6096802
9.005783, -0.16400146, -2.6252441
9.002197, -0.12689209, -2.6312256
9.027344, -0.1376648, -2.6731262
9.041702, -0.13287354, -2.6551666
9.064453, -0.15322876, -2.6455994
9.075226, -0.16160583, -2.6108704
9.0225525, -0.15681458, -2.5761566
8.999802, -0.13887024, -2.5354614
8.954315, -0.101760864, -2.486374
8.931564, -0.08380127, -2.510315
8.929169, -0.05506897, -2.4839783
8.912415, -0.073028564, -2.45047
8.942337, -0.092178345, -2.4552612
8.949524, -0.10295105, -2.4756012
8.980652, -0.14245605, -2.494751
9.005783, -0.14006042, -2.4648285
9.006989, -0.14245605, -2.5282745
9.008179, -0.14245605, -2.489975
8.977066, -0.1376648, -2.513916
8.99382, -0.13526917, -2.5510254
8.957901, -0.116119385, -2.5402527
8.987839, -0.09336853, -2.5605927
8.9674835, -0.106536865, -2.54982
8.961502, -0.092178345, -2.5701752
8.945938, -0.084991455, -2.589325
8.935165, -0.080200195, -2.5175018
8.99501, -0.092178345, -2.5306702
9.006989, -0.084991455, -2.489975
9.021347, -0.11253357, -2.4528656
9.056061, -0.123306274, -2.4600372
9.036911, -0.11253357, -2.4552612
8.996216, -0.1197052, -2.4636383
9.010574, -0.1304779, -2.486374
9.020157, -0.12689209, -2.5007477
9.001007, -0.14125061, -2.5067291
8.97467, -0.1257019, -2.5079193
8.942337, -0.10055542, -2.4923706
8.954315, -0.070632935, -2.5246887
8.990234, -0.05506897, -2.525879
9.006989, -0.089782715, -2.5115204
9.010574, -0.1149292, -2.513916
9.021347, -0.10055542, -2.489975
9.042892, -0.108932495, -2.4672241
9.023743, -0.111328125, -2.4492645
9.036911, -0.12210083, -2.4516602
9.016571, -0.111328125, -2.434906
8.992615, -0.10534668, -2.4241333
8.980652, -0.07421875, -2.434906
8.999802, -0.09336853, -2.4085693
8.999802, -0.084991455, -2.4480743
8.975861, -0.087387085, -2.4636383
9.009384, -0.084991455, -2.4492645
9.002197, -0.06703186, -2.4756012
9.010574, -0.087387085, -2.5091248
9.021347, -0.08859253, -2.505539
9.018951, -0.09815979, -2.47081
9.03212, -0.073028564, -2.4851837
9.005783, -0.11013794, -2.5007477
9.004593, -0.10295105, -2.4408875
8.961502, -0.084991455, -2.4540558
9.004593, -0.073028564, -2.4732056
8.971069, -0.039505005, -2.4672241
8.989029, -0.037109375, -2.4684296
8.979446, -0.04069519, -2.4157562
8.971069, -0.068237305, -2.4516602
8.973465, -0.03831482, -2.4887695
8.969879, -0.065841675, -2.4887695
8.955505, -0.087387085, -2.443283
8.981842, -0.0861969, -2.4373016
8.986633, -0.07421875, -2.4624329
8.966278, -0.06463623, -2.458847
8.987839, -0.068237305, -2.4768066
8.971069, -0.0861969, -2.4624329
8.9830475, -0.07182312, -2.5007477
8.972275, -0.07182312, -2.5151062
8.99501, -0.058654785, -2.494751
9.026138, -0.073028564, -2.47081
8.996216, -0.118515015, -2.5127106
9.034515, -0.101760864, -2.5187073
9.035721, -0.07901001, -2.498352
9.047684, -0.13168335, -2.4492645
9.078812, -0.16041565, -2.426529
9.018951, -0.096969604, -2.4732056
9.010574, -0.094573975, -2.4923706
9.005783, -0.096969604, -2.47081
9.016571, -0.0909729, -2.494751
8.990234, -0.07661438, -2.5330658
9.008179, -0.0909729, -2.5163116
8.971069, -0.080200195, -2.553421
9.003403, -0.09815979, -2.568985
9.034515, -0.104141235, -2.561798
9.044098, -0.106536865, -2.5785522
9.047684, -0.10534668, -2.537857
9.028534, -0.08380127, -2.5306702
9.028534, -0.070632935, -2.5414429
9.026138, -0.092178345, -2.4923706
8.996216, -0.113723755, -2.4875793
9.003403, -0.120910645, -2.510315
8.99382, -0.11013794, -2.5210876
8.979446, -0.09815979, -2.47081
8.973465, -0.0909729, -2.4636383
8.99382, -0.08140564, -2.486374
9.004593, -0.08859253, -2.513916
8.992615, -0.077804565, -2.5115204
9.002197, -0.0861969, -2.52948
9.046494, -0.087387085, -2.4995422
9.015366, -0.07182312, -2.545044
8.981842, -0.0861969, -2.5318756
9.009384, -0.087387085, -2.5330658
8.975861, -0.06703186, -2.4995422
8.979446, -0.087387085, -2.4792023
8.985443, -0.099365234, -2.4803925
8.956711, -0.05506897, -2.4803925
8.972275, -0.04788208, -2.4696198
8.979446, -0.06942749, -2.431305
8.985443, -0.06463623, -2.4803925
9.014175, -0.09336853, -2.4779968
9.003403, -0.0909729, -2.5091248
9.01297, -0.10055542, -2.5043335
9.023743, -0.11730957, -2.4959564
9.001007, -0.07901001, -2.5187073
8.998611, -0.073028564, -2.5414429
8.990234, -0.07661438, -2.4815826
8.981842, -0.0861969, -2.5091248
9.008179, -0.106536865, -2.498352
9.024948, -0.05986023, -2.482788
9.009384, -0.068237305, -2.5007477
9.035721, -0.07182312, -2.4612427
9.03093, -0.061050415, -2.4253235
8.992615, -0.056259155, -2.4396973
9.010574, -0.06703186, -2.45047
8.979446, -0.073028564, -2.4959564
8.996216, -0.065841675, -2.5007477
9.0225525, -0.032318115, -2.466034
9.023743, -0.061050415, -2.4564514
9.008179, -0.0909729, -2.47081
9.034515, -0.07901001, -2.4959564
9.035721, -0.07661438, -2.4684296
8.985443, -0.082595825, -2.47081
9.027344, -0.087387085, -2.4624329
9.024948, -0.06703186, -2.4696198
9.020157, -0.058654785, -2.4373016
9.010574, -0.077804565, -2.4756012
8.979446, -0.087387085, -2.466034
8.975861, -0.0574646, -2.4672241
9.002197, -0.061050415, -2.4337006
9.003403, -0.056259155, -2.4241333
9.001007, -0.070632935, -2.4384918
8.996216, -0.06703186, -2.446869
8.998611, -0.05506897, -2.4792023
8.997406, -0.061050415, -2.486374
8.963898, -0.053863525, -2.474411
8.963898, -0.034713745, -2.4875793
8.991425, -0.044296265, -2.4971466
8.971069, -0.068237305, -2.5270844
8.979446, -0.068237305, -2.5390472
8.955505, -0.063446045, -2.561798
8.97467, -0.073028564, -2.525879
8.968674, -0.03352356, -2.5510254
8.971069, -0.041900635, -2.5522156
8.991425, -0.065841675, -2.5677795
8.962692, -0.06463623, -2.5869293
8.984238, -0.08859253, -2.577362
8.968674, -0.05267334, -2.545044
8.986633, -0.04069519, -2.522293
8.979446, -0.06225586, -2.5175018
8.980652, -0.05027771, -2.4995422
8.99382, -0.07421875, -2.5318756
8.981842, -0.07182312, -2.5570068
9.015366, -0.07901001, -2.5067291
9.01178, -0.0909729, -2.5546112
9.017761, -0.070632935, -2.5151062
9.020157, -0.070632935, -2.5246887
9.052475, -0.099365234, -2.486374
9.010574, -0.09815979, -2.486374
9.017761, -0.09336853, -2.5091248
9.009384, -0.09336853, -2.5115204
9.038116, -0.113723755, -2.4875793
9.038116, -0.13168335, -2.545044
9.059662, -0.1257019, -2.5043335
9.078812, -0.123306274, -2.5234833
9.051285, -0.14485168, -2.5163116
9.038116, -0.13287354, -2.489975
9.060852, -0.12449646, -2.5175018
9.03212, -0.11730957, -2.5438385
8.997406, -0.065841675, -2.5354614
8.997406, -0.065841675, -2.5282745
8.990234, -0.087387085, -2.5067291
9.014175, -0.094573975, -2.4516602
9.009384, -0.111328125, -2.47081
9.014175, -0.07421875, -2.5019379
9.044098, -0.07182312, -2.5007477
9.029724, -0.082595825, -2.4684296
9.034515, -0.0909729, -2.4624329
9.020157, -0.044296265, -2.4528656
9.040512, -0.0574646, -2.4564514
9.029724, -0.068237305, -2.4181366
9.027344, -0.073028564, -2.4480743
8.996216, -0.070632935, -2.4480743
8.978256, -0.056259155, -2.4241333
9.010574, -0.06463623, -2.4229279
8.99501, -0.077804565, -2.4408875
8.998611, -0.039505005, -2.4624329
8.975861, -0.039505005, -2.442093
8.972275, -0.068237305, -2.47081
8.997406, -0.05267334, -2.4612427
8.961502, -0.044296265, -2.4696198
8.9674835, -0.034713745, -2.4624329
8.990234, -0.084991455, -2.4384918
9.016571, -0.04069519, -2.4792023
8.992615, -0.06225586, -2.4803925
8.989029, -0.082595825, -2.5091248
8.966278, -0.073028564, -2.4923706
8.99382, -0.06225586, -2.4995422
8.99501, -0.051467896, -2.4815826
8.991425, -0.061050415, -2.4995422
9.006989, -0.070632935, -2.4971466
8.975861, -0.092178345, -2.494751
9.003403, -0.09576416, -2.513916
8.968674, -0.10295105, -2.5390472
8.957901, -0.101760864, -2.553421
8.992615, -0.080200195, -2.5677795
8.999802, -0.084991455, -2.558197
8.999802, -0.087387085, -2.5318756
8.966278, -0.080200195, -2.553421
8.973465, -0.07661438, -2.534256
8.989029, -0.08859253, -2.5570068
9.003403, -0.06225586, -2.5665894
9.028534, -0.06463623, -2.5546112
8.998611, -0.092178345, -2.565384
8.991425, -0.10774231, -2.5881348
9.016571, -0.084991455, -2.505539
9.006989, -0.09576416, -2.4923706
9.003403, -0.11730957, -2.4887695
9.005783, -0.118515015, -2.5175018
8.99501, -0.09336853, -2.5163116
9.033325, -0.10295105, -2.5809479
9.034515, -0.10774231, -2.5366516
8.999802, -0.09336853, -2.5198975
8.990234, -0.1149292, -2.565384
8.999802, -0.092178345, -2.5522156
8.990234, -0.082595825, -2.5761566
9.017761, -0.0861969, -2.5354614
8.996216, -0.087387085, -2.5330658
8.966278, -0.08859253, -2.5402527
8.989029, -0.106536865, -2.5079193
8.996216, -0.118515015, -2.4935608
9.009384, -0.12449646, -2.5246887
9.027344, -0.082595825, -2.4923706
9.045288, -0.073028564, -2.4600372
9.044098, -0.065841675, -2.4552612
9.010574, -0.068237305, -2.4564514
9.004593, -0.06942749, -2.486374
8.981842, -0.077804565, -2.4887695
8.985443, -0.07421875, -2.4373016
8.972275, -0.07661438, -2.494751
8.981842, -0.06225586, -2.4756012
8.985443, -0.061050415, -2.5163116
8.991425, -0.075424194, -2.4887695
9.001007, -0.06225586, -2.4720154
9.006989, -0.06942749, -2.5091248
9.01297, -0.09336853, -2.4803925
8.987839, -0.084991455, -2.4923706
9.014175, -0.08859253, -2.4636383
9.024948, -0.096969604, -2.4540558
8.9830475, -0.11013794, -2.4540558
9.009384, -0.106536865, -2.5187073
9.028534, -0.07661438, -2.5414429
8.990234, -0.08380127, -2.5091248
9.008179, -0.10534668, -2.4720154
8.95192, -0.07661438, -2.4456787
8.950729, -0.05506897, -2.4456787
8.99501, -0.06225586, -2.4672241
8.980652, -0.020355225, -2.5354614
8.973465, -0.05506897, -2.5187073
8.9674835, -0.02394104, -2.5079193
8.950729, -0.032318115, -2.5067291
8.939957, -0.0023956299, -2.4971466
8.920792, 0.0047912598, -2.510315
8.916, -0.0011901855, -2.5462341
8.95311, -0.0095825195, -2.5941162
8.950729, -0.0095825195, -2.6072845
8.945938, -0.02394104, -2.6240387
8.921997, -0.06463623, -2.6096802
8.923187, -0.04309082, -2.616867
8.941147, -0.05027771, -2.6036987
8.9674835, -0.06942749, -2.5749664
8.959106, -0.05267334, -2.5953217
8.979446, -0.06225586, -2.6000977
8.998611, -0.118515015, -2.5701752
8.998611, -0.118515015, -2.534256
9.018951, -0.10055542, -2.525879
9.009384, -0.106536865, -2.5474243
9.01178, -0.108932495, -2.5857391
9.021347, -0.106536865, -2.5629883
8.984238, -0.116119385, -2.5414429
9.027344, -0.11730957, -2.5402527
9.006989, -0.09336853, -2.522293
8.996216, -0.0909729, -2.5210876
9.004593, -0.10055542, -2.5402527
8.969879, -0.13647461, -2.5522156
8.999802, -0.111328125, -2.565384
9.015366, -0.094573975, -2.5067291
8.980652, -0.07421875, -2.5282745
8.961502, -0.053863525, -2.5725708
8.996216, -0.06942749, -2.5522156
9.014175, -0.06942749, -2.5833435
9.006989, -0.09336853, -2.5965118
9.023743, -0.09336853, -2.5354614
9.033325, -0.106536865, -2.5306702
9.036911, -0.08140564, -2.5031433
9.01297, -0.08140564, -2.5198975
9.006989, -0.092178345, -2.5127106
8.979446, -0.08380127, -2.494751
9.005783, -0.08859253, -2.505539
8.975861, -0.08140564, -2.505539
8.998611, -0.051467896, -2.4935608
8.949524, -0.022750854, -2.4959564
8.966278, -0.03352356, -2.4815826
8.991425, -0.08859253, -2.4720154
8.97467, -0.05027771, -2.4564514
9.018951, -0.05506897, -2.4839783
9.010574, -0.070632935, -2.5067291
8.960297, -0.03352356, -2.4384918
8.971069, -0.04788208, -2.4959564
8.990234, -0.034713745, -2.4672241
8.961502, -0.053863525, -2.4756012
8.959106, -0.06463623, -2.5127106
8.981842, -0.04309082, -2.4803925
9.004593, -0.058654785, -2.4779968
9.004593, -0.10774231, -2.466034
9.017761, -0.082595825, -2.5198975
9.004593, -0.07661438, -2.5438385
9.017761, -0.094573975, -2.5270844
9.039307, -0.087387085, -2.4995422
9.021347, -0.10534668, -2.4851837
9.001007, -0.056259155, -2.5175018
9.015366, -0.05027771, -2.5210876
9.039307, -0.084991455, -2.5175018
8.9830475, -0.09815979, -2.4959564
9.002197, -0.08140564, -2.5198975
9.0620575, -0.11013794, -2.5198975
9.048889, -0.09815979, -2.4792023
9.048889, -0.10295105, -2.494751
9.048889, -0.106536865, -2.5091248
9.033325, -0.113723755, -2.4696198
9.017761, -0.084991455, -2.4779968
8.9830475, -0.075424194, -2.486374
8.981842, -0.075424194, -2.5187073
9.015366, -0.07901001, -2.4935608
9.002197, -0.070632935, -2.5318756
8.980652, -0.056259155, -2.5390472
9.003403, -0.08859253, -2.52948
9.020157, -0.07421875, -2.5510254
9.004593, -0.089782715, -2.534256
9.001007, -0.101760864, -2.553421
8.999802, -0.09576416, -2.5151062
8.9830475, -0.07661438, -2.505539
9.003403, -0.05986023, -2.513916
8.99382, -0.07421875, -2.4911652
8.966278, -0.053863525, -2.525879
8.97467, -0.063446045, -2.5151062
8.95192, -0.0574646, -2.474411
8.979446, -0.05506897, -2.4768066
8.95192, -0.046691895, -2.5270844
8.9435425, -0.044296265, -2.5366516
8.948334, -0.041900635, -2.5175018
8.961502, -0.017959595, -2.5019379
8.944733, -0.015563965, -2.5605927
8.95192, -0.0095825195, -2.5558167
8.91481, -0.015563965, -2.5474243
8.935165, -0.0071868896, -2.5665894
8.919601, -0.0047912598, -2.54982
8.941147, -0.013168335, -2.5234833
8.962692, -0.05267334, -2.513916
8.963898, -0.03591919, -2.4971466
8.957901, -0.06703186, -2.4995422
9.010574, -0.087387085, -2.47081
9.023743, -0.07901001, -2.4720154
9.003403, -0.068237305, -2.4672241
8.999802, -0.065841675, -2.4648285
9.015366, -0.099365234, -2.4408875
8.968674, -0.092178345, -2.486374
9.004593, -0.065841675, -2.5067291
9.001007, -0.096969604, -2.4995422
9.016571, -0.08140564, -2.5175018
9.006989, -0.084991455, -2.486374
8.975861, -0.08140564, -2.5354614
9.048889, -0.09815979, -2.5390472
9.051285, -0.087387085, -2.5031433
9.039307, -0.096969604, -2.5127106
9.020157, -0.096969604, -2.5151062
9.047684, -0.10055542, -2.494751
8.987839, -0.075424194, -2.482788
8.997406, -0.096969604, -2.52948
9.006989, -0.075424194, -2.5558167
8.996216, -0.09336853, -2.4935608
9.020157, -0.099365234, -2.5234833
9.006989, -0.08140564, -2.4779968
8.99382, -0.08380127, -2.4995422
9.008179, -0.099365234, -2.4815826
9.017761, -0.099365234, -2.4792023
9.008179, -0.075424194, -2.4839783
9.010574, -0.0909729, -2.5282745
9.002197, -0.11730957, -2.5234833
9.042892, -0.08380127, -2.5031433
9.001007, -0.08140564, -2.5402527
8.977066, -0.046691895, -2.4911652
8.938751, -0.051467896, -2.4396973
8.965088, -0.051467896, -2.4768066
8.996216, -0.039505005, -2.4768066
9.002197, -0.044296265, -2.4636383
9.016571, -0.077804565, -2.5151062
9.006989, -0.05267334, -2.5067291
8.9830475, -0.08859253, -2.494751
8.978256, -0.096969604, -2.505539
9.01297, -0.070632935, -2.4624329
9.01297, -0.09336853, -2.4540558
8.999802, -0.070632935, -2.5079193
8.97467, -0.049087524, -2.4959564
8.9674835, -0.084991455, -2.4851837
8.9674835, -0.05506897, -2.4959564
8.97467, -0.05027771, -2.482788
8.990234, -0.05506897, -2.4815826
9.01178, -0.07421875, -2.525879
9.029724, -0.056259155, -2.5127106
9.015366, -0.082595825, -2.4803925
9.009384, -0.084991455, -2.494751
9.008179, -0.092178345, -2.498352
8.996216, -0.073028564, -2.5067291
8.999802, -0.077804565, -2.5007477
9.003403, -0.092178345, -2.4815826
9.001007, -0.080200195, -2.505539
9.03212, -0.0909729, -2.5031433
9.018951, -0.07182312, -2.5031433
9.017761, -0.05986023, -2.513916
8.999802, -0.07661438, -2.5486298
8.966278, -0.075424194, -2.5474243
8.998611, -0.034713745, -2.5019379
8.981842, -0.04548645, -2.537857
8.990234, -0.0574646, -2.5438385
8.992615, -0.065841675, -2.52948
8.996216, -0.08380127, -2.5677795
8.985443, -0.089782715, -2.5605927
8.991425, -0.07901001, -2.5917206
8.9830475, -0.073028564, -2.6108704
8.971069, -0.07901001, -2.589325
8.9830475, -0.101760864, -2.565384
8.981842, -0.07661438, -2.5605927
8.979446, -0.089782715, -2.6000977
8.9674835, -0.094573975, -2.601303
8.972275, -0.077804565, -2.5989075
8.963898, -0.08859253, -2.613266
8.969879, -0.08140564, -2.5785522
8.977066, -0.096969604, -2.597702
8.978256, -0.099365234, -2.6024933
8.969879, -0.0909729, -2.5486298
8.969879, -0.087387085, -2.561798
9.005783, -0.09576416, -2.5522156
8.989029, -0.08859253, -2.5594025
8.990234, -0.063446045, -2.5462341
9.001007, -0.087387085, -2.525879
8.978256, -0.06703186, -2.534256
9.006989, -0.07182312, -2.505539
9.028534, -0.07901001, -2.5043335
8.99382, -0.11013794, -2.5007477
8.984238, -0.104141235, -2.5426483
8.980652, -0.0861969, -2.5270844
9.042892, -0.089782715, -2.4792023
9.035721, -0.073028564, -2.5007477
9.023743, -0.08140564, -2.4756012
9.0620575, -0.0574646, -2.486374
9.026138, -0.053863525, -2.47081
9.018951, -0.075424194, -2.4456787
9.052475, -0.058654785, -2.4373016
9.035721, -0.039505005, -2.4229279
8.991425, -0.07661438, -2.4444733
9.041702, -0.03831482, -2.4301147
9.008179, -0.06463623, -2.434906
8.986633, -0.06463623, -2.434906
9.002197, -0.03831482, -2.4396973
8.996216, -0.05506897, -2.4480743
8.990234, -0.05506897, -2.4301147
9.006989, -0.07661438, -2.4636383
9.014175, -0.0574646, -2.4480743
9.015366, -0.04309082, -2.3894196
9.001007, -0.04788208, -2.4229279
8.99382, -0.022750854, -2.4624329
8.989029, -0.032318115, -2.4408875
8.991425, -0.044296265, -2.434906
8.992615, -0.053863525, -2.4815826
8.991425, -0.027526855, -2.4408875
9.004593, -0.063446045, -2.4612427
9.034515, -0.07901001, -2.4540558
8.996216, -0.07661438, -2.4241333
9.026138, -0.087387085, -2.443283
9.016571, -0.06463623, -2.4624329
8.99501, -0.073028564, -2.4911652
9.01297, -0.082595825, -2.4600372
8.981842, -0.09576416, -2.4672241
8.973465, -0.092178345, -2.4875793
8.965088, -0.056259155, -2.498352
8.968674, -0.080200195, -2.4600372
8.963898, -0.07182312, -2.4995422
8.977066, -0.070632935, -2.5198975
8.99382, -0.06463623, -2.5067291
8.981842, -0.06463623, -2.5115204
8.989029, -0.06703186, -2.5510254
8.986633, -0.07421875, -2.5713654
9.024948, -0.08140564, -2.5246887
9.021347, -0.106536865, -2.5402527
9.018951, -0.0861969, -2.5390472
9.03212, -0.104141235, -2.5546112
8.996216, -0.089782715, -2.5354614
9.014175, -0.084991455, -2.5510254
8.97467, -0.09576416, -2.5821533
8.9674835, -0.07901001, -2.6228485
8.97467, -0.080200195, -2.5594025
8.961502, -0.046691895, -2.5414429
8.950729, -0.015563965, -2.5546112
8.954315, -0.011978149, -2.5546112
8.981842, -0.013168335, -2.5713654
8.991425, -0.029922485, -2.545044
8.929169, -0.01914978, -2.5510254
8.978256, -0.032318115, -2.537857
8.980652, -0.04309082, -2.5234833
8.978256, -0.04069519, -2.5522156
9.006989, -0.068237305, -2.4971466
8.980652, -0.0861969, -2.466034
9.008179, -0.077804565, -2.4887695
8.99501, -0.056259155, -2.494751
8.9674835, -0.116119385, -2.4995422
9.010574, -0.101760864, -2.5462341
9.009384, -0.094573975, -2.5330658
9.015366, -0.068237305, -2.54982
8.9830475, -0.08859253, -2.5426483
8.956711, -0.070632935, -2.537857
8.981842, -0.046691895, -2.5641937
8.992615, -0.027526855, -2.52948
9.026138, -0.04788208, -2.5079193
8.999802, -0.053863525, -2.489975
9.0225525, -0.051467896, -2.47081
9.006989, -0.0861969, -2.5079193
9.017761, -0.082595825, -2.4851837
9.016571, -0.07421875, -2.4959564
9.0225525, -0.11013794, -2.4959564
8.99501, -0.077804565, -2.4959564
9.028534, -0.07421875, -2.4648285
9.045288, -0.096969604, -2.4612427
9.026138, -0.084991455, -2.4959564
9.004593, -0.0861969, -2.510315
8.991425, -0.084991455, -2.45047
8.987839, -0.0861969, -2.47081
8.980652, -0.077804565, -2.505539
8.978256, -0.0143585205, -2.5354614
8.950729, -0.032318115, -2.5390472
8.972275, -0.027526855, -2.5246887
8.968674, -0.039505005, -2.5210876
8.965088, -0.06463623, -2.5833435
9.005783, -0.04548645, -2.54982
9.050079, -0.051467896, -2.5210876
8.999802, -0.07421875, -2.5522156
8.992615, -0.06703186, -2.4696198
8.997406, -0.056259155, -2.510315
8.972275, -0.046691895, -2.510315
8.959106, -0.013168335, -2.4684296
8.959106, -0.04548645, -2.4325104
8.975861, -0.04548645, -2.47081
8.95311, -0.020355225, -2.4803925
8.930374, -0.017959595, -2.4552612
8.935165, -0.05506897, -2.4779968
8.9830475, -0.039505005, -2.5031433
8.984238, -0.03352356, -2.5282745
9.014175, -0.056259155, -2.5402527
9.002197, -0.07661438, -2.5414429
9.021347, -0.09815979, -2.5151062
9.002197, -0.07901001, -2.5151062
9.034515, -0.0909729, -2.558197
9.041702, -0.09815979, -2.510315
8.992615, -0.104141235, -2.5246887
9.004593, -0.087387085, -2.5318756
9.027344, -0.07182312, -2.5330658
8.984238, -0.075424194, -2.52948
8.984238, -0.06942749, -2.5366516
8.971069, -0.116119385, -2.5330658
8.992615, -0.10534668, -2.5306702
8.991425, -0.09576416, -2.494751
9.014175, -0.089782715, -2.505539
9.026138, -0.070632935, -2.5127106
9.058456, -0.11253357, -2.5486298
9.081207, -0.09815979, -2.5510254
9.046494, -0.0861969, -2.5318756
9.009384, -0.08380127, -2.592926
9.010574, -0.07421875, -2.577362
8.973465, -0.080200195, -2.5761566
8.941147, -0.053863525, -2.5558167
8.931564, -0.068237305, -2.5570068
8.968674, -0.07901001, -2.5462341
9.004593, -0.07901001, -2.534256
8.989029, -0.06225586, -2.5701752
8.99501, -0.05986023, -2.5570068
9.006989, -0.06942749, -2.561798
9.005783, -0.065841675, -2.5426483
8.980652, -0.08140564, -2.5234833
8.979446, -0.07421875, -2.5246887
9.01297, -0.07182312, -2.5043335
8.987839, -0.08380127, -2.5175018
8.955505, -0.09336853, -2.5210876
8.960297, -0.02154541, -2.4875793
8.9435425, -0.05506897, -2.486374
8.954315, -0.05267334, -2.537857
8.9435425, -0.056259155, -2.4935608
8.971069, -0.06942749, -2.505539
8.992615, -0.049087524, -2.513916
8.99501, -0.0574646, -2.5091248
9.01297, -0.05506897, -2.510315
8.9830475, -0.039505005, -2.5270844
8.962692, -0.05506897, -2.4839783
8.9674835, -0.065841675, -2.52948
9.008179, -0.0574646, -2.545044
8.950729, -0.06703186, -2.5605927
8.954315, -0.07421875, -2.5546112
8.998611, -0.080200195, -2.5462341
9.008179, -0.04069519, -2.5330658
9.026138, -0.05986023, -2.5438385
8.998611, -0.0861969, -2.5486298
8.975861, -0.063446045, -2.5438385
9.01297, -0.09336853, -2.5210876
9.01178, -0.06225586, -2.5629883
8.960297, -0.082595825, -2.4887695
8.9435425, -0.068237305, -2.5210876
8.978256, -0.082595825, -2.537857
8.968674, -0.05986023, -2.54982
8.996216, -0.04788208, -2.513916
8.99382, -0.084991455, -2.52948
8.99501, -0.09576416, -2.553421
9.03093, -0.07661438, -2.5151062
8.998611, -0.06942749, -2.52948
8.989029, -0.10055542, -2.5701752
9.035721, -0.096969604, -2.5486298
9.005783, -0.07182312, -2.5629883
8.991425, -0.06463623, -2.5594025
8.972275, -0.089782715, -2.561798
8.980652, -0.07901001, -2.5594025
8.955505, -0.08859253, -2.5414429
8.980652, -0.06942749, -2.534256
8.972275, -0.08380127, -2.5749664
9.001007, -0.07182312, -2.5641937
8.97467, -0.07182312, -2.5426483
8.97467, -0.073028564, -2.5246887
8.924393, -0.053863525, -2.545044
8.960297, -0.05506897, -2.5306702
8.997406, -0.051467896, -2.5234833
8.9830475, -0.05986023, -2.5282745
8.969879, -0.101760864, -2.5570068
8.95192, -0.073028564, -2.5246887
8.944733, -0.053863525, -2.5067291
8.961502, -0.06942749, -2.5462341
8.987839, -0.065841675, -2.5402527
8.992615, -0.070632935, -2.5187073
8.9674835, -0.06942749, -2.5079193
8.996216, -0.1197052, -2.5306702
9.024948, -0.087387085, -2.5330658
9.021347, -0.1149292, -2.5187073
9.046494, -0.108932495, -2.5438385
9.05368, -0.09576416, -2.5151062
9.024948, -0.1197052, -2.5318756
9.069229, -0.15681458, -2.5210876
9.068039, -0.14485168, -2.5151062
9.09079, -0.13168335, -2.5175018
9.076416, -0.14485168, -2.5210876
9.050079, -0.15083313, -2.513916
9.051285, -0.14724731, -2.4959564
9.015366, -0.123306274, -2.4851837
9.005783, -0.12210083, -2.4768066
9.004593, -0.092178345, -2.4995422
8.960297, -0.068237305, -2.4923706
8.966278, -0.06942749, -2.474411
9.005783, -0.037109375, -2.466034
8.980652, -0.027526855, -2.498352
8.9674835, -0.02154541, -2.5091248
9.014175, -0.046691895, -2.4959564
8.99382, -0.082595825, -2.4756012
8.999802, -0.046691895, -2.4696198
8.996216, -0.02394104, -2.522293
8.984238, -0.056259155, -2.5067291
8.941147, -0.056259155, -2.4935608
8.95192, -0.03831482, -2.4779968
8.950729, -0.027526855, -2.442093
8.971069, -0.041900635, -2.5318756
8.966278, -0.058654785, -2.4768066
8.963898, -0.065841675, -2.525879
8.968674, -0.063446045, -2.4803925
8.963898, -0.096969604, -2.4887695
8.973465, -0.04788208, -2.498352
8.941147, -0.07661438, -2.5151062
8.924393, -0.061050415, -2.5414429
8.950729, -0.06703186, -2.5594025
8.900452, -0.05986023, -2.5234833
8.898056, -0.056259155, -2.5091248
8.929169, -0.039505005, -2.4935608
8.948334, -0.05506897, -2.5031433
8.969879, -0.073028564, -2.5941162
8.980652, -0.068237305, -2.5558167
9.020157, -0.065841675, -2.553421
9.026138, -0.07661438, -2.5677795
9.015366, -0.07421875, -2.565384
9.047684, -0.096969604, -2.5426483
9.059662, -0.1149292, -2.5187073
9.023743, -0.14724731, -2.5605927
9.034515, -0.14364624, -2.601303
9.035721, -0.14724731, -2.5845337
9.039307, -0.14604187, -2.5749664
9.016571, -0.1304779, -2.601303
9.03212, -0.1257019, -2.6264343
9.015366, -0.089782715, -2.6024933
8.99382, -0.073028564, -2.6156616
8.99501, -0.120910645, -2.6216583
8.987839, -0.09576416, -2.6120758
8.980652, -0.07901001, -2.6348114
8.998611, -0.094573975, -2.620453
9.008179, -0.089782715, -2.6312256
9.03093, -0.10295105, -2.6120758
9.01297, -0.12808228, -2.6144714
9.027344, -0.104141235, -2.545044
9.004593, -0.106536865, -2.5665894
8.998611, -0.09576416, -2.5965118
8.980652, -0.0909729, -2.5989075
8.945938, -0.108932495, -2.5605927
8.944733, -0.111328125, -2.537857
8.95192, -0.044296265, -2.5701752
8.981842, -0.077804565, -2.52948
8.980652, -0.065841675, -2.5701752
9.008179, -0.068237305, -2.613266
9.015366, -0.08380127, -2.5785522
9.003403, -0.101760864, -2.5187073
9.009384, -0.056259155, -2.5486298
8.981842, -0.070632935, -2.5641937
8.944733, -0.073028564, -2.534256
8.965088, -0.077804565, -2.4935608
8.971069, -0.06463623, -2.4528656
8.930374, -0.082595825, -2.4624329
8.9279785, -0.108932495, -2.4564514
8.957901, -0.077804565, -2.45047
8.955505, -0.113723755, -2.4301147
8.981842, -0.120910645, -2.446869
9.027344, -0.06942749, -2.4564514
9.004593, -0.05027771, -2.4720154
8.972275, -0.063446045, -2.5546112
8.97467, -0.053863525, -2.5402527
9.004593, -0.0143585205, -2.6096802
8.910019, 0.0, -2.5785522
8.937561, -0.03831482, -2.5881348
8.924393, -0.03112793, -2.5809479
8.898056, 0.017959595, -2.5917206
8.906433, 0.03831482, -2.6491852
8.908829, 0.05267334, -2.6300354
8.874115, 0.029922485, -2.616867
8.869324, 0.025146484, -2.592926
8.896851, -0.008377075, -2.5869293
8.890869, -0.027526855, -2.5761566
8.910019, -0.03591919, -2.5546112
8.939957, -0.06225586, -2.5402527
8.997406, -0.06463623, -2.534256
9.003403, -0.113723755, -2.5234833
9.035721, -0.10295105, -2.510315
8.986633, -0.082595825, -2.5629883
9.033325, -0.111328125, -2.6072845
9.026138, -0.16758728, -2.6312256
9.042892, -0.15802002, -2.5486298
9.033325, -0.13887024, -2.5366516
9.026138, -0.12689209, -2.5701752
9.033325, -0.1592102, -2.6000977
9.010574, -0.1376648, -2.5749664
9.040512, -0.1592102, -2.5785522
9.03093, -0.11730957, -2.5522156
9.063248, -0.14485168, -2.513916
9.047684, -0.14724731, -2.5234833
9.03093, -0.13168335, -2.522293
9.026138, -0.123306274, -2.486374
9.047684, -0.1257019, -2.4684296
9.009384, -0.09336853, -2.4732056
9.018951, -0.07421875, -2.4792023
8.999802, -0.104141235, -2.4923706
8.975861, -0.11730957, -2.5282745
9.014175, -0.08380127, -2.537857
9.034515, -0.05506897, -2.5510254
8.997406, -0.08380127, -2.5510254
9.026138, -0.087387085, -2.5546112
8.99382, -0.07421875, -2.5414429
8.99382, -0.046691895, -2.505539
8.956711, -0.068237305, -2.4935608
8.979446, -0.046691895, -2.52948
8.97467, -0.029922485, -2.525879
8.968674, -0.058654785, -2.4935608
8.989029, -0.05267334, -2.5151062
9.014175, -0.077804565, -2.5175018
9.010574, -0.101760864, -2.4887695
8.969879, -0.094573975, -2.5091248
8.986633, -0.089782715, -2.5282745
8.985443, -0.068237305, -2.5031433
8.968674, -0.03831482, -2.513916
8.978256, -0.01914978, -2.5187073
8.966278, -0.025146484, -2.5522156
8.996216, -0.01675415, -2.5629883
8.987839, -0.0287323, -2.510315
8.950729, -0.05506897, -2.52948
8.9435425, -0.063446045, -2.52948
8.960297, -0.08859253, -2.5091248
8.969879, -0.08380127, -2.5175018
9.020157, -0.09576416, -2.5163116
8.986633, -0.08380127, -2.5354614
8.950729, -0.077804565, -2.5510254
8.968674, -0.0574646, -2.5366516
8.973465, -0.06225586, -2.5402527
8.989029, -0.034713745, -2.5749664
8.960297, -0.049087524, -2.5917206
8.960297, -0.075424194, -2.62883
8.9674835, -0.09576416, -2.6539764
8.963898, -0.12210083, -2.656372
8.949524, -0.11730957, -2.6276398
8.966278, -0.12449646, -2.6336212
8.971069, -0.111328125, -2.6515808
8.939957, -0.12689209, -2.6455994
8.9674835, -0.118515015, -2.6180573
8.954315, -0.14964294, -2.597702
8.921997, -0.14604187, -2.632431
8.955505, -0.16041565, -2.6312256
8.949524, -0.1376648, -2.62883
8.973465, -0.11253357, -2.6432037
8.99382, -0.12928772, -2.659958
8.989029, -0.11253357, -2.6898804
8.979446, -0.11730957, -2.7102356
8.969879, -0.0909729, -2.6659393
9.020157, -0.07661438, -2.7126312
8.986633, -0.082595825, -2.7090454
8.954315, -0.104141235, -2.6934814
8.95192, -0.08380127, -2.7042542
8.949524, -0.0574646, -2.6779175
8.908829, -0.04788208, -2.6455994
8.89566, -0.099365234, -2.6024933
8.908829, -0.077804565, -2.60849
8.93277, -0.082595825, -2.5558167
8.925583, -0.09815979, -2.5115204
8.954315, -0.10295105, -2.5019379
8.963898, -0.087387085, -2.52948
8.959106, -0.092178345, -2.5246887
8.999802, -0.10534668, -2.52948
9.018951, -0.087387085, -2.5402527
9.009384, -0.10534668, -2.537857
9.006989, -0.065841675, -2.601303
9.009384, -0.09576416, -2.6072845
9.034515, -0.111328125, -2.6264343
9.046494, -0.096969604, -2.6180573
9.003403, -0.118515015, -2.6072845
9.020157, -0.12928772, -2.6432037
9.036911, -0.12210083, -2.5917206
9.002197, -0.12449646, -2.5438385
8.989029, -0.12449646, -2.525879
9.0225525, -0.113723755, -2.4792023
9.017761, -0.104141235, -2.4732056
9.005783, -0.096969604, -2.4516602
8.980652, -0.094573975, -2.4133606
9.003403, -0.07421875, -2.4301147
9.004593, -0.10055542, -2.4492645
8.990234, -0.0861969, -2.443283
8.97467, -0.065841675, -2.4181366
8.9435425, -0.051467896, -2.446869
8.950729, -0.0287323, -2.537857
9.001007, -0.04788208, -2.5438385
8.998611, -0.075424194, -2.4911652
9.024948, -0.053863525, -2.5522156
9.059662, -0.0861969, -2.5115204
9.026138, -0.1149292, -2.5163116
9.0620575, -0.11253357, -2.4923706
9.026138, -0.13287354, -2.4792023
8.999802, -0.123306274, -2.4684296
8.991425, -0.116119385, -2.4792023
8.972275, -0.11013794, -2.4205322
8.959106, -0.084991455, -2.4133606
8.975861, -0.10774231, -2.4301147
8.989029, -0.096969604, -2.4552612
8.977066, -0.077804565, -2.4959564
8.971069, -0.06942749, -2.4720154
9.010574, -0.082595825, -2.54982
8.997406, -0.075424194, -2.5426483
8.962692, -0.058654785, -2.54982
8.975861, -0.077804565, -2.573761
9.001007, -0.082595825, -2.5941162
8.987839, -0.096969604, -2.6300354
8.97467, -0.09576416, -2.637207
8.989029, -0.08380127, -2.5917206
8.978256, -0.07661438, -2.5809479
8.971069, -0.099365234, -2.5989075
8.955505, -0.087387085, -2.6192627
8.987839, -0.10295105, -2.601303
8.901642, -0.11253357, -2.640808
8.935165, -0.111328125, -2.6539764
8.999802, -0.09815979, -2.6180573
8.980652, -0.12808228, -2.6419983
8.999802, -0.13287354, -2.676712
9.005783, -0.13407898, -2.637207
9.009384, -0.15681458, -2.695877
9.01297, -0.1879425, -2.6874847
9.01297, -0.13526917, -2.6731262
9.003403, -0.13887024, -2.6791077
8.986633, -0.1257019, -2.656372
8.973465, -0.10534668, -2.6647491
8.949524, -0.106536865, -2.6707306
8.930374, -0.10774231, -2.676712
8.938751, -0.111328125, -2.7138214
8.923187, -0.1376648, -2.6539764
8.949524, -0.092178345, -2.6515808
8.955505, -0.10774231, -2.6419983
8.954315, -0.116119385, -2.6192627
8.942337, -0.104141235, -2.604889
8.981842, -0.07421875, -2.5785522
8.972275, -0.08140564, -2.5857391
8.942337, -0.082595825, -2.5641937
8.93277, -0.0574646, -2.553421
8.944733, -0.08380127, -2.5402527
8.949524, -0.10774231, -2.5354614
8.937561, -0.094573975, -2.5354614
8.979446, -0.104141235, -2.5414429
8.998611, -0.09815979, -2.5833435
9.003403, -0.12449646, -2.573761
9.036911, -0.14964294, -2.5809479
9.060852, -0.14245605, -2.5546112
9.071625, -0.15441895, -2.5713654
9.038116, -0.15681458, -2.565384
9.070435, -0.1663971, -2.5306702
9.054871, -0.15681458, -2.4911652
9.046494, -0.15203857, -2.505539
9.0620575, -0.14964294, -2.4779968
9.050079, -0.12449646, -2.4492645
9.042892, -0.10774231, -2.4552612
8.973465, -0.073028564, -2.4444733
8.985443, -0.051467896, -2.4408875
8.971069, -0.06463623, -2.4408875
8.95311, -0.06463623, -2.4121552
8.956711, -0.058654785, -2.4097595
8.998611, -0.07661438, -2.4229279
8.997406, -0.06703186, -2.4384918
8.9830475, -0.056259155, -2.407364
9.01178, -0.0861969, -2.403778
9.002197, -0.058654785, -2.4480743
8.9674835, -0.05027771, -2.4408875
8.949524, -0.075424194, -2.47081
8.9830475, -0.077804565, -2.510315
8.984238, -0.084991455, -2.4971466
9.002197, -0.09336853, -2.5282745
9.01178, -0.10055542, -2.5629883
9.006989, -0.08380127, -2.5558167
8.998611, -0.07661438, -2.537857
8.999802, -0.09815979, -2.5629883
8.973465, -0.113723755, -2.5665894
8.981842, -0.089782715, -2.5306702
8.938751, -0.070632935, -2.5917206
8.916, -0.07661438, -2.60849
8.935165, -0.089782715, -2.5091248
8.929169, -0.08140564, -2.5522156
8.9435425, -0.101760864, -2.5905304
8.937561, -0.075424194, -2.553421
8.949524, -0.056259155, -2.5522156
8.959106, -0.063446045, -2.553421
8.987839, -0.065841675, -2.561798
8.981842, -0.05267334, -2.6024933
8.999802, -0.073028564, -2.6120758
9.017761, -0.07661438, -2.6240387
8.989029, -0.099365234, -2.659958
8.980652, -0.1304779, -2.6659393
8.981842, -0.118515015, -2.6695404
9.016571, -0.14364624, -2.644394
8.985443, -0.13168335, -2.6419983
8.984238, -0.10534668, -2.6432037
8.969879, -0.123306274, -2.6060944
8.939957, -0.12689209, -2.5953217
8.985443, -0.12689209, -2.6276398
8.978256, -0.11730957, -2.6264343
8.978256, -0.096969604, -2.5989075
8.912415, -0.096969604, -2.6384125
8.908829, -0.104141235, -2.6419983
8.931564, -0.061050415, -2.616867
8.950729, -0.065841675, -2.6264343
8.960297, -0.10055542, -2.6455994
8.931564, -0.094573975, -2.661148
8.950729, -0.101760864, -2.676712
8.961502, -0.10295105, -2.6539764
8.990234, -0.108932495, -2.5941162
9.03212, -0.11013794, -2.5797577
8.996216, -0.11013794, -2.5941162
9.027344, -0.094573975, -2.613266
9.015366, -0.08140564, -2.5989075
9.01178, -0.08859253, -2.6120758
8.999802, -0.09576416, -2.5857391
9.004593, -0.111328125, -2.545044
8.971069, -0.1257019, -2.5354614
8.999802, -0.1197052, -2.5546112
8.99501, -0.12928772, -2.5246887
9.004593, -0.13168335, -2.513916
9.03093, -0.12808228, -2.5270844
9.039307, -0.118515015, -2.5366516
9.01297, -0.10295105, -2.4923706
8.971069, -0.101760864, -2.553421
9.01178, -0.096969604, -2.5306702
9.005783, -0.084991455, -2.5426483
8.9674835, -0.092178345, -2.52948
8.960297, -0.0861969, -2.5043335
8.987839, -0.063446045, -2.54982
8.963898, -0.08140564, -2.5594025
8.969879, -0.10774231, -2.5605927
8.996216, -0.11013794, -2.513916
8.987839, -0.06942749, -2.4875793
8.989029, -0.099365234, -2.5067291
8.991425, -0.089782715, -2.5043335
8.990234, -0.07901001, -2.5462341
8.960297, -0.104141235, -2.5390472
8.968674, -0.07661438, -2.5198975
8.955505, -0.05986023, -2.522293
8.902832, -0.04548645, -2.5438385
8.908829, -0.017959595, -2.565384
8.9279785, -0.03831482, -2.5510254
8.95192, -0.03112793, -2.5270844
8.957901, -0.05506897, -2.4959564
8.984238, -0.03831482, -2.486374
9.018951, -0.080200195, -2.5629883
9.03212, -0.092178345, -2.5701752
8.999802, -0.0909729, -2.5594025
8.985443, -0.12210083, -2.5594025
9.006989, -0.116119385, -2.5306702
8.987839, -0.12689209, -2.5366516
8.939957, -0.10534668, -2.5725708
8.950729, -0.11253357, -2.5330658
8.949524, -0.0909729, -2.5845337
8.941147, -0.09576416, -2.5701752
8.945938, -0.09576416, -2.5570068
8.992615, -0.068237305, -2.5785522
8.987839, -0.06942749, -2.6216583
8.979446, -0.07421875, -2.6060944
8.965088, -0.092178345, -2.5905304
8.990234, -0.073028564, -2.5989075
9.009384, -0.120910645, -2.604889
8.965088, -0.13887024, -2.6659393
8.956711, -0.10534668, -2.5797577
8.969879, -0.108932495, -2.558197
8.955505, -0.118515015, -2.6108704
8.931564, -0.10295105, -2.6144714
8.954315, -0.11013794, -2.6072845
8.949524, -0.108932495, -2.589325
8.984238, -0.099365234, -2.6360168
8.979446, -0.113723755, -2.6120758
8.977066, -0.084991455, -2.6384125
8.936356, -0.106536865, -2.6743164
8.990234, -0.087387085, -2.6432037
8.999802, -0.106536865, -2.6384125
8.971069, -0.1149292, -2.6779175
9.001007, -0.111328125, -2.671936
8.979446, -0.13407898, -2.6419983
8.989029, -0.120910645, -2.6396027
8.956711, -0.10055542, -2.640808
8.987839, -0.15203857, -2.6036987
8.990234, -0.13647461, -2.5797577
9.003403, -0.11013794, -2.5438385
8.980652, -0.13526917, -2.592926
8.978256, -0.13168335, -2.5905304
8.956711, -0.12689209, -2.620453
8.977066, -0.106536865, -2.6024933
8.996216, -0.118515015, -2.5953217
8.986633, -0.1304779, -2.6503754
8.945938, -0.106536865, -2.6707306
9.023743, -0.106536865, -2.6156616
9.026138, -0.111328125, -2.6659393
8.996216, -0.13526917, -2.6815033
8.9830475, -0.1149292, -2.6396027
8.991425, -0.13647461, -2.6120758
8.956711, -0.14964294, -2.589325
8.950729, -0.111328125, -2.5845337
8.938751, -0.106536865, -2.5677795
8.949524, -0.10774231, -2.577362
8.95311, -0.12210083, -2.5438385
8.981842, -0.08859253, -2.5234833
8.969879, -0.080200195, -2.5330658
9.002197, -0.09815979, -2.5414429
9.020157, -0.101760864, -2.553421
9.033325, -0.09336853, -2.5677795
9.006989, -0.094573975, -2.5594025
8.990234, -0.08140564, -2.522293
8.99382, -0.082595825, -2.5354614
8.969879, -0.11013794, -2.5390472
8.987839, -0.063446045, -2.5187073
8.980652, -0.063446045, -2.5115204
8.926788, -0.058654785, -2.5187073
8.93396, -0.051467896, -2.482788
8.935165, -0.04069519, -2.4803925
8.941147, -0.03831482, -2.505539
8.935165, -0.05506897, -2.52948
8.930374, -0.084991455, -2.4923706
8.95192, -0.080200195, -2.5007477
8.966278, -0.0909729, -2.5605927
8.990234, -0.092178345, -2.5390472
8.989029, -0.09576416, -2.5354614
8.999802, -0.101760864, -2.5354614
8.986633, -0.108932495, -2.4600372
8.975861, -0.065841675, -2.505539
8.95192, -0.07661438, -2.545044
8.930374, -0.0574646, -2.5318756
8.919601, -0.046691895, -2.565384
8.938751, -0.05267334, -2.5965118
8.95192, -0.039505005, -2.5641937
8.929169, -0.05027771, -2.5869293
8.93396, -0.07661438, -2.613266
8.95311, -0.089782715, -2.632431
8.977066, -0.09576416, -2.62883
8.969879, -0.10774231, -2.6491852
8.977066, -0.094573975, -2.6779175
8.9674835, -0.07661438, -2.6419983
8.947128, -0.03112793, -2.6479797
8.944733, -0.0574646, -2.6300354
8.899246, -0.056259155, -2.6755219
8.894455, -0.063446045, -2.671936
8.936356, -0.080200195, -2.6455994
8.920792, -0.06703186, -2.632431
8.972275, -0.104141235, -2.6419983
8.991425, -0.13647461, -2.6695404
9.004593, -0.15441895, -2.6300354
9.01178, -0.14724731, -2.6587677
9.01178, -0.14125061, -2.668335
9.024948, -0.15322876, -2.652771
9.014175, -0.15203857, -2.62883
8.990234, -0.15083313, -2.6300354
8.99382, -0.17477417, -2.6647491
8.99382, -0.14006042, -2.6851044
8.996216, -0.16160583, -2.6635437
8.989029, -0.18675232, -2.7186127
8.991425, -0.15681458, -2.7138214
8.987839, -0.15681458, -2.7030487
9.014175, -0.15322876, -2.7293854
9.035721, -0.17477417, -2.6851044
9.040512, -0.15203857, -2.6791077
9.050079, -0.15203857, -2.6432037
9.01297, -0.14485168, -2.637207
9.006989, -0.13168335, -2.597702
8.999802, -0.12689209, -2.5989075
9.003403, -0.1304779, -2.5701752
8.999802, -0.12928772, -2.5881348
9.027344, -0.14006042, -2.573761
8.997406, -0.10774231, -2.558197
8.966278, -0.077804565, -2.5354614
9.005783, -0.094573975, -2.4911652
8.99382, -0.09576416, -2.513916
8.990234, -0.082595825, -2.5210876
8.977066, -0.070632935, -2.4923706
8.950729, -0.0574646, -2.4756012
8.95192, -0.080200195, -2.5163116
8.95311, -0.05986023, -2.4779968
8.959106, -0.04309082, -2.4923706
8.965088, -0.03831482, -2.4959564
8.941147, -0.03352356, -2.4456787
8.930374, -0.02633667, -2.4624329
8.957901, -0.010772705, -2.4875793
8.935165, -0.025146484, -2.5187073
8.896851, -0.04548645, -2.4648285
8.941147, -0.03831482, -2.4600372
8.9435425, -0.05506897, -2.4756012
8.93277, -0.03831482, -2.4696198
8.904037, -0.0143585205, -2.4408875
8.900452, -0.058654785, -2.5438385
8.930374, -0.07901001, -2.513916
8.949524, -0.046691895, -2.4636383
9.008179, -0.05506897, -2.5641937
8.977066, -0.101760864, -2.6108704
8.990234, -0.101760864, -2.5857391
8.972275, -0.099365234, -2.5486298
8.969879, -0.096969604, -2.5605927
8.973465, -0.11013794, -2.589325
8.969879, -0.096969604, -2.6096802
8.944733, -0.104141235, -2.6036987
8.935165, -0.096969604, -2.6108704
8.939957, -0.089782715, -2.6120758
8.95311, -0.09576416, -2.5857391
8.949524, -0.09815979, -2.6348114
8.93396, -0.073028564, -2.6300354
8.9435425, -0.099365234, -2.6587677
8.963898, -0.06703186, -2.6587677
8.97467, -0.11730957, -2.6707306
8.981842, -0.14125061, -2.6515808
9.01178, -0.14006042, -2.6707306
9.033325, -0.15203857, -2.6348114
9.051285, -0.15562439, -2.6551666
9.008179, -0.15203857, -2.6886902
9.010574, -0.16998291, -2.6432037
8.996216, -0.16400146, -2.6551666
8.9435425, -0.14964294, -2.6635437
8.950729, -0.16998291, -2.62883
8.9674835, -0.14006042, -2.652771
8.968674, -0.099365234, -2.6396027
8.949524, -0.104141235, -2.6455994
8.978256, -0.12449646, -2.6827087
8.980652, -0.16041565, -2.6192627
9.023743, -0.1484375, -2.6300354
9.015366, -0.13887024, -2.6755219
9.006989, -0.14006042, -2.637207
9.015366, -0.12210083, -2.640808
9.03212, -0.116119385, -2.5869293
8.996216, -0.12449646, -2.6072845
8.978256, -0.11730957, -2.54982
8.963898, -0.123306274, -2.513916
8.973465, -0.108932495, -2.5953217
8.978256, -0.13168335, -2.558197
8.966278, -0.089782715, -2.5486298
9.003403, -0.08859253, -2.5282745
8.984238, -0.111328125, -2.4887695
9.008179, -0.09336853, -2.5330658
8.979446, -0.094573975, -2.5366516
8.979446, -0.11730957, -2.505539
8.966278, -0.08859253, -2.5210876
8.954315, -0.0909729, -2.5677795
8.97467, -0.080200195, -2.5546112
8.963898, -0.06942749, -2.5115204
8.939957, -0.061050415, -2.505539
8.916, -0.0574646, -2.5306702
8.918396, -0.075424194, -2.4756012
8.91481, -0.06703186, -2.486374
8.939957, -0.063446045, -2.5127106
8.956711, -0.065841675, -2.486374
8.926788, -0.073028564, -2.498352
8.95192, -0.06942749, -2.5366516
8.920792, -0.08859253, -2.5127106
8.9279785, -0.06463623, -2.558197
8.948334, -0.065841675, -2.5989075
8.921997, -0.08859253, -2.6491852
8.948334, -0.06463623, -2.644394
8.981842, -0.09815979, -2.6312256
8.979446, -0.082595825, -2.5833435
8.987839, -0.087387085, -2.5713654
8.963898, -0.096969604, -2.5761566
8.942337, -0.09336853, -2.5546112
8.957901, -0.104141235, -2.5629883
8.959106, -0.10534668, -2.5725708
8.917206, -0.07901001, -2.5833435
8.931564, -0.077804565, -2.5989075
8.979446, -0.1149292, -2.6072845
8.996216, -0.13526917, -2.604889
9.001007, -0.13887024, -2.6108704
8.986633, -0.14006042, -2.6300354
9.057266, -0.16998291, -2.6755219
9.050079, -0.1663971, -2.6731262
9.036911, -0.15203857, -2.6791077
9.038116, -0.15083313, -2.6731262
9.006989, -0.1771698, -2.6731262
8.996216, -0.17837524, -2.6551666
8.999802, -0.17956543, -2.6503754
8.979446, -0.15441895, -2.6491852
8.978256, -0.14245605, -2.62883
9.006989, -0.15203857, -2.6384125
9.024948, -0.14485168, -2.6108704
9.054871, -0.13647461, -2.6036987
9.050079, -0.13526917, -2.5665894
9.020157, -0.13287354, -2.589325
9.039307, -0.116119385, -2.6216583
9.010574, -0.1257019, -2.5809479
8.977066, -0.13168335, -2.5953217
8.999802, -0.111328125, -2.5857391
8.991425, -0.106536865, -2.589325
8.97467, -0.08140564, -2.5869293
8.968674, -0.082595825, -2.5510254
8.938751, -0.099365234, -2.54982
8.941147, -0.084991455, -2.4792023
8.950729, -0.10534668, -2.5306702
8.945938, -0.082595825, -2.5438385
8.941147, -0.08140564, -2.4636383
8.935165, -0.063446045, -2.5007477
8.944733, -0.08140564, -2.553421
8.972275, -0.073028564, -2.5330658
8.957901, -0.051467896, -2.577362
8.949524, -0.061050415, -2.568985
8.962692, -0.075424194, -2.5821533
8.959106, -0.0574646, -2.553421
8.960297, -0.044296265, -2.5402527
8.939957, -0.04788208, -2.565384
8.989029, -0.06463623, -2.5151062
8.936356, -0.068237305, -2.5115204
8.912415, -0.049087524, -2.5175018
8.938751, -0.06703186, -2.4839783
8.937561, -0.07661438, -2.4839783
8.95311, -0.09336853, -2.5198975
8.95192, -0.09336853, -2.5079193
8.963898, -0.08140564, -2.5570068
8.977066, -0.108932495, -2.5438385
9.035721, -0.12808228, -2.5785522
9.040512, -0.111328125, -2.6432037
9.018951, -0.120910645, -2.6336212
9.0225525, -0.12689209, -2.652771
9.008179, -0.123306274, -2.6635437
9.029724, -0.106536865, -2.6264343
9.010574, -0.1149292, -2.6024933
8.945938, -0.120910645, -2.5941162
8.9435425, -0.12808228, -2.568985
8.929169, -0.11253357, -2.5486298
8.901642, -0.082595825, -2.5809479
8.923187, -0.08380127, -2.5989075
8.907623, -0.080200195, -2.6300354
8.935165, -0.073028564, -2.6671448
8.977066, -0.096969604, -2.656372
8.989029, -0.10055542, -2.6635437
8.996216, -0.10534668, -2.7042542
9.034515, -0.13287354, -2.6827087
9.047684, -0.14245605, -2.6791077
9.01297, -0.1257019, -2.680313
9.017761, -0.13647461, -2.6815033
8.981842, -0.118515015, -2.6491852
8.972275, -0.1376648, -2.6300354
8.95311, -0.12449646, -2.5989075
8.887283, -0.101760864, -2.5917206
8.916, -0.099365234, -2.613266
8.935165, -0.099365234, -2.5677795
8.956711, -0.09576416, -2.513916
8.965088, -0.087387085, -2.558197
8.960297, -0.05986023, -2.6479797
8.99382, -0.053863525, -2.5953217
9.045288, -0.104141235, -2.6000977
9.075226, -0.14485168, -2.6228485
8.999802, -0.14485168, -2.6156616
9.039307, -0.16520691, -2.6192627
9.017761, -0.15083313, -2.5809479
8.992615, -0.1484375, -2.5366516
9.002197, -0.14964294, -2.5330658
8.941147, -0.1304779, -2.498352
8.910019, -0.118515015, -2.5390472
8.925583, -0.09576416, -2.525879
8.902832, -0.080200195, -2.5354614
8.948334, -0.101760864, -2.5749664
8.979446, -0.116119385, -2.6096802
9.014175, -0.12449646, -2.5881348
9.03093, -0.111328125, -2.6036987
9.039307, -0.123306274, -2.601303
9.050079, -0.11730957, -2.6024933
9.01297, -0.113723755, -2.601303
8.9830475, -0.094573975, -2.5845337
8.972275, -0.06942749, -2.5641937
8.95192, -0.063446045, -2.577362
8.936356, -0.077804565, -2.5522156
8.924393, -0.089782715, -2.5665894
8.908829, -0.06225586, -2.5438385
8.917206, -0.0861969, -2.5677795
8.938751, -0.08859253, -2.5390472
8.916, -0.082595825, -2.5785522
8.959106, -0.094573975, -2.5905304
8.999802, -0.10055542, -2.5809479
8.9830475, -0.08140564, -2.6144714
8.975861, -0.0861969, -2.6120758
8.99382, -0.104141235, -2.6036987
8.962692, -0.094573975, -2.6264343
8.95192, -0.07182312, -2.6120758
8.935165, -0.08859253, -2.6192627
8.9279785, -0.07182312, -2.5546112
8.918396, -0.056259155, -2.5905304
8.896851, -0.089782715, -2.5833435
8.926788, -0.07421875, -2.597702
8.984238, -0.06942749, -2.5833435
8.95311, -0.0909729, -2.5725708
9.005783, -0.11253357, -2.616867
9.03093, -0.15083313, -2.6515808
9.033325, -0.15083313, -2.637207
9.068039, -0.15441895, -2.601303
9.063248, -0.14006042, -2.644394
9.054871, -0.12808228, -2.6623535
9.003403, -0.123306274, -2.6096802
8.949524, -0.101760864, -2.6432037
8.950729, -0.09815979, -2.640808
8.905228, -0.06942749, -2.6108704
8.910019, -0.08380127, -2.601303
8.960297, -0.08140564, -2.6192627
9.004593, -0.0861969, -2.6180573
8.987839, -0.10774231, -2.5677795
9.027344, -0.14485168, -2.5641937
9.048889, -0.14125061, -2.5629883
9.063248, -0.15083313, -2.5510254
9.040512, -0.14125061, -2.5570068
8.992615, -0.15802002, -2.5713654
8.971069, -0.13407898, -2.5953217
8.917206, -0.10774231, -2.5594025
8.912415, -0.05506897, -2.640808
8.875305, -0.084991455, -2.597702
8.887283, -0.05986023, -2.6312256
8.916, -0.0909729, -2.6503754
8.917206, -0.080200195, -2.6455994
8.986633, -0.111328125, -2.6300354
9.041702, -0.10534668, -2.6096802
9.010574, -0.123306274, -2.5905304
9.034515, -0.10774231, -2.568985
9.042892, -0.12449646, -2.5677795
9.0225525, -0.14006042, -2.553421
8.99501, -0.104141235, -2.5438385
9.01178, -0.1257019, -2.553421
9.004593, -0.16400146, -2.5629883
8.979446, -0.16041565, -2.5665894
8.987839, -0.17237854, -2.5809479
8.990234, -0.15203857, -2.5857391
8.990234, -0.15203857, -2.5989075
8.984238, -0.16041565, -2.6096802
8.99501, -0.17118835, -2.644394
8.989029, -0.15203857, -2.6432037
8.979446, -0.13647461, -2.6635437
8.961502, -0.111328125, -2.6623535
8.95311, -0.07901001, -2.6419983
8.931564, -0.075424194, -2.6491852
8.93277, -0.06703186, -2.659958
8.954315, -0.05027771, -2.6024933
8.939957, -0.05267334, -2.5881348
8.942337, -0.08380127, -2.5522156
8.965088, -0.058654785, -2.537857
9.003403, -0.106536865, -2.5282745
9.008179, -0.113723755, -2.5067291
9.005783, -0.10534668, -2.4923706
9.005783, -0.1304779, -2.458847
8.997406, -0.1149292, -2.4720154
8.986633, -0.113723755, -2.482788
8.960297, -0.077804565, -2.5091248
8.954315, -0.07421875, -2.537857
8.954315, -0.077804565, -2.5151062
8.910019, -0.089782715, -2.5198975
8.918396, -0.063446045, -2.5438385
8.931564, -0.05027771, -2.5522156
8.961502, -0.06463623, -2.5426483
8.961502, -0.04788208, -2.545044
8.950729, -0.03352356, -2.5629883
8.960297, -0.061050415, -2.5546112
9.003403, -0.05506897, -2.510315
8.996216, -0.10774231, -2.5198975
9.035721, -0.104141235, -2.5163116
8.999802, -0.09336853, -2.47081
8.990234, -0.096969604, -2.5067291
8.977066, -0.06942749, -2.482788
8.979446, -0.0861969, -2.4456787
9.014175, -0.08140564, -2.458847
8.989029, -0.082595825, -2.4768066
8.972275, -0.075424194, -2.525879
8.968674, -0.10055542, -2.4959564
8.9830475, -0.0861969, -2.486374
8.954315, -0.08140564, -2.5438385
8.979446, -0.07421875, -2.5390472
8.975861, -0.089782715, -2.5629883
8.968674, -0.094573975, -2.577362
8.99382, -0.08859253, -2.5917206
8.977066, -0.09576416, -2.6036987
8.987839, -0.092178345, -2.6419983
9.001007, -0.116119385, -2.6815033
8.996216, -0.13287354, -2.656372
9.03212, -0.08859253, -2.6300354
8.981842, -0.11013794, -2.6240387
9.009384, -0.108932495, -2.6216583
8.99501, -0.10295105, -2.6156616
8.95311, -0.13287354, -2.6384125
8.955505, -0.11730957, -2.6336212
8.919601, -0.118515015, -2.6647491
8.899246, -0.118515015, -2.6862946
8.95311, -0.10295105, -2.680313
8.91481, -0.10534668, -2.6851044
8.910019, -0.111328125, -2.7413635
8.9435425, -0.0861969, -2.7377625
8.93277, -0.106536865, -2.7509308
8.918396, -0.11730957, -2.7281952
8.95311, -0.09576416, -2.7425537
8.912415, -0.104141235, -2.755722
8.899246, -0.10295105, -2.7269897
8.926788, -0.10774231, -2.7485504
8.918396, -0.111328125, -2.6970673
8.906433, -0.1257019, -2.6623535
8.905228, -0.10534668, -2.6815033
8.923187, -0.101760864, -2.6815033
8.942337, -0.089782715, -2.7126312
8.956711, -0.077804565, -2.6623535
8.937561, -0.099365234, -2.6264343
8.948334, -0.13168335, -2.6491852
8.954315, -0.108932495, -2.6180573
8.962692, -0.07901001, -2.6503754
8.957901, -0.10774231, -2.6539764
8.938751, -0.087387085, -2.6360168
8.972275, -0.10534668, -2.601303
8.97467, -0.089782715, -2.5749664
8.969879, -0.099365234, -2.6156616
8.986633, -0.09336853, -2.5917206
8.998611, -0.089782715, -2.597702
9.002197, -0.11013794, -2.5869293
8.999802, -0.108932495, -2.5330658
8.992615, -0.11253357, -2.5402527
8.957901, -0.068237305, -2.5127106
8.985443, -0.101760864, -2.513916
8.966278, -0.104141235, -2.4756012
8.97467, -0.106536865, -2.4756012
8.980652, -0.1149292, -2.4301147
9.017761, -0.092178345, -2.427719
8.984238, -0.075424194, -2.4337006
8.986633, -0.08140564, -2.442093
8.972275, -0.070632935, -2.4241333
9.018951, -0.070632935, -2.4325104
9.021347, -0.104141235, -2.4121552
9.054871, -0.084991455, -2.4121552
9.034515, -0.070632935, -2.4205322
8.99501, -0.07661438, -2.431305
9.006989, -0.09576416, -2.434906
9.035721, -0.08140564, -2.4253235
9.028534, -0.1197052, -2.3918
9.03212, -0.111328125, -2.3702545
9.027344, -0.099365234, -2.388214
9.038116, -0.12808228, -2.3918
9.041702, -0.12210083, -2.379837
9.024948, -0.11730957, -2.3965912
9.065643, -0.118515015, -2.402588
9.035721, -0.12928772, -2.402588
8.998611, -0.13168335, -2.4253235
9.01297, -0.13407898, -2.443283
9.006989, -0.13647461, -2.431305
9.01297, -0.13168335, -2.403778
9.010574, -0.13647461, -2.4528656
9.033325, -0.14125061, -2.4803925
9.017761, -0.16400146, -2.4600372
9.027344, -0.16041565, -2.45047
9.01178, -0.16041565, -2.494751
9.052475, -0.16998291, -2.5067291
9.03093, -0.18554688, -2.5127106
9.034515, -0.20350647, -2.5091248
9.042892, -0.18554688, -2.5629883
9.040512, -0.16520691, -2.5881348
9.064453, -0.18315125, -2.565384
9.07283, -0.17237854, -2.5725708
9.058456, -0.18914795, -2.5641937
9.040512, -0.18075562, -2.5881348
9.028534, -0.1879425, -2.6156616
9.051285, -0.19871521, -2.616867
9.035721, -0.18914795, -2.6240387
8.997406, -0.18315125, -2.6180573
8.996216, -0.16160583, -2.6072845
9.016571, -0.18435669, -2.6300354
9.004593, -0.15802002, -2.6467896
8.95192, -0.15203857, -2.6000977
9.01297, -0.16160583, -2.601303
8.986633, -0.14485168, -2.601303
8.981842, -0.13887024, -2.5905304
9.004593, -0.14006042, -2.6096802
9.01297, -0.15441895, -2.659958
9.006989, -0.1376648, -2.6455994
8.954315, -0.14724731, -2.592926
8.95192, -0.1304779, -2.5881348
8.996216, -0.10534668, -2.54982
8.948334, -0.10055542, -2.5701752
8.939957, -0.084991455, -2.5390472
8.93277, -0.065841675, -2.525879
8.921997, -0.056259155, -2.489975
8.904037, -0.046691895, -2.498352
8.931564, -0.027526855, -2.5282745
8.926788, -0.046691895, -2.5079193
8.912415, -0.029922485, -2.510315
8.91362, -0.056259155, -2.5402527
8.91362, -0.065841675, -2.5175018
8.93396, -0.039505005, -2.525879
8.942337, -0.075424194, -2.5246887
8.937561, -0.049087524, -2.5558167
8.937561, -0.051467896, -2.5474243
8.93277, -0.063446045, -2.5809479
8.91481, -0.04548645, -2.5175018
8.917206, -0.053863525, -2.5031433
8.889664, -0.03831482, -2.5725708
8.898056, -0.05506897, -2.537857
8.902832, -0.032318115, -2.4875793
8.923187, -0.075424194, -2.4995422
8.941147, -0.065841675, -2.5354614
8.965088, -0.05506897, -2.5318756
8.954315, -0.087387085, -2.5127106
8.991425, -0.111328125, -2.5701752
8.992615, -0.123306274, -2.6264343
8.989029, -0.13168335, -2.620453
8.992615, -0.11730957, -2.6096802
8.992615, -0.123306274, -2.6396027
8.962692, -0.13168335, -2.6551666
8.954315, -0.15322876, -2.6515808
9.015366, -0.15203857, -2.6671448
8.992615, -0.16400146, -2.659958
8.998611, -0.14604187, -2.668335
9.023743, -0.16758728, -2.6671448
9.016571, -0.16281128, -2.6432037
9.038116, -0.17237854, -2.6731262
9.028534, -0.15322876, -2.6252441
9.020157, -0.15681458, -2.62883
9.042892, -0.17358398, -2.6419983
9.041702, -0.1484375, -2.6671448
9.014175, -0.14485168, -2.6348114
9.051285, -0.16281128, -2.5941162
9.024948, -0.18075562, -2.6144714
9.01178, -0.1663971, -2.6000977
8.996216, -0.1376648, -2.604889
9.004593, -0.1197052, -2.6396027
9.014175, -0.14125061, -2.6264343
9.018951, -0.1149292, -2.5965118
8.980652, -0.116119385, -2.5761566
8.980652, -0.10534668, -2.5426483
8.996216, -0.118515015, -2.5905304
8.962692, -0.075424194, -2.5749664
8.969879, -0.073028564, -2.5079193
8.966278, -0.077804565, -2.4971466
8.9435425, -0.03112793, -2.47081
8.937561, -0.065841675, -2.4779968
8.924393, -0.04069519, -2.4373016
8.949524, -0.017959595, -2.4181366
8.926788, 0.0059814453, -2.4337006
8.924393, 0.010772705, -2.3858185
8.9279785, 0.008377075, -2.4241333
8.920792, 0.022750854, -2.403778
8.910019, -0.0011901855, -2.363083
8.937561, -0.022750854, -2.4217377
8.930374, 0.017959595, -2.4085693
8.961502, -0.020355225, -2.3858185
8.971069, -0.034713745, -2.3786469
8.942337, -0.0095825195, -2.3834229
8.9674835, -0.02633667, -2.3858185
8.972275, -0.06942749, -2.367859
9.008179, -0.05986023, -2.3523102
8.986633, -0.058654785, -2.3295593
8.998611, -0.06703186, -2.37146
9.014175, -0.065841675, -2.3618774
9.014175, -0.0861969, -2.3858185
9.020157, -0.106536865, -2.4061737
9.044098, -0.09815979, -2.4480743
9.03212, -0.14604187, -2.4851837
9.048889, -0.16041565, -2.4839783
9.070435, -0.17477417, -2.4923706
9.056061, -0.15802002, -2.458847
9.050079, -0.15083313, -2.5270844
9.0620575, -0.15083313, -2.553421
9.069229, -0.16998291, -2.5713654
9.083603, -0.16998291, -2.5869293
9.047684, -0.17956543, -2.577362
9.065643, -0.18554688, -2.601303
9.056061, -0.17837524, -2.6036987
9.075226, -0.16160583, -2.6647491
9.060852, -0.15203857, -2.6635437
9.034515, -0.16879272, -2.699463
9.028534, -0.14006042, -2.711441
9.004593, -0.15441895, -2.6695404
8.991425, -0.14245605, -2.6635437
8.986633, -0.16041565, -2.7030487
8.981842, -0.1376648, -2.711441
8.975861, -0.13168335, -2.6862946
8.971069, -0.118515015, -2.7138214
8.968674, -0.13407898, -2.716217
8.95311, -0.08859253, -2.692276
8.937561, -0.06463623, -2.7138214
8.894455, -0.080200195, -2.70784
8.880096, -0.04309082, -2.7066498
8.878891, -0.025146484, -2.6695404
8.882492, -0.010772705, -2.6300354
8.881287, -0.0143585205, -2.6898804
8.896851, -0.032318115, -2.6707306
8.900452, -0.011978149, -2.5989075
8.884888, -0.0023956299, -2.5486298
8.911224, -0.02394104, -2.545044
8.908829, -0.0143585205, -2.5414429
8.899246, -0.025146484, -2.489975
8.889664, -0.0047912598, -2.494751
8.889664, -0.011978149, -2.4684296
8.907623, 0.0071868896, -2.4815826
8.894455, -0.015563965, -2.4576416
8.925583, 0.0011901855, -2.489975
8.963898, -0.0143585205, -2.4815826
8.973465, -0.056259155, -2.446869
8.977066, -0.08859253, -2.474411
8.987839, -0.068237305, -2.4480743
9.005783, -0.063446045, -2.4373016
9.004593, -0.09576416, -2.4564514
9.0225525, -0.113723755, -2.4971466
9.002197, -0.12928772, -2.4612427
9.021347, -0.13287354, -2.4768066
8.984238, -0.14364624, -2.494751
9.009384, -0.14964294, -2.4720154
9.045288, -0.1304779, -2.4815826
9.048889, -0.18675232, -2.5019379
9.056061, -0.17118835, -2.52948
9.080017, -0.17477417, -2.5067291
9.123108, -0.1951294, -2.4875793
9.089584, -0.19992065, -2.5234833
9.1015625, -0.22026062, -2.5043335
9.09198, -0.21907043, -2.5270844
9.084793, -0.24659729, -2.5402527
9.083603, -0.2238617, -2.5366516
9.076416, -0.20829773, -2.5917206
9.03093, -0.21548462, -2.5677795
9.05368, -0.19154358, -2.5558167
9.03212, -0.19033813, -2.5701752
9.028534, -0.18196106, -2.6036987
9.065643, -0.16281128, -2.565384
9.028534, -0.17118835, -2.565384
9.008179, -0.16998291, -2.5821533
9.021347, -0.12928772, -2.5917206
9.021347, -0.13168335, -2.5713654
9.015366, -0.12928772, -2.5486298
8.985443, -0.096969604, -2.5605927
8.998611, -0.10295105, -2.5701752
9.010574, -0.12689209, -2.4887695
9.023743, -0.10055542, -2.4792023
9.023743, -0.099365234, -2.5043335
9.0225525, -0.113723755, -2.4803925
9.006989, -0.11013794, -2.4648285
8.95192, -0.111328125, -2.458847
8.975861, -0.092178345, -2.446869
9.006989, -0.089782715, -2.4181366
8.991425, -0.108932495, -2.3965912
8.9674835, -0.065841675, -2.4564514
8.990234, -0.06703186, -2.4325104
8.949524, -0.029922485, -2.407364
8.93396, -0.02154541, -2.4768066
8.956711, -0.0287323, -2.442093
8.9674835, 0.0011901855, -2.4384918
8.957901, 0.0023956299, -2.4325104
8.978256, -0.056259155, -2.4085693
8.980652, -0.041900635, -2.363083
8.990234, -0.049087524, -2.3606873
9.002197, -0.05267334, -2.3977966
9.006989, -0.07182312, -2.4013824
8.990234, -0.05506897, -2.3738556
8.987839, -0.065841675, -2.3810272
8.9830475, -0.056259155, -2.3606873
9.005783, -0.058654785, -2.3726501
9.01297, -0.06703186, -2.3965912
8.971069, -0.07421875, -2.4145508
8.999802, -0.05986023, -2.4097595
9.023743, -0.049087524, -2.446869
9.020157, -0.0909729, -2.486374
9.004593, -0.075424194, -2.4756012
9.002197, -0.09815979, -2.4923706
9.046494, -0.07421875, -2.513916
9.023743, -0.10774231, -2.5246887
9.017761, -0.10295105, -2.510315
9.01178, -0.09576416, -2.489975
9.027344, -0.13647461, -2.5246887
9.006989, -0.13407898, -2.5594025
8.996216, -0.1304779, -2.573761
8.975861, -0.1197052, -2.6156616
9.001007, -0.1197052, -2.676712
9.010574, -0.13526917, -2.656372
8.991425, -0.1257019, -2.6815033
8.968674, -0.1257019, -2.7293854
9.015366, -0.1197052, -2.7653046
9.002197, -0.104141235, -2.7365723
8.960297, -0.10774231, -2.755722
8.992615, -0.108932495, -2.7365723
8.980652, -0.09815979, -2.6910858
8.981842, -0.087387085, -2.692276
8.99382, -0.0861969, -2.6755219
8.978256, -0.120910645, -2.6934814
8.963898, -0.11013794, -2.6551666
8.966278, -0.12210083, -2.671936
8.955505, -0.111328125, -2.652771
8.972275, -0.096969604, -2.6455994
8.9435425, -0.11013794, -2.659958
8.960297, -0.123306274, -2.6647491
8.991425, -0.13647461, -2.6671448
8.977066, -0.11730957, -2.637207
9.016571, -0.1376648, -2.6479797
9.040512, -0.13887024, -2.6779175
9.018951, -0.11730957, -2.6647491
9.026138, -0.12808228, -2.640808
9.068039, -0.089782715, -2.5677795
9.009384, -0.068237305, -2.553421
9.020157, -0.094573975, -2.5677795
8.999802, -0.099365234, -2.5725708
8.9830475, -0.07901001, -2.5282745
8.962692, -0.06703186, -2.5007477
8.944733, -0.04069519, -2.4636383
8.916, -0.03112793, -2.4396973
8.947128, 0.020355225, -2.3654785
8.921997, 0.05267334, -2.3750458
8.902832, 0.080200195, -2.3774414
8.907623, 0.094573975, -2.3199768
8.923187, 0.0909729, -2.3499146
8.884888, 0.0909729, -2.3546906
8.892059, 0.05027771, -2.3666687
8.904037, 0.03112793, -2.3546906
8.906433, -0.0011901855, -2.4085693
8.910019, 0.010772705, -2.364273
8.923187, -0.0011901855, -2.328354
8.971069, -0.0059814453, -2.3810272
8.986633, -0.011978149, -2.395401
9.003403, -0.03831482, -2.3750458
9.03093, -0.02394104, -2.4229279
9.03212, -0.011978149, -2.434906
9.029724, -0.051467896, -2.395401
9.015366, -0.044296265, -2.395401
8.9830475, -0.03831482, -2.3941956
8.966278, -0.0071868896, -2.3786469
8.975861, -0.029922485, -2.3702545
9.002197, -0.056259155, -2.3702545
9.009384, -0.058654785, -2.348709
9.020157, -0.05506897, -2.3582916
9.052475, -0.051467896, -2.3499146
9.045288, -0.09336853, -2.355896
9.018951, -0.063446045, -2.388214
9.050079, -0.07182312, -2.3762512
9.075226, -0.07901001, -2.363083
9.064453, -0.104141235, -2.3666687
9.046494, -0.08380127, -2.3822327
9.065643, -0.10055542, -2.410965
9.038116, -0.104141235, -2.410965
9.002197, -0.11253357, -2.3762512
9.016571, -0.13647461, -2.3523102
9.017761, -0.111328125, -2.3774414
9.028534, -0.11013794, -2.4289246
9.05368, -0.12808228, -2.4373016
9.080017, -0.111328125, -2.407364
9.105148, -0.14485168, -2.446869
9.047684, -0.1592102, -2.4516602
9.082397, -0.13526917, -2.4636383
9.09079, -0.15681458, -2.4612427
9.07283, -0.14006042, -2.5175018
9.064453, -0.13887024, -2.4851837
9.071625, -0.13287354, -2.4911652
8.991425, -0.16400146, -2.513916
9.024948, -0.13168335, -2.47081
9.082397, -0.12449646, -2.5007477
9.03212, -0.111328125, -2.5210876
9.008179, -0.10534668, -2.505539
9.023743, -0.12449646, -2.4995422
9.017761, -0.15083313, -2.4851837
9.038116, -0.15562439, -2.4851837
9.058456, -0.14006042, -2.5067291
9.05368, -0.17118835, -2.513916
9.063248, -0.15203857, -2.5187073
9.034515, -0.1663971, -2.513916
9.029724, -0.1197052, -2.4768066
9.003403, -0.099365234, -2.5067291
9.014175, -0.082595825, -2.4911652
9.018951, -0.09336853, -2.4732056
9.005783, -0.12808228, -2.494751
9.040512, -0.1197052, -2.4768066
9.028534, -0.11013794, -2.4540558
9.021347, -0.118515015, -2.403778
9.01297, -0.101760864, -2.4085693
9.004593, -0.1197052, -2.3858185
9.005783, -0.13168335, -2.3846283
9.01297, -0.123306274, -2.4229279
9.005783, -0.13526917, -2.402588
9.017761, -0.12928772, -2.403778
9.01178, -0.123306274, -2.4145508
9.016571, -0.13887024, -2.4133606
9.021347, -0.096969604, -2.3906097
9.040512, -0.092178345, -2.4373016
9.039307, -0.12210083, -2.45047
9.058456, -0.12210083, -2.4456787
9.058456, -0.11013794, -2.4516602
9.039307, -0.12928772, -2.4540558
9.040512, -0.14245605, -2.4337006
9.05368, -0.13168335, -2.4145508
9.027344, -0.14485168, -2.3750458
9.036911, -0.1592102, -2.3858185
9.058456, -0.16281128, -2.395401
9.051285, -0.14006042, -2.395401
9.052475, -0.14724731, -2.407364
9.052475, -0.1663971, -2.434906
9.03093, -0.19033813, -2.4133606
9.050079, -0.1879425, -2.4792023
9.096771, -0.16998291, -2.4959564
9.065643, -0.16160583, -2.54982
9.0225525, -0.17358398, -2.5510254
9.038116, -0.18315125, -2.553421
9.024948, -0.18196106, -2.5809479
9.0225525, -0.1663971, -2.5869293
9.020157, -0.1592102, -2.558197
9.03093, -0.14125061, -2.5522156
9.010574, -0.15083313, -2.5546112
8.999802, -0.13647461, -2.4875793
9.008179, -0.15322876, -2.513916
9.01297, -0.13887024, -2.5091248
9.028534, -0.14364624, -2.4911652
9.03212, -0.111328125, -2.4648285
9.060852, -0.12808228, -2.4935608
9.040512, -0.16998291, -2.5115204
9.029724, -0.13287354, -2.513916
8.99501, -0.106536865, -2.5641937
8.999802, -0.1304779, -2.534256
8.999802, -0.1376648, -2.5941162
8.984238, -0.11013794, -2.6108704
8.998611, -0.11730957, -2.683899
8.998611, -0.14245605, -2.6934814
8.95311, -0.14604187, -2.711441
9.004593, -0.13287354, -2.740158
9.03093, -0.12210083, -2.6503754
9.014175, -0.14125061, -2.6192627
9.03093, -0.113723755, -2.6312256
9.051285, -0.0861969, -2.5725708
9.047684, -0.12210083, -2.5905304
9.040512, -0.092178345, -2.6024933
9.0225525, -0.096969604, -2.4911652
9.033325, -0.07182312, -2.4779968
9.015366, -0.046691895, -2.466034
9.003403, -0.010772705, -2.4373016
9.034515, 0.010772705, -2.4552612
8.980652, 0.017959595, -2.388214
8.948334, 0.0035858154, -2.3666687
8.937561, 0.0035858154, -2.3271637
8.945938, 0.02633667, -2.2900543
8.948334, 0.08380127, -2.2733002
8.936356, 0.051467896, -2.2325897
8.990234, 0.07421875, -2.1056976
8.998611, 0.06942749, -2.0566254
9.001007, 0.044296265, -1.9859924
9.041702, 0.03831482, -1.9297333
9.066849, 0.037109375, -1.8734589
9.052475, 0.03352356, -1.8938141
9.07283, 0.010772705, -1.8902283
9.123108, -0.010772705, -1.9069824
9.125504, -0.03352356, -1.9297333
9.11113, -0.017959595, -1.9536743
9.1410675, -0.03352356, -1.9668427
9.102753, -0.0287323, -2.0470428
9.085999, -0.027526855, -2.0542297
9.069229, -0.008377075, -2.1368256
9.070435, -0.0047912598, -2.142807
9.056061, 0.025146484, -2.1284485
9.03212, 0.053863525, -2.1236572
9.047684, 0.039505005, -2.1284485
9.047684, 0.05027771, -2.094925
9.068039, 0.01914978, -2.1056976
9.064453, 0.02394104, -2.05542
9.044098, 0.0011901855, -2.063797
9.05368, -0.027526855, -2.0901337
9.075226, -0.020355225, -2.0626068
9.057266, -0.027526855, -2.0997162
9.065643, -0.044296265, -2.0781708
9.07402, -0.084991455, -2.1248474
9.080017, -0.049087524, -2.1942902
9.056061, -0.032318115, -2.197876
9.058456, -0.04548645, -2.2804718
9.050079, -0.058654785, -2.3271637
9.044098, -0.06463623, -2.3726501
9.080017, -0.0861969, -2.4157562
9.07283, -0.11253357, -2.4600372
9.103958, -0.120910645, -2.4492645
9.118317, -0.108932495, -2.4384918
9.089584, -0.1197052, -2.434906
9.085999, -0.1304779, -2.434906
9.1015625, -0.17597961, -2.402588
9.048889, -0.1592102, -2.403778
9.057266, -0.1592102, -2.4803925
9.057266, -0.16998291, -2.47081
9.017761, -0.19273376, -2.510315
9.021347, -0.1771698, -2.573761
9.042892, -0.15322876, -2.577362
9.063248, -0.1592102, -2.5641937
9.047684, -0.18315125, -2.6360168
9.047684, -0.16160583, -2.6659393
9.065643, -0.18075562, -2.683899
9.047684, -0.1771698, -2.6898804
9.029724, -0.18196106, -2.6623535
9.045288, -0.14724731, -2.613266
9.041702, -0.19033813, -2.6312256
9.038116, -0.20709229, -2.5713654
9.0620575, -0.19033813, -2.5641937
9.085999, -0.19992065, -2.5234833
9.033325, -0.18914795, -2.5163116
9.054871, -0.21308899, -2.4875793
9.0620575, -0.1879425, -2.4732056
9.047684, -0.20350647, -2.505539
9.023743, -0.18196106, -2.5318756
9.017761, -0.15083313, -2.5414429
9.0225525, -0.17118835, -2.5127106
9.058456, -0.15562439, -2.5570068
9.034515, -0.1592102, -2.5043335
9.028534, -0.15203857, -2.5175018
9.03093, -0.13168335, -2.5127106
9.064453, -0.1484375, -2.4971466
9.09079, -0.17118835, -2.4756012
9.088394, -0.15083313, -2.4576416
9.039307, -0.13887024, -2.4408875
9.050079, -0.12449646, -2.4169464
9.075226, -0.14245605, -2.4013824
9.052475, -0.14245605, -2.4013824
9.024948, -0.13168335, -2.4169464
9.039307, -0.1257019, -2.4384918
9.0225525, -0.12808228, -2.4373016
9.002197, -0.13887024, -2.4181366
9.021347, -0.116119385, -2.4061737
9.024948, -0.111328125, -2.4061737
9.029724, -0.099365234, -2.402588
9.078812, -0.07901001, -2.3918
9.034515, -0.092178345, -2.3594818
9.036911, -0.046691895, -2.3523102
9.044098, -0.053863525, -2.3056183
9.036911, -0.058654785, -2.2756958
9.033325, -0.039505005, -2.268509
9.042892, -0.03112793, -2.29245
9.014175, -0.05267334, -2.252945
9.033325, -0.046691895, -2.225418
9.05368, -0.046691895, -2.230194
9.026138, -0.03831482, -2.2661133
9.048889, -0.02394104, -2.2589264
9.052475, -0.03591919, -2.2649078
9.052475, -0.058654785, -2.29245
9.002197, -0.029922485, -2.2912445
9.015366, -0.034713745, -2.324768
9.028534, -0.044296265, -2.2936401
9.01178, -0.015563965, -2.2744904
9.021347, -0.013168335, -2.261322
9.040512, -0.015563965, -2.2625275
9.058456, -0.0095825195, -2.2002716
9.033325, -0.015563965, -2.1847076
9.059662, -0.03352356, -2.2026672
9.041702, -0.017959595, -2.237381
9.009384, 0.0, -2.1547852
9.050079, -0.02154541, -2.1727448
9.038116, -0.025146484, -2.1918945
9.03212, -0.03352356, -2.1595764
9.033325, -0.029922485, -2.1284485
9.081207, -0.02633667, -2.146408
9.09079, -0.008377075, -2.1523895
9.097961, -0.04548645, -2.190689
9.093185, -0.049087524, -2.2014618
9.059662, -0.05027771, -2.173935
9.089584, -0.02633667, -2.1811218
9.080017, -0.017959595, -2.225418
9.0225525, -0.05027771, -2.2493591
9.040512, -0.025146484, -2.2517395
9.034515, -0.04069519, -2.269699
9.036911, -0.05267334, -2.2349854
9.03093, -0.05027771, -2.2110443
9.024948, -0.03831482, -2.2110443
9.081207, -0.025146484, -2.237381
9.05368, -0.08140564, -2.2505493
9.077621, -0.07421875, -2.268509
9.105148, -0.07421875, -2.261322
9.057266, -0.09576416, -2.3104095
9.046494, -0.0861969, -2.367859
9.066849, -0.0861969, -2.3858185
9.066849, -0.0909729, -2.3726501
9.063248, -0.082595825, -2.3918
9.085999, -0.08859253, -2.3894196
9.03093, -0.10055542, -2.4169464
9.089584, -0.106536865, -2.419342
9.057266, -0.101760864, -2.4552612
9.05368, -0.120910645, -2.4145508
9.069229, -0.10295105, -2.3989868
9.046494, -0.11013794, -2.4181366
9.0620575, -0.118515015, -2.4133606
9.076416, -0.1484375, -2.419342
9.052475, -0.108932495, -2.3977966
9.057266, -0.12210083, -2.4157562
9.016571, -0.15083313, -2.407364
9.047684, -0.094573975, -2.3726501
9.056061, -0.11253357, -2.3666687
9.052475, -0.0861969, -2.3666687
9.083603, -0.123306274, -2.388214
9.052475, -0.113723755, -2.407364
9.034515, -0.089782715, -2.45047
9.058456, -0.094573975, -2.3654785
9.05368, -0.104141235, -2.364273
9.036911, -0.111328125, -2.402588
9.041702, -0.10295105, -2.3654785
9.063248, -0.104141235, -2.3307495
9.078812, -0.09815979, -2.3618774
9.078812, -0.07901001, -2.3451233
9.046494, -0.070632935, -2.3343506
9.060852, -0.101760864, -2.3271637
9.080017, -0.08380127, -2.309204
9.089584, -0.06703186, -2.2840729
9.095566, -0.08380127, -2.252945
9.094376, -0.0861969, -2.2792816
9.087189, -0.0909729, -2.2601318
9.068039, -0.101760864, -2.2577362
9.076416, -0.10055542, -2.230194
9.075226, -0.108932495, -2.2266083
9.089584, -0.1149292, -2.2433624
9.07402, -0.07661438, -2.245758
9.075226, -0.084991455, -2.2110443
9.069229, -0.11730957, -2.2122498
9.102753, -0.10055542, -2.2206268
9.054871, -0.07182312, -2.2565308
9.0620575, -0.08140564, -2.2541351
9.095566, -0.070632935, -2.230194
9.088394, -0.063446045, -2.2146301
9.076416, -0.082595825, -2.230194
9.097961, -0.07661438, -2.2325897
9.05368, -0.0909729, -2.185913
9.107544, -0.068237305, -2.1942902
9.125504, -0.061050415, -2.2158356
9.102753, -0.08859253, -2.2026672
9.078812, -0.06703186, -2.2158356
9.07402, -0.06463623, -2.2110443
9.03093, -0.07421875, -2.2277985
9.050079, -0.061050415, -2.2242126
9.065643, -0.063446045, -2.2122498
9.03212, -0.080200195, -2.2517395
9.05368, -0.07182312, -2.2397766
9.096771, -0.089782715, -2.2577362
9.093185, -0.080200195, -2.2733002
9.097961, -0.080200195, -2.2673035
9.102753, -0.08859253, -2.2900543
9.112335, -0.0909729, -2.2565308
9.065643, -0.092178345, -2.2661133
9.071625, -0.068237305, -2.252945
9.077621, -0.06942749, -2.2589264
9.082397, -0.075424194, -2.2876587
9.106354, -0.10295105, -2.2469635
9.065643, -0.09336853, -2.2313995
9.078812, -0.096969604, -2.2505493
9.1015625, -0.10534668, -2.2577362
9.115921, -0.05027771, -2.2158356
9.076416, -0.084991455, -2.2744904
9.1015625, -0.09815979, -2.2325897
9.1015625, -0.08140564, -2.245758
9.099167, -0.080200195, -2.2589264
9.078812, -0.070632935, -2.2445679
9.082397, -0.07661438, -2.2337952
9.076416, -0.07421875, -2.1787262
9.108734, -0.080200195, -2.2086487
9.1015625, -0.068237305, -2.237381
9.075226, -0.07901001, -2.252945
9.070435, -0.068237305, -2.2242126
9.045288, -0.077804565, -2.2349854
9.09079, -0.073028564, -2.245758
9.081207, -0.053863525, -2.2277985
9.100357, -0.08380127, -2.2397766
9.107544, -0.104141235, -2.2445679
9.100357, -0.065841675, -2.229004
9.099167, -0.044296265, -2.2397766
9.096771, -0.03831482, -2.2325897
9.097961, -0.084991455, -2.252945
9.077621, -0.063446045, -2.2733002
9.068039, -0.049087524, -2.261322
9.1015625, -0.049087524, -2.2421722
9.065643, -0.049087524, -2.2242126
9.081207, -0.053863525, -2.2146301
9.112335, -0.061050415, -2.2146301
9.1015625, -0.06703186, -2.1871033
9.112335, -0.08380127, -2.1835175
9.094376, -0.106536865, -2.1715393
9.0620575, -0.094573975, -2.0985107
9.076416, -0.09576416, -2.130844
9.095566, -0.096969604, -2.1787262
9.1410675, -0.0909729, -2.1284485
9.121902, -0.11013794, -2.146408
9.1015625, -0.09576416, -2.1595764
9.103958, -0.053863525, -2.1332397
9.107544, -0.05027771, -2.1595764
9.117126, -0.073028564, -2.1930847
9.066849, -0.07182312, -2.2026672
9.10994, -0.04788208, -2.1523895
9.130295, -0.063446045, -2.1547852
9.114731, -0.065841675, -2.1954803
9.117126, -0.025146484, -2.1966858
9.126694, -0.06942749, -2.2122498
9.106354, -0.089782715, -2.1416168
9.114731, -0.077804565, -2.1715393
9.102753, -0.061050415, -2.173935
9.117126, -0.07661438, -2.1703491
9.112335, -0.070632935, -2.1535797
9.114731, -0.08140564, -2.1727448
9.099167, -0.084991455, -2.1954803
9.093185, -0.0574646, -2.2098541
9.103958, -0.0909729, -2.2026672
9.09079, -0.07661438, -2.1990814
9.081207, -0.06703186, -2.225418
9.080017, -0.065841675, -2.1966858
9.09198, -0.075424194, -2.2313995
9.095566, -0.06463623, -2.2361908
9.095566, -0.046691895, -2.2277985
9.124298, -0.06463623, -2.2337952
9.084793, -0.084991455, -2.1930847
9.093185, -0.096969604, -2.252945
9.113525, -0.056259155, -2.229004
9.114731, -0.073028564, -2.1882935
9.082397, -0.070632935, -2.2014618
9.097961, -0.07421875, -2.2086487
9.083603, -0.039505005, -2.2158356
9.102753, -0.07421875, -2.2002716
9.081207, -0.089782715, -2.2014618
9.094376, -0.05986023, -2.2122498
9.068039, -0.056259155, -2.230194
9.060852, -0.06703186, -2.2469635
9.077621, -0.087387085, -2.225418
9.078812, -0.09815979, -2.2002716
9.108734, -0.106536865, -2.2170258
9.096771, -0.08859253, -2.2206268
9.087189, -0.06703186, -2.2098541
9.097961, -0.061050415, -2.2026672
9.102753, -0.061050415, -2.1990814
9.089584, -0.07182312, -2.2816772
9.071625, -0.08140564, -2.2481537
9.094376, -0.068237305, -2.2409668
9.094376, -0.06225586, -2.252945
9.100357, -0.053863525, -2.2493591
9.107544, -0.0861969, -2.2337952
9.095566, -0.084991455, -2.2565308
9.097961, -0.08380127, -2.1942902
9.094376, -0.09815979, -2.2206268
9.099167, -0.099365234, -2.185913
9.078812, -0.10295105, -2.2026672
9.1015625, -0.068237305, -2.2074585
9.089584, -0.08140564, -2.1954803
9.107544, -0.075424194, -2.185913
9.064453, -0.065841675, -2.2266083
9.108734, -0.06942749, -2.2098541
9.126694, -0.05506897, -2.2313995
9.080017, -0.0574646, -2.229004
9.082397, -0.05267334, -2.2146301
9.099167, -0.077804565, -2.21344
9.11113, -0.073028564, -2.1930847
9.126694, -0.068237305, -2.1655579
9.112335, -0.058654785, -2.1368256
9.07283, -0.075424194, -2.1595764
9.083603, -0.06942749, -2.1248474
9.076416, -0.07182312, -2.1392212
9.058456, -0.06703186, -2.1404114
9.07283, -0.06703186, -2.1320343
9.077621, -0.06942749, -2.206253
9.094376, -0.07901001, -2.197876
9.088394, -0.1149292, -2.190689
9.085999, -0.07421875, -2.2230225
9.099167, -0.068237305, -2.2206268
9.124298, -0.061050415, -2.2182312
9.125504, -0.061050415, -2.1835175
9.133881, -0.075424194, -2.173935
9.121902, -0.06463623, -2.1775208
9.117126, -0.08380127, -2.166748
9.114731, -0.039505005, -2.1787262
9.087189, -0.07182312, -2.1751251
9.108734, -0.106536865, -2.1775208
9.130295, -0.089782715, -2.1404114
9.115921, -0.07661438, -2.1475983

