x : y : Z 
8.911224, -0.22146606, 3.8953705
8.917206, -0.22744751, 3.8965607
8.893265, -0.2561798, 3.940857
8.924393, -0.23103333, 3.916916
8.93396, -0.24899292, 3.9384613
8.910019, -0.26097107, 3.9276886
8.887283, -0.24061584, 3.9288788
8.889664, -0.22984314, 3.9456482
8.890869, -0.19871521, 3.9228973
8.908829, -0.2454071, 3.9049377
8.901642, -0.22625732, 3.9121246
8.892059, -0.2166748, 3.909729
8.896851, -0.2238617, 3.8714294
8.890869, -0.22744751, 3.8678284
8.901642, -0.22744751, 3.878601
8.889664, -0.23942566, 3.8798065
8.886078, -0.22865295, 3.897766
8.876495, -0.21907043, 3.9049377
8.918396, -0.25498962, 3.873825
8.882492, -0.22146606, 3.9276886
8.877701, -0.22026062, 3.9612122
8.89566, -0.25378418, 3.9157104
8.910019, -0.25498962, 3.916916
8.874115, -0.22744751, 3.9217072
8.859741, -0.23822021, 3.9396515
8.8884735, -0.22744751, 3.9300842
8.899246, -0.23103333, 3.9121246
8.884888, -0.22865295, 3.8917694
8.910019, -0.22744751, 3.8965607
8.900452, -0.24420166, 3.9432526
8.892059, -0.24659729, 3.8654327
8.89566, -0.2346344, 3.8798065
8.892059, -0.2238617, 3.9073334
8.890869, -0.23103333, 3.8917694
8.908829, -0.23103333, 3.9205017
8.900452, -0.19752502, 3.8283234
8.877701, -0.23342896, 3.8678284
8.8884735, -0.2238617, 3.8905792
8.884888, -0.2166748, 3.8965607
8.862137, -0.23822021, 3.9061432
8.896851, -0.24301147, 3.878601
8.85495, -0.23582458, 3.918106
8.863342, -0.25378418, 3.9001617
8.881287, -0.22865295, 3.9480438
8.8358, -0.2346344, 3.9241028
8.8489685, -0.252594, 3.9145203
8.881287, -0.22625732, 3.9217072
8.884888, -0.21308899, 3.9600067
8.881287, -0.18196106, 4.0102844
8.875305, -0.20231628, 4.0378265
8.840591, -0.22265625, 4.036621
8.829819, -0.21308899, 4.0342255
8.813049, -0.22505188, 4.0617676
8.823837, -0.22026062, 4.100067
8.820236, -0.22865295, 4.100067
8.844177, -0.22505188, 4.134781
8.856155, -0.21427917, 4.162323
8.8358, -0.21308899, 4.1216125
8.838196, -0.22505188, 4.098877
8.858551, -0.24780273, 4.150345
8.868118, -0.20350647, 4.1335907
8.828613, -0.20231628, 4.141968
8.828613, -0.21188354, 4.134781
8.814255, -0.2059021, 4.1730957
8.840591, -0.23582458, 4.1707
8.832214, -0.23103333, 4.1754913
8.847778, -0.20709229, 4.1766815
8.842987, -0.23942566, 4.1515503
8.829819, -0.2346344, 4.1012726
8.85495, -0.21427917, 4.115631
8.791504, -0.21786499, 4.0701447
8.826218, -0.21188354, 4.095276
8.857346, -0.20829773, 4.0881042
8.827423, -0.22865295, 4.068939
8.804672, -0.21069336, 4.1132355
8.828613, -0.23342896, 4.1276093
8.828613, -0.23103333, 4.107254
8.85495, -0.21069336, 4.134781
8.838196, -0.24182129, 4.1359863
8.839386, -0.20350647, 4.1252136
8.839386, -0.20350647, 4.1766815
8.821442, -0.19752502, 4.147949
8.811859, -0.20469666, 4.103668
8.822632, -0.2346344, 4.1359863
8.810669, -0.23703003, 4.122818
8.796295, -0.22984314, 4.11084
8.820236, -0.21069336, 4.0940857
8.811859, -0.22505188, 4.0785217
8.846573, -0.2454071, 4.0857086
8.845383, -0.25378418, 4.068939
8.832214, -0.23342896, 4.0258484
8.805878, -0.20709229, 4.0462036
8.845383, -0.2059021, 4.0258484
8.826218, -0.22146606, 3.9983215
8.825027, -0.23942566, 4.009094
8.829819, -0.23223877, 4.028244
8.814255, -0.23223877, 4.005493
8.819046, -0.22505188, 4.0390167
8.833405, -0.23822021, 4.0581665
8.821442, -0.22744751, 4.0617676
8.845383, -0.20948792, 4.0892944
8.8358, -0.2238617, 4.079727
8.8489685, -0.24659729, 4.079727
8.842987, -0.23342896, 4.079727
8.841782, -0.22146606, 4.047394
8.8358, -0.21786499, 4.0342255
8.838196, -0.22505188, 4.0725403
8.817841, -0.24899292, 4.09169
8.821442, -0.23942566, 4.0569763
8.826218, -0.2238617, 4.0701447
8.850174, -0.21907043, 4.0737305
8.829819, -0.20948792, 4.103668
8.807068, -0.19392395, 4.114441
8.825027, -0.18315125, 4.119217
8.874115, -0.22984314, 4.1216125
8.863342, -0.24659729, 4.11084
8.828613, -0.22265625, 4.1276093
8.829819, -0.20350647, 4.114441
8.844177, -0.1879425, 4.095276
8.831009, -0.20948792, 4.1060486
8.83461, -0.22026062, 4.138382
8.837006, -0.21907043, 4.131195
8.842987, -0.21069336, 4.083313
8.789108, -0.23342896, 4.115631
8.820236, -0.24182129, 4.1132355
8.833405, -0.21188354, 4.162323
8.8094635, -0.2238617, 4.119217
8.821442, -0.21308899, 4.11084
8.840591, -0.19992065, 4.1335907
8.813049, -0.20829773, 4.1359863
8.798691, -0.2166748, 4.103668
8.841782, -0.20350647, 4.11084
8.8094635, -0.22865295, 4.1252136
8.814255, -0.20231628, 4.0892944
8.842987, -0.21548462, 4.083313
8.832214, -0.21548462, 4.114441
8.841782, -0.2059021, 4.1180267
8.828613, -0.20829773, 4.0976715
8.833405, -0.19392395, 4.1012726
8.846573, -0.19871521, 4.1276093
8.841782, -0.2166748, 4.119217
8.821442, -0.20948792, 4.103668
8.815445, -0.19871521, 4.1455536
8.828613, -0.2166748, 4.139572
8.820236, -0.21548462, 4.1707
8.811859, -0.18675232, 4.153946
8.827423, -0.19273376, 4.1371765
8.832214, -0.19871521, 4.0905
8.822632, -0.21907043, 4.1132355
8.828613, -0.2166748, 4.131195
8.833405, -0.23223877, 4.1443634
8.839386, -0.21548462, 4.130005
8.813049, -0.24061584, 4.0809174
8.829819, -0.24899292, 4.079727
8.838196, -0.24301147, 4.074936
8.85495, -0.20948792, 4.067749
8.817841, -0.22865295, 4.0857086
8.807068, -0.20469666, 4.0533905
8.833405, -0.19871521, 4.0569763
8.838196, -0.22984314, 4.0390167
8.807068, -0.22265625, 4.0964813
8.8094635, -0.23342896, 4.131195
8.805878, -0.24182129, 4.1287994
8.829819, -0.25019836, 4.098877
8.817841, -0.22865295, 4.131195
8.827423, -0.21188354, 4.126404
8.833405, -0.23942566, 4.130005
8.833405, -0.2346344, 4.1599274
8.811859, -0.23342896, 4.103668
8.805878, -0.25378418, 4.0976715
8.803482, -0.23103333, 4.107254
8.803482, -0.20111084, 4.076126
8.81665, -0.20829773, 4.0809174
8.8094635, -0.20350647, 4.043808
8.820236, -0.20350647, 4.0701447
8.811859, -0.23103333, 4.062958
8.838196, -0.2238617, 4.060562
8.8358, -0.23103333, 4.062958
8.826218, -0.2238617, 4.0701447
8.827423, -0.1951294, 4.0773315
8.839386, -0.22026062, 4.0857086
8.826218, -0.22625732, 4.103668
8.826218, -0.20231628, 4.0892944
8.846573, -0.22265625, 4.1216125
8.846573, -0.22625732, 4.1252136
8.814255, -0.23223877, 4.122818
8.823837, -0.20469666, 4.122818
8.819046, -0.23582458, 4.1491547
8.852554, -0.22625732, 4.146759
8.838196, -0.2166748, 4.1276093
8.814255, -0.21308899, 4.0964813
8.831009, -0.21548462, 4.1048584
8.833405, -0.24899292, 4.0881042
8.837006, -0.25498962, 4.0857086
8.841782, -0.21907043, 4.059372
8.852554, -0.18675232, 4.0581665
8.817841, -0.21069336, 4.055771
8.83461, -0.21548462, 4.064163
8.866928, -0.2238617, 4.083313
8.8489685, -0.24780273, 4.0653534
8.823837, -0.24780273, 4.0892944
8.831009, -0.20231628, 4.0821075
8.831009, -0.23223877, 4.098877
8.827423, -0.25498962, 4.1048584
8.790314, -0.21548462, 4.1287994
8.837006, -0.1951294, 4.1323853
8.81665, -0.20709229, 4.0928802
8.81665, -0.22265625, 4.0928802
8.8358, -0.21548462, 4.0701447
8.810669, -0.2059021, 4.0785217
8.797501, -0.22026062, 4.1168365
8.807068, -0.20469666, 4.0857086
8.819046, -0.2346344, 4.0892944
8.83461, -0.21548462, 4.0701447
8.827423, -0.21786499, 4.0857086
8.857346, -0.2166748, 4.11084
8.83461, -0.23342896, 4.1048584
8.844177, -0.24659729, 4.098877
8.845383, -0.22265625, 4.100067
8.819046, -0.2059021, 4.0821075
8.827423, -0.22744751, 4.0881042
8.815445, -0.22146606, 4.126404
8.825027, -0.22026062, 4.0857086
8.803482, -0.23822021, 4.060562
8.840591, -0.23342896, 4.086899
8.859741, -0.21907043, 4.1180267
8.859741, -0.22625732, 4.0881042
8.823837, -0.21907043, 4.086899
8.814255, -0.22505188, 4.1060486
8.845383, -0.23103333, 4.108444
8.838196, -0.21786499, 4.1060486
8.826218, -0.22026062, 4.0940857
8.801086, -0.21786499, 4.0976715
8.837006, -0.22026062, 4.1323853
8.829819, -0.23582458, 4.1096497
8.8358, -0.25378418, 4.067749
8.823837, -0.20948792, 4.1180267
8.822632, -0.23342896, 4.114441
8.842987, -0.2238617, 4.100067
8.828613, -0.20948792, 4.067749
8.817841, -0.2166748, 4.1180267
8.820236, -0.252594, 4.098877
8.851364, -0.20829773, 4.103668
8.837006, -0.22744751, 4.0964813
8.805878, -0.22744751, 4.0892944
8.833405, -0.22744751, 4.0905
8.828613, -0.23223877, 4.0892944
8.846573, -0.22505188, 4.1096497
8.850174, -0.24899292, 4.1252136
8.864532, -0.23822021, 4.083313
8.844177, -0.20111084, 4.1120453
8.814255, -0.22625732, 4.115631
8.813049, -0.2059021, 4.143173
8.829819, -0.19033813, 4.1515503
8.838196, -0.21069336, 4.126404
8.785522, -0.23582458, 4.131195
8.808273, -0.22865295, 4.114441
8.828613, -0.21308899, 4.098877
8.815445, -0.2238617, 4.108444
8.823837, -0.23703003, 4.0928802
8.826218, -0.2238617, 4.079727
8.813049, -0.21188354, 4.0809174
8.838196, -0.20948792, 4.102463
8.838196, -0.25378418, 4.071335
8.807068, -0.22625732, 4.0892944
8.828613, -0.22744751, 4.095276
8.822632, -0.25378418, 4.083313
8.826218, -0.24420166, 4.102463
8.827423, -0.20948792, 4.074936
8.819046, -0.21188354, 4.0857086
8.832214, -0.20709229, 4.062958
8.813049, -0.21786499, 4.0701447
8.767563, -0.21548462, 4.0653534
8.823837, -0.19154358, 4.064163
8.823837, -0.21786499, 4.0892944
8.851364, -0.21548462, 4.0964813
8.839386, -0.2166748, 4.098877
8.810669, -0.23103333, 4.084503
8.856155, -0.20231628, 4.0785217
8.851364, -0.25019836, 4.0809174
8.801086, -0.2059021, 4.098877
8.817841, -0.22865295, 4.114441
8.839386, -0.23703003, 4.0809174
8.842987, -0.20111084, 4.0809174
8.8094635, -0.2238617, 4.098877
8.803482, -0.21786499, 4.0976715
8.802277, -0.22744751, 4.1180267
8.8094635, -0.22265625, 4.083313
8.837006, -0.22265625, 4.062958
8.832214, -0.24182129, 4.0964813
8.826218, -0.23822021, 4.0821075
8.814255, -0.21786499, 4.1132355
8.83461, -0.20709229, 4.1132355
8.852554, -0.21188354, 4.1527405
8.847778, -0.22744751, 4.1683044
8.841782, -0.2561798, 4.139572
8.808273, -0.22625732, 4.074936
8.804672, -0.25138855, 4.124008
8.823837, -0.23342896, 4.150345
8.823837, -0.24899292, 4.131195
8.787918, -0.22984314, 4.1515503
8.802277, -0.20948792, 4.187454
8.831009, -0.21548462, 4.126404
8.823837, -0.21786499, 4.1455536
8.805878, -0.21308899, 4.138382
8.819046, -0.22026062, 4.0928802
8.807068, -0.21907043, 4.1096497
8.805878, -0.17237854, 4.107254
8.83461, -0.22265625, 4.134781
8.847778, -0.25378418, 4.1216125
8.81665, -0.20829773, 4.162323
8.821442, -0.1951294, 4.1323853
8.810669, -0.21308899, 4.155136
8.779541, -0.22505188, 4.1491547
8.822632, -0.20350647, 4.1527405
8.801086, -0.20829773, 4.1671143
8.797501, -0.22265625, 4.1407776
8.802277, -0.23822021, 4.1683044
8.8094635, -0.22865295, 4.1647186
8.802277, -0.23582458, 4.1671143
8.807068, -0.20948792, 4.124008
8.786713, -0.2166748, 4.1359863
8.810669, -0.23703003, 4.122818
8.827423, -0.22146606, 4.1371765
8.822632, -0.22744751, 4.115631
8.813049, -0.25138855, 4.1455536
8.81665, -0.26216125, 4.103668
8.817841, -0.23822021, 4.1335907
8.821442, -0.22505188, 4.16951
8.829819, -0.23103333, 4.1407776
8.837006, -0.20829773, 4.122818
8.792709, -0.21786499, 4.124008
8.801086, -0.21786499, 4.138382
8.833405, -0.22146606, 4.1335907
8.829819, -0.23703003, 4.114441
8.828613, -0.22625732, 4.1359863
8.828613, -0.2238617, 4.1323853
8.819046, -0.22744751, 4.0976715
8.796295, -0.21907043, 4.1204224
8.799881, -0.20948792, 4.107254
8.796295, -0.22865295, 4.1120453
8.7939, -0.21308899, 4.102463
8.8358, -0.20231628, 4.1216125
8.808273, -0.20231628, 4.139572
8.819046, -0.24780273, 4.150345
8.815445, -0.22865295, 4.1766815
8.808273, -0.21188354, 4.1611176
8.787918, -0.21907043, 4.1335907
8.820236, -0.2059021, 4.181473
8.813049, -0.2059021, 4.138382
8.799881, -0.20111084, 4.126404
8.814255, -0.2346344, 4.1575317
8.827423, -0.20948792, 4.138382
8.807068, -0.22265625, 4.134781
8.817841, -0.21069336, 4.1252136
8.838196, -0.21786499, 4.130005
8.827423, -0.23703003, 4.1204224
8.815445, -0.20350647, 4.1443634
8.814255, -0.2454071, 4.143173
8.807068, -0.21069336, 4.1527405
8.805878, -0.21907043, 4.162323
8.825027, -0.22984314, 4.1216125
8.77356, -0.23342896, 4.1371765
8.798691, -0.21786499, 4.1012726
8.799881, -0.21427917, 4.071335
8.8358, -0.23342896, 4.095276
8.831009, -0.2166748, 4.103668
8.805878, -0.18675232, 4.1180267
8.792709, -0.22026062, 4.1048584
8.813049, -0.20709229, 4.1048584
8.785522, -0.2238617, 4.1120453
8.784332, -0.19631958, 4.1515503
8.821442, -0.1951294, 4.1527405
8.807068, -0.21907043, 4.143173
8.798691, -0.23223877, 4.162323
8.842987, -0.21308899, 4.1515503
8.826218, -0.19392395, 4.134781
8.801086, -0.22146606, 4.150345
8.81665, -0.23223877, 4.098877
8.803482, -0.22865295, 4.1060486
8.817841, -0.21427917, 4.1599274
8.820236, -0.22625732, 4.1168365
8.820236, -0.21427917, 4.102463
8.803482, -0.21069336, 4.1443634
8.831009, -0.22146606, 4.146759
8.820236, -0.2166748, 4.143173
8.796295, -0.22505188, 4.1120453
8.798691, -0.22505188, 4.1527405
8.807068, -0.21188354, 4.1335907
8.828613, -0.21308899, 4.138382
8.846573, -0.23103333, 4.163513
8.825027, -0.23582458, 4.124008
8.829819, -0.20829773, 4.1335907
8.799881, -0.18315125, 4.139572
8.808273, -0.2059021, 4.1599274
8.831009, -0.20829773, 4.146759
8.814255, -0.23223877, 4.126404
8.827423, -0.23822021, 4.1252136
8.832214, -0.22026062, 4.139572
8.815445, -0.20350647, 4.1287994
8.8358, -0.20948792, 4.1120453
8.805878, -0.22625732, 4.134781
8.804672, -0.19992065, 4.126404
8.860947, -0.22865295, 4.0881042
8.844177, -0.22744751, 4.0785217
8.815445, -0.2166748, 4.115631
8.805878, -0.21907043, 4.095276
8.802277, -0.2166748, 4.066559
8.799881, -0.22744751, 4.115631
8.798691, -0.22505188, 4.1323853
8.802277, -0.23703003, 4.147949
8.799881, -0.25019836, 4.1204224
8.799881, -0.20350647, 4.0821075
8.801086, -0.2238617, 4.100067
8.814255, -0.22625732, 4.1491547
8.822632, -0.21308899, 4.126404
8.826218, -0.19752502, 4.1252136
8.839386, -0.22744751, 4.1012726
8.832214, -0.23582458, 4.1060486
8.792709, -0.23822021, 4.062958
8.803482, -0.20469666, 4.0737305
8.804672, -0.20829773, 4.108444
8.837006, -0.2238617, 4.0976715
8.83461, -0.21907043, 4.068939
8.811859, -0.19631958, 4.126404
8.822632, -0.21548462, 4.143173
8.810669, -0.20709229, 4.1048584
8.862137, -0.21308899, 4.1443634
8.77475, -0.24899292, 4.1371765
8.787918, -0.21069336, 4.1060486
8.8094635, -0.20948792, 4.1012726
8.8094635, -0.2166748, 4.1611176
8.780731, -0.2238617, 4.162323
8.783127, -0.19631958, 4.122818
8.801086, -0.18315125, 4.1204224
8.772354, -0.19154358, 4.1611176
8.810669, -0.20829773, 4.1730957
8.791504, -0.22505188, 4.1455536
8.811859, -0.20948792, 4.131195
8.827423, -0.19033813, 4.194641
8.785522, -0.22744751, 4.1838684
8.813049, -0.24659729, 4.1611176
8.831009, -0.21907043, 4.1910553
8.786713, -0.20350647, 4.1838684
8.808273, -0.20829773, 4.163513
8.822632, -0.20709229, 4.1910553
8.813049, -0.21548462, 4.155136
8.796295, -0.20829773, 4.1204224
8.803482, -0.20469666, 4.155136
8.827423, -0.22744751, 4.1766815
8.808273, -0.20469666, 4.1407776
8.827423, -0.22026062, 4.1252136
8.77475, -0.2166748, 4.1671143
8.803482, -0.17597961, 4.187454
8.817841, -0.22026062, 4.226959
8.810669, -0.21188354, 4.198227
8.810669, -0.22984314, 4.174286
8.797501, -0.252594, 4.186264
8.8094635, -0.23582458, 4.165909
8.786713, -0.23103333, 4.2161865
8.814255, -0.22505188, 4.174286
8.823837, -0.23223877, 4.1323853
8.842987, -0.23582458, 4.1276093
8.819046, -0.20709229, 4.1323853
8.792709, -0.20829773, 4.1252136
8.796295, -0.22026062, 4.0773315
8.841782, -0.23822021, 4.062958
8.846573, -0.21069336, 4.0426025
8.819046, -0.22865295, 4.0533905
8.838196, -0.20948792, 4.0378265
8.8358, -0.22865295, 4.01268
8.856155, -0.2454071, 4.029434
8.852554, -0.23703003, 4.0485992
8.796295, -0.22744751, 4.0330353
8.792709, -0.20111084, 4.0701447
8.821442, -0.19871521, 4.1216125
8.81665, -0.19392395, 4.0881042
8.815445, -0.2059021, 4.107254
8.845383, -0.22265625, 4.108444
8.821442, -0.22744751, 4.11084
8.808273, -0.24061584, 4.079727
8.827423, -0.24061584, 4.1180267
8.798691, -0.24061584, 4.095276
8.801086, -0.23342896, 4.107254
8.811859, -0.21308899, 4.0725403
8.822632, -0.25498962, 4.068939
8.820236, -0.21548462, 4.0737305
8.807068, -0.21069336, 4.0976715
8.810669, -0.22026062, 4.1048584
8.808273, -0.22865295, 4.1216125
8.811859, -0.24420166, 4.134781
8.810669, -0.21786499, 4.182663
8.813049, -0.22505188, 4.194641
8.801086, -0.252594, 4.1802826
8.781937, -0.25019836, 4.163513
8.820236, -0.22265625, 4.153946
8.81665, -0.23822021, 4.1707
8.808273, -0.22865295, 4.2006226
8.803482, -0.21188354, 4.1766815
8.828613, -0.24182129, 4.155136
8.802277, -0.24182129, 4.139572
8.810669, -0.24301147, 4.1180267
8.817841, -0.22744751, 4.124008
8.825027, -0.25138855, 4.107254
8.839386, -0.23582458, 4.076126
8.831009, -0.2238617, 4.0581665
8.83461, -0.21548462, 4.066559
8.828613, -0.21548462, 4.100067
8.838196, -0.21427917, 4.0617676
8.817841, -0.19871521, 4.0581665
8.803482, -0.21188354, 4.0821075
8.765167, -0.21069336, 4.107254
8.83461, -0.20469666, 4.1180267
8.856155, -0.21548462, 4.1323853
8.822632, -0.21548462, 4.1718903
8.842987, -0.2059021, 4.131195
8.807068, -0.23582458, 4.1180267
8.791504, -0.20829773, 4.131195
8.791504, -0.16758728, 4.155136
8.803482, -0.1879425, 4.165909
8.819046, -0.19631958, 4.119217
8.811859, -0.19392395, 4.1371765
8.81665, -0.19631958, 4.102463
8.825027, -0.20231628, 4.1012726
8.796295, -0.19752502, 4.1563416
8.802277, -0.20111084, 4.1575317
8.778336, -0.19033813, 4.134781
8.791504, -0.2059021, 4.146759
8.791504, -0.21786499, 4.141968
8.781937, -0.19752502, 4.162323
8.781937, -0.22146606, 4.162323
8.820236, -0.2238617, 4.1922455
8.822632, -0.22146606, 4.1515503
8.802277, -0.21308899, 4.147949
8.805878, -0.2238617, 4.1850586
8.828613, -0.24659729, 4.165909
8.837006, -0.22625732, 4.1671143
8.797501, -0.22625732, 4.147949
8.802277, -0.2454071, 4.1754913
8.8094635, -0.22625732, 4.179077
8.804672, -0.21188354, 4.18985
8.808273, -0.22265625, 4.1718903
8.803482, -0.21188354, 4.1707
8.789108, -0.21308899, 4.186264
8.790314, -0.22026062, 4.155136
8.81665, -0.22744751, 4.181473
8.819046, -0.21786499, 4.2126007
8.799881, -0.2454071, 4.205414
8.789108, -0.20111084, 4.158722
8.77594, -0.21427917, 4.1647186
8.801086, -0.18554688, 4.153946
8.77475, -0.20948792, 4.179077
8.780731, -0.22625732, 4.1683044
8.826218, -0.21427917, 4.1132355
8.810669, -0.21786499, 4.1276093
8.810669, -0.24659729, 4.1048584
8.819046, -0.19392395, 4.1132355
8.820236, -0.20231628, 4.095276
8.842987, -0.20948792, 4.0892944
8.803482, -0.21786499, 4.1120453
8.802277, -0.20948792, 4.095276
8.831009, -0.21786499, 4.1180267
8.808273, -0.22026062, 4.147949
8.823837, -0.24420166, 4.115631
8.819046, -0.21188354, 4.119217
8.822632, -0.22865295, 4.155136
8.825027, -0.24301147, 4.1455536
8.811859, -0.19154358, 4.1168365
8.81665, -0.20948792, 4.1060486
8.815445, -0.24301147, 4.083313
8.827423, -0.24420166, 4.102463
8.842987, -0.20469666, 4.0976715
8.844177, -0.22865295, 4.130005
8.789108, -0.25019836, 4.066559
8.8094635, -0.23342896, 4.100067
8.823837, -0.21907043, 4.079727
8.821442, -0.22146606, 4.0653534
8.844177, -0.23822021, 4.0821075
8.785522, -0.21069336, 4.0928802
8.814255, -0.22744751, 4.100067
8.825027, -0.21786499, 4.1120453
8.814255, -0.22744751, 4.1575317
8.823837, -0.20469666, 4.1647186
8.83461, -0.21069336, 4.103668
8.807068, -0.22984314, 4.1096497
8.7939, -0.22984314, 4.1323853
8.827423, -0.2166748, 4.1407776
8.795105, -0.19154358, 4.155136
8.819046, -0.22026062, 4.1323853
8.810669, -0.20469666, 4.1647186
8.827423, -0.19871521, 4.153946
8.799881, -0.23223877, 4.1180267
8.823837, -0.20829773, 4.114441
8.813049, -0.2346344, 4.141968
8.795105, -0.2059021, 4.100067
8.820236, -0.22265625, 4.131195
8.781937, -0.20709229, 4.138382
8.786713, -0.23342896, 4.1407776
8.802277, -0.20709229, 4.174286
8.821442, -0.20709229, 4.1491547
8.826218, -0.21427917, 4.1970367
8.808273, -0.22744751, 4.1838684
8.786713, -0.21786499, 4.2126007
8.778336, -0.22505188, 4.1754913
8.792709, -0.22026062, 4.1838684
8.796295, -0.20709229, 4.2113953
8.771164, -0.21907043, 4.2245636
8.795105, -0.21907043, 4.1994324
8.813049, -0.1951294, 4.1575317
8.785522, -0.21786499, 4.150345
8.789108, -0.20829773, 4.1647186
8.81665, -0.20111084, 4.217392
8.780731, -0.23822021, 4.1683044
8.766373, -0.22625732, 4.153946
8.791504, -0.18914795, 4.1766815
8.8094635, -0.20469666, 4.165909
8.772354, -0.22744751, 4.1730957
8.771164, -0.23223877, 4.1683044
8.77594, -0.23822021, 4.193451
8.783127, -0.21786499, 4.1970367
8.798691, -0.21548462, 4.1850586
8.777145, -0.21188354, 4.2245636
8.768768, -0.22865295, 4.193451
8.789108, -0.22265625, 4.198227
8.789108, -0.21548462, 4.2245636
8.787918, -0.23822021, 4.2042236
8.783127, -0.23103333, 4.2245636
8.807068, -0.22984314, 4.186264
8.810669, -0.21069336, 4.2006226
8.766373, -0.23103333, 4.1994324
8.759186, -0.22265625, 4.2078094
8.763977, -0.19154358, 4.16951
8.767563, -0.2166748, 4.1707
8.778336, -0.22984314, 4.205414
8.810669, -0.2059021, 4.1599274
8.815445, -0.20231628, 4.134781
8.795105, -0.22984314, 4.165909
8.783127, -0.20709229, 4.16951
8.803482, -0.20231628, 4.194641
8.785522, -0.22265625, 4.1754913
8.7699585, -0.19871521, 4.158722
8.77475, -0.19154358, 4.1563416
8.778336, -0.1951294, 4.2078094
8.786713, -0.22146606, 4.2089996
8.766373, -0.21786499, 4.2353363
8.77594, -0.21069336, 4.213791
8.789108, -0.21907043, 4.234146
8.759186, -0.21069336, 4.203018
8.7699585, -0.20948792, 4.232956
8.751999, -0.20469666, 4.2712555
8.760391, -0.21907043, 4.237732
8.783127, -0.20231628, 4.2509003
8.77356, -0.17837524, 4.2748413
8.736435, -0.20231628, 4.244919
8.748413, -0.23822021, 4.2628784
8.748413, -0.1879425, 4.3071747
8.749603, -0.21069336, 4.2832336
8.778336, -0.20829773, 4.3023834
8.768768, -0.21308899, 4.3023834
8.766373, -0.21069336, 4.32872
8.779541, -0.21427917, 4.3347015
8.754395, -0.21069336, 4.3275146
8.778336, -0.21907043, 4.3275146
8.799881, -0.21427917, 4.355057
8.740036, -0.23223877, 4.34906
8.747223, -0.20948792, 4.340683
8.772354, -0.22026062, 4.3335114
8.765167, -0.18554688, 4.2940063
8.751999, -0.20111084, 4.299988
8.749603, -0.18075562, 4.3071747
8.75679, -0.2059021, 4.3035736
8.754395, -0.21069336, 4.299988
8.762772, -0.20709229, 4.2784424
8.768768, -0.19871521, 4.2760468
8.748413, -0.17477417, 4.3095703
8.765167, -0.19154358, 4.2916107
8.781937, -0.20829773, 4.292801
8.77475, -0.19871521, 4.2700653
8.77594, -0.21188354, 4.2712555
8.750809, -0.19871521, 4.266464
8.7556, -0.2059021, 4.2712555
8.726868, -0.21069336, 4.2904053
8.729263, -0.21427917, 4.2509003
8.746017, -0.15681458, 4.2473145
8.741226, -0.18196106, 4.2916107
8.729263, -0.20469666, 4.2712555
8.741226, -0.20709229, 4.2951965
8.731659, -0.21786499, 4.321533
8.717285, -0.19033813, 4.301178
8.732849, -0.18075562, 4.2904053
8.781937, -0.20469666, 4.280838
8.772354, -0.21907043, 4.323929
8.751999, -0.21308899, 4.3107605
8.744827, -0.20350647, 4.284424
8.759186, -0.19992065, 4.277237
8.725662, -0.21548462, 4.2640686
8.735245, -0.22625732, 4.265274
8.7556, -0.20709229, 4.2940063
8.743622, -0.19392395, 4.323929
8.762772, -0.21427917, 4.2904053
8.765167, -0.22026062, 4.297592
8.760391, -0.19631958, 4.292801
8.751999, -0.22744751, 4.277237
8.73764, -0.22984314, 4.2724457
8.757996, -0.19154358, 4.3023834
8.749603, -0.23223877, 4.2401276
8.751999, -0.23582458, 4.2233734
8.740036, -0.22146606, 4.241333
8.778336, -0.23582458, 4.2712555
8.753204, -0.22744751, 4.232956
8.741226, -0.23223877, 4.285614
8.741226, -0.19273376, 4.282028
8.759186, -0.18914795, 4.2760468
8.7699585, -0.19871521, 4.304779
8.771164, -0.21427917, 4.3263245
8.751999, -0.19033813, 4.3179474
8.736435, -0.17118835, 4.3502655
8.741226, -0.19392395, 4.3753967
8.73764, -0.18675232, 4.34787
8.725662, -0.19154358, 4.3275146
8.713699, -0.21188354, 4.323929
8.720886, -0.21188354, 4.3299103
8.722076, -0.20469666, 4.320343
8.749603, -0.21308899, 4.361038
8.750809, -0.22505188, 4.3753967
8.768768, -0.21907043, 4.3179474
8.7556, -0.21188354, 4.323929
8.71489, -0.22146606, 4.32872
8.732849, -0.19992065, 4.320343
8.734055, -0.18914795, 4.316742
8.728058, -0.20829773, 4.320343
8.742432, -0.18554688, 4.3191376
8.743622, -0.2059021, 4.2796326
8.712494, -0.20829773, 4.2700653
8.736435, -0.22984314, 4.3358917
8.712494, -0.21308899, 4.3502655
8.698135, -0.1951294, 4.316742
8.705322, -0.1951294, 4.3430786
8.712494, -0.19992065, 4.387375
8.702927, -0.19273376, 4.3706207
8.69455, -0.18435669, 4.378998
8.7304535, -0.19273376, 4.42807
8.711304, -0.19631958, 4.423294
8.713699, -0.20709229, 4.443634
8.701721, -0.2166748, 4.4256744
8.750809, -0.2059021, 4.4651794
8.712494, -0.20948792, 4.458008
8.708908, -0.21907043, 4.4448395
8.719681, -0.20350647, 4.4484253
8.704117, -0.17597961, 4.412506
8.699326, -0.22026062, 4.404129
8.717285, -0.22265625, 4.402939
8.717285, -0.21308899, 4.395752
8.710098, -0.19273376, 4.3706207
8.683777, -0.20350647, 4.3670197
8.7304535, -0.19871521, 4.383789
8.725662, -0.17956543, 4.363434
8.693344, -0.19752502, 4.3730164
8.692154, -0.1771698, 4.3981476
8.73764, -0.21427917, 4.3658295
8.705322, -0.21188354, 4.3861847
8.704117, -0.19154358, 4.416107
8.699326, -0.21548462, 4.4017334
8.7304535, -0.1951294, 4.3825836
8.75679, -0.19871521, 4.4149017
8.720886, -0.22625732, 4.447235
8.7304535, -0.22146606, 4.4364624
8.708908, -0.22265625, 4.431671
8.738831, -0.21308899, 4.4089203
8.725662, -0.21786499, 4.4149017
8.734055, -0.21548462, 4.383789
8.69455, -0.21427917, 4.352661
8.705322, -0.23223877, 4.380188
8.734055, -0.22146606, 4.3586426
8.705322, -0.22625732, 4.3311157
8.674194, -0.22146606, 4.337097
8.65744, -0.24061584, 4.3514557
8.699326, -0.22625732, 4.34787
8.738831, -0.21188354, 4.3502655
8.742432, -0.18675232, 4.3861847
8.696945, -0.1879425, 4.3861847
8.701721, -0.18315125, 4.400543
8.734055, -0.17597961, 4.447235
8.686157, -0.17837524, 4.416107
8.6909485, -0.16879272, 4.434067
8.705322, -0.22625732, 4.452011
8.699326, -0.22026062, 4.423294
8.728058, -0.20231628, 4.418503
8.736435, -0.23223877, 4.4137115
8.753204, -0.24301147, 4.4089203
8.724472, -0.21786499, 4.364624
8.681381, -0.21069336, 4.383789
8.698135, -0.21308899, 4.368225
8.728058, -0.21308899, 4.34787
8.729263, -0.2166748, 4.368225
8.7304535, -0.21427917, 4.323929
8.706512, -0.2166748, 4.3035736
8.700531, -0.19273376, 4.289215
8.708908, -0.22984314, 4.3275146
8.716095, -0.21427917, 4.323929
8.718491, -0.20709229, 4.3670197
8.734055, -0.21427917, 4.3813934
8.724472, -0.19273376, 4.4065247
8.720886, -0.20829773, 4.3981476
8.728058, -0.22505188, 4.467575
8.720886, -0.20111084, 4.4376526
8.710098, -0.2454071, 4.443634
8.713699, -0.24182129, 4.4172974
8.746017, -0.25019836, 4.440048
8.7304535, -0.21427917, 4.4304657
8.69574, -0.21427917, 4.368225
8.7304535, -0.23942566, 4.3358917
8.710098, -0.21427917, 4.332306
8.718491, -0.19154358, 4.3191376
8.702927, -0.19871521, 4.3347015
8.71489, -0.22505188, 4.284424
8.712494, -0.20948792, 4.321533
8.707718, -0.20350647, 4.3382874
8.705322, -0.18675232, 4.3335114
8.6909485, -0.17237854, 4.3897705
8.719681, -0.19154358, 4.438843
8.736435, -0.18554688, 4.4651794
8.682571, -0.16520691, 4.4460297
8.664612, -0.19273376, 4.455612
8.684967, -0.21188354, 4.490326
8.702927, -0.20469666, 4.48674
8.725662, -0.19871521, 4.4699707
8.692154, -0.18914795, 4.5046844
8.689758, -0.20111084, 4.4304657
8.698135, -0.19992065, 4.455612
8.701721, -0.20948792, 4.4172974
8.720886, -0.2238617, 4.3753967
8.740036, -0.20948792, 4.3586426
8.723267, -0.23822021, 4.3466797
8.723267, -0.20231628, 4.2868195
8.736435, -0.18914795, 4.299988
8.700531, -0.17837524, 4.316742
8.71489, -0.17358398, 4.296402
8.716095, -0.18196106, 4.3023834
8.718491, -0.17837524, 4.3358917
8.700531, -0.19752502, 4.352661
8.704117, -0.19871521, 4.371811
8.722076, -0.18554688, 4.3933563
8.742432, -0.17358398, 4.3897705
8.757996, -0.20111084, 4.4065247
8.725662, -0.19631958, 4.443634
8.6753845, -0.1771698, 4.467575
8.69455, -0.19631958, 4.4220886
8.706512, -0.21308899, 4.4448395
8.726868, -0.19273376, 4.4376526
8.708908, -0.22265625, 4.466385
8.700531, -0.22744751, 4.4172974
8.708908, -0.18196106, 4.361038
8.6909485, -0.18554688, 4.376602
8.698135, -0.19752502, 4.4304657
8.67778, -0.20469666, 4.416107
8.686157, -0.18435669, 4.3586426
8.711304, -0.17358398, 4.411316
8.722076, -0.20948792, 4.4089203
8.672989, -0.21907043, 4.434067
8.661026, -0.16160583, 4.471176
8.682571, -0.16758728, 4.50589
8.700531, -0.19392395, 4.56575
8.698135, -0.20231628, 4.577713
8.684967, -0.19752502, 4.5669403
8.726868, -0.21907043, 4.610031
8.701721, -0.18435669, 4.5513763
8.729263, -0.19871521, 4.5238495
8.710098, -0.2059021, 4.490326
8.682571, -0.20948792, 4.438843
8.664612, -0.19273376, 4.4304657
8.710098, -0.19033813, 4.355057
8.723267, -0.21069336, 4.356247
8.705322, -0.17837524, 4.316742
8.696945, -0.18315125, 4.3299103
8.734055, -0.17837524, 4.3382874
8.708908, -0.21548462, 4.3358917
8.724472, -0.23582458, 4.3694153
8.71489, -0.23223877, 4.4089203
8.713699, -0.19033813, 4.3969574
8.719681, -0.19392395, 4.4304657
8.707718, -0.1951294, 4.443634
8.707718, -0.2059021, 4.42688
8.725662, -0.19992065, 4.4460297
8.718491, -0.1771698, 4.447235
8.704117, -0.1879425, 4.42807
8.699326, -0.19992065, 4.418503
8.71489, -0.20709229, 4.4101257
8.701721, -0.20948792, 4.380188
8.713699, -0.22744751, 4.3311157
8.705322, -0.21907043, 4.344284
8.723267, -0.2238617, 4.3275146
8.723267, -0.1951294, 4.316742
8.726868, -0.17597961, 4.3035736
8.69574, -0.19992065, 4.282028
8.722076, -0.20829773, 4.2784424
8.716095, -0.19752502, 4.2868195
8.69574, -0.2166748, 4.2832336
8.716095, -0.20231628, 4.3502655
8.717285, -0.18554688, 4.3622284
8.720886, -0.2166748, 4.3514557
8.744827, -0.2166748, 4.387375
8.748413, -0.20469666, 4.394562
8.753204, -0.20231628, 4.431671
8.747223, -0.20829773, 4.4532166
8.7699585, -0.21907043, 4.3813934
8.759186, -0.19752502, 4.3897705
8.73764, -0.21427917, 4.4065247
8.680176, -0.2166748, 4.380188
8.689758, -0.19631958, 4.3849792
8.687363, -0.20469666, 4.3777924
8.700531, -0.19273376, 4.416107
8.729263, -0.22625732, 4.4149017
8.702927, -0.25138855, 4.438843
8.706512, -0.24061584, 4.442444
8.684967, -0.21548462, 4.4927216
8.67659, -0.19154358, 4.471176
8.6909485, -0.20350647, 4.4089203
8.689758, -0.19631958, 4.387375
8.693344, -0.21548462, 4.435257
8.6706085, -0.19871521, 4.411316
8.671799, -0.18675232, 4.4244843
8.688553, -0.1771698, 4.442444
8.681381, -0.17118835, 4.4304657
8.688553, -0.16758728, 4.479553
8.693344, -0.18315125, 4.4999084
8.704117, -0.17237854, 4.529831
8.701721, -0.18914795, 4.529831
8.718491, -0.21907043, 4.589691
8.73764, -0.17477417, 4.545395
8.717285, -0.21427917, 4.48674
8.742432, -0.21308899, 4.4771576
8.713699, -0.20709229, 4.4256744
8.702927, -0.19752502, 4.380188
8.707718, -0.20350647, 4.3670197
8.704117, -0.21427917, 4.340683
8.712494, -0.24301147, 4.3179474
8.711304, -0.22265625, 4.299988
8.726868, -0.2059021, 4.2916107
8.759186, -0.22505188, 4.3035736
8.711304, -0.2238617, 4.2545013
8.732849, -0.19992065, 4.2916107
8.716095, -0.21308899, 4.363434
8.706512, -0.2059021, 4.3825836
8.7304535, -0.19392395, 4.3909607
8.743622, -0.19992065, 4.435257
8.688553, -0.21427917, 4.42807
8.718491, -0.20469666, 4.491516
8.744827, -0.21069336, 4.4843445
8.701721, -0.18196106, 4.479553
8.700531, -0.21427917, 4.467575
8.748413, -0.20948792, 4.4244843
8.734055, -0.1951294, 4.4017334
8.689758, -0.17956543, 4.356247
8.710098, -0.18315125, 4.337097
8.723267, -0.18435669, 4.3227386
8.71489, -0.17837524, 4.299988
8.725662, -0.21548462, 4.285614
8.728058, -0.19752502, 4.292801
8.716095, -0.21427917, 4.3023834
8.73764, -0.21786499, 4.3299103
8.705322, -0.21069336, 4.3909607
8.724472, -0.22505188, 4.4017334
8.69574, -0.22865295, 4.3454742
8.69574, -0.20231628, 4.400543
8.719681, -0.20948792, 4.399353
8.71489, -0.19752502, 4.419693
8.696945, -0.1879425, 4.434067
8.692154, -0.18196106, 4.42807
8.702927, -0.17118835, 4.435257
8.722076, -0.19752502, 4.502289
8.723267, -0.18914795, 4.4999084
8.724472, -0.22865295, 4.478348
8.725662, -0.2166748, 4.4807434
8.692154, -0.19154358, 4.4843445
8.717285, -0.21188354, 4.452011
8.747223, -0.2238617, 4.447235
8.718491, -0.2166748, 4.4101257
8.720886, -0.22865295, 4.376602
8.684967, -0.20350647, 4.418503
8.693344, -0.23582458, 4.388565
8.672989, -0.20111084, 4.3658295
8.706512, -0.20231628, 4.361038
8.726868, -0.21548462, 4.359848
8.698135, -0.2346344, 4.359848
8.683777, -0.21427917, 4.3418884
8.699326, -0.21069336, 4.3825836
8.686157, -0.23223877, 4.3670197
8.723267, -0.21188354, 4.3861847
8.702927, -0.18675232, 4.3777924
8.713699, -0.22984314, 4.4208984
8.728058, -0.21786499, 4.443634
8.725662, -0.19273376, 4.435257
8.687363, -0.21188354, 4.4220886
8.696945, -0.2059021, 4.4244843
8.705322, -0.20350647, 4.4017334
8.722076, -0.21427917, 4.416107
8.744827, -0.20709229, 4.4149017
8.744827, -0.21188354, 4.4101257
8.725662, -0.1951294, 4.3909607
8.706512, -0.17597961, 4.3418884
8.705322, -0.19392395, 4.3227386
8.698135, -0.21548462, 4.3035736
8.707718, -0.22625732, 4.3155518
8.726868, -0.22505188, 4.305969
8.7304535, -0.20231628, 4.2868195
8.711304, -0.21069336, 4.299988
8.726868, -0.23942566, 4.3263245
8.708908, -0.22026062, 4.325119
8.701721, -0.21907043, 4.3382874
8.717285, -0.23103333, 4.3179474
8.73764, -0.21188354, 4.3466797
8.708908, -0.21069336, 4.3622284
8.720886, -0.19273376, 4.392166
8.729263, -0.17477417, 4.4089203
8.724472, -0.19392395, 4.3742065
8.732849, -0.23822021, 4.3730164
8.720886, -0.23703003, 4.412506
8.736435, -0.21427917, 4.4244843
8.717285, -0.20829773, 4.3981476
8.69574, -0.22265625, 4.4244843
8.717285, -0.21308899, 4.3981476
8.73764, -0.1951294, 4.394562
8.713699, -0.19631958, 4.3909607
8.720886, -0.20350647, 4.412506
8.722076, -0.18075562, 4.3981476
8.734055, -0.20111084, 4.383789
8.735245, -0.21786499, 4.4137115
8.7304535, -0.20111084, 4.40773
8.717285, -0.20948792, 4.4089203
8.712494, -0.21427917, 4.3981476
8.716095, -0.19033813, 4.3813934
8.711304, -0.19752502, 4.4544067
8.719681, -0.20469666, 4.40773
8.719681, -0.20350647, 4.4065247
8.7304535, -0.19631958, 4.3969574
8.717285, -0.1951294, 4.423294
8.735245, -0.18075562, 4.443634
8.699326, -0.20709229, 4.402939
8.73764, -0.20111084, 4.40773
8.713699, -0.21786499, 4.394562
8.708908, -0.19752502, 4.3574524
8.720886, -0.19033813, 4.3574524
8.722076, -0.2059021, 4.3742065
8.705322, -0.2166748, 4.3658295
8.717285, -0.18675232, 4.3418884
8.718491, -0.19154358, 4.34787
8.674194, -0.1771698, 4.3694153
8.720886, -0.17597961, 4.355057
8.723267, -0.20231628, 4.3825836
8.689758, -0.19392395, 4.3897705
8.6909485, -0.22744751, 4.395752
8.735245, -0.22146606, 4.4137115
8.719681, -0.21427917, 4.402939
8.707718, -0.20231628, 4.452011
8.712494, -0.20948792, 4.459198
8.713699, -0.22625732, 4.4615936
8.728058, -0.21907043, 4.435257
8.726868, -0.19154358, 4.450821
8.712494, -0.23582458, 4.458008
8.708908, -0.21548462, 4.431671
8.747223, -0.19273376, 4.40773
8.747223, -0.23703003, 4.4065247
8.718491, -0.22505188, 4.3861847
8.741226, -0.19631958, 4.3586426
8.741226, -0.21548462, 4.383789
8.713699, -0.23103333, 4.3107605
8.746017, -0.24659729, 4.299988
8.747223, -0.22505188, 4.2987823
8.729263, -0.252594, 4.296402
8.750809, -0.23103333, 4.2592773
8.754395, -0.22146606, 4.2545013
8.738831, -0.2346344, 4.285614
8.736435, -0.23223877, 4.2951965
8.71489, -0.21069336, 4.2485046
8.728058, -0.20948792, 4.2640686
8.744827, -0.22026062, 4.3107605
8.720886, -0.2238617, 4.3119507
8.713699, -0.18675232, 4.296402
8.742432, -0.21548462, 4.2916107
8.747223, -0.20350647, 4.260483
8.7304535, -0.19154358, 4.2640686
8.712494, -0.19752502, 4.261673
8.744827, -0.19392395, 4.266464
8.748413, -0.2059021, 4.2712555
8.741226, -0.17837524, 4.26886
8.75679, -0.19871521, 4.2365417
8.743622, -0.22026062, 4.2904053
8.751999, -0.19392395, 4.3119507
8.754395, -0.16281128, 4.2904053
8.767563, -0.22865295, 4.2951965
8.742432, -0.24659729, 4.304779
8.738831, -0.23223877, 4.299988
8.728058, -0.22265625, 4.361038
8.763977, -0.23582458, 4.3825836
8.747223, -0.22865295, 4.361038
8.754395, -0.23582458, 4.34787
8.719681, -0.252594, 4.400543
8.740036, -0.22865295, 4.3825836
8.731659, -0.19273376, 4.3658295
8.726868, -0.1951294, 4.3466797
8.716095, -0.20948792, 4.339493
8.719681, -0.20350647, 4.364624
8.696945, -0.20231628, 4.3730164
8.713699, -0.18435669, 4.4460297
8.706512, -0.2059021, 4.4615936
8.704117, -0.20350647, 4.4484253
8.724472, -0.21907043, 4.4759674
8.712494, -0.20350647, 4.5238495
8.704117, -0.21069336, 4.5358124
8.667007, -0.18075562, 4.5406036
8.716095, -0.18675232, 4.5118713
8.723267, -0.19871521, 4.5238495
8.717285, -0.20231628, 4.514267
8.747223, -0.21907043, 4.5082855
8.699326, -0.18914795, 4.4604034
8.684967, -0.19392395, 4.431671
8.73764, -0.1951294, 4.412506
8.740036, -0.2166748, 4.3861847
8.710098, -0.23103333, 4.3347015
8.723267, -0.2059021, 4.3299103
8.726868, -0.17477417, 4.3107605
8.706512, -0.2059021, 4.301178
8.71489, -0.19752502, 4.313156
8.6706085, -0.20829773, 4.34906
8.722076, -0.2059021, 4.3263245
8.747223, -0.23103333, 4.3071747
8.725662, -0.20469666, 4.323929
8.708908, -0.22026062, 4.387375
8.708908, -0.23103333, 4.3909607
8.720886, -0.23703003, 4.3861847
8.724472, -0.22865295, 4.4292755
8.722076, -0.20469666, 4.402939
8.734055, -0.20231628, 4.4101257
8.701721, -0.23582458, 4.371811
8.7304535, -0.22146606, 4.3454742
8.728058, -0.19033813, 4.383789
8.707718, -0.19871521, 4.363434
8.731659, -0.19154358, 4.3347015
8.734055, -0.21069336, 4.2951965
8.741226, -0.21548462, 4.3502655
8.720886, -0.2454071, 4.361038
8.723267, -0.20829773, 4.3430786
8.717285, -0.20111084, 4.3502655
8.725662, -0.22625732, 4.3430786
8.75679, -0.24182129, 4.3382874
8.740036, -0.22505188, 4.3670197
8.720886, -0.18675232, 4.3514557
8.717285, -0.2238617, 4.3430786
8.738831, -0.23822021, 4.3454742
8.73764, -0.23223877, 4.3095703
8.698135, -0.2346344, 4.32872
8.731659, -0.2238617, 4.3071747
8.742432, -0.2454071, 4.337097
8.740036, -0.20829773, 4.304779
8.723267, -0.22026062, 4.313156
8.719681, -0.20948792, 4.3502655
8.720886, -0.18914795, 4.352661
8.705322, -0.19154358, 4.3670197
8.741226, -0.19154358, 4.416107
8.736435, -0.19273376, 4.3849792
8.741226, -0.1879425, 4.3969574
8.748413, -0.19752502, 4.4208984
8.748413, -0.1951294, 4.4089203
8.736435, -0.20469666, 4.4101257
8.738831, -0.21308899, 4.3909607
8.747223, -0.23223877, 4.4065247
8.722076, -0.21907043, 4.395752
8.728058, -0.22265625, 4.3933563
8.75679, -0.21308899, 4.340683
8.732849, -0.24182129, 4.340683
8.724472, -0.20350647, 4.3382874
8.726868, -0.20709229, 4.339493
8.713699, -0.22146606, 4.3311157
8.719681, -0.21548462, 4.3023834
8.719681, -0.2059021, 4.313156
8.723267, -0.22026062, 4.359848
8.731659, -0.22625732, 4.3095703
8.713699, -0.21069336, 4.321533
8.732849, -0.19871521, 4.3335114
8.738831, -0.20111084, 4.3095703
8.7304535, -0.21427917, 4.337097
8.765167, -0.19752502, 4.3538513
8.732849, -0.21308899, 4.355057
8.724472, -0.21308899, 4.323929
8.740036, -0.2346344, 4.34787
8.717285, -0.2238617, 4.364624
8.741226, -0.20231628, 4.388565
8.750809, -0.22265625, 4.376602
8.760391, -0.20829773, 4.3275146
8.741226, -0.22505188, 4.32872
8.717285, -0.22744751, 4.32872
8.718491, -0.19752502, 4.313156
8.73764, -0.22865295, 4.3095703
8.7304535, -0.21786499, 4.3071747
8.748413, -0.19752502, 4.282028
8.732849, -0.2346344, 4.2796326
8.7304535, -0.20709229, 4.296402
8.741226, -0.22865295, 4.282028
8.736435, -0.22146606, 4.3023834
8.754395, -0.23942566, 4.3035736
8.717285, -0.22744751, 4.3107605
8.73764, -0.21907043, 4.3263245
8.7304535, -0.21786499, 4.3179474
8.77356, -0.22865295, 4.3430786
8.729263, -0.20469666, 4.3825836
8.719681, -0.19992065, 4.3299103
8.728058, -0.20948792, 4.363434
8.757996, -0.20111084, 4.32872
8.718491, -0.20948792, 4.352661
8.7304535, -0.22146606, 4.3849792
8.744827, -0.21308899, 4.380188
8.735245, -0.21188354, 4.3574524
8.7304535, -0.20350647, 4.3347015
8.710098, -0.20469666, 4.305969
8.736435, -0.2059021, 4.3454742
8.731659, -0.19992065, 4.3382874
8.701721, -0.20948792, 4.3670197
8.73764, -0.20829773, 4.359848
8.751999, -0.22625732, 4.3227386
8.717285, -0.20709229, 4.3502655
8.7556, -0.20829773, 4.368225
8.762772, -0.21188354, 4.3454742
8.7699585, -0.2059021, 4.323929
8.741226, -0.19871521, 4.3706207
8.751999, -0.19273376, 4.323929
8.757996, -0.21786499, 4.313156
8.744827, -0.19871521, 4.321533
8.712494, -0.22265625, 4.320343
8.689758, -0.23582458, 4.2940063
8.746017, -0.24182129, 4.3335114
8.731659, -0.2238617, 4.3813934
8.7556, -0.24182129, 4.387375
8.731659, -0.22146606, 4.394562
8.735245, -0.22265625, 4.3897705
8.760391, -0.23582458, 4.3981476
8.736435, -0.22984314, 4.3502655
8.717285, -0.22744751, 4.4149017
8.701721, -0.19871521, 4.40773
8.741226, -0.20350647, 4.3574524
8.719681, -0.17358398, 4.371811
8.728058, -0.19154358, 4.3897705
8.701721, -0.20948792, 4.344284
8.734055, -0.21069336, 4.344284
8.760391, -0.2059021, 4.34787
8.750809, -0.20469666, 4.3466797
8.71489, -0.19631958, 4.3275146
8.718491, -0.19992065, 4.361038
8.740036, -0.21427917, 4.3622284
8.751999, -0.2166748, 4.368225
8.71489, -0.21786499, 4.3586426
8.728058, -0.19752502, 4.297592
8.740036, -0.19154358, 4.234146
8.73764, -0.21069336, 4.2700653
8.748413, -0.23223877, 4.284424
8.729263, -0.22865295, 4.2916107
8.75679, -0.24061584, 4.285614
8.750809, -0.22625732, 4.296402
8.767563, -0.22744751, 4.2987823
8.751999, -0.22265625, 4.3107605
8.725662, -0.22505188, 4.3107605
8.743622, -0.19631958, 4.3035736
8.7556, -0.2059021, 4.3263245
8.77594, -0.17477417, 4.3275146
8.75679, -0.2238617, 4.3694153
8.734055, -0.22265625, 4.352661
8.751999, -0.22265625, 4.3358917
8.754395, -0.23822021, 4.3586426
8.7699585, -0.23703003, 4.3382874
8.736435, -0.19871521, 4.3622284
8.735245, -0.20111084, 4.3430786
8.735245, -0.22744751, 4.3382874
8.726868, -0.2059021, 4.3574524
8.722076, -0.21308899, 4.3263245
8.734055, -0.22265625, 4.316742
8.742432, -0.22744751, 4.297592
8.761581, -0.21308899, 4.316742
8.750809, -0.19392395, 4.3466797
8.740036, -0.20829773, 4.352661
8.742432, -0.21786499, 4.3813934
8.720886, -0.17118835, 4.3502655
8.708908, -0.21069336, 4.332306
8.712494, -0.2059021, 4.3825836
8.763977, -0.2059021, 4.3275146
8.740036, -0.19871521, 4.332306
8.740036, -0.19033813, 4.3335114
8.746017, -0.19752502, 4.344284
8.763977, -0.21188354, 4.3466797
8.744827, -0.2166748, 4.3574524
8.748413, -0.19154358, 4.332306
8.7304535, -0.22146606, 4.3023834
8.701721, -0.2238617, 4.3311157
8.705322, -0.22865295, 4.3095703
8.698135, -0.22265625, 4.323929
8.744827, -0.19752502, 4.2784424
8.735245, -0.19992065, 4.3107605
8.757996, -0.18315125, 4.3358917
8.749603, -0.17118835, 4.2904053
8.731659, -0.1951294, 4.3382874
8.7304535, -0.21786499, 4.3574524
8.736435, -0.22984314, 4.3275146
8.736435, -0.2238617, 4.34906
8.71489, -0.21427917, 4.355057
8.720886, -0.20829773, 4.355057
8.741226, -0.24182129, 4.3742065
8.7304535, -0.24061584, 4.3502655
8.728058, -0.23703003, 4.3777924
8.729263, -0.23582458, 4.411316
8.720886, -0.2059021, 4.3777924
8.735245, -0.24182129, 4.355057
8.735245, -0.21188354, 4.363434
8.7304535, -0.20948792, 4.3335114
8.718491, -0.1879425, 4.3107605
8.741226, -0.2059021, 4.321533
8.734055, -0.22984314, 4.3514557
8.741226, -0.21188354, 4.3179474
8.741226, -0.22265625, 4.3418884
8.753204, -0.22026062, 4.352661
8.734055, -0.22505188, 4.3706207
8.707718, -0.22865295, 4.3107605
8.759186, -0.21786499, 4.3538513
8.749603, -0.2059021, 4.316742
8.724472, -0.22505188, 4.339493
8.738831, -0.21786499, 4.32872
8.704117, -0.22026062, 4.3023834
8.741226, -0.21548462, 4.32872
8.722076, -0.22984314, 4.313156
8.69455, -0.19752502, 4.297592
8.734055, -0.2166748, 4.3538513
8.759186, -0.22625732, 4.3658295
8.717285, -0.21548462, 4.3586426
8.741226, -0.23822021, 4.380188
8.728058, -0.21308899, 4.3909607
8.706512, -0.20469666, 4.376602
8.724472, -0.19871521, 4.3466797
8.729263, -0.21786499, 4.34787
8.744827, -0.20111084, 4.34787
8.724472, -0.22026062, 4.32872
8.726868, -0.21308899, 4.2868195
8.725662, -0.22265625, 4.3071747
8.736435, -0.18675232, 4.3335114
8.71489, -0.18554688, 4.332306
8.729263, -0.1951294, 4.3263245
8.71489, -0.20231628, 4.321533
8.725662, -0.1951294, 4.352661
8.759186, -0.22146606, 4.3897705
8.744827, -0.19631958, 4.3897705
8.741226, -0.22744751, 4.400543
8.722076, -0.22625732, 4.3753967
8.731659, -0.19752502, 4.4484253
8.731659, -0.19631958, 4.4172974
8.705322, -0.22026062, 4.4089203
8.741226, -0.19392395, 4.4137115
8.746017, -0.20231628, 4.394562
8.719681, -0.21427917, 4.3933563
8.6909485, -0.19871521, 4.380188
8.735245, -0.18554688, 4.388565
8.728058, -0.20948792, 4.3502655
8.69455, -0.21069336, 4.355057
8.726868, -0.1879425, 4.404129
8.7304535, -0.18075562, 4.3861847
8.731659, -0.2166748, 4.356247
8.744827, -0.21907043, 4.4149017
8.716095, -0.20829773, 4.4149017
8.732849, -0.2166748, 4.3849792
8.731659, -0.23582458, 4.3454742
8.724472, -0.20350647, 4.359848
8.710098, -0.21907043, 4.32872
8.754395, -0.2346344, 4.359848
8.738831, -0.24301147, 4.3586426
8.719681, -0.20829773, 4.3311157
8.735245, -0.20469666, 4.3335114
8.757996, -0.21907043, 4.2880096
8.743622, -0.22026062, 4.292801
8.736435, -0.21907043, 4.344284
8.724472, -0.21548462, 4.3311157
8.750809, -0.21548462, 4.2904053
8.735245, -0.21548462, 4.299988
8.731659, -0.22625732, 4.2940063
8.7304535, -0.22744751, 4.305969
8.736435, -0.19992065, 4.2712555
8.749603, -0.21548462, 4.2401276
8.762772, -0.20948792, 4.242523
8.754395, -0.20350647, 4.2628784
8.73764, -0.19392395, 4.2305603
8.749603, -0.2166748, 4.229355
8.746017, -0.20709229, 4.242523
8.713699, -0.18075562, 4.2832336
8.712494, -0.2238617, 4.26886
8.746017, -0.24301147, 4.313156
8.735245, -0.21427917, 4.3191376
8.771164, -0.22744751, 4.34787
8.731659, -0.22984314, 4.364624
8.743622, -0.23582458, 4.3299103
8.731659, -0.2238617, 4.3514557
8.731659, -0.1951294, 4.3454742
8.734055, -0.21548462, 4.3179474
8.740036, -0.22984314, 4.313156
8.722076, -0.23703003, 4.304779
8.73764, -0.21188354, 4.2796326
8.741226, -0.19752502, 4.280838
8.713699, -0.20350647, 4.2832336
8.736435, -0.22026062, 4.305969
8.747223, -0.20829773, 4.308365
8.726868, -0.18554688, 4.323929
8.729263, -0.20948792, 4.3358917
8.710098, -0.19631958, 4.3622284
8.722076, -0.19033813, 4.3777924
8.732849, -0.22146606, 4.3753967
8.747223, -0.20829773, 4.411316
8.724472, -0.21548462, 4.452011
8.735245, -0.21548462, 4.4149017
8.735245, -0.21069336, 4.4101257
8.726868, -0.21427917, 4.3897705
8.725662, -0.2166748, 4.3706207
8.766373, -0.22625732, 4.305969
8.725662, -0.22625732, 4.32872
8.732849, -0.1951294, 4.301178
8.738831, -0.18675232, 4.285614
8.753204, -0.21308899, 4.2951965
8.742432, -0.21548462, 4.323929
8.741226, -0.23822021, 4.3071747
8.7556, -0.22625732, 4.301178
8.744827, -0.22265625, 4.368225
8.740036, -0.1879425, 4.325119
8.726868, -0.1951294, 4.339493
8.7304535, -0.19752502, 4.3574524
8.743622, -0.21188354, 4.3622284
8.726868, -0.20231628, 4.363434
8.732849, -0.20231628, 4.356247
8.747223, -0.2346344, 4.363434
8.741226, -0.19871521, 4.3622284
8.706512, -0.20231628, 4.3454742
8.744827, -0.23223877, 4.3095703
8.722076, -0.2238617, 4.313156
8.735245, -0.22625732, 4.3275146
8.759186, -0.21427917, 4.2916107
8.763977, -0.20469666, 4.316742
8.744827, -0.20350647, 4.356247
8.740036, -0.21548462, 4.3753967
8.749603, -0.21427917, 4.363434
8.726868, -0.21907043, 4.316742
8.724472, -0.22744751, 4.3191376
8.743622, -0.20948792, 4.3347015
8.763977, -0.21427917, 4.3897705
8.779541, -0.21907043, 4.361038
8.740036, -0.21907043, 4.3191376
8.736435, -0.22026062, 4.3897705
8.747223, -0.20350647, 4.323929
8.747223, -0.20350647, 4.2951965
8.757996, -0.22505188, 4.3454742
8.747223, -0.19992065, 4.344284
8.750809, -0.21069336, 4.2951965
8.736435, -0.21907043, 4.321533
8.7304535, -0.2059021, 4.277237
8.738831, -0.21907043, 4.260483
8.735245, -0.23822021, 4.234146
8.713699, -0.18196106, 4.2628784
8.713699, -0.20111084, 4.256897
8.71489, -0.19033813, 4.253296
8.743622, -0.18075562, 4.280838
8.732849, -0.18914795, 4.3071747
8.732849, -0.22265625, 4.3586426
8.704117, -0.2346344, 4.3418884
8.728058, -0.21069336, 4.3299103
8.744827, -0.22744751, 4.3358917
8.725662, -0.23342896, 4.4220886
8.719681, -0.20709229, 4.3897705
8.718491, -0.21308899, 4.3861847
8.705322, -0.19752502, 4.404129
8.723267, -0.19752502, 4.3933563
8.751999, -0.2059021, 4.3706207
8.699326, -0.22265625, 4.3730164
8.696945, -0.21069336, 4.3574524
8.732849, -0.24301147, 4.344284
8.741226, -0.19154358, 4.325119
8.719681, -0.18435669, 4.3454742
8.726868, -0.19752502, 4.380188
8.738831, -0.20231628, 4.3777924
8.748413, -0.21188354, 4.418503
8.749603, -0.21907043, 4.443634
8.732849, -0.22505188, 4.4328613
8.716095, -0.20350647, 4.479553
8.720886, -0.21786499, 4.50708
8.692154, -0.22265625, 4.517853
8.706512, -0.22146606, 4.5046844
8.699326, -0.18196106, 4.519058
8.696945, -0.19273376, 4.4927216
8.720886, -0.20948792, 4.462799
8.708908, -0.20350647, 4.4879303
8.71489, -0.20231628, 4.431671
8.726868, -0.19154358, 4.423294
8.725662, -0.20829773, 4.368225
8.725662, -0.1951294, 4.344284
8.732849, -0.17956543, 4.323929
8.732849, -0.17956543, 4.299988
8.69574, -0.17358398, 4.3143463
8.729263, -0.1879425, 4.304779
8.731659, -0.20469666, 4.285614
8.750809, -0.18675232, 4.32872
8.732849, -0.19392395, 4.3107605
8.738831, -0.22984314, 4.299988
8.746017, -0.22865295, 4.299988
8.746017, -0.23822021, 4.332306
8.735245, -0.22026062, 4.2700653
8.757996, -0.20350647, 4.299988
8.750809, -0.22505188, 4.258087
8.734055, -0.2166748, 4.241333
8.7699585, -0.21548462, 4.242523
8.746017, -0.25138855, 4.2437286
8.75679, -0.23342896, 4.253296
8.767563, -0.22026062, 4.2389374
8.760391, -0.23223877, 4.1958313
8.759186, -0.24899292, 4.220978
8.736435, -0.22265625, 4.2317505
8.753204, -0.23342896, 4.226959
8.75679, -0.2166748, 4.2389374
8.748413, -0.20231628, 4.323929
8.754395, -0.19752502, 4.323929
8.734055, -0.21786499, 4.323929
8.749603, -0.22505188, 4.3263245
8.741226, -0.19392395, 4.3670197
8.7304535, -0.23942566, 4.3622284
8.720886, -0.23342896, 4.368225
8.704117, -0.19871521, 4.363434
8.711304, -0.20231628, 4.371811
8.740036, -0.21188354, 4.34906
8.723267, -0.21308899, 4.3347015
8.7304535, -0.20709229, 4.297592
8.746017, -0.17956543, 4.3227386
8.701721, -0.19871521, 4.2545013
8.712494, -0.19631958, 4.3095703
8.704117, -0.19752502, 4.356247
8.71489, -0.20948792, 4.364624
8.701721, -0.21548462, 4.361038
8.6909485, -0.20111084, 4.40773
8.731659, -0.21907043, 4.4807434
8.717285, -0.21427917, 4.495117
8.73764, -0.19752502, 4.48674
8.720886, -0.21548462, 4.498703
8.7304535, -0.20111084, 4.4807434
8.682571, -0.18075562, 4.498703
8.686157, -0.1771698, 4.4699707
8.678986, -0.18196106, 4.455612
8.706512, -0.16879272, 4.4448395
8.708908, -0.1663971, 4.491516
8.723267, -0.18435669, 4.50708
8.725662, -0.20829773, 4.502289
8.716095, -0.18075562, 4.4843445
8.710098, -0.18315125, 4.483139
8.710098, -0.21548462, 4.4927216
8.712494, -0.17837524, 4.4220886
8.722076, -0.18675232, 4.4292755
8.701721, -0.17358398, 4.3909607
8.718491, -0.1771698, 4.4101257
8.702927, -0.20469666, 4.3861847
8.711304, -0.19871521, 4.3179474
8.732849, -0.22865295, 4.301178
8.738831, -0.20709229, 4.3119507
8.713699, -0.22744751, 4.3023834
8.742432, -0.25378418, 4.304779
8.759186, -0.23822021, 4.2868195
8.738831, -0.23942566, 4.2940063
8.743622, -0.22865295, 4.2592773
8.734055, -0.22026062, 4.256897
8.736435, -0.24061584, 4.2521057
8.719681, -0.18554688, 4.2161865
8.767563, -0.1951294, 4.2521057
8.77356, -0.20709229, 4.258087
8.759186, -0.20111084, 4.280838
8.754395, -0.22026062, 4.284424
8.735245, -0.22265625, 4.285614
8.740036, -0.22625732, 4.301178
8.738831, -0.22505188, 4.3622284
8.744827, -0.22744751, 4.3454742
8.73764, -0.22625732, 4.34787
8.761581, -0.19392395, 4.3299103
8.7304535, -0.20350647, 4.344284
8.704117, -0.2059021, 4.3275146
8.716095, -0.21308899, 4.32872
8.723267, -0.21786499, 4.332306
8.735245, -0.19752502, 4.337097
8.742432, -0.21427917, 4.3347015
8.734055, -0.21548462, 4.3658295
8.743622, -0.1951294, 4.392166
8.711304, -0.20709229, 4.394562
8.71489, -0.20829773, 4.40773
8.729263, -0.20111084, 4.4065247
8.719681, -0.21427917, 4.438843
8.738831, -0.20350647, 4.4484253
8.747223, -0.20111084, 4.423294
8.749603, -0.22865295, 4.3981476
8.729263, -0.2059021, 4.431671
8.71489, -0.20948792, 4.4220886
8.741226, -0.21786499, 4.4017334
8.732849, -0.2166748, 4.404129
8.736435, -0.23103333, 4.412506
8.720886, -0.21786499, 4.3813934
8.732849, -0.23342896, 4.355057
8.738831, -0.20350647, 4.368225
8.73764, -0.22146606, 4.32872
8.743622, -0.22265625, 4.3023834
8.724472, -0.19992065, 4.3358917
8.717285, -0.19033813, 4.3191376
8.710098, -0.21308899, 4.3155518
8.754395, -0.23822021, 4.3179474
8.747223, -0.2238617, 4.3538513
8.741226, -0.21786499, 4.3658295
8.746017, -0.21188354, 4.364624
8.705322, -0.21188354, 4.3670197
8.720886, -0.21188354, 4.411316
8.743622, -0.1879425, 4.3909607
8.734055, -0.21427917, 4.3670197
8.725662, -0.20948792, 4.337097
8.735245, -0.20948792, 4.3502655
8.757996, -0.23342896, 4.3418884
8.684967, -0.20948792, 4.3538513
8.724472, -0.21907043, 4.277237
8.767563, -0.22265625, 4.265274
8.747223, -0.21069336, 4.304779
8.746017, -0.20948792, 4.2556915
8.734055, -0.20709229, 4.222168
8.761581, -0.20350647, 4.2389374
8.734055, -0.20350647, 4.26886
8.765167, -0.20350647, 4.2317505
8.728058, -0.17237854, 4.2485046
8.700531, -0.21188354, 4.26886
8.724472, -0.20231628, 4.2628784
8.744827, -0.19992065, 4.320343
8.748413, -0.22026062, 4.378998
8.736435, -0.17597961, 4.3861847
8.723267, -0.1951294, 4.359848
8.698135, -0.21548462, 4.4256744
8.704117, -0.1951294, 4.438843
8.705322, -0.21427917, 4.4304657
8.707718, -0.20948792, 4.419693
8.700531, -0.19273376, 4.419693
8.686157, -0.21548462, 4.419693
8.717285, -0.20111084, 4.4149017
8.719681, -0.20709229, 4.3813934
8.726868, -0.19273376, 4.4101257
8.732849, -0.20948792, 4.4172974
8.728058, -0.18075562, 4.4053345
8.723267, -0.20709229, 4.383789
8.713699, -0.21308899, 4.3514557
8.702927, -0.21069336, 4.337097
8.734055, -0.20231628, 4.337097
8.69455, -0.19033813, 4.361038
8.726868, -0.18675232, 4.3586426
8.699326, -0.18435669, 4.3670197
8.729263, -0.21548462, 4.3502655
8.708908, -0.20469666, 4.368225
8.7304535, -0.19752502, 4.3849792
8.735245, -0.20231628, 4.404129
8.718491, -0.21907043, 4.4220886
8.713699, -0.24301147, 4.394562
8.696945, -0.22625732, 4.3514557
8.73764, -0.20231628, 4.3574524
8.720886, -0.17118835, 4.361038
8.734055, -0.20469666, 4.3670197
8.738831, -0.22026062, 4.361038
8.73764, -0.21427917, 4.344284
8.725662, -0.18196106, 4.34787
8.726868, -0.20231628, 4.3382874
8.724472, -0.2166748, 4.355057
8.717285, -0.20231628, 4.3275146
8.731659, -0.19871521, 4.337097
8.707718, -0.20829773, 4.296402
8.726868, -0.22625732, 4.3275146
8.723267, -0.21069336, 4.3107605
8.741226, -0.21548462, 4.3119507
8.735245, -0.20350647, 4.344284
8.723267, -0.2166748, 4.3227386
8.750809, -0.22146606, 4.3179474
8.765167, -0.19871521, 4.356247
8.708908, -0.22865295, 4.320343
8.732849, -0.20231628, 4.352661
8.711304, -0.21427917, 4.34906
8.664612, -0.21548462, 4.368225
8.726868, -0.23582458, 4.3753967
8.73764, -0.23703003, 4.404129
8.713699, -0.20829773, 4.404129
8.723267, -0.21786499, 4.4220886
8.717285, -0.1951294, 4.411316
8.724472, -0.20111084, 4.3981476
8.750809, -0.23582458, 4.416107
8.728058, -0.1951294, 4.4292755
8.724472, -0.16281128, 4.388565
8.725662, -0.18435669, 4.383789
8.722076, -0.18315125, 4.3909607
8.731659, -0.18435669, 4.3753967
8.732849, -0.20111084, 4.395752
8.726868, -0.21308899, 4.431671
8.706512, -0.21188354, 4.402939
8.740036, -0.21548462, 4.3586426
8.744827, -0.19992065, 4.3347015
8.720886, -0.21069336, 4.376602
8.740036, -0.20231628, 4.3418884
8.718491, -0.20948792, 4.3035736
8.729263, -0.18554688, 4.3299103
8.717285, -0.18435669, 4.3706207
8.704117, -0.1951294, 4.3454742
8.692154, -0.20709229, 4.3119507
8.734055, -0.21308899, 4.299988
8.740036, -0.22984314, 4.4364624
8.716095, -0.22146606, 4.387375
8.741226, -0.23223877, 4.3418884
8.761581, -0.21069336, 4.395752
8.743622, -0.21427917, 4.399353
8.712494, -0.21308899, 4.3813934
8.736435, -0.20231628, 4.3909607
8.725662, -0.18075562, 4.359848
8.767563, -0.2166748, 4.3574524
8.759186, -0.18675232, 4.3706207
8.746017, -0.21548462, 4.3275146
8.75679, -0.26934814, 4.292801
8.749603, -0.23342896, 4.3035736
8.744827, -0.20469666, 4.297592
8.762772, -0.23703003, 4.297592
8.728058, -0.21548462, 4.265274
8.716095, -0.19871521, 4.3263245
8.748413, -0.21427917, 4.292801
8.749603, -0.20231628, 4.280838
8.734055, -0.21069336, 4.2940063
8.742432, -0.21786499, 4.2628784
8.746017, -0.22146606, 4.2880096
8.744827, -0.19273376, 4.321533
8.7304535, -0.20948792, 4.2832336
8.712494, -0.22026062, 4.2916107
8.746017, -0.19392395, 4.325119
8.717285, -0.1771698, 4.3275146
8.711304, -0.2166748, 4.339493
8.731659, -0.2238617, 4.3382874
8.762772, -0.22026062, 4.3813934
8.746017, -0.20948792, 4.3299103
8.722076, -0.20948792, 4.3347015
8.724472, -0.2166748, 4.3466797
8.724472, -0.20350647, 4.363434
8.729263, -0.20350647, 4.344284
8.729263, -0.21308899, 4.352661
8.723267, -0.19992065, 4.3311157
8.723267, -0.19392395, 4.3622284
8.71489, -0.21308899, 4.352661
8.736435, -0.18914795, 4.34787
8.73764, -0.20829773, 4.323929
8.713699, -0.1879425, 4.3670197
8.723267, -0.16879272, 4.368225
8.754395, -0.21188354, 4.3730164
8.738831, -0.19752502, 4.378998
8.720886, -0.2166748, 4.4208984
8.724472, -0.20350647, 4.4244843
8.716095, -0.20469666, 4.399353
8.705322, -0.21308899, 4.4208984
8.744827, -0.20709229, 4.42688
8.735245, -0.22505188, 4.4101257
8.716095, -0.2238617, 4.399353
8.750809, -0.19752502, 4.368225
8.746017, -0.22265625, 4.368225
8.711304, -0.18196106, 4.3777924
8.704117, -0.1879425, 4.3430786
8.73764, -0.2166748, 4.3179474
8.73764, -0.19631958, 4.3538513
8.726868, -0.18554688, 4.344284
8.726868, -0.21548462, 4.3586426
8.718491, -0.20469666, 4.3538513
8.710098, -0.22265625, 4.3227386
8.73764, -0.20350647, 4.3227386
8.740036, -0.20829773, 4.356247
8.749603, -0.22865295, 4.3335114
8.763977, -0.20350647, 4.3430786
8.747223, -0.20829773, 4.359848
8.729263, -0.23822021, 4.371811
8.740036, -0.19273376, 4.3622284
8.728058, -0.21188354, 4.3574524
8.712494, -0.22026062, 4.3706207
8.736435, -0.20111084, 4.3107605
8.751999, -0.2238617, 4.305969
8.716095, -0.24659729, 4.2712555
8.762772, -0.21548462, 4.332306
8.742432, -0.23342896, 4.323929
8.698135, -0.21786499, 4.3035736
8.749603, -0.21308899, 4.3502655
8.746017, -0.21188354, 4.3155518
8.736435, -0.21907043, 4.308365
8.716095, -0.20829773, 4.3227386
8.734055, -0.22146606, 4.313156
8.723267, -0.22625732, 4.3155518
8.731659, -0.20350647, 4.337097
8.772354, -0.24061584, 4.3275146
8.741226, -0.21069336, 4.3586426
8.749603, -0.20829773, 4.3753967
8.744827, -0.1951294, 4.3143463
8.73764, -0.2454071, 4.3107605
8.711304, -0.19631958, 4.3311157
8.736435, -0.20469666, 4.340683
8.734055, -0.21188354, 4.3227386
8.73764, -0.22625732, 4.316742
8.735245, -0.22984314, 4.2904053
8.734055, -0.24061584, 4.285614
8.746017, -0.24182129, 4.285614
8.710098, -0.2238617, 4.325119
8.747223, -0.20948792, 4.3191376
8.749603, -0.23342896, 4.3347015
8.729263, -0.21907043, 4.296402
8.741226, -0.20231628, 4.321533
8.743622, -0.21907043, 4.337097
8.746017, -0.19154358, 4.3382874
8.724472, -0.22146606, 4.3694153
8.719681, -0.2238617, 4.3861847
8.726868, -0.22984314, 4.3574524
8.744827, -0.20948792, 4.371811
8.751999, -0.2166748, 4.3861847
8.753204, -0.23103333, 4.361038
8.749603, -0.20948792, 4.378998
8.772354, -0.20350647, 4.3538513
8.763977, -0.252594, 4.2916107
8.759186, -0.2059021, 4.2796326
8.753204, -0.20829773, 4.265274
8.753204, -0.23342896, 4.2556915
8.726868, -0.19033813, 4.201828
8.735245, -0.22146606, 4.2066193
8.735245, -0.21188354, 4.253296
8.73764, -0.17597961, 4.229355
8.781937, -0.20350647, 4.2317505
8.765167, -0.18914795, 4.253296
8.750809, -0.19752502, 4.3035736
8.747223, -0.20231628, 4.3095703
8.749603, -0.20111084, 4.321533
8.753204, -0.21427917, 4.3347015
8.762772, -0.22984314, 4.363434
8.753204, -0.19392395, 4.378998
8.751999, -0.20948792, 4.344284
8.724472, -0.21069336, 4.3622284
8.71489, -0.22865295, 4.368225
8.731659, -0.20350647, 4.3418884
8.75679, -0.21786499, 4.325119
8.73764, -0.21548462, 4.299988
8.742432, -0.22265625, 4.305969
8.753204, -0.19871521, 4.297592
8.746017, -0.20350647, 4.323929
8.723267, -0.23703003, 4.3347015
8.724472, -0.21308899, 4.3586426
8.7304535, -0.18435669, 4.3777924
8.706512, -0.20469666, 4.3933563
8.713699, -0.20111084, 4.423294
8.729263, -0.17837524, 4.450821
8.7304535, -0.1879425, 4.462799
8.725662, -0.22026062, 4.4568024
8.711304, -0.22744751, 4.4855347
8.728058, -0.19871521, 4.4651794
8.726868, -0.17956543, 4.462799
8.743622, -0.20469666, 4.4651794
8.725662, -0.21548462, 4.4376526
8.729263, -0.19154358, 4.404129
8.713699, -0.19631958, 4.3574524
8.728058, -0.21427917, 4.3335114
8.7304535, -0.1879425, 4.32872
8.71489, -0.19631958, 4.352661
8.6909485, -0.2059021, 4.340683
8.692154, -0.18675232, 4.34787
8.740036, -0.18675232, 4.3670197
8.717285, -0.21786499, 4.3933563
8.728058, -0.19392395, 4.452011
8.726868, -0.21188354, 4.474762
8.754395, -0.24659729, 4.4939117
8.743622, -0.20709229, 4.462799
8.720886, -0.2166748, 4.459198
8.7304535, -0.20231628, 4.3933563
8.699326, -0.20111084, 4.4053345
8.71489, -0.20469666, 4.3670197
8.768768, -0.1951294, 4.3454742
8.75679, -0.1879425, 4.3335114
8.701721, -0.1951294, 4.3107605
8.734055, -0.22984314, 4.26886
8.735245, -0.21548462, 4.3035736
8.743622, -0.1879425, 4.3358917
8.7304535, -0.23703003, 4.323929
8.740036, -0.2238617, 4.325119
8.743622, -0.19154358, 4.3813934
8.704117, -0.23223877, 4.3909607
8.754395, -0.23582458, 4.3382874
8.7304535, -0.20709229, 4.3227386
8.726868, -0.22265625, 4.3574524
8.723267, -0.19871521, 4.3574524
8.734055, -0.1951294, 4.3035736
8.746017, -0.19631958, 4.3191376
8.736435, -0.22265625, 4.3107605
8.735245, -0.19871521, 4.2880096
8.716095, -0.21907043, 4.2760468
8.738831, -0.22265625, 4.284424
8.735245, -0.21548462, 4.265274
8.742432, -0.21308899, 4.285614
8.725662, -0.21427917, 4.2880096
8.751999, -0.20350647, 4.3382874
8.719681, -0.17237854, 4.3825836
8.732849, -0.19273376, 4.364624
8.725662, -0.20709229, 4.3670197
8.722076, -0.20709229, 4.337097
8.735245, -0.23103333, 4.3347015
8.746017, -0.22146606, 4.363434
8.744827, -0.22984314, 4.355057
8.744827, -0.21188354, 4.332306
8.740036, -0.22505188, 4.273651
8.731659, -0.22744751, 4.3071747
8.742432, -0.22026062, 4.3514557
8.742432, -0.22265625, 4.3119507
8.729263, -0.24061584, 4.3119507
8.708908, -0.2238617, 4.3382874
8.722076, -0.22265625, 4.356247
8.724472, -0.19392395, 4.3861847
8.740036, -0.21188354, 4.4149017
8.740036, -0.19392395, 4.4149017
8.686157, -0.21188354, 4.4376526
8.716095, -0.22146606, 4.4376526
8.719681, -0.19273376, 4.481949
8.712494, -0.20469666, 4.5034943
8.741226, -0.18914795, 4.50589
8.7304535, -0.20948792, 4.478348
8.718491, -0.21907043, 4.442444
8.742432, -0.15802002, 4.392166
8.705322, -0.21069336, 4.412506
8.71489, -0.17477417, 4.364624
8.731659, -0.17956543, 4.337097
8.740036, -0.21427917, 4.3095703
8.750809, -0.2238617, 4.2724457
8.748413, -0.22265625, 4.2987823
8.71489, -0.22744751, 4.3095703
8.719681, -0.23942566, 4.3023834
8.735245, -0.22865295, 4.280838
8.710098, -0.22625732, 4.3107605
8.717285, -0.21308899, 4.296402
8.746017, -0.23822021, 4.2987823
8.69574, -0.22146606, 4.325119
8.720886, -0.19871521, 4.316742
8.747223, -0.20948792, 4.325119
8.736435, -0.2059021, 4.323929
8.711304, -0.16998291, 4.316742
8.724472, -0.19273376, 4.3071747
8.738831, -0.22984314, 4.3730164
8.732849, -0.20948792, 4.3382874
8.718491, -0.20948792, 4.359848
8.696945, -0.20231628, 4.3311157
8.696945, -0.20948792, 4.3466797
8.738831, -0.22265625, 4.3586426
8.763977, -0.22505188, 4.3155518
8.743622, -0.24061584, 4.3227386
8.754395, -0.21188354, 4.2724457
8.744827, -0.2166748, 4.261673
8.716095, -0.20829773, 4.273651
8.741226, -0.19154358, 4.2760468
8.736435, -0.23582458, 4.2640686
8.728058, -0.23703003, 4.2748413
8.741226, -0.20948792, 4.299988
8.719681, -0.17597961, 4.316742
8.705322, -0.20111084, 4.3155518
8.704117, -0.20709229, 4.3347015
8.763977, -0.19392395, 4.3753967
8.748413, -0.20709229, 4.395752
8.740036, -0.22865295, 4.388565
8.711304, -0.21308899, 4.3658295
8.713699, -0.17956543, 4.40773
8.732849, -0.19992065, 4.4017334
8.732849, -0.1879425, 4.394562
8.729263, -0.20111084, 4.3777924
8.73764, -0.1951294, 4.378998
8.731659, -0.1879425, 4.339493
8.7556, -0.19631958, 4.308365
8.7556, -0.20350647, 4.280838
8.757996, -0.21427917, 4.3311157
8.761581, -0.21907043, 4.3143463
8.77475, -0.21907043, 4.3227386
8.725662, -0.18554688, 4.340683
8.735245, -0.20469666, 4.363434
8.746017, -0.22625732, 4.3694153
8.712494, -0.21427917, 4.3275146
8.7304535, -0.18675232, 4.3502655
8.725662, -0.19392395, 4.371811
8.732849, -0.22984314, 4.3861847
8.710098, -0.19154358, 4.3861847
8.731659, -0.20469666, 4.363434
8.735245, -0.21907043, 4.359848
8.750809, -0.21069336, 4.3586426
8.77475, -0.23103333, 4.363434
8.723267, -0.22265625, 4.34906
8.728058, -0.19033813, 4.3502655
8.712494, -0.20231628, 4.3311157
8.73764, -0.21308899, 4.337097
8.747223, -0.22265625, 4.3275146
8.731659, -0.18554688, 4.3155518
8.725662, -0.18554688, 4.296402
8.740036, -0.21786499, 4.289215
8.746017, -0.22625732, 4.3335114
8.753204, -0.21427917, 4.344284
8.723267, -0.20709229, 4.3622284
8.732849, -0.18914795, 4.3335114
8.753204, -0.20350647, 4.337097
8.720886, -0.19752502, 4.3119507
8.6909485, -0.19154358, 4.378998
8.720886, -0.21548462, 4.378998
8.728058, -0.21308899, 4.355057
8.710098, -0.21786499, 4.3969574
8.708908, -0.20709229, 4.337097
8.731659, -0.20948792, 4.34906
8.746017, -0.21907043, 4.339493
8.731659, -0.19273376, 4.3586426
8.708908, -0.2059021, 4.3275146
8.73764, -0.1771698, 4.3335114
8.723267, -0.1879425, 4.3454742
8.725662, -0.19033813, 4.368225
8.740036, -0.21786499, 4.323929
8.716095, -0.18914795, 4.3658295
8.704117, -0.18554688, 4.3753967
8.672989, -0.19392395, 4.363434
8.741226, -0.19752502, 4.388565
8.75679, -0.22625732, 4.356247
8.726868, -0.19631958, 4.378998
8.708908, -0.20469666, 4.3861847
8.732849, -0.19033813, 4.383789
8.706512, -0.19033813, 4.363434
8.722076, -0.2166748, 4.388565
8.754395, -0.23342896, 4.3658295
8.73764, -0.19033813, 4.3813934
8.723267, -0.21308899, 4.3299103
8.750809, -0.21427917, 4.3275146
8.711304, -0.19392395, 4.3694153
8.708908, -0.18675232, 4.3466797
8.713699, -0.20709229, 4.3382874
8.735245, -0.21308899, 4.3263245
8.717285, -0.17837524, 4.3179474
8.750809, -0.22984314, 4.371811
8.7556, -0.20709229, 4.344284
8.760391, -0.19033813, 4.344284
8.740036, -0.22026062, 4.3969574
8.734055, -0.19992065, 4.3777924
8.707718, -0.18435669, 4.3502655
8.722076, -0.18914795, 4.3861847
8.772354, -0.21069336, 4.3777924
8.744827, -0.18914795, 4.3777924
8.726868, -0.18554688, 4.344284
8.702927, -0.18675232, 4.3730164
8.731659, -0.19992065, 4.3574524
8.724472, -0.19871521, 4.32872
8.716095, -0.19154358, 4.339493
8.750809, -0.1951294, 4.3382874
8.740036, -0.21069336, 4.304779
8.719681, -0.20829773, 4.2868195
8.744827, -0.19154358, 4.3263245
8.747223, -0.20111084, 4.3311157
8.77356, -0.2059021, 4.313156
8.729263, -0.18914795, 4.3418884
8.751999, -0.22984314, 4.3586426
8.749603, -0.21907043, 4.3514557
8.754395, -0.21548462, 4.3358917
8.731659, -0.23582458, 4.3742065
8.728058, -0.23703003, 4.344284
8.750809, -0.20709229, 4.337097
8.742432, -0.18435669, 4.3514557
8.740036, -0.21786499, 4.2951965
8.759186, -0.20469666, 4.313156
8.73764, -0.21427917, 4.304779
8.742432, -0.23703003, 4.2880096
8.711304, -0.21069336, 4.2640686
8.708908, -0.21069336, 4.2796326
8.720886, -0.2166748, 4.2437286
8.718491, -0.19992065, 4.289215
8.738831, -0.20948792, 4.3035736
8.708908, -0.22026062, 4.320343
8.742432, -0.21786499, 4.305969
8.725662, -0.20111084, 4.3382874
8.729263, -0.21188354, 4.392166
8.763977, -0.22505188, 4.416107
8.753204, -0.22505188, 4.4376526
8.720886, -0.2238617, 4.388565
8.749603, -0.19631958, 4.4101257
8.771164, -0.19992065, 4.3538513
8.732849, -0.20709229, 4.3514557
8.732849, -0.19154358, 4.3514557
8.738831, -0.20350647, 4.337097
8.725662, -0.23342896, 4.296402
8.723267, -0.23223877, 4.2940063
8.735245, -0.2238617, 4.258087
8.761581, -0.21907043, 4.301178
8.777145, -0.2059021, 4.284424
8.720886, -0.20829773, 4.2592773
8.740036, -0.22026062, 4.2700653
8.7304535, -0.22865295, 4.2796326
8.693344, -0.18554688, 4.2951965
8.7556, -0.20829773, 4.3107605
8.735245, -0.21427917, 4.340683
8.713699, -0.2059021, 4.344284
8.747223, -0.18315125, 4.3466797
8.750809, -0.2166748, 4.3538513
8.719681, -0.19392395, 4.376602
8.746017, -0.21786499, 4.352661
8.731659, -0.19033813, 4.363434
8.743622, -0.18315125, 4.356247
8.741226, -0.21308899, 4.352661
8.710098, -0.2238617, 4.3753967
8.738831, -0.20350647, 4.378998
8.747223, -0.20350647, 4.332306
8.722076, -0.2346344, 4.2951965
8.740036, -0.23822021, 4.3023834
8.753204, -0.23582458, 4.3143463
8.747223, -0.2346344, 4.2904053
8.746017, -0.20709229, 4.3095703
8.748413, -0.19871521, 4.3107605
8.738831, -0.21548462, 4.313156
8.716095, -0.21548462, 4.3155518
8.747223, -0.21786499, 4.359848
8.740036, -0.22026062, 4.3670197
8.725662, -0.20829773, 4.359848
8.718491, -0.20111084, 4.3694153
8.740036, -0.19992065, 4.34906
8.71489, -0.18196106, 4.3670197
8.732849, -0.20709229, 4.3777924
8.719681, -0.18914795, 4.3933563
8.748413, -0.21069336, 4.3753967
8.753204, -0.2059021, 4.3263245
8.761581, -0.19871521, 4.3275146
8.746017, -0.17837524, 4.3430786
8.785522, -0.19631958, 4.3430786
8.759186, -0.20948792, 4.3263245
8.712494, -0.17237854, 4.352661
8.701721, -0.18914795, 4.340683
8.729263, -0.21308899, 4.3263245
8.724472, -0.20469666, 4.3454742
8.723267, -0.20829773, 4.3706207
8.743622, -0.20948792, 4.316742
8.757996, -0.2238617, 4.289215
8.719681, -0.22265625, 4.3023834
8.693344, -0.20111084, 4.3502655
8.723267, -0.19631958, 4.3299103
8.742432, -0.20231628, 4.3107605
8.738831, -0.18914795, 4.3502655
8.744827, -0.21069336, 4.344284
8.701721, -0.21188354, 4.3574524
8.778336, -0.17477417, 4.368225
8.73764, -0.18914795, 4.438843
8.71489, -0.19392395, 4.459198
8.731659, -0.2059021, 4.466385
8.742432, -0.21548462, 4.4364624
8.741226, -0.18914795, 4.4615936
8.717285, -0.18914795, 4.435257
8.734055, -0.23223877, 4.402939
8.699326, -0.21308899, 4.418503
8.724472, -0.21188354, 4.3777924
8.720886, -0.20231628, 4.2940063
8.706512, -0.2059021, 4.313156
8.712494, -0.2059021, 4.2592773
8.736435, -0.21069336, 4.2461243
8.723267, -0.20948792, 4.2461243
8.707718, -0.19273376, 4.24971
8.711304, -0.19154358, 4.26886
8.762772, -0.18914795, 4.2987823
8.741226, -0.16758728, 4.332306
8.723267, -0.18554688, 4.402939
8.747223, -0.19631958, 4.4101257
8.753204, -0.21907043, 4.458008
8.725662, -0.19871521, 4.466385
8.711304, -0.20111084, 4.4460297
8.710098, -0.20948792, 4.438843
8.757996, -0.22265625, 4.4101257
8.71489, -0.20829773, 4.3742065
8.744827, -0.2059021, 4.3191376
8.729263, -0.24182129, 4.316742
8.751999, -0.2166748, 4.2676697
8.753204, -0.19992065, 4.2197876
8.747223, -0.17837524, 4.18985
8.743622, -0.21427917, 4.193451
8.726868, -0.18435669, 4.253296
8.740036, -0.18675232, 4.241333
8.700531, -0.17118835, 4.2796326
8.746017, -0.18435669, 4.361038
8.740036, -0.18914795, 4.383789
8.748413, -0.2166748, 4.490326
8.779541, -0.22865295, 4.479553
8.751999, -0.20231628, 4.4568024
8.732849, -0.21188354, 4.459198
8.746017, -0.22984314, 4.4460297
8.743622, -0.18914795, 4.3753967
8.738831, -0.19752502, 4.3418884
8.716095, -0.22625732, 4.2796326
8.732849, -0.21188354, 4.277237
8.71489, -0.2059021, 4.2197876
8.719681, -0.20111084, 4.244919
8.718491, -0.2346344, 4.229355
8.746017, -0.24780273, 4.2365417
8.772354, -0.22744751, 4.2389374
8.744827, -0.21427917, 4.304779
8.766373, -0.22625732, 4.323929
8.748413, -0.21308899, 4.3418884
8.742432, -0.2059021, 4.3574524
8.741226, -0.1879425, 4.3909607
8.753204, -0.18075562, 4.4220886
8.728058, -0.19631958, 4.368225
8.748413, -0.22265625, 4.3849792
8.742432, -0.20111084, 4.3730164
8.738831, -0.17837524, 4.400543
8.732849, -0.20948792, 4.3622284
8.759186, -0.19392395, 4.3502655
8.738831, -0.17597961, 4.332306
8.724472, -0.18435669, 4.3179474
8.729263, -0.19631958, 4.2987823
8.731659, -0.19871521, 4.285614
8.722076, -0.22146606, 4.2485046
8.754395, -0.19992065, 4.2880096
8.73764, -0.20469666, 4.2868195
8.780731, -0.22505188, 4.301178
8.767563, -0.21308899, 4.320343
8.77475, -0.21069336, 4.3311157
8.722076, -0.20231628, 4.3358917
8.719681, -0.23223877, 4.368225
8.7304535, -0.21308899, 4.3658295
8.707718, -0.20948792, 4.388565
8.713699, -0.22625732, 4.399353
8.725662, -0.20948792, 4.3813934
8.7304535, -0.20948792, 4.4017334
8.734055, -0.20829773, 4.419693
8.723267, -0.22265625, 4.4208984
8.725662, -0.25138855, 4.4065247
8.744827, -0.19752502, 4.3706207
8.741226, -0.19154358, 4.352661
8.735245, -0.21548462, 4.3071747
8.738831, -0.2059021, 4.3179474
8.748413, -0.19392395, 4.323929
8.760391, -0.22505188, 4.2796326
8.771164, -0.20111084, 4.2748413
8.743622, -0.20469666, 4.2951965
8.753204, -0.22026062, 4.2940063
8.738831, -0.22026062, 4.2592773
8.7699585, -0.22505188, 4.2832336
8.765167, -0.21308899, 4.24971
8.7556, -0.22026062, 4.273651
8.750809, -0.21427917, 4.2640686
8.761581, -0.2059021, 4.282028
8.741226, -0.21188354, 4.282028
8.724472, -0.1771698, 4.253296
8.712494, -0.1879425, 4.284424
8.741226, -0.20111084, 4.2724457
8.750809, -0.19631958, 4.2473145
8.744827, -0.22744751, 4.2748413
8.725662, -0.22625732, 4.284424
8.729263, -0.22744751, 4.258087
8.734055, -0.19631958, 4.285614
8.720886, -0.21069336, 4.316742
8.754395, -0.21907043, 4.3227386
8.740036, -0.22984314, 4.352661
8.763977, -0.18914795, 4.364624
8.779541, -0.1951294, 4.356247
8.71489, -0.20829773, 4.356247
8.71489, -0.21907043, 4.3358917
8.710098, -0.20709229, 4.3454742
8.746017, -0.19392395, 4.359848
8.725662, -0.19033813, 4.3586426
8.720886, -0.17956543, 4.368225
8.750809, -0.16281128, 4.359848
8.731659, -0.20948792, 4.3658295
8.728058, -0.21548462, 4.3466797
8.751999, -0.20350647, 4.3347015
8.711304, -0.1951294, 4.3813934
8.741226, -0.19273376, 4.378998
8.731659, -0.20231628, 4.3466797
8.704117, -0.19992065, 4.355057
8.747223, -0.18914795, 4.376602
8.713699, -0.19992065, 4.4304657
8.712494, -0.21069336, 4.423294
8.7304535, -0.21427917, 4.435257
8.724472, -0.20350647, 4.443634
8.693344, -0.21548462, 4.392166
8.701721, -0.20948792, 4.42807
8.73764, -0.2059021, 4.4568024
8.750809, -0.23103333, 4.4651794
8.740036, -0.22265625, 4.498703
8.736435, -0.18075562, 4.495117
8.723267, -0.22865295, 4.4699707
8.718491, -0.21069336, 4.473572
8.720886, -0.20469666, 4.4496307
8.738831, -0.21786499, 4.399353
8.735245, -0.20469666, 4.3514557
8.720886, -0.18315125, 4.392166
8.720886, -0.1879425, 4.355057
8.693344, -0.2166748, 4.339493
8.725662, -0.2059021, 4.352661
8.723267, -0.19273376, 4.337097
8.711304, -0.21069336, 4.3179474
8.734055, -0.23942566, 4.2880096
8.749603, -0.21786499, 4.280838
8.735245, -0.20350647, 4.305969
8.716095, -0.21907043, 4.2832336
8.747223, -0.19752502, 4.273651
8.751999, -0.19992065, 4.2461243
8.743622, -0.17477417, 4.2389374
8.779541, -0.20231628, 4.258087
8.720886, -0.20469666, 4.2951965
8.749603, -0.20350647, 4.3311157
8.743622, -0.20709229, 4.289215
8.749603, -0.21188354, 4.313156
8.759186, -0.22984314, 4.2796326
8.757996, -0.24061584, 4.2784424
8.766373, -0.25378418, 4.2353363
8.767563, -0.2633667, 4.1970367
8.746017, -0.22505188, 4.2066193
8.750809, -0.1951294, 4.1754913
8.759186, -0.20829773, 4.147949
8.797501, -0.23223877, 4.158722
8.786713, -0.22265625, 4.198227
8.765167, -0.19033813, 4.201828
8.726868, -0.18914795, 4.24971
8.717285, -0.14964294, 4.2796326
8.723267, -0.17358398, 4.3382874
8.757996, -0.2238617, 4.400543
8.748413, -0.21427917, 4.412506
8.779541, -0.21427917, 4.442444
8.760391, -0.22984314, 4.5034943
8.732849, -0.24182129, 4.510681
8.750809, -0.22026062, 4.473572
8.748413, -0.22744751, 4.3861847
8.726868, -0.23342896, 4.3454742
8.719681, -0.22984314, 4.2904053
8.778336, -0.22505188, 4.2437286
8.7304535, -0.20469666, 4.201828
8.747223, -0.21548462, 4.158722
8.735245, -0.18435669, 4.1707
8.720886, -0.1879425, 4.1287994
8.722076, -0.19752502, 4.1886597
8.731659, -0.19273376, 4.2089996
8.696945, -0.1951294, 4.242523
8.73764, -0.19392395, 4.313156
8.731659, -0.18675232, 4.418503
8.693344, -0.19992065, 4.4639893
8.735245, -0.21786499, 4.4651794
8.718491, -0.19752502, 4.526245
8.738831, -0.21188354, 4.491516
8.772354, -0.20111084, 4.471176
8.736435, -0.2059021, 4.455612
8.736435, -0.22744751, 4.450821
8.785522, -0.20948792, 4.3909607
8.746017, -0.22026062, 4.400543
8.750809, -0.22505188, 4.2904053
8.765167, -0.2059021, 4.261673
8.743622, -0.24182129, 4.2401276
8.710098, -0.23942566, 4.2365417
8.750809, -0.1951294, 4.242523
8.744827, -0.18315125, 4.256897
8.723267, -0.22984314, 4.285614
8.712494, -0.22026062, 4.340683
8.729263, -0.21188354, 4.3538513
8.750809, -0.21427917, 4.3730164
8.724472, -0.23703003, 4.3981476
8.722076, -0.2238617, 4.4172974
8.713699, -0.20350647, 4.440048
8.7304535, -0.20111084, 4.4304657
8.754395, -0.17237854, 4.4149017
8.75679, -0.1879425, 4.416107
8.749603, -0.19392395, 4.4220886
8.724472, -0.2059021, 4.392166
8.751999, -0.20231628, 4.3813934
8.763977, -0.20829773, 4.339493
8.734055, -0.20111084, 4.361038
8.73764, -0.19273376, 4.3514557
8.749603, -0.20709229, 4.3311157
8.735245, -0.20829773, 4.332306
8.729263, -0.20469666, 4.3263245
8.754395, -0.25857544, 4.3179474
8.784332, -0.2813263, 4.273651
8.7699585, -0.28251648, 4.2509003
8.784332, -0.26934814, 4.2437286
8.77475, -0.23582458, 4.1910553
8.784332, -0.2346344, 4.1838684
8.765167, -0.22146606, 4.1922455
8.783127, -0.23703003, 4.114441
8.783127, -0.2059021, 4.115631
8.780731, -0.22026062, 4.122818
8.7939, -0.18675232, 4.141968
8.786713, -0.17956543, 4.122818
8.780731, -0.18315125, 4.103668
8.772354, -0.2166748, 4.143173
8.799881, -0.23582458, 4.1850586
8.807068, -0.23223877, 4.177887
8.801086, -0.22865295, 4.1910553
8.790314, -0.2454071, 4.2089996
8.811859, -0.2454071, 4.210205
8.765167, -0.22865295, 4.203018
8.7556, -0.21907043, 4.1766815
8.766373, -0.21786499, 4.131195
8.790314, -0.2454071, 4.1168365
8.787918, -0.22984314, 4.134781
8.810669, -0.22026062, 4.102463
8.805878, -0.25498962, 4.1048584
8.772354, -0.23942566, 4.0905
8.779541, -0.21427917, 4.086899
8.749603, -0.19752502, 4.138382
8.778336, -0.21427917, 4.1718903
8.751999, -0.21069336, 4.198227
8.754395, -0.23342896, 4.2353363
8.746017, -0.2059021, 4.3095703
8.725662, -0.22146606, 4.313156
8.744827, -0.21069336, 4.3670197
8.751999, -0.21427917, 4.4137115
8.754395, -0.22026062, 4.450821
8.723267, -0.23342896, 4.4137115
8.718491, -0.21786499, 4.447235
8.716095, -0.20111084, 4.4759674
8.726868, -0.2059021, 4.42688
8.738831, -0.22146606, 4.3909607
8.707718, -0.21188354, 4.387375
8.728058, -0.19992065, 4.3670197
8.705322, -0.19273376, 4.3418884
8.711304, -0.19273376, 4.3825836
8.696945, -0.19871521, 4.3466797
8.699326, -0.16758728, 4.402939
8.720886, -0.17956543, 4.4376526
8.71489, -0.16758728, 4.4544067
8.699326, -0.18075562, 4.4651794
8.718491, -0.17237854, 4.4615936
8.707718, -0.19871521, 4.483139
8.692154, -0.21427917, 4.517853
8.711304, -0.19273376, 4.521454
8.705322, -0.19154358, 4.519058
8.698135, -0.19992065, 4.5094757
8.696945, -0.20948792, 4.497513
8.67778, -0.2059021, 4.4999084
8.722076, -0.18196106, 4.462799
8.693344, -0.18914795, 4.466385
8.700531, -0.20231628, 4.4604034
8.71489, -0.1879425, 4.4532166
8.719681, -0.18675232, 4.4220886
8.696945, -0.19752502, 4.416107
8.655045, -0.18675232, 4.423294
8.678986, -0.18196106, 4.4256744
8.708908, -0.18914795, 4.443634
8.708908, -0.19033813, 4.4256744
8.69574, -0.17956543, 4.435257
8.6706085, -0.20829773, 4.4053345
8.692154, -0.23822021, 4.490326
8.708908, -0.20231628, 4.4615936
8.6909485, -0.1951294, 4.4376526
8.67659, -0.18196106, 4.4364624
8.705322, -0.21188354, 4.418503
8.720886, -0.2059021, 4.3969574
8.708908, -0.18315125, 4.435257
8.710098, -0.20469666, 4.394562
8.702927, -0.20948792, 4.4172974
8.712494, -0.21786499, 4.402939
8.735245, -0.21188354, 4.352661
8.719681, -0.1951294, 4.3753967
8.712494, -0.18075562, 4.3694153
8.708908, -0.2238617, 4.3430786
8.713699, -0.20469666, 4.34906
8.707718, -0.19752502, 4.32872
8.710098, -0.20111084, 4.323929
8.706512, -0.19871521, 4.321533
8.720886, -0.18196106, 4.2712555
8.731659, -0.19631958, 4.3430786
8.722076, -0.19752502, 4.308365
8.747223, -0.20111084, 4.2940063
8.720886, -0.20231628, 4.316742
8.725662, -0.19631958, 4.3179474
8.71489, -0.20350647, 4.3502655
8.724472, -0.20231628, 4.3358917
8.724472, -0.17956543, 4.32872
8.717285, -0.1879425, 4.3155518
8.69574, -0.20829773, 4.3813934
8.723267, -0.21308899, 4.355057
8.698135, -0.20948792, 4.3981476
8.701721, -0.22146606, 4.3897705
8.722076, -0.2166748, 4.363434
8.738831, -0.20948792, 4.3586426
8.705322, -0.19871521, 4.3107605
8.700531, -0.2059021, 4.296402
8.69455, -0.18675232, 4.284424
8.683777, -0.2059021, 4.3035736
8.689758, -0.19871521, 4.285614
8.708908, -0.16400146, 4.3095703
8.69455, -0.16879272, 4.3347015
8.706512, -0.1771698, 4.395752
8.702927, -0.15441895, 4.4639893
8.680176, -0.21427917, 4.450821
8.659821, -0.21786499, 4.5238495
8.681381, -0.23822021, 4.562149
8.67778, -0.20350647, 4.6674957
8.699326, -0.20709229, 4.624405
8.722076, -0.21548462, 4.641159
8.706512, -0.22984314, 4.6435547
8.701721, -0.27053833, 4.60524
8.731659, -0.21548462, 4.514267
8.725662, -0.21427917, 4.4807434
8.692154, -0.2059021, 4.502289
8.696945, -0.18075562, 4.462799
8.712494, -0.14964294, 4.442444
8.645462, -0.15322876, 4.4639893
8.67659, -0.14125061, 4.4771576
8.710098, -0.17118835, 4.4807434
8.668213, -0.15802002, 4.502289
8.67778, -0.15441895, 4.534622
8.713699, -0.19392395, 4.6112366
8.69455, -0.2166748, 4.6651
8.698135, -0.19992065, 4.6459503
8.706512, -0.20469666, 4.6303864
8.743622, -0.22146606, 4.6459503
8.712494, -0.19631958, 4.6351776
8.705322, -0.18914795, 4.5872955
8.682571, -0.18914795, 4.5729218
8.683777, -0.17837524, 4.545395
8.713699, -0.16160583, 4.483139
8.722076, -0.16998291, 4.4364624
8.73764, -0.18554688, 4.418503
8.766373, -0.22865295, 4.356247
8.778336, -0.22505188, 4.2760468
8.780731, -0.18435669, 4.2113953
8.797501, -0.2238617, 4.1886597
8.795105, -0.19631958, 4.1563416
8.781937, -0.19033813, 4.083313
8.819046, -0.21548462, 4.0414124
8.790314, -0.23103333, 4.005493
8.798691, -0.22505188, 3.9636078
8.789108, -0.24182129, 3.9444427
8.795105, -0.22265625, 3.9600067
8.826218, -0.23103333, 3.9241028
8.856155, -0.23342896, 3.8917694
8.828613, -0.252594, 3.9121246
8.840591, -0.25138855, 3.9145203
8.852554, -0.26815796, 3.9037476
8.817841, -0.23582458, 3.9612122
8.827423, -0.20948792, 3.9600067
8.833405, -0.20948792, 4.019867
8.803482, -0.23223877, 4.0138855
8.821442, -0.21548462, 4.0725403
8.8094635, -0.21907043, 4.1048584
8.807068, -0.23822021, 4.122818
8.85376, -0.2454071, 4.1276093
8.850174, -0.25378418, 4.1335907
8.865723, -0.24899292, 4.126404
8.878891, -0.2861023, 4.098877
8.862137, -0.2669525, 4.0378265
8.826218, -0.23942566, 3.956421
8.826218, -0.22026062, 3.9157104
8.856155, -0.21069336, 3.9205017
8.837006, -0.20829773, 3.91333
8.804672, -0.21907043, 3.942047
8.815445, -0.18315125, 3.9552155
8.826218, -0.1951294, 3.9863434
8.85495, -0.2059021, 4.0258484
8.826218, -0.22265625, 4.100067
8.808273, -0.23582458, 4.115631
8.822632, -0.22865295, 4.1563416
8.821442, -0.2669525, 4.201828
8.804672, -0.2454071, 4.222168
8.821442, -0.22026062, 4.2317505
8.839386, -0.25857544, 4.2353363
8.837006, -0.22984314, 4.181473
8.802277, -0.2238617, 4.2066193
8.798691, -0.21548462, 4.2078094
8.823837, -0.21188354, 4.1838684
8.825027, -0.22146606, 4.1671143
8.801086, -0.23103333, 4.1850586
8.8358, -0.23223877, 4.147949
8.833405, -0.24182129, 4.143173
8.823837, -0.26815796, 4.114441
8.838196, -0.25857544, 4.0426025
8.822632, -0.2741394, 4.016266
8.844177, -0.24899292, 3.9600067
8.846573, -0.23582458, 3.956421
8.841782, -0.24780273, 3.9384613
8.85376, -0.23942566, 3.9037476
8.864532, -0.26934814, 3.8594513
8.841782, -0.21548462, 3.8822021
8.868118, -0.2346344, 3.9037476
8.866928, -0.21907043, 3.9480438
8.839386, -0.22146606, 3.9540253
8.822632, -0.23703003, 4.021057
8.817841, -0.22984314, 4.043808
8.814255, -0.23223877, 4.1359863
8.857346, -0.25019836, 4.130005
8.827423, -0.26934814, 4.1958313
8.838196, -0.23703003, 4.210205
8.846573, -0.23342896, 4.292801
8.822632, -0.22625732, 4.2712555
8.796295, -0.22984314, 4.2126007
8.787918, -0.22026062, 4.198227
8.790314, -0.1951294, 4.193451
8.781937, -0.18914795, 4.179077
8.790314, -0.19631958, 4.1491547

