x : y : Z 
7.250839, -0.15441895, 6.8055115
7.237671, -0.13526917, 6.829468
7.281967, -0.116119385, 6.835449
7.2412567, -0.14125061, 6.8366394
7.2209167, -0.14125061, 6.854599
7.250839, -0.10774231, 6.8893127
7.2400665, -0.1149292, 6.8605804
7.2436523, -0.16998291, 6.866577
7.2173157, -0.13287354, 6.8605804
7.254425, -0.14006042, 6.8689575
7.2209167, -0.13647461, 6.8761444
7.2520294, -0.14964294, 6.892914
7.2352753, -0.1484375, 6.8964996
7.2041473, -0.14485168, 6.882126
7.21373, -0.13526917, 6.874954
7.2436523, -0.11253357, 6.8641815
7.187393, -0.1257019, 6.862976
7.2280884, -0.13407898, 6.8833313
7.2245026, -0.14006042, 6.827072
7.2352753, -0.14245605, 6.8043213
7.1993713, -0.12689209, 6.8653717
7.2017517, -0.12689209, 6.851013
7.2352753, -0.14485168, 6.853409
7.2125397, -0.13647461, 6.855789
7.229294, -0.12689209, 6.837845
7.2352753, -0.1257019, 6.871353
7.222107, -0.14245605, 6.882126
7.21373, -0.120910645, 6.8761444
7.211334, -0.11730957, 6.861786
7.225708, -0.15203857, 6.8845215
7.2412567, -0.14604187, 6.8677673
7.2388763, -0.15083313, 6.855789
7.2041473, -0.14604187, 6.9084625
7.226898, -0.14724731, 6.8677673
7.170639, -0.1149292, 6.870163
7.1766205, -0.116119385, 6.866577
7.1969757, -0.14364624, 6.894104
7.1778107, -0.1484375, 6.8605804
7.1993713, -0.12689209, 6.8917084
7.21492, -0.13526917, 6.933609
7.2388763, -0.14604187, 6.9192505
7.189789, -0.1376648, 6.916855
7.187393, -0.104141235, 6.941986
7.179016, -0.13287354, 6.933609
7.19458, -0.13526917, 6.9324036
7.2280884, -0.14364624, 6.9312134
7.2209167, -0.14364624, 6.9384003
7.190979, -0.13887024, 6.940796
7.2077484, -0.12449646, 6.914459
7.2209167, -0.101760864, 6.9192505
7.2328796, -0.13887024, 6.9707184
7.254425, -0.14724731, 6.9395905
7.2173157, -0.13287354, 6.8988953
7.2352753, -0.1197052, 6.937195
7.218521, -0.12689209, 6.890518
7.2364807, -0.15083313, 6.8761444
7.2173157, -0.111328125, 6.8988953
7.2161255, -0.16160583, 6.895294
7.2280884, -0.15802002, 6.8917084
7.242462, -0.14604187, 6.8593903
7.226898, -0.1663971, 6.871353
7.2245026, -0.1592102, 6.8282623
7.2436523, -0.14245605, 6.823471
7.222107, -0.16998291, 6.81868
7.2173157, -0.17477417, 6.8162994
7.2388763, -0.15083313, 6.8091125
7.268799, -0.19154358, 6.7492523
7.2759857, -0.1484375, 6.739685
7.229294, -0.14364624, 6.7612305
7.250839, -0.1304779, 6.7731934
7.2640076, -0.14364624, 6.774399
7.2640076, -0.12449646, 6.7887573
7.2675934, -0.1484375, 6.823471
7.258026, -0.16041565, 6.8258667
7.2280884, -0.15322876, 6.861786
7.242462, -0.15322876, 6.8569946
7.2604218, -0.15322876, 6.835449
7.2280884, -0.13287354, 6.839035
7.242462, -0.15681458, 6.8414307
7.2472534, -0.13887024, 6.79834
7.2436523, -0.123306274, 6.81868
7.2675934, -0.12210083, 6.822281
7.258026, -0.13407898, 6.8210754
7.2987213, -0.13407898, 6.7935486
7.268799, -0.15802002, 6.851013
7.2233124, -0.14485168, 6.787567
7.2233124, -0.14006042, 6.758835
7.2592163, -0.14364624, 6.760025
7.2328796, -0.1376648, 6.8043213
7.2388763, -0.12808228, 6.7851715
7.225708, -0.14245605, 6.783966
7.253235, -0.13407898, 6.8198853
7.254425, -0.1257019, 6.823471
7.2472534, -0.14364624, 6.8498077
7.2675934, -0.12808228, 6.890518
7.278366, -0.120910645, 6.871353
7.2628174, -0.118515015, 6.847412
7.2280884, -0.13407898, 6.79834
7.2675934, -0.13287354, 6.806717
7.269989, -0.12928772, 6.8210754
7.2640076, -0.14125061, 6.775589
7.2747803, -0.15562439, 6.8174896
7.266403, -0.12928772, 6.839035
7.222107, -0.12210083, 6.787567
7.2364807, -0.13168335, 6.775589
7.2795715, -0.14485168, 6.774399
7.2640076, -0.15083313, 6.8043213
7.2388763, -0.14724731, 6.8103027
7.285553, -0.14964294, 6.835449
7.253235, -0.13407898, 6.7851715
7.237671, -0.15562439, 6.7696075
7.2879486, -0.116119385, 6.815094
7.290344, -0.11013794, 6.7863617
7.2412567, -0.14604187, 6.829468
7.237671, -0.15322876, 6.787567
7.2388763, -0.14245605, 6.803131
7.2568207, -0.12210083, 6.835449
7.2628174, -0.13287354, 6.8653717
7.237671, -0.1257019, 6.8450165
7.2484436, -0.13526917, 6.8677673
7.244858, -0.1376648, 6.9072723
7.2352753, -0.11013794, 6.8964996
7.246048, -0.13287354, 6.8677673
7.2472534, -0.14245605, 6.8845215
7.2388763, -0.14964294, 6.870163
7.261612, -0.14245605, 6.834244
7.2568207, -0.14125061, 6.862976
7.237671, -0.12210083, 6.8641815
7.234085, -0.11013794, 6.8450165
7.2556305, -0.15203857, 6.831848
7.2592163, -0.13407898, 6.8414307
7.242462, -0.15322876, 6.8605804
7.244858, -0.14006042, 6.8881226
7.250839, -0.11730957, 6.8641815
7.250839, -0.123306274, 6.834244
7.2472534, -0.15681458, 6.910858
7.246048, -0.16041565, 6.87854
7.2436523, -0.116119385, 6.8330536
7.2364807, -0.15322876, 6.870163
7.2436523, -0.13887024, 6.8258667
7.230484, -0.1376648, 6.823471
7.2807617, -0.1484375, 6.789963
7.2675934, -0.14485168, 6.7803802
7.2412567, -0.1257019, 6.8103027
7.2592163, -0.14485168, 6.835449
7.2592163, -0.14364624, 6.813904
7.2364807, -0.14724731, 6.7971344
7.2364807, -0.1304779, 6.8330536
7.254425, -0.14604187, 6.8091125
7.2628174, -0.13647461, 6.803131
7.253235, -0.14964294, 6.8055115
7.2364807, -0.12449646, 6.835449
7.2245026, -0.1304779, 6.8438263
7.2209167, -0.12928772, 6.8330536
7.226898, -0.16160583, 6.8486176
7.2352753, -0.14964294, 6.823471
7.226898, -0.12808228, 6.8498077
7.2412567, -0.14724731, 6.885727
7.2400665, -0.1304779, 6.8450165
7.2233124, -0.1257019, 6.851013
7.2412567, -0.15203857, 6.8677673
7.2400665, -0.1592102, 6.885727
7.2316895, -0.12928772, 6.835449
7.254425, -0.12689209, 6.835449
7.210144, -0.14125061, 6.851013
7.226898, -0.14964294, 6.854599
7.225708, -0.14485168, 6.8641815
7.261612, -0.14245605, 6.822281
7.2472534, -0.14604187, 6.834244
7.2328796, -0.15203857, 6.8450165
7.225708, -0.14125061, 6.822281
7.2412567, -0.12808228, 6.8414307
7.2436523, -0.12210083, 6.837845
7.242462, -0.13287354, 6.835449
7.2209167, -0.1197052, 6.8162994
7.2316895, -0.14006042, 6.815094
7.2328796, -0.14006042, 6.8174896
7.2316895, -0.13287354, 6.803131
7.2233124, -0.13407898, 6.8438263
7.225708, -0.118515015, 6.803131
7.230484, -0.14006042, 6.8174896
7.237671, -0.1257019, 6.8593903
7.2328796, -0.12689209, 6.873749
7.2125397, -0.14006042, 6.8522034
7.2436523, -0.15203857, 6.8797455
7.253235, -0.1149292, 6.853409
7.2436523, -0.14485168, 6.866577
7.254425, -0.16041565, 6.8761444
7.205353, -0.12449646, 6.834244
7.229294, -0.14485168, 6.835449
7.2173157, -0.14125061, 6.842621
7.2352753, -0.1484375, 6.847412
7.237671, -0.118515015, 6.862976
7.246048, -0.12928772, 6.842621
7.229294, -0.14364624, 6.854599
7.253235, -0.14245605, 6.834244
7.234085, -0.15203857, 6.8246765
7.2161255, -0.14006042, 6.847412
7.269989, -0.1484375, 6.8593903
7.21373, -0.15681458, 6.8438263
7.211334, -0.14604187, 6.8569946
7.2400665, -0.13287354, 6.882126
7.2484436, -0.12928772, 6.847412
7.2352753, -0.14125061, 6.8593903
7.2005615, -0.11730957, 6.8498077
7.226898, -0.116119385, 6.854599
7.2161255, -0.1257019, 6.847412
7.253235, -0.13407898, 6.834244
7.2400665, -0.1257019, 6.8498077
7.237671, -0.13407898, 6.8402405
7.2245026, -0.1376648, 6.8653717
7.211334, -0.14364624, 6.894104
7.2592163, -0.14125061, 6.895294
7.222107, -0.14245605, 6.8725586
7.2005615, -0.1149292, 6.8809357
7.2161255, -0.120910645, 6.890518
7.1885834, -0.1304779, 6.834244
7.2412567, -0.14964294, 6.837845
7.234085, -0.14604187, 6.8522034
7.230484, -0.14125061, 6.8438263
7.2352753, -0.13647461, 6.8797455
7.237671, -0.123306274, 6.8486176
7.2280884, -0.13526917, 6.839035
7.2209167, -0.14485168, 6.8833313
7.2125397, -0.12928772, 6.8486176
7.2604218, -0.13287354, 6.870163
7.2173157, -0.15441895, 6.882126
7.234085, -0.14245605, 6.846222
7.244858, -0.15681458, 6.895294
7.1838074, -0.1376648, 6.830658
7.2280884, -0.14245605, 6.870163
7.237671, -0.11730957, 6.87735
7.198166, -0.15802002, 6.862976
7.19458, -0.14724731, 6.871353
7.222107, -0.1304779, 6.861786
7.2041473, -0.120910645, 6.855789
7.246048, -0.13168335, 6.866577
7.244858, -0.1304779, 6.8258667
7.218521, -0.12210083, 6.8677673
7.229294, -0.123306274, 6.854599
7.2089386, -0.13407898, 6.8677673
7.2173157, -0.106536865, 6.853409
7.230484, -0.13287354, 6.874954
7.2017517, -0.14245605, 6.895294
7.2316895, -0.123306274, 6.8605804
7.2436523, -0.123306274, 6.851013
7.1957703, -0.13287354, 6.874954
7.205353, -0.12689209, 6.853409
7.225708, -0.118515015, 6.8964996
7.21492, -0.15681458, 6.906082
7.2233124, -0.14964294, 6.873749
7.2197113, -0.13407898, 6.862976
7.218521, -0.14485168, 6.895294
7.2233124, -0.1376648, 6.8677673
7.202957, -0.13287354, 6.8019257
7.2352753, -0.12808228, 6.8414307
7.234085, -0.1304779, 6.830658
7.2197113, -0.15083313, 6.906082
7.2245026, -0.15802002, 6.870163
7.226898, -0.11730957, 6.895294
7.218521, -0.1257019, 6.89769
7.2209167, -0.15322876, 6.9204407
7.206543, -0.14964294, 6.8677673
7.246048, -0.12449646, 6.890518
7.2316895, -0.116119385, 6.8845215
7.229294, -0.14604187, 6.914459
7.21492, -0.14364624, 6.8641815
7.229294, -0.14364624, 6.8402405
7.246048, -0.1376648, 6.8605804
7.2352753, -0.1484375, 6.8725586
7.2125397, -0.1376648, 6.8761444
7.2017517, -0.13526917, 6.8438263
7.2316895, -0.14364624, 6.8198853
7.2197113, -0.16160583, 6.8162994
7.2209167, -0.16281128, 6.871353
7.2556305, -0.1304779, 6.861786
7.2412567, -0.11253357, 6.8498077
7.225708, -0.14724731, 6.866577
7.234085, -0.13287354, 6.8605804
7.2280884, -0.12689209, 6.8845215
7.2364807, -0.13407898, 6.8486176
7.2316895, -0.13526917, 6.87735
7.2197113, -0.12449646, 6.873749
7.2412567, -0.116119385, 6.894104
7.244858, -0.15441895, 6.858185
7.2412567, -0.15441895, 6.8689575
7.244858, -0.14724731, 6.8641815
7.2316895, -0.14245605, 6.842621
7.21492, -0.15083313, 6.858185
7.205353, -0.1376648, 6.8605804
7.237671, -0.14245605, 6.837845
7.253235, -0.14125061, 6.854599
7.2412567, -0.10534668, 6.837845
7.242462, -0.15203857, 6.874954
7.254425, -0.14125061, 6.834244
7.250839, -0.13647461, 6.811508
7.2388763, -0.1484375, 6.8641815
7.2520294, -0.1197052, 6.827072
7.242462, -0.15083313, 6.873749
7.2209167, -0.14964294, 6.853409
7.222107, -0.15802002, 6.885727
7.253235, -0.14724731, 6.861786
7.234085, -0.13407898, 6.81868
7.244858, -0.14964294, 6.873749
7.2245026, -0.123306274, 6.8438263
7.234085, -0.1376648, 6.8414307
7.2484436, -0.15681458, 6.8174896
7.244858, -0.1376648, 6.8043213
7.2209167, -0.123306274, 6.8210754
7.2412567, -0.123306274, 6.8055115
7.2520294, -0.14006042, 6.831848
7.2711945, -0.16879272, 6.823471
7.2233124, -0.13287354, 6.822281
7.2472534, -0.15083313, 6.8414307
7.2436523, -0.14125061, 6.854599
7.2245026, -0.118515015, 6.8809357
7.244858, -0.1257019, 6.8402405
7.237671, -0.12928772, 6.8414307
7.21492, -0.1304779, 6.870163
7.229294, -0.120910645, 6.8797455
7.2556305, -0.14125061, 6.862976
7.2651978, -0.13287354, 6.831848
7.244858, -0.15681458, 6.847412
7.2209167, -0.14364624, 6.8498077
7.2592163, -0.12928772, 6.855789
7.242462, -0.1304779, 6.8725586
7.237671, -0.14604187, 6.842621
7.2400665, -0.15322876, 6.858185
7.2245026, -0.12210083, 6.8689575
7.230484, -0.1257019, 6.8498077
7.226898, -0.1663971, 6.835449
7.226898, -0.16041565, 6.855789
7.2280884, -0.14006042, 6.822281
7.234085, -0.14006042, 6.835449
7.249649, -0.13647461, 6.8246765
7.2604218, -0.16520691, 6.835449
7.218521, -0.16879272, 6.8641815
7.2412567, -0.14006042, 6.8641815
7.2412567, -0.120910645, 6.870163
7.2484436, -0.113723755, 6.8246765
7.258026, -0.12449646, 6.823471
7.21492, -0.10295105, 6.827072
7.211334, -0.09336853, 6.862976
7.2245026, -0.12210083, 6.839035
7.2651978, -0.13887024, 6.846222
7.258026, -0.1592102, 6.839035
7.2161255, -0.14125061, 6.866577
7.2388763, -0.16400146, 6.87735
7.249649, -0.13287354, 6.9036865
7.229294, -0.14604187, 6.9036865
7.250839, -0.14364624, 6.885727
7.2352753, -0.14125061, 6.862976
7.2328796, -0.16281128, 6.874954
7.2400665, -0.14604187, 6.914459
7.2316895, -0.16160583, 6.8797455
7.187393, -0.18315125, 6.851013
7.21492, -0.12928772, 6.901291
7.2017517, -0.099365234, 6.926422
7.229294, -0.10055542, 6.854599
7.2209167, -0.104141235, 6.862976
7.205353, -0.10295105, 6.8797455
7.2125397, -0.118515015, 6.829468
7.2245026, -0.14485168, 6.8174896
7.230484, -0.120910645, 6.8797455
7.225708, -0.118515015, 6.846222
7.2412567, -0.15322876, 6.8198853
7.234085, -0.17477417, 6.854599
7.225708, -0.123306274, 6.8593903
7.226898, -0.1304779, 6.8438263
7.2161255, -0.18196106, 6.854599
7.2412567, -0.15322876, 6.8605804
7.2412567, -0.1197052, 6.918045
7.2005615, -0.16400146, 6.8809357
7.2412567, -0.15203857, 6.854599
7.2388763, -0.13168335, 6.8605804
7.211334, -0.111328125, 6.873749
7.2388763, -0.13287354, 6.87854
7.226898, -0.11253357, 6.8917084
7.2328796, -0.12449646, 6.885727
7.2364807, -0.13887024, 6.829468
7.246048, -0.13168335, 6.8689575
7.250839, -0.14964294, 6.87854
7.2328796, -0.12808228, 6.87735
7.2400665, -0.14245605, 6.8641815
7.269989, -0.1197052, 6.870163
7.2388763, -0.13647461, 6.862976
7.222107, -0.14964294, 6.8677673
7.226898, -0.1663971, 6.835449
7.222107, -0.1484375, 6.806717
7.2412567, -0.14364624, 6.807907
7.258026, -0.13526917, 6.7851715
7.21492, -0.16520691, 6.789963
7.2520294, -0.14724731, 6.8019257
7.237671, -0.13887024, 6.815094
7.2197113, -0.12689209, 6.854599
7.2352753, -0.14485168, 6.7887573
7.253235, -0.14125061, 6.8210754
7.2747803, -0.1592102, 6.813904
7.2520294, -0.17956543, 6.8402405
7.2640076, -0.14604187, 6.871353
7.2604218, -0.13168335, 6.831848
7.2412567, -0.15802002, 6.8438263
7.21492, -0.17118835, 6.8498077
7.2472534, -0.13168335, 6.871353
7.2472534, -0.12210083, 6.8641815
7.230484, -0.10055542, 6.8522034
7.21373, -0.118515015, 6.8198853
7.2412567, -0.13287354, 6.8486176
7.242462, -0.14006042, 6.830658
7.2604218, -0.15681458, 6.8486176
7.249649, -0.1592102, 6.847412
7.225708, -0.16041565, 6.823471
7.229294, -0.16400146, 6.8402405
7.234085, -0.106536865, 6.8246765
7.254425, -0.11013794, 6.874954
7.230484, -0.11253357, 6.873749
7.2280884, -0.1149292, 6.873749
7.2209167, -0.14006042, 6.8725586
7.244858, -0.14604187, 6.87735
7.2125397, -0.13407898, 6.8689575
7.206543, -0.15203857, 6.87854
7.2280884, -0.16758728, 6.9000854
7.2436523, -0.14006042, 6.882126
7.222107, -0.15441895, 6.87735
7.2209167, -0.13526917, 6.895294
7.2472534, -0.123306274, 6.8797455
7.21373, -0.120910645, 6.8761444
7.19458, -0.12928772, 6.8893127
7.2197113, -0.10534668, 6.8845215
7.229294, -0.12210083, 6.886917
7.186203, -0.13647461, 6.895294
7.21492, -0.1304779, 6.870163
7.186203, -0.15083313, 6.855789
7.1802063, -0.111328125, 6.8845215
7.189789, -0.1149292, 6.8677673
7.1993713, -0.12928772, 6.894104
7.187393, -0.1484375, 6.9072723
7.170639, -0.1197052, 6.937195
7.2041473, -0.12210083, 6.9036865
7.210144, -0.12689209, 6.9120636
7.2089386, -0.123306274, 6.9048767
7.242462, -0.16998291, 6.8964996
7.222107, -0.15322876, 6.8833313
7.2197113, -0.13287354, 6.909668
7.2352753, -0.1197052, 6.866577
7.2592163, -0.13887024, 6.847412
7.2388763, -0.12210083, 6.8593903
7.21492, -0.1257019, 6.831848
7.2173157, -0.13287354, 6.8809357
7.237671, -0.13287354, 6.910858
7.2209167, -0.08380127, 6.9599457
7.2173157, -0.120910645, 6.8677673
7.206543, -0.14364624, 6.882126
7.182602, -0.14125061, 6.9288177
7.2125397, -0.13647461, 6.9048767
7.2041473, -0.13647461, 6.901291
7.2125397, -0.14964294, 6.9120636
7.225708, -0.14125061, 6.882126
7.21492, -0.12928772, 6.8809357
7.2017517, -0.113723755, 6.8641815
7.225708, -0.11730957, 6.8438263
7.2233124, -0.14006042, 6.8569946
7.246048, -0.15322876, 6.8725586
7.2352753, -0.10055542, 6.853409
7.2436523, -0.11253357, 6.811508
7.2352753, -0.12808228, 6.835449
7.2017517, -0.14964294, 6.823471
7.2173157, -0.15802002, 6.839035
7.21492, -0.16160583, 6.892914
7.2675934, -0.15441895, 6.9084625
7.2711945, -0.1376648, 6.8605804
7.226898, -0.09815979, 6.794739
7.2364807, -0.10055542, 6.822281
7.237671, -0.10774231, 6.8103027
7.268799, -0.14485168, 6.8414307
7.249649, -0.14245605, 6.858185
7.269989, -0.1484375, 6.8330536
7.249649, -0.14006042, 6.8438263
7.2364807, -0.123306274, 6.8641815
7.2017517, -0.14125061, 6.8845215
7.1933746, -0.16160583, 6.8833313
7.186203, -0.16998291, 6.902481
7.202957, -0.12210083, 6.902481
7.189789, -0.13526917, 6.945572
7.21373, -0.10534668, 6.95636
7.2125397, -0.09576416, 6.8845215
7.218521, -0.099365234, 6.846222
7.2233124, -0.14245605, 6.851013
7.2125397, -0.14006042, 6.858185
7.2436523, -0.1304779, 6.862976
7.2592163, -0.13407898, 6.847412
7.211334, -0.15562439, 6.823471
7.2388763, -0.14125061, 6.8677673
7.230484, -0.13647461, 6.895294
7.244858, -0.13887024, 6.914459
7.237671, -0.15203857, 6.921631
7.244858, -0.16160583, 6.9192505
7.222107, -0.17237854, 6.930023
7.2173157, -0.14006042, 6.9755096
7.2568207, -0.16160583, 6.9479675
7.2484436, -0.13287354, 6.9360046
7.2747803, -0.14604187, 6.910858
7.266403, -0.15322876, 6.858185
7.2484436, -0.12449646, 6.8593903
7.2412567, -0.11013794, 6.834244
7.2640076, -0.123306274, 6.7971344
7.266403, -0.10055542, 6.813904
7.253235, -0.1149292, 6.768402
7.2831573, -0.096969604, 6.789963
7.242462, -0.09815979, 6.7851715
7.2472534, -0.08859253, 6.783966
7.2999268, -0.1304779, 6.7815704
7.3142853, -0.14364624, 6.8246765
7.289154, -0.14125061, 6.839035
7.344208, -0.14125061, 6.8246765
7.3502045, -0.120910645, 6.8486176
7.387314, -0.10295105, 6.8402405
7.3549805, -0.08380127, 6.830658
7.3597717, -0.11253357, 6.7851715
7.363373, -0.108932495, 6.748062
7.376541, -0.15322876, 6.7157288
7.3358307, -0.16520691, 6.6822205
7.3526, -0.15802002, 6.6750336
7.356186, -0.1771698, 6.7109528
7.381317, -0.16520691, 6.704956
7.3526, -0.12808228, 6.676239
7.3466034, -0.14364624, 6.7229156
7.308304, -0.15083313, 6.750458
7.3274536, -0.1304779, 6.71933
7.3382263, -0.13647461, 6.696579
7.3621674, -0.13887024, 6.681015
7.356186, -0.14485168, 6.7253113
7.3502045, -0.1484375, 6.7013702
7.411255, -0.1484375, 6.6750336
7.411255, -0.15083313, 6.6702423
7.4016724, -0.16281128, 6.597229
7.396881, -0.16879272, 6.5924377
7.4292145, -0.16400146, 6.6103973
7.4292145, -0.1663971, 6.5648956
7.424423, -0.15802002, 6.533783
7.4375916, -0.17956543, 6.56131
7.420822, -0.1663971, 6.5493317
7.4387817, -0.12928772, 6.5756683
7.45076, -0.14724731, 6.617569
7.420822, -0.11253357, 6.6427155
7.4339905, -0.092178345, 6.6510925
7.426819, -0.101760864, 6.6115875
7.4543457, -0.08380127, 6.62236
7.5010376, -0.118515015, 6.6283417
7.5273743, -0.13526917, 6.5565186
7.5441284, -0.15441895, 6.5242004
7.574051, -0.1879425, 6.4739227
7.5668793, -0.17597961, 6.4487762
7.5273743, -0.2166748, 6.4499817
7.5572968, -0.2238617, 6.40329
7.6315155, -0.24061584, 6.3661804
7.672226, -0.22865295, 6.344635
7.5525055, -0.17118835, 6.345825
7.4531555, -0.07901001, 6.296753
7.4016724, -0.056259155, 6.2943573
7.3693542, -0.013168335, 6.2237244
7.45195, -0.065841675, 6.159088
7.52977, -0.17358398, 6.193802
7.5489197, -0.22865295, 6.167465
7.5608826, -0.30526733, 6.1997833
7.5752563, -0.30526733, 6.2799835
7.569275, -0.30166626, 6.351822
7.539337, -0.30047607, 6.36499
7.538147, -0.20111084, 6.3578033
7.498642, -0.12449646, 6.363785
7.5010376, -0.073028564, 6.282379
7.5177917, -0.053863525, 6.301544
7.5166016, -0.080200195, 6.313507
7.563278, -0.1484375, 6.2716064
7.5118103, -0.1663971, 6.269211
7.518997, -0.16041565, 6.296753
7.526169, -0.18435669, 6.2943573
7.526169, -0.19154358, 6.327881
7.4938507, -0.18914795, 6.4104767
7.4531555, -0.1879425, 6.4846954
7.412445, -0.16758728, 6.585251
7.4304047, -0.14125061, 6.7073517
7.460327, -0.118515015, 6.803131
7.444763, -0.084991455, 6.8881226
7.426819, -0.113723755, 6.95755
7.419632, -0.16879272, 6.9312134
7.395691, -0.14364624, 6.9479675
7.3753357, -0.123306274, 6.9515686
7.347809, -0.16998291, 6.95636
7.357376, -0.18075562, 6.952759
7.4064636, -0.15322876, 6.916855
7.3980865, -0.14245605, 6.834244
7.428009, -0.16281128, 6.7971344
7.3705444, -0.14964294, 6.732498
7.3513947, -0.14485168, 6.7025604
7.402878, -0.14604187, 6.712143
7.387314, -0.15083313, 6.6546783
7.368149, -0.14604187, 6.6080017
7.3549805, -0.1197052, 6.616379
7.3430176, -0.10055542, 6.6439056
7.3430176, -0.099365234, 6.6187744
7.3825226, -0.12210083, 6.6032104
7.387314, -0.14724731, 6.6666565
7.360977, -0.14245605, 6.6546783
7.37294, -0.15681458, 6.6427155
7.381317, -0.13887024, 6.648697
7.376541, -0.111328125, 6.7073517
7.347809, -0.12689209, 6.669052
7.3526, -0.116119385, 6.727707
7.3753357, -0.12210083, 6.7420654
7.3705444, -0.12449646, 6.736084
7.3669586, -0.14604187, 6.7265167
7.396881, -0.13526917, 6.734894
7.4052734, -0.14364624, 6.756439
7.388504, -0.15322876, 6.7253113
7.3669586, -0.15322876, 6.748062
7.3992767, -0.14245605, 6.679825
7.4064636, -0.15562439, 6.681015
7.392105, -0.15322876, 6.6463013
7.420822, -0.14964294, 6.672638
7.423218, -0.15562439, 6.6151733
7.431595, -0.1484375, 6.554123
7.420822, -0.20829773, 6.578064
7.357376, -0.17237854, 6.5565186
7.347809, -0.12689209, 6.46434
7.395691, -0.14006042, 6.4846954
7.416046, -0.17477417, 6.4835052
7.411255, -0.17118835, 6.5325775
7.424423, -0.17118835, 6.54216
7.400482, -0.14245605, 6.558914
7.3621674, -0.10774231, 6.602005
7.360977, -0.073028564, 6.6822205
7.3262634, -0.06463623, 6.736084
7.332245, -0.07661438, 6.8198853
7.29274, -0.075424194, 6.930023
7.341812, -0.09336853, 6.9874725
7.3537903, -0.120910645, 7.0904236
7.368149, -0.13407898, 7.1838074
7.3621674, -0.1592102, 7.2520294
7.3549805, -0.16879272, 7.2472534
7.3657684, -0.13647461, 7.189789
7.3597717, -0.116119385, 7.1849976
7.3513947, -0.101760864, 7.1419067
7.3597717, -0.12210083, 7.052124
7.4052734, -0.14604187, 6.9515686
7.479492, -0.13647461, 6.842621
7.474701, -0.18075562, 6.727707
7.4854736, -0.18075562, 6.6187744
7.490265, -0.1484375, 6.4619446
7.404068, -0.29927063, 6.7408752
5.814316, -0.32800293, 9.467865
5.778412, 0.25857544, 11.850098
9.696518, 0.26455688, 8.422806
9.932343, -0.8236084, 3.2585144
7.7500305, -0.57221985, 4.2113953
7.4531555, 0.58418274, 5.807129
6.847412, 0.2166748, 4.5992584
7.0114136, -0.3028717, 3.031067
7.8637543, -0.17237854, 3.0585938
7.7847443, -0.12808228, 3.4165192
8.198944, -0.4800415, 3.8043823
7.4088593, 0.683548, 4.589691
4.3466797, 1.5035553, 7.8924866
6.4416046, 0.8439636, 9.552872
9.095566, -0.683548, 8.9830475
9.558853, -1.6184845, 8.601166
9.913193, -1.9584503, 8.428787
9.542084, -1.7393951, 7.2867584
8.416809, -1.0654144, 6.241684
7.3346405, -0.40222168, 5.5365906
6.988678, 0.0143585205, 4.610031
7.253235, 0.19033813, 3.6595306
7.759613, 0.1879425, 3.0681763
8.257599, 0.08380127, 2.8131866
8.513779, -0.07421875, 2.7281952
8.415619, -0.21427917, 2.8526917
8.189362, -0.33638, 3.1244354
7.933182, -0.31962585, 3.4045563
7.7332764, -0.1771698, 3.6858673
7.5596924, 0.06225586, 3.9384613
7.3992767, 0.31124878, 4.4149017
7.2987213, 0.46087646, 5.0266266
7.234085, 0.24061584, 5.142746
7.21492, 0.20111084, 5.996277
7.1778107, 0.08140564, 7.345413
7.198166, -0.2454071, 8.623917
7.37175, -0.48602295, 9.554062
7.396881, -0.64164734, 10.014938
7.3106995, -0.588974, 9.970657
7.237671, -0.3902588, 9.545685
7.174225, -0.18315125, 8.987839
7.1838074, -0.16400146, 8.317459
7.3226624, -0.2059021, 7.5800476
7.363373, -0.18435669, 6.9120636
7.29274, -0.1257019, 6.430832
7.384918, -0.13287354, 6.222534
7.388504, -0.120910645, 6.4104767
7.4615326, -0.14964294, 6.736084
7.5118103, -0.2633667, 6.664261
7.4328003, -0.31243896, 6.581665
7.2556305, -0.03352356, 6.6522827
7.107193, 0.080200195, 6.7851715
7.165848, -0.13168335, 6.866577
7.45195, -0.3902588, 6.6067963
7.4974365, -0.35913086, 6.79953
7.3777313, -0.2669525, 6.7779846
7.1131744, 0.022750854, 6.672638
6.945572, 0.22744751, 7.059311
7.0569153, 0.12210083, 7.1993713
7.2209167, -0.14245605, 7.5968018
7.431595, -0.2753296, 7.6063843
7.423218, -0.39505005, 7.5561066
7.569275, -0.47883606, 7.086838
7.249649, -0.18196106, 7.1921844
7.0581055, 0.0071868896, 7.1538696
7.122757, 0.029922485, 6.6546783
7.0174103, 0.0574646, 6.6977844
7.083252, 0.08859253, 6.9443817
7.186203, -0.01675415, 7.376541
7.9403687, -0.7685394, 7.2400665
8.620331, -1.2270355, 5.7448883
7.7739716, -0.7972717, 5.6263733
7.086838, 0.017959595, 6.4487762
6.853409, 0.39144897, 6.511032
6.6271515, 0.252594, 6.4451904
7.110779, -0.032318115, 7.6949615
8.052902, -0.44293213, 8.160629
8.210922, -0.9169769, 7.721298
8.027756, -0.6943207, 7.2245026
7.5177917, -0.29328918, 6.5912323
7.091629, -0.0143585205, 5.9400177
6.995865, 0.24659729, 5.530609
7.009018, 0.36631775, 5.3031616
7.2520294, 0.27772522, 5.1595
7.6123657, 0.01914978, 5.040985
7.815872, -0.22625732, 5.1223907
7.902069, -0.36392212, 5.2433014
7.838623, -0.46447754, 5.39653
7.641098, -0.42018127, 5.621582
7.45195, -0.25498962, 5.8334656
7.2316895, -0.09576416, 5.917267
7.155075, 0.06225586, 6.1255646
6.9623413, 0.2454071, 6.2955475
6.1052094, 0.7553711, 7.6674347
6.0345917, 0.846344, 9.789886
6.538559, 0.11253357, 8.568848
7.1730347, -0.10055542, 2.402588
8.464706, 0.16160583, -0.049087524
9.768341, -0.55545044, 4.910507
9.618698, -1.8554993, 10.297455
8.640671, -2.3726501, 11.578354
7.8924866, -1.6208801, 9.727646
7.3549805, -0.56144714, 7.673416
6.6630707, -0.25019836, 7.2987213
6.7372894, -0.075424194, 7.815872
7.3035126, -0.0071868896, 7.8362274
7.539337, -0.09815979, 7.5357513
7.490265, -0.04788208, 7.348999
7.278366, 0.108932495, 7.0353546
7.043747, 0.18196106, 6.7408752
7.020996, 0.22625732, 6.5074463
7.147888, 0.14245605, 6.36499
7.244858, 0.089782715, 6.2285156
7.2867584, 0.106536865, 6.1339417
7.198166, 0.14604187, 5.9866943
7.1059875, 0.24182129, 5.752075
7.2364807, 0.19033813, 5.65152
7.387314, 0.06703186, 5.65152
7.5333557, -0.077804565, 5.676651
7.7225037, -0.24182129, 5.6814423
7.8685455, -0.37948608, 5.7017975
7.994232, -0.49679565, 5.8921356
8.0229645, -0.509964, 6.095642
7.9080505, -0.4010315, 6.242874
7.633911, -0.29089355, 6.4918823
7.503433, -0.22625732, 6.7528534
7.5273743, -0.17837524, 6.834244
7.4148407, -0.11013794, 6.9228363
7.5010376, -0.17118835, 7.1047974
7.732071, -0.2813263, 7.1969757
7.9583282, -0.43455505, 7.127533
8.031357, -0.51594543, 6.980301
8.0229645, -0.5710144, 6.6630707
8.034943, -0.6464386, 6.4380035
7.8841095, -0.61291504, 6.016632
8.075638, -0.79008484, 5.692215
8.248032, -0.89901733, 5.612015
7.8446045, -0.25498962, 5.5533447
7.309494, 0.21069336, 5.874176
7.5273743, 0.02633667, 5.898117
7.8601685, -0.2059021, 5.5210266
7.8446045, -0.19273376, 5.2899933
7.6865845, 0.063446045, 5.3271027
7.715317, -0.05027771, 5.5365906
8.234863, -0.6260834, 5.503067
8.6753845, -0.66319275, 5.4575806
8.236053, -0.37469482, 5.748474
8.039734, -0.51834106, 5.9902954
8.1809845, -0.5051727, 5.865799
8.169022, -0.4620819, 5.893326
8.149857, -0.62249756, 5.7185516
8.2612, -0.746994, 5.4803314
8.323441, -0.707489, 5.261261
8.275558, -0.70388794, 5.242111
8.2599945, -0.7302246, 5.280411
8.274368, -0.94929504, 5.41568
8.184586, -1.0738068, 5.2600555
8.112747, -0.9133911, 5.044586
8.139084, -0.7685394, 5.0936584
8.221695, -0.63087463, 5.036209
8.316254, -0.5973511, 4.9392395
8.429977, -0.67037964, 4.8650208
8.513779, -0.88705444, 4.8362885
8.628708, -0.69551086, 4.5561676
7.747635, -0.331604, 4.8171387
7.6123657, -0.6584015, 5.606018
8.565262, -0.74339294, 5.3055573
8.475479, -0.52911377, 4.969162
8.136688, -0.6392517, 5.273224
8.754395, -1.4245453, 5.3893433
9.60553, -0.46566772, 4.60524
7.242462, 0.43814087, 4.5729218
7.481888, -0.0071868896, 5.9914856
8.65863, 0.070632935, 5.1642914
7.795517, 0.051467896, 4.938034
7.9200134, -0.111328125, 5.948395
8.115143, 0.029922485, 5.7700195
7.910446, -0.0011901855, 5.499481
7.8170624, -0.04548645, 5.7185516
7.8098907, -0.2813263, 5.9819183
8.368927, -0.30047607, 5.3546295
8.446747, -0.34117126, 4.950012
8.482651, -0.65960693, 5.1283875
8.532928, -0.42736816, 4.862625
8.221695, -0.4333496, 4.9978943
8.204926, -0.44293213, 5.2720337
8.283936, -0.33518982, 4.989517
8.207321, -0.59376526, 5.197815
8.621521, -0.44532776, 5.182251
8.310272, -0.43095398, 5.103241
8.321045, -0.5877838, 5.2325287
8.352173, -0.46087646, 5.13916
7.9583282, -0.5530548, 5.6622925
8.176193, -0.47525024, 6.0896454
8.43837, -0.17956543, 5.7616425
8.054092, -0.17477417, 5.7413025
8.116348, -0.19273376, 6.242874
8.177399, 0.027526855, 6.0968323
7.9355774, -0.01675415, 5.9603577
8.106766, 0.09336853, 6.1375427
7.9547424, 0.2561798, 5.8634033
7.8637543, -0.046691895, 5.913681
8.061279, -0.13647461, 5.8789673
8.242035, -0.252594, 5.8286896
8.307877, -0.29447937, 5.675461
8.276749, -0.31962585, 5.6431274
8.244431, -0.28730774, 5.412094
8.171417, -0.37709045, 5.3977203
8.186966, -0.37469482, 5.4767303
8.222885, -0.33998108, 5.5928497
8.297104, -0.41299438, 5.688629
8.35936, -0.31723022, 5.723343
8.329422, -0.2166748, 5.700592
8.287537, -0.16879272, 5.680237
8.2612, -0.12808228, 5.6946106
8.119934, -0.099365234, 5.6144104
8.148666, -0.02633667, 5.5988464
8.111557, -0.089782715, 5.5330048
8.373718, -0.15802002, 5.3187256
8.36055, -0.12210083, 5.2720337
8.02536, -0.14964294, 5.4743347
7.9595184, -0.06703186, 5.515045
8.109161, -0.02154541, 5.380966
8.231262, -0.065841675, 5.242111
8.312668, -0.029922485, 5.1403503
8.146271, -0.099365234, 5.292389
8.2599945, -0.075424194, 5.2480927
8.1019745, -0.18315125, 5.264847
8.277954, -0.24659729, 5.384552
8.498215, -0.1951294, 5.1451416
8.292313, -0.16879272, 5.102051
8.279144, -0.20231628, 5.2516785
8.383301, -0.18914795, 5.286392
8.524551, -0.2346344, 5.486313
8.95311, -0.40821838, 6.138733
8.157043, -0.26455688, 5.621582
8.249222, 0.12808228, 4.5010986
9.19014, -0.61650085, 6.732498
8.303085, -0.39743042, 6.4739227
8.244431, 0.008377075, 5.4898987
8.463501, -0.01675415, 5.71257
8.109161, 0.101760864, 5.324707
8.107971, 0.22026062, 5.044586
7.9882507, 0.22865295, 4.8757935
8.289917, 0.18075562, 4.854248
8.018188, 0.032318115, 4.5633545
8.567657, 0.06463623, 4.308365
8.26358, 0.0059814453, 4.1886597
8.26358, 0.0095825195, 3.8929749
8.582016, 0.09815979, 3.8259277
8.467087, -0.07182312, 3.9624023
8.419205, 0.039505005, 3.7864227
8.560471, 0.15322876, 3.9480438
8.505402, 0.101760864, 4.237732
8.386887, -0.022750854, 4.5920715
8.653839, -0.08380127, 4.8446655
8.702927, -0.10774231, 4.775238
8.49942, -0.0047912598, 4.890152
8.465897, 0.015563965, 5.0505676
8.568848, -0.020355225, 5.0218353
8.682571, -0.0861969, 5.261261
8.571243, -0.08140564, 5.4085083
9.01178, -0.2561798, 5.980713
8.7556, -0.38546753, 5.580887
8.1809845, 0.15562439, 4.6148224
8.491043, 0.23223877, 4.8530426
8.456314, -0.068237305, 4.610031
8.583206, 0.073028564, 4.2784424
8.409637, 0.080200195, 4.134781
8.672989, -0.013168335, 4.4532166
8.957901, -0.1484375, 5.1451416
8.587997, 0.044296265, 4.6459503
8.214508, 0.1257019, 4.232956
8.4216, 0.16041565, 4.359848
8.893265, 0.027526855, 4.557358
9.064453, -0.28370667, 4.459198
8.535324, -0.16160583, 4.730942
8.142685, 0.32920837, 5.086487
8.372528, 0.3076477, 4.711792
8.765167, 0.034713745, 4.5489807
8.910019, -0.2238617, 4.893753
9.009384, -0.25378418, 5.388153
8.668213, -0.12449646, 4.8686066
8.465897, 0.01675415, 4.301178
8.681381, -0.0071868896, 4.416107
9.3194275, -0.27653503, 5.403717
8.601166, -0.03352356, 4.7022095
8.265976, 0.3818817, 3.7720642
8.748413, 0.17597961, 4.296402
8.734055, -0.051467896, 4.5681305
7.9475555, 0.5279236, 3.1495667
8.376114, 0.41059875, 3.683487
8.754395, 0.008377075, 4.5322266
8.10318, 0.42616272, 3.5565796
8.10437, 0.48243713, 3.573349
8.947128, 0.008377075, 4.3191376
9.186554, -0.20709229, 4.562149
8.57843, 0.14006042, 4.0533905
8.423996, 0.24780273, 4.1754913
8.431183, 0.22026062, 4.2521057
8.738831, 0.0287323, 4.552582
8.880096, -0.120910645, 4.6268005
8.51857, 0.06463623, 4.210205
8.409637, 0.10534668, 4.0905
8.887283, -0.14364624, 4.40773
9.133881, -0.29328918, 4.553772
9.2248535, -0.27893066, 4.6698914
8.725662, -0.068237305, 4.3418884
8.864532, -0.03591919, 4.400543
8.874115, -0.11013794, 4.6279907
8.643066, 0.077804565, 4.440048
8.628708, 0.08380127, 4.495117
8.617935, 0.06463623, 4.6375732
8.476669, 0.20231628, 4.616028
8.269577, 0.24182129, 4.6040497
8.371323, 0.21308899, 4.735733
8.553284, 0.077804565, 4.692642
8.576035, 0.10774231, 4.253296
8.754395, 0.0574646, 4.0569763
8.901642, -0.0023956299, 4.1216125
8.931564, -0.046691895, 4.2904053
8.8489685, -0.03352356, 4.359848
8.882492, -0.07901001, 4.4292755
8.583206, -0.04309082, 4.495117
8.585602, -0.116119385, 4.481949
8.8489685, -0.21308899, 4.5034943
8.881287, -0.17118835, 4.495117
8.852554, -0.15681458, 4.48674
8.815445, -0.13526917, 4.438843
8.792709, -0.075424194, 4.4149017
8.717285, -0.027526855, 4.4017334
8.641876, -0.015563965, 4.42807
8.541321, 0.0861969, 4.3897705
8.413223, 0.12449646, 4.3981476
8.610748, 0.04069519, 4.395752
8.787918, -0.061050415, 4.3143463
8.738831, -0.118515015, 4.3095703
8.707718, -0.14485168, 4.344284
8.780731, -0.15203857, 4.332306
8.828613, -0.15441895, 4.296402
8.787918, -0.23582458, 4.313156
8.717285, -0.30645752, 4.3023834
8.688553, -0.3435669, 4.3466797
8.713699, -0.38546753, 4.3742065
8.693344, -0.3938446, 4.340683
8.572433, -0.3651123, 4.3311157
8.577225, -0.36032104, 4.2521057
8.6514435, -0.33638, 4.2401276
8.6909485, -0.35075378, 4.2126007
8.761581, -0.36990356, 4.1838684
8.716095, -0.34477234, 4.079727
8.901642, -0.41419983, 4.050995
9.2643585, -0.38546753, 4.0881042
9.412811, 0.0, 3.9288788
8.863342, 0.40222168, 3.9396515
8.555679, 0.47644043, 3.7565002
9.108734, 0.48960876, 3.4656067
9.11113, 0.31243896, 3.7193909
9.113525, 0.099365234, 3.7205963
8.85376, -0.05986023, 4.0378265
8.667007, -0.17837524, 4.2365417
8.497025, -0.31604004, 4.455612
8.61673, -0.48960876, 4.3263245
8.7939, -0.5985565, 4.537018
8.837006, -0.5051727, 4.380188
9.057266, -0.5626373, 4.438843
9.038116, -0.4632721, 4.1216125
9.078812, -0.32202148, 4.1335907
8.938751, -0.1951294, 3.957611
8.893265, -0.04069519, 3.942047
8.681381, 0.07421875, 3.9360657
8.731659, 0.19992065, 3.7349548
8.81665, 0.32321167, 3.6655273
8.766373, 0.38786316, 3.7217865
8.743622, 0.3040619, 3.5745392
8.917206, 0.22146606, 3.648758
8.968674, 0.099365234, 3.5170898
8.981842, -0.017959595, 3.7732544
8.916, -0.0909729, 3.8690338
8.882492, -0.2238617, 3.873825
8.808273, -0.30166626, 3.861847
8.923187, -0.3040619, 3.8762054
8.955505, -0.2454071, 3.9324799
8.935165, -0.27053833, 3.8893738
8.846573, -0.21548462, 3.818756
9.028534, -0.13526917, 3.6954498
9.130295, -0.0861969, 3.660736
9.01297, -0.05506897, 3.7253723
8.95311, -0.07901001, 3.6511536
8.894455, -0.05027771, 3.7325592
8.969879, -0.080200195, 3.751709
8.8094635, -0.020355225, 3.588913
8.789108, -0.0071868896, 3.5290527
8.931564, -0.084991455, 3.447647
9.03212, -0.17118835, 3.4284973
9.052475, -0.22625732, 3.5134888
8.831009, -0.1376648, 3.5242615
8.814255, -0.0071868896, 3.4225159
8.833405, -0.025146484, 3.6152496
8.846573, -0.07182312, 3.660736
8.918396, -0.17477417, 3.585312
8.921997, -0.29927063, 3.6619263
8.984238, -0.37469482, 3.5398254
8.902832, -0.45370483, 3.6475677
9.070435, -0.39863586, 3.6595306
9.093185, -0.34835815, 3.487152
9.052475, -0.23942566, 3.691864
8.97467, -0.17118835, 3.7337646
8.871719, -0.087387085, 3.8259277
8.829819, -0.020355225, 3.9624023
8.87291, -0.1951294, 3.9480438
8.647858, -0.5674286, 4.3658295
8.465897, -0.6201019, 4.7500916
8.559265, -0.19992065, 4.2281647
8.960297, 0.2166748, 3.7145996
9.216476, 0.1376648, 3.7169952
9.033325, -0.027526855, 3.9683838
8.955505, -0.06463623, 3.9983215
8.905228, -0.18554688, 4.024658
8.939957, -0.18075562, 3.9743805
8.7699585, 0.039505005, 4.076126
8.823837, 0.1951294, 4.01268
8.777145, 0.10055542, 4.0150757
8.857346, -0.084991455, 3.9312744
8.977066, -0.3148346, 3.77565
8.9279785, -0.51475525, 3.9432526
8.75679, -0.52911377, 4.3454742
8.665817, -0.42855835, 4.7560883
8.69455, -0.32321167, 4.8805847
8.741226, -0.26576233, 4.972763
8.767563, -0.17477417, 4.898529
8.810669, -0.10534668, 4.7345276
8.778336, -0.116119385, 4.6351776
8.766373, -0.106536865, 4.5849
8.919601, 0.039505005, 4.4137115
9.076416, 0.032318115, 3.988739
8.376114, -0.16758728, 4.450821
8.395264, -0.106536865, 5.0194397
8.427597, 0.35913086, 4.7022095
8.416809, 1.241394, 4.495117
8.938751, 0.68115234, 4.3502655
8.51738, -0.32081604, 4.423294
8.088806, -0.7398071, 4.7812195
8.304291, -0.5171509, 5.0338135
8.814255, -0.2059021, 5.119995
9.178177, -0.22505188, 4.455612
9.135071, -0.34835815, 4.261673
9.068039, -0.38786316, 4.517853
8.987839, -0.39505005, 4.5956726
9.100357, -0.3830719, 4.490326
9.132675, -0.34954834, 4.237732
9.002197, -0.43095398, 3.9276886
8.850174, -0.44172668, 3.8367157
8.942337, -0.32321167, 3.8474884
8.887283, -0.27772522, 3.59729
8.942337, -0.25378418, 3.4380798
9.15184, -0.39144897, 3.3219604
9.324219, -0.5231323, 3.04422
9.068039, -0.111328125, 2.8802185
8.725662, 0.20111084, 3.5362396
8.564056, 0.20709229, 4.122818
8.441956, 0.27293396, 4.529831
8.118744, 0.37348938, 4.8793793
8.214508, 0.34477234, 5.0505676
8.53653, 0.17237854, 4.9152985
8.713699, 0.056259155, 4.4723663
8.850174, -0.05267334, 4.1563416
8.937561, -0.10295105, 3.7744598
8.956711, -0.16281128, 3.6008759
8.926788, -0.22146606, 3.605667
8.916, -0.28970337, 3.6308136
8.813049, -0.32321167, 3.707428
8.757996, -0.30526733, 3.782837
8.740036, -0.23103333, 3.83432
8.728058, -0.08859253, 3.9109344
8.707718, 0.032318115, 3.9121246
8.702927, 0.05267334, 3.85466
8.749603, -0.029922485, 3.7337646
8.791504, -0.092178345, 3.7696686
8.822632, -0.1304779, 3.815155
8.896851, -0.19273376, 3.8450928
9.002197, -0.14364624, 3.7541046
8.998611, -0.09336853, 3.7852325
8.906433, -0.0861969, 3.9085388
8.846573, -0.099365234, 3.964798
8.866928, -0.037109375, 4.0821075
8.880096, 0.0, 4.0390167
8.997406, -0.065841675, 3.8845978
8.904037, -0.07901001, 3.8750153
8.790314, -0.18196106, 4.068939
9.416397, -0.25019836, 3.6786957
9.315842, -0.24061584, 3.585312
8.107971, -0.33039856, 4.854248
8.760391, -0.11253357, 4.723755
9.126694, -0.1197052, 3.7409363
8.497025, -0.16400146, 4.5489807
8.999802, 0.07421875, 4.3730164
8.805878, -0.013168335, 3.940857
8.57962, -0.04309082, 4.5394135
8.985443, 0.15203857, 4.3335114
8.7556, 0.0059814453, 4.107254
8.599976, -0.027526855, 4.576523
9.009384, 0.1197052, 4.2126007
8.736435, -0.04069519, 4.0330353
8.7699585, 0.034713745, 4.3191376
8.740036, 0.07182312, 4.2880096
8.7699585, 0.120910645, 4.241333
8.829819, 0.104141235, 4.1252136
8.669403, 0.0095825195, 4.139572
8.790314, 0.0095825195, 4.217392
8.838196, 0.008377075, 4.067749
8.921997, 0.053863525, 4.0928802
8.99382, -0.02154541, 3.9755707
8.645462, -0.12808228, 4.3119507
8.802277, 0.123306274, 4.5250397
8.760391, 0.13526917, 4.147949
8.723267, 0.06942749, 4.2401276
8.729263, -0.027526855, 4.299988
8.802277, 0.03112793, 4.32872
8.947128, 0.0, 4.083313
8.713699, -0.05027771, 4.181473
8.926788, 0.084991455, 4.201828
8.921997, 0.01675415, 3.858261
8.808273, 0.010772705, 4.084503
8.817841, 0.063446045, 4.266464
8.822632, 0.020355225, 4.01149
8.765167, -0.013168335, 4.01149
8.796295, 0.07182312, 4.1491547
8.827423, 0.123306274, 4.0222626
8.813049, 0.017959595, 3.8654327
8.839386, -0.04548645, 3.9612122
8.910019, -0.032318115, 4.1216125
8.805878, -0.10055542, 4.0545807
8.801086, -0.07421875, 4.139572
8.919601, -0.04069519, 4.1563416
8.975861, -0.077804565, 4.0222626
9.05368, -0.03831482, 4.055771
8.936356, -0.065841675, 3.8989563
8.720886, -0.07661438, 3.9899445
8.884888, 0.049087524, 4.066559
9.01297, 0.092178345, 3.902542
8.937561, 0.029922485, 3.8498688
8.959106, 0.0287323, 3.9659882
8.893265, 0.0071868896, 3.9791565
8.811859, -0.03112793, 4.079727
8.890869, 0.02394104, 4.100067
8.921997, 0.051467896, 4.0306396
8.935165, 0.01914978, 3.9791565
8.973465, -0.032318115, 3.9300842
8.945938, -0.118515015, 3.8235474
9.029724, -0.077804565, 3.9061432
9.075226, 0.02394104, 4.019867
8.966278, 0.0059814453, 3.8726196
8.802277, 0.05506897, 3.942047
8.89566, 0.16281128, 3.9037476
8.935165, 0.10774231, 3.7577057
8.947128, 0.089782715, 3.7720642
8.949524, 0.056259155, 3.8367157
8.956711, 0.02154541, 3.839096
8.871719, -0.041900635, 3.806778
8.947128, 0.04548645, 3.8283234
9.002197, 0.089782715, 3.7840424
9.070435, 0.06942749, 3.7648773
8.977066, -0.011978149, 3.648758
9.051285, 0.0059814453, 3.667923
9.20929, 0.011978149, 3.7565002
9.282318, -0.09576416, 3.727768
9.373306, -0.17237854, 3.6511536
9.508575, -0.13647461, 3.6463623
9.514557, -0.10534668, 3.5721436
9.271545, -0.123306274, 3.581726
9.160217, -0.044296265, 3.7588959
9.136276, 0.03112793, 3.8031921
8.978256, 0.094573975, 3.8211517
8.959106, 0.21069336, 3.870224
8.937561, 0.24780273, 3.7301636
8.7939, 0.2166748, 3.8295288
9.144653, 0.28370667, 3.8235474
9.07402, 0.20829773, 3.5948944
9.076416, 0.15562439, 3.4907532
9.130295, 0.19154358, 3.348297
9.113525, 0.24899292, 3.5865173
9.228455, 0.06942749, 3.7385406
9.494202, -0.0861969, 3.284851
9.451111, 0.19992065, 2.9783936
9.388855, 0.16998291, 3.2680817
9.454697, -0.013168335, 3.3494873
9.287109, 0.04788208, 3.3734283
9.345764, 0.106536865, 3.4344788
9.560043, 0.011978149, 3.478775
9.914383, -0.17837524, 3.3734283
9.801865, -0.2561798, 3.2345734
9.885666, -0.113723755, 3.3423004
9.895233, -0.049087524, 3.1687317
9.816223, -0.051467896, 3.1711273
10.08078, -0.113723755, 3.1854858
9.631866, -0.0047912598, 3.154358
9.410416, 0.28251648, 3.2944183
9.20929, 0.51594543, 3.1890717
9.0225525, 0.62249756, 3.3626556
9.176971, 0.61291504, 3.4596252
9.103958, 0.5698242, 3.408142
9.125504, 0.58418274, 3.6308136
9.216476, 0.56622314, 3.7541046
9.339783, 0.39505005, 3.530243
9.334991, 0.40701294, 3.3411102
9.422379, 0.56503296, 3.250122
9.629486, 0.5051727, 3.2513275
9.3302, 0.6201019, 3.1328125
8.906433, 0.925354, 3.3459015
8.590393, 1.083374, 3.4344788
8.079239, 1.3682861, 3.5242615
7.8326263, 1.490387, 3.7289734
7.6506653, 1.6292572, 3.806778
7.490265, 1.8650818, 4.0186615
7.514206, 1.806427, 4.062958
7.6147614, 1.727417, 4.107254
7.625534, 1.7741089, 4.0569763
7.6590576, 1.7453766, 3.885788
7.815872, 1.6891022, 3.636795
7.9595184, 1.6340485, 3.4284973
7.984665, 1.577774, 3.221405
7.934387, 1.5358734, 3.1555634
7.898468, 1.4784241, 3.147171
7.9152374, 1.312027, 3.1459808
7.6901703, 1.3407593, 3.1352081
7.7272797, 1.1707611, 3.2776642
7.9152374, 0.99479675, 3.2621002
8.020569, 0.8631134, 3.0957031
8.198944, 0.762558, 2.8862152
8.288727, 0.8319855, 2.8323364
8.334213, 0.707489, 2.6144714
8.032547, 0.71347046, 2.5641937
8.130707, 1.0079651, 2.8598785
8.082825, 0.8559265, 2.640808
7.60878, 0.66200256, 2.4373016
7.6219482, 0.67396545, 2.7940369
7.8757324, 1.0702057, 3.2249908
7.7272797, 1.0726013, 3.1555634
7.5525055, 1.6005249, 3.5793304
7.297531, 1.3850403, 3.250122
7.344208, 1.1180878, 3.4380798
7.5608826, 1.3156128, 3.6763
7.4615326, 1.2186432, 3.2166138
7.6434937, 1.0857697, 3.2405548
7.597992, 0.6141052, 3.02388
8.343796, 0.91578674, 3.6786957
8.735245, 0.786499, 3.4691925
9.48822, 0.42018127, 3.2441406
10.566803, 0.06225586, 3.178299
11.707642, 0.061050415, 3.4356842
12.586319, -0.35673523, 2.699463
12.989746, -0.6584015, 2.149994
13.036423, -0.8451538, 1.7800903
12.822144, -0.99957275, 1.7932587
12.310989, -0.9911957, 2.0769653
11.512512, -1.0055695, 2.4241333
10.748764, -1.0714111, 2.889801
10.125076, -1.2976532, 3.008316
9.633072, -1.351532, 3.099289
8.95311, -0.97802734, 3.5829163
8.750809, -0.66200256, 3.818756
8.75679, -0.5482788, 3.6810913
8.817841, -0.30166626, 3.7193909
8.719681, -0.101760864, 3.621231
8.574829, 0.11013794, 3.305191
8.621521, 0.3531494, 2.896988
8.577225, 0.37348938, 2.5366516
8.884888, 0.32681274, 2.4552612
9.040512, 0.38786316, 2.324768
8.979446, 0.45010376, 2.300827
8.652649, 0.4692688, 2.4732056
8.564056, 0.41299438, 2.7365723
8.668213, 0.2454071, 2.6300354
8.874115, 0.0059814453, 2.5845337
8.939957, -0.10774231, 2.779663
8.950729, -0.2454071, 3.0226746
9.163803, -0.21548462, 3.3075867
9.229645, -0.24659729, 3.3961792
9.154236, -0.34117126, 3.5877075
9.202118, -0.26815796, 3.7457275
9.254791, -0.11253357, 3.384201
9.554062, -0.051467896, 2.8598785
9.922775, -0.082595825, 2.5558167
9.618698, -0.11253357, 2.5031433
9.363724, -0.04309082, 2.9065552
9.501389, -0.07901001, 2.8443146
9.350555, -0.25019836, 2.8909912
9.226059, -0.4405365, 3.0334473
10.157394, -0.89424133, 2.7581177
10.741592, -1.5526428, 2.3606873
8.646652, -1.8602905, 2.738968
8.625107, -1.5789795, 3.7050323
8.655045, -1.272522, 4.1718903
8.288727, -0.8523407, 4.4017334
8.450333, -0.683548, 4.747696
8.455124, -0.62249756, 5.213379
9.051285, -0.7362213, 5.1726685
9.4379425, -1.0869751, 4.040222
9.630676, -1.0235138, 2.431305
9.443924, -0.27772522, 2.1930847
8.746017, 1.3144226, 4.1096497
6.985077, 0.9971924, 6.7420654
6.926422, 0.38546753, 7.6147614
7.78714, -0.05267334, 7.981064
8.614334, -0.6655884, 7.4782867
8.271973, -0.8882446, 6.4811096
8.245636, -0.81881714, 5.2564697
8.844177, -1.0271149, 4.557358
9.561249, -1.2844849, 4.26886
9.598358, -1.0115509, 4.2305603
9.40802, -0.22625732, 4.8518524
9.178177, 0.47045898, 5.8634033
8.00621, 0.89782715, 6.4284363
7.048523, 0.7182617, 5.8885345
6.8414307, 0.26455688, 5.206192
8.337814, -0.082595825, 5.4719543
9.15303, -0.47166443, 6.051346
9.430756, -0.9361267, 5.980713
8.969879, -1.0905609, 5.0541534
8.440765, -0.9421234, 3.9935303
8.080429, -0.64404297, 3.2980194
8.142685, -0.4405365, 2.980774
8.595184, -0.42138672, 3.154358
8.649048, -0.4692688, 3.3949738
8.593994, -0.36750793, 3.5242615
8.540115, -0.17956543, 3.7481232
8.503006, -0.05506897, 4.2066193
8.614334, -0.063446045, 4.7740326
8.73764, -0.11253357, 5.3031616
8.699326, -0.16041565, 5.740097
8.51857, -0.15802002, 5.945999
8.463501, -0.12449646, 5.9579773
8.398865, -0.10295105, 5.88974
8.264786, -0.09576416, 5.697006
8.282745, -0.16758728, 5.6479187
8.434769, -0.36990356, 5.688629
8.514984, -0.50038147, 5.479126
8.585602, -0.43933105, 5.2109833
8.532928, -0.32800293, 4.826706
8.553284, -0.25498962, 4.6231995
8.236053, -0.3531494, 4.8722076
8.997406, -0.375885, 4.936844
8.780731, -0.16160583, 4.50708
8.477875, -0.04548645, 4.553772
8.479065, 0.25378418, 4.680664
8.288727, 0.19273376, 4.818329
8.449142, -0.061050415, 4.9512024
8.633484, -0.23103333, 4.938034
8.693344, -0.4046173, 4.545395
8.71489, -0.588974, 4.0976715
8.766373, -0.5877838, 3.9659882
8.8489685, -0.7110748, 3.9827576
8.912415, -0.8607178, 4.187454
9.017761, -0.7194519, 4.462799
8.941147, -0.53749084, 4.526245
8.8094635, -0.35075378, 4.378998
8.731659, -0.20709229, 4.205414
8.59758, -0.1879425, 4.147949
8.641876, -0.2346344, 4.079727
8.790314, -0.39505005, 3.7900238
9.386475, -0.8894501, 4.388565
9.301468, -1.1168976, 5.2349243
8.534134, -0.6188965, 4.9356537
8.370132, -0.38426208, 4.691437
8.682571, -0.48602295, 4.0821075
8.130707, -0.588974, 3.6164398
8.693344, -0.7733307, 3.6320038
9.160217, -0.6584015, 3.3830109
9.051285, -0.59495544, 3.1483765
9.095566, -0.60572815, 3.2118225
8.899246, -0.6655884, 2.7856598
8.841782, -0.72784424, 2.4061737
9.020157, -0.8128357, 2.6946716
8.822632, -0.7158661, 2.7640991
8.860947, -0.6643982, 2.6946716
9.123108, -0.9038086, 3.0801392
9.266754, -1.0187378, 3.4919434
9.197327, -0.8631134, 3.9516296
9.038116, -0.74220276, 4.1599274
8.919601, -0.7661438, 4.079727
8.808273, -0.8056488, 3.9719849
8.754395, -0.7577667, 3.8893738
8.865723, -0.72784424, 3.5541992
8.979446, -0.68115234, 3.2357635
9.071625, -0.64404297, 3.4452515
9.004593, -0.4524994, 3.6798859
8.799881, -0.35075378, 3.9384613
8.815445, -0.4333496, 4.158722
8.852554, -0.5303192, 4.107254
8.923187, -0.6763611, 4.071335
8.950729, -0.77812195, 4.043808
9.020157, -0.7912903, 4.0857086
9.003403, -0.826004, 4.198227
9.027344, -0.97683716, 4.222168
9.024948, -1.1456299, 4.2592773
8.985443, -1.1947021, 4.1168365
8.956711, -1.233017, 3.8690338
8.865723, -1.280899, 3.9516296
8.865723, -1.2090759, 4.1491547
8.884888, -1.1863251, 4.0892944
8.838196, -1.2090759, 3.9791565
8.777145, -1.454483, 3.8534698
8.754395, -1.1731567, 3.937271
8.77594, -1.0247192, 4.068939
8.785522, -1.0474701, 3.75531
8.904037, -0.84036255, 3.5206757
8.91362, -0.6476288, 3.6846771
8.962692, -0.4620819, 3.7325592
9.002197, -0.45610046, 3.605667
9.005783, -0.6967163, 3.6403809
9.015366, -0.68833923, 3.7098083
9.052475, -0.5231323, 3.683487
9.085999, -0.63087463, 3.6475677
9.088394, -0.84754944, 3.5613708
9.036911, -0.5805969, 3.6116486
8.931564, -0.48483276, 3.643982
8.874115, -0.8247986, 3.5745392
8.890869, -1.1276703, 3.4440613
8.858551, -1.0426788, 3.688263
8.734055, -1.1264648, 3.9504395
9.01178, -1.4640503, 4.6112366
8.9830475, -1.8291626, 5.4025116
8.528152, -1.296463, 4.608841
8.5568695, -0.4692688, 3.047821
8.868118, -0.46447754, 2.4325104
9.0225525, -0.6081238, 2.5797577
8.9830475, -0.6201019, 2.7377625
8.876495, -0.509964, 2.8323364
8.939957, -0.46806335, 3.0693665
9.052475, -0.68473816, 3.5529938
9.01178, -0.8319855, 3.6032715
8.931564, -1.1707611, 3.5601807
8.779541, -1.5861511, 3.446457
9.050079, -0.70988464, 3.4201202
9.125504, -0.35913086, 3.9612122
9.001007, -0.7685394, 3.8247375
8.954315, -1.375473, 3.9049377
8.763977, -0.67037964, 3.870224
9.020157, 0.39144897, 4.1096497
9.05368, 0.16281128, 4.108444
9.050079, -0.18075562, 4.1060486
9.064453, -0.22865295, 4.6076355
8.841782, -0.39863586, 4.495117
8.844177, -0.8535309, 4.3622284
8.937561, -1.1168976, 3.9935303
8.996216, -1.2856903, 3.9875488
8.948334, -1.2952576, 4.3155518
8.912415, -1.2713165, 4.3574524
8.807068, -1.241394, 4.3574524
8.77594, -1.1132965, 4.3191376
8.85495, -1.0187378, 4.297592
8.971069, -0.96965027, 4.1886597
8.837006, -0.8774719, 4.1443634
8.682571, -0.7697296, 4.2700653
8.701721, -0.9421234, 4.2305603
8.69574, -1.1396332, 4.1359863
8.6514435, -1.5203247, 3.918106
8.706512, -1.9464874, 3.794815
8.744827, -2.1009064, 3.8079834
8.743622, -2.1296387, 3.8091736
8.665817, -2.103302, 4.0905
8.659821, -1.9824066, 4.2066193
8.717285, -1.869873, 4.2760468
8.681381, -1.782486, 4.3107605
8.614334, -1.8016357, 4.3622284
8.620331, -1.9021912, 4.1910553
8.59877, -2.0218964, 4.162323
8.687363, -1.869873, 4.0892944
8.743622, -1.8818359, 3.9396515
8.832214, -1.8686676, 3.9504395
8.825027, -1.7729034, 4.0497894
8.779541, -1.6795349, 4.01149
8.85495, -1.5634155, 4.0569763
8.966278, -1.5526428, 4.1120453
8.610748, -1.9189453, 4.103668
8.659821, -2.4672241, 4.179077
8.908829, -3.04422, 4.3299103
8.999802, -3.51828, 4.2066193
8.956711, -4.34787, 4.402939
8.716095, -5.5006714, 4.5477905
8.71489, -6.6475067, 4.305969
8.8884735, -7.0305786, 3.8079834
9.075226, -6.6115875, 3.59729
8.99382, -5.4252625, 3.2166138
9.139862, -3.5613708, 3.008316
9.917984, -0.5518646, 2.929306
10.097549, 4.029434, 2.7281952
7.6746063, 4.11084, 3.1495667
7.52977, 2.1356354, 3.9671936
8.200134, 0.48602295, 4.2556915
8.275558, -0.77931213, 3.7601013
8.398865, -1.7681122, 3.1926727
8.713699, -2.616867, 3.0262756
8.5915985, -3.2716827, 3.4177246
8.386887, -3.4656067, 3.6906586
7.7416534, -3.5960846, 4.2245636
7.4220276, -3.348297, 4.5202484
7.126343, -3.0071106, 4.9583893
6.846222, -2.9185333, 5.39653
7.0018463, -2.9233246, 5.455185
7.384918, -3.1208344, 5.380966
7.8122864, -3.485962, 5.190628
8.3414, -3.7601013, 4.967972
8.622711, -4.0186615, 4.656723
8.797501, -4.0330353, 4.513077
8.986633, -3.7421417, 4.4460297
8.984238, -3.4524384, 4.3227386
9.005783, -3.1687317, 4.2245636
8.99382, -2.8562775, 4.086899
8.761581, -2.7281952, 4.165909
8.541321, -2.719818, 4.3514557
8.483856, -2.680313, 4.497513
8.434769, -2.6024933, 4.50589
8.383301, -2.5917206, 4.356247
8.447937, -2.5366516, 4.3035736
8.632294, -2.4217377, 4.0485992
8.852554, -2.2206268, 3.7696686
8.91362, -2.027893, 3.6571503
8.930374, -2.048233, 3.736145
8.784332, -2.1248474, 3.956421
8.626312, -2.3104095, 4.03183
8.608353, -2.4384918, 4.0462036
8.562866, -2.561798, 4.024658
8.468292, -2.6671448, 4.060562
8.437164, -2.7856598, 4.134781
8.450333, -2.857483, 4.1120453
8.514984, -2.9125519, 4.09169
8.561661, -2.9580383, 4.0581665
8.577225, -2.9257202, 4.102463
8.650253, -2.9029694, 4.0102844
8.602371, -2.86586, 3.9360657
8.51857, -2.7844543, 3.9444427
8.561661, -2.7138214, 3.8989563
8.613144, -2.659958, 3.818756
8.595184, -2.5641937, 3.8666382
8.641876, -2.4408875, 3.8247375
8.771164, -2.3977966, 3.7577057
8.757996, -2.363083, 3.770874
8.757996, -2.2266083, 3.6990356
8.790314, -2.2014618, 3.6176453
8.699326, -2.2565308, 3.7445374
8.190567, -2.2361908, 4.2305603
8.327026, -2.2349854, 4.305969
8.246826, -2.2469635, 4.48674
8.090012, -2.2469635, 4.68425
7.827835, -2.1954803, 4.8255157
7.7380524, -2.173935, 5.086487
7.874527, -2.3032227, 5.1523285
8.064865, -2.4456787, 5.21817
8.370132, -2.5594025, 5.225342
8.73764, -2.7030487, 5.205002
8.910019, -2.8119965, 5.2313232
8.8489685, -2.817978, 5.084091
8.83461, -2.774887, 4.871002
8.7556, -2.7210083, 4.9320526
8.930374, -2.6575623, 5.0493774
8.821442, -2.5713654, 4.833893
8.584412, -2.489975, 4.4484253
8.49942, -2.3690643, 4.24971
8.524551, -2.3139954, 4.016266
8.584412, -2.2816772, 3.8822021
8.329422, -2.3104095, 3.746933
8.0469055, -2.3151855, 3.3806152
8.078033, -2.2002716, 3.1830902
8.434769, -1.9740143, 3.226181
8.167816, -1.7333984, 2.8933868
8.404846, -1.869873, 2.8119965
8.343796, -1.9931793, 2.8682556
8.226471, -2.0925293, 2.874237
8.12352, -2.3702545, 2.9951477
8.528152, -2.652771, 3.0526123
8.603561, -2.8203735, 3.1495667
8.851364, -2.9628296, 3.193863
8.807068, -3.1316223, 3.1699219
9.108734, -3.1615448, 3.0861206
9.125504, -3.197464, 3.0119019
9.253586, -3.1759033, 2.86586
9.242813, -3.083725, 2.9197235
9.338577, -2.956833, 2.8526917
9.194931, -2.8059998, 2.6240387
9.204514, -2.5629883, 2.3750458
8.987839, -2.395401, 2.3367462
9.069229, -2.1990814, 2.308014
9.200912, -2.0853424, 2.316391
9.18895, -1.8387451, 2.364273
9.047684, -1.7549438, 2.4253235
9.139862, -1.5909424, 2.2960358
8.986633, -1.7597351, 2.4301147
9.089584, -1.7501678, 2.6036987
9.2595825, -1.6914978, 2.3750458
8.955505, -1.6101074, 2.4360962
8.950729, -1.6077118, 2.4157562
8.911224, -1.6950989, 2.5306702
9.071625, -1.6591797, 2.4636383
9.297882, -1.6938934, 2.513916
9.355347, -1.8040314, 2.5414429
9.454697, -1.845932, 2.4839783
9.349365, -1.9105682, 2.597702
9.179367, -1.9955597, 2.5402527
8.741226, -1.9596558, 2.5031433
8.59877, -1.8926239, 2.4229279
8.371323, -1.8638916, 2.505539
8.724472, -1.8950043, 2.4779968
9.244019, -1.8878326, 2.6060944
8.868118, -1.7776947, 2.6851044
8.767563, -1.8914185, 2.6312256
9.537308, -2.2361908, 2.676712
9.598358, -2.1763306, 2.6791077
9.221268, -2.1392212, 2.558197
9.263168, -2.2026672, 2.5282745
9.440338, -2.419342, 2.4181366
9.378082, -3.4835663, 2.269699
8.560471, -3.746933, 2.127243
7.6195526, -3.367447, 2.2720947
7.202957, -3.0538025, 2.510315
7.481888, -2.6635437, 2.6348114
7.4782867, -1.9596558, 2.7988281
8.328232, -1.351532, 2.9269104
9.244019, -0.7266388, 2.8766327
10.293869, -0.36271667, 3.250122
11.178528, -0.20350647, 3.3554688
11.032486, -0.123306274, 3.3506927
9.983826, -0.25857544, 2.8515015
9.2404175, -0.5997467, 2.5210876
8.526947, -1.0486603, 2.5210876
8.757996, -1.280899, 2.6467896
9.107544, -1.4365234, 2.8012085
9.154236, -1.498764, 2.8275452
9.714478, -1.4879913, 2.316391
9.679764, -1.3922272, 2.1452026
9.722855, -1.435318, 2.1080933
9.844955, -1.5825653, 1.8973999
9.840164, -1.6436157, 1.8973999
10.096344, -1.7741089, 1.905777
9.394852, -1.6519928, 1.869873
9.64743, -1.6340485, 1.8591003
9.931152, -1.6651611, 1.8100128
9.648636, -1.6783295, 1.7657166
8.831009, -1.2318115, 1.7094574
9.035721, -1.1887207, 1.9345093
8.931564, -1.3658905, 2.3427277
9.196121, -1.5993195, 2.5031433
8.941147, -1.6711578, 2.4636383
9.545685, -2.2445679, 2.6432037
9.8688965, -2.740158, 2.7700958
9.478638, -2.3894196, 2.6874847
9.3302, -2.3810272, 2.5246887
9.321823, -2.1763306, 2.2194214
9.208099, -1.8914185, 2.2337952
8.803482, -1.7872772, 2.0542297
8.862137, -1.7286072, 2.206253
9.2248535, -1.5454559, 2.0733795
9.07402, -1.4437103, 1.6938934
9.160217, -1.4077911, 1.6927032
9.248795, -1.3814545, 1.4844055
9.106354, -1.3694763, 1.2557526
9.015366, -1.3191986, 1.2856903
9.131485, -1.3790588, 1.3587036
9.217682, -1.3036499, 1.359909
9.096771, -1.2246399, 1.4317322
9.085999, -1.1396332, 1.6316528
8.985443, -1.0714111, 1.845932
8.945938, -1.0738068, 2.0805664
9.063248, -1.1432343, 2.2421722
8.972275, -1.2222443, 2.3259735
9.191345, -1.3862457, 2.5031433
9.42836, -1.4808197, 2.5749664
9.50618, -1.6101074, 2.6432037
9.679764, -1.95607, 2.6575623
9.639053, -2.0937347, 2.553421
9.452301, -2.015915, 2.5426483
9.307465, -1.905777, 2.4935608
9.277527, -1.9716187, 2.4013824
9.196121, -1.9752197, 2.2733002
9.208099, -1.916565, 2.1966858
9.504974, -1.9261322, 2.347519
9.64743, -2.0350647, 2.252945
9.636658, -2.059021, 2.1452026
9.421188, -1.9309235, 2.2230225
9.218872, -1.9129639, 2.261322
9.119507, -2.072174, 2.3762512
8.965088, -2.2649078, 2.553421
8.8884735, -2.5474243, 2.553421
8.917206, -3.0119019, 2.889801
8.780731, -3.1759033, 3.4799652
8.5520935, -2.9700012, 3.9121246
8.145081, -2.6228485, 4.0785217
7.9439545, -2.3906097, 4.313156
7.8326263, -2.308014, 4.1958313
7.9631195, -2.3271637, 3.652359
8.380905, -2.3307495, 3.4273071
8.986633, -2.3295593, 3.1854858
9.324219, -2.4839783, 2.960434
9.76355, -2.7186127, 2.7437592
10.265137, -2.889801, 2.5522156
10.417175, -2.94487, 2.4444733
10.350128, -3.0023346, 2.482788
10.29985, -3.0190887, 2.2445679
9.788696, -3.0741577, 2.027893
9.008179, -2.992752, 2.1571808
8.510193, -2.8287506, 2.4241333
8.57843, -2.637207, 2.4672241
8.659821, -2.54982, 2.6934814
8.871719, -2.6874847, 3.1615448
9.32901, -2.8215637, 3.463211
9.574417, -2.7341766, 3.4823608
9.400833, -2.7138214, 3.3040009
8.902832, -2.699463, 3.1304169
8.503006, -2.7892456, 2.9723969
8.186966, -2.553421, 2.738968
8.105576, -2.268509, 2.7521362
8.135498, -2.0326843, 2.719818
8.115143, -1.9321136, 2.7904358
8.408432, -1.9297333, 2.6276398
8.632294, -2.0470428, 2.2888641
8.627502, -2.067398, 2.0650024
8.996216, -2.1320343, 1.8938141
9.044098, -2.2756958, 1.8782501
8.963898, -2.1727448, 1.7250214
8.77475, -2.1703491, 1.4042053
8.57843, -2.1356354, 1.0390778
8.43956, -2.0458527, 0.6607971
8.652649, -2.0458527, 0.5351105
8.742432, -2.091339, 0.7398071
8.779541, -2.2002716, 1.2761078
9.026138, -2.276886, 1.8567047
9.380478, -2.1835175, 2.4444733
9.612717, -2.0542297, 3.0418396
9.641449, -2.0362701, 3.5877075
9.674973, -1.9596558, 4.0426025
9.540894, -1.8519135, 4.4208984
9.317032, -1.6519928, 4.7608643
8.979446, -1.5622101, 5.206192
8.702927, -1.6424255, 5.695801
8.728058, -1.8591003, 5.944809
8.921997, -1.9656372, 6.205765
8.762772, -1.9764099, 6.5553284
8.135498, -1.9357147, 7.0808563
7.9236145, -1.2425842, 7.190979
8.057678, -0.36392212, 6.855789
7.976288, -0.37109375, 6.5553284
7.8637543, -0.76734924, 6.4224396
7.7895355, -1.0558472, 5.8945312
7.8541718, -1.4042053, 4.862625
7.697357, -1.6041107, 4.3263245
7.3825226, -1.4018097, 4.447235
7.0497284, -0.9325409, 4.826706
6.772003, -0.57699585, 4.965576
6.669052, -0.38786316, 4.9907074
6.451172, -0.60095215, 4.4065247
5.9950867, -0.81881714, 4.8590393
5.6084137, -0.94091797, 5.3905487
5.312729, -0.98760986, 4.9152985
5.0505676, -1.320404, 2.4456787
4.258087, -1.8674774, 2.5833435
4.4771576, -1.7549438, 4.5645447
6.696579, -1.3551178, 5.4096985
8.662216, -1.2952576, 6.2165375
9.047684, -1.6400299, 6.495468
9.241623, -1.9919739, 6.538559
10.81221, -2.285263, 6.4727173
12.793411, -2.5881348, 6.4499817
13.998901, -2.7150269, 6.38533
13.93306, -2.6946716, 6.1411285
13.053192, -2.498352, 5.39534
11.299438, -2.1260529, 4.5561676
9.76355, -1.687912, 3.7816467
8.91481, -1.4580688, 3.3303375
8.582016, -1.411377, 2.8754425
8.483856, -1.5765839, 2.6707306
8.661026, -1.9752197, 2.5031433
8.842987, -2.3427277, 2.2840729
8.977066, -2.738968, 1.940506
9.021347, -3.142395, 1.5586243
9.050079, -3.4895477, 1.1755524
9.108734, -3.7493134, 1.0570374
9.199722, -3.83432, 1.1647797
9.212891, -3.7924194, 1.1097107
9.0620575, -3.5326385, 1.2222443
8.827423, -3.2513275, 1.7477722
8.71489, -2.8778229, 2.1559753
8.718491, -2.5486298, 2.6934814
8.726868, -2.2792816, 3.3794098
8.6514435, -2.1416168, 4.130005
8.599976, -2.027893, 4.419693
8.5520935, -2.0051422, 4.6112366
8.595184, -2.1128845, 4.531021
8.797501, -2.1727448, 4.194641
8.948334, -2.2038574, 3.712204
9.143463, -2.106903, 3.1723175
9.154236, -2.0207062, 2.616867
8.966278, -1.8483276, 2.4157562
8.831009, -1.6316528, 2.442093
8.751999, -1.5430603, 2.3989868
8.868118, -1.5454559, 2.4013824
9.653427, -2.2505493, 2.087738
10.011353, -2.7102356, 1.9069824
9.253586, -2.4384918, 1.9931793
8.729263, -2.2002716, 1.9285278
8.625107, -1.9835968, 1.7800903
8.51738, -1.7836761, 1.8004456
8.36055, -1.5861511, 2.031479
8.257599, -1.459259, 2.2876587
8.221695, -1.3658905, 2.5558167
8.192963, -1.2282257, 2.8682556
8.140289, -1.1875305, 3.221405
8.049301, -1.2078705, 3.69664
7.9906464, -1.2653351, 4.1168365
7.9391785, -1.4053955, 4.6112366
7.9116364, -1.5634155, 5.173874
8.044525, -1.7154388, 5.7017975
8.213303, -1.8399506, 6.025009
8.275558, -1.9668427, 6.3781586
8.2994995, -2.0338745, 6.79834
8.237244, -2.1487885, 7.139511
8.163025, -2.2385712, 7.325058
8.191757, -2.309204, 7.339432
8.231262, -2.3977966, 7.387314
8.091202, -2.3989868, 7.589615
7.9080505, -2.3139954, 7.8062897
7.9643097, -2.2565308, 7.960724
8.1414795, -2.2876587, 7.914032
8.397659, -2.3104095, 7.447159
8.6909485, -2.2445679, 6.6546783
8.751999, -2.3666687, 4.5406036
8.353363, -2.1787262, 4.260483
8.018188, -1.6184845, 5.743683
8.112747, -1.4257507, 5.21817
7.778763, -1.359909, 4.6435547
7.4136505, -1.3036499, 4.969162
7.764389, -1.1839294, 5.21817
8.0816345, -1.1252747, 5.1918335
8.054092, -1.1300659, 4.9069214
8.0624695, -1.1983032, 4.5908813
8.231262, -1.2976532, 4.455612
8.306686, -1.3694763, 4.5884857
8.190567, -1.4137726, 4.8015747
8.055298, -1.450882, 5.2480927
7.9547424, -1.5179291, 5.7927704
7.991852, -1.6531982, 5.920868
8.074448, -1.869873, 5.7257385
8.227676, -2.0422516, 5.2157745
8.428787, -2.0973206, 4.752487
8.61673, -2.0985107, 4.598068
8.707718, -2.1619568, 4.6674957
8.707718, -2.1715393, 4.7860107
8.614334, -2.1392212, 4.8374786
8.43956, -2.0937347, 4.7860107
8.3545685, -2.0614014, 4.7536926
8.295914, -1.9752197, 4.847061
8.3390045, -1.9225464, 4.9344482
8.368927, -1.8758545, 4.9667664
8.32225, -1.8040314, 4.9799347
8.274368, -1.7094574, 4.957199
8.233658, -1.6651611, 4.9464264
8.18338, -1.6496124, 4.9033203
8.171417, -1.6220703, 4.8638153
8.190567, -1.6041107, 4.84227
8.213303, -1.6065063, 4.9428253
8.226471, -1.6412201, 5.0541534
8.191757, -1.6579895, 5.102051
8.184586, -1.6531982, 5.070923
8.175003, -1.7010803, 5.017044
8.194153, -1.6867218, 4.9978943
8.226471, -1.6651611, 5.0038757
8.269577, -1.6783295, 4.989517
8.309082, -1.6831207, 5.115219
8.288727, -1.6855164, 5.213379
8.245636, -1.7465668, 5.312729
8.271973, -1.7310028, 5.309143
8.295914, -1.7058716, 5.280411
8.250412, -1.7417755, 5.321106
8.227676, -1.7130585, 5.3737793
8.2204895, -1.7154388, 5.483917
8.255203, -1.7381897, 5.49469
8.303085, -1.7609406, 5.4743347
8.269577, -1.7465668, 5.525818
8.254013, -1.7369995, 5.5246277
8.234863, -1.7417755, 5.5246277
8.242035, -1.7369995, 5.5006714
8.24324, -1.7346039, 5.4575806
8.221695, -1.7405853, 5.383362
8.231262, -1.7405853, 5.3630066
8.258804, -1.7202301, 5.31633
8.28035, -1.7381897, 5.202606
8.231262, -1.711853, 5.1810455
8.219299, -1.7106628, 5.1487274
8.225281, -1.6950989, 5.067322
8.239639, -1.7070618, 5.023041
8.225281, -1.7381897, 4.9943085
8.248032, -1.6938934, 5.0733185
8.239639, -1.672348, 5.149933
8.203735, -1.6508026, 5.103241
8.222885, -1.6160889, 5.0816956
8.191757, -1.5753784, 5.0134583
8.192963, -1.577774, 5.0421906
8.218094, -1.5837708, 5.020645
8.221695, -1.5813751, 5.0780945
8.239639, -1.5658112, 5.087677
8.232468, -1.5610199, 5.067322
8.265976, -1.5454559, 5.118805
8.237244, -1.5035553, 5.1175995
8.203735, -1.4796143, 5.062546
8.197754, -1.4676514, 5.0900726
8.192963, -1.4401093, 5.0972595
8.176193, -1.395813, 5.099655
8.204926, -1.3443451, 5.170273
8.242035, -1.3443451, 5.1607056
8.236053, -1.351532, 5.115219
8.24324, -1.3084259, 5.165497
8.226471, -1.3132172, 5.175064
8.254013, -1.2928619, 5.0733185
8.282745, -1.3371582, 5.0529633
8.313858, -1.3587036, 5.0505676
8.312668, -1.3886414, 4.965576
8.32225, -1.4101868, 4.9739532
8.295914, -1.419754, 4.9188843
8.293518, -1.4484863, 4.866211
8.307877, -1.4688416, 4.833893
8.270767, -1.4293365, 4.811142
8.276749, -1.4688416, 4.8446655
8.214508, -1.4472961, 4.873398
8.252808, -1.4101868, 4.8877563
8.30069, -1.3994141, 5.007477
8.26358, -1.4341278, 5.1008453
8.224075, -1.4879913, 5.005081
8.288727, -1.5083466, 4.928467
8.327026, -1.4844055, 4.9344482
8.295914, -1.4664459, 4.960785
8.304291, -1.4832153, 5.031418
8.304291, -1.4329224, 5.00029
8.28035, -1.4425049, 5.027817
8.254013, -1.454483, 5.0589447
8.268372, -1.459259, 5.108032
8.288727, -1.4640503, 5.1295776
8.279144, -1.4855957, 5.130768
8.252808, -1.490387, 5.1535187
8.228867, -1.493988, 5.123596
8.244431, -1.5071564, 5.1774597
8.240845, -1.5418701, 5.245697
8.256409, -1.5646057, 5.293579
8.26239, -1.5598297, 5.3235016
8.30069, -1.6005249, 5.3115387
8.286331, -1.5706024, 5.2995605
8.200134, -1.5550385, 5.324707
8.145081, -1.5322876, 5.3055573
8.20253, -1.5430603, 5.2756195
8.239639, -1.5741882, 5.2552795
8.244431, -1.5921478, 5.240906
8.268372, -1.6041107, 5.23732
8.238449, -1.5945435, 5.2720337
8.224075, -1.617279, 5.285202
8.2599945, -1.6208801, 5.333084
8.208527, -1.6053162, 5.293579
8.207321, -1.6029205, 5.340271
8.226471, -1.5921478, 5.33667
8.227676, -1.6136932, 5.360611
8.210922, -1.6208801, 5.3941345
8.194153, -1.617279, 5.4108887
8.206131, -1.6232758, 5.3941345
8.216904, -1.6160889, 5.443222
8.221695, -1.6268616, 5.487503
8.230072, -1.6160889, 5.470749
8.232468, -1.6364441, 5.39534
8.179794, -1.6101074, 5.439621
8.198944, -1.6160889, 5.4480133
8.238449, -1.6364441, 5.400116
8.198944, -1.6615753, 5.398926
8.209717, -1.6591797, 5.3378754
8.1809845, -1.6675568, 5.2899933
8.198944, -1.6591797, 5.2828064
8.194153, -1.624466, 5.21817
8.173798, -1.6077118, 5.2037964
8.176193, -1.6065063, 5.199005
8.184586, -1.6196747, 5.1415405
8.224075, -1.6101074, 5.1319733
8.18338, -1.6053162, 5.1295776
8.179794, -1.6005249, 5.1092224
8.214508, -1.5837708, 5.1295776
8.236053, -1.5801697, 5.146332
8.206131, -1.5789795, 5.2169647
8.170212, -1.533493, 5.23732
8.190567, -1.5274963, 5.2361145
8.167816, -1.5047607, 5.301956
8.153458, -1.5107422, 5.333084
8.160629, -1.4844055, 5.333084
8.165421, -1.5059509, 5.383362
8.169022, -1.5071564, 5.4180756
8.172607, -1.4927826, 5.479126
8.139084, -1.5059509, 5.458786
8.173798, -1.5287018, 5.462372
8.18338, -1.5239105, 5.4659576
8.166626, -1.5203247, 5.4731445
8.191757, -1.4999695, 5.4132843
8.203735, -1.5059509, 5.333084
8.234863, -1.5059509, 5.331894
8.192963, -1.5083466, 5.2564697
8.219299, -1.4879913, 5.245697
8.207321, -1.4868011, 5.25766
8.2204895, -1.4676514, 5.2002106
8.191757, -1.4868011, 5.151123
8.190567, -1.4676514, 5.1056366
8.176193, -1.470047, 5.1056366
8.154648, -1.4520874, 5.1175995
8.188171, -1.419754, 5.1283875
8.189362, -1.4077911, 5.1164093
8.163025, -1.4018097, 5.1618958
8.12114, -1.3850403, 5.194214
8.234863, -1.2042847, 5.206192
8.403641, -1.3575134, 5.2600555
8.0074005, -1.6651611, 5.1618958
8.034943, -1.6903076, 5.0038757
8.203735, -1.5263062, 5.0745087
8.20134, -1.3970184, 5.214569
8.178589, -1.3802643, 5.273224
8.2204895, -1.4018097, 5.300766
8.2204895, -1.4556732, 5.3737793
8.238449, -1.4736328, 5.4061127
8.237244, -1.5035553, 5.3534393
8.238449, -1.5191193, 5.292389
8.287537, -1.490387, 5.2433014
8.252808, -1.4855957, 5.2672424
8.225281, -1.5155334, 5.278015
8.248032, -1.5346832, 5.225342
8.265976, -1.5394745, 5.23732
8.250412, -1.5358734, 5.209778
8.267181, -1.5358734, 5.1966095
8.244431, -1.5131378, 5.2085876
8.224075, -1.5466614, 5.175064
8.238449, -1.5263062, 5.091263
8.208527, -1.4844055, 5.0984497
8.179794, -1.5095367, 5.086487
8.214508, -1.5394745, 5.1128235
8.24324, -1.5107422, 5.0661316
8.209717, -1.5107422, 5.1056366
8.212112, -1.5203247, 5.091263
8.200134, -1.5167236, 5.135559
8.206131, -1.5287018, 5.182251
8.208527, -1.5167236, 5.221756
8.230072, -1.5358734, 5.2433014
8.239639, -1.514328, 5.240906
8.222885, -1.5263062, 5.230133
8.226471, -1.5274963, 5.2911835
8.20134, -1.4844055, 5.319916
8.218094, -1.4999695, 5.3139343
8.231262, -1.5071564, 5.3139343
8.221695, -1.5023651, 5.3235016
8.210922, -1.5059509, 5.3534393
8.214508, -1.4868011, 5.3773804
8.191757, -1.490387, 5.355835
8.185776, -1.5023651, 5.4013214
8.176193, -1.4951782, 5.3235016
8.171417, -1.5239105, 5.3187256
8.175003, -1.5095367, 5.312729
8.176193, -1.538269, 5.281616
8.190567, -1.538269, 5.2660522
8.1809845, -1.5059509, 5.2756195
8.1809845, -1.5107422, 5.2708282
8.124725, -1.5191193, 5.240906
8.169022, -1.5047607, 5.199005
8.139084, -1.4963837, 5.2109833
8.153458, -1.4999695, 5.213379
8.169022, -1.5179291, 5.221756
8.137894, -1.514328, 5.2265472
8.127121, -1.4724274, 5.206192
8.134308, -1.4628601, 5.23851
8.143875, -1.4712372, 5.2504883
8.148666, -1.4377136, 5.268448
8.155853, -1.4257507, 5.278015
8.130707, -1.4329224, 5.292389
8.10437, -1.4161682, 5.2828064
8.016983, -1.3215942, 5.39653
8.368927, -1.1731567, 5.5365906
8.271973, -1.4101868, 5.656296
7.833832, -1.6962891, 5.4480133
8.119934, -1.6938934, 5.2588654
8.210922, -1.5119324, 5.3510437
8.172607, -1.4161682, 5.4527893
8.194153, -1.3730774, 5.578491
8.134308, -1.4460907, 5.657501
8.094803, -1.5131378, 5.5485687
8.1019745, -1.4820099, 5.5449677
8.131912, -1.4652557, 5.580887
8.118744, -1.4616547, 5.6311646
8.0864105, -1.4820099, 5.6072235
8.112747, -1.4868011, 5.5605316
8.10318, -1.4975739, 5.5880737
8.084015, -1.4927826, 5.6227875
8.134308, -1.5179291, 5.668274
8.084015, -1.5155334, 5.65271
8.084015, -1.5287018, 5.5952454
8.127121, -1.5394745, 5.5749054
8.127121, -1.5155334, 5.5749054
8.127121, -1.5095367, 5.525818
8.12233, -1.4975739, 5.5078583
8.135498, -1.5083466, 5.510254
8.099579, -1.533493, 5.4695587
8.12114, -1.5346832, 5.4420166
8.088806, -1.5430603, 5.4108887
8.124725, -1.5239105, 5.3498383
8.142685, -1.5155334, 5.312729
8.12352, -1.529892, 5.3115387
8.137894, -1.5610199, 5.2839966
8.170212, -1.5682068, 5.2720337
8.153458, -1.5502472, 5.3055573
8.169022, -1.5358734, 5.2899933
8.177399, -1.5406647, 5.352234
8.171417, -1.5634155, 5.3749847
8.177399, -1.5370789, 5.340271
8.169022, -1.5610199, 5.325897
8.160629, -1.569397, 5.324707
8.20134, -1.5801697, 5.2911835
8.209717, -1.608902, 5.280411
8.2204895, -1.5861511, 5.254074
8.18219, -1.5682068, 5.2959747
8.155853, -1.5789795, 5.288788
8.173798, -1.577774, 5.240906
8.155853, -1.5706024, 5.2947845
8.158249, -1.5574341, 5.2875977
8.149857, -1.577774, 5.273224
8.111557, -1.6041107, 5.341461
8.165421, -1.5502472, 5.276825
8.140289, -1.538269, 5.297165
8.136688, -1.5598297, 5.3342743
8.124725, -1.5442657, 5.2983704
8.106766, -1.5370789, 5.343857
8.095993, -1.5490417, 5.304352
8.095993, -1.5610199, 5.292389
8.1414795, -1.5562286, 5.2983704
8.197754, -1.5526428, 5.309143
8.184586, -1.5274963, 5.304352
8.208527, -1.5239105, 5.2672424
8.184586, -1.5179291, 5.2672424
8.175003, -1.5370789, 5.2361145
8.191757, -1.5430603, 5.2504883
8.212112, -1.5191193, 5.240906
8.2204895, -1.5083466, 5.233719
8.204926, -1.5059509, 5.3223114
8.188171, -1.5263062, 5.3151245
8.163025, -1.5035553, 5.31752
8.1414795, -1.498764, 5.3031616
8.128311, -1.4772186, 5.343857
8.129517, -1.4472961, 5.357025
8.119934, -1.450882, 5.3929443
8.098389, -1.4616547, 5.4216766
8.084015, -1.4664459, 5.4085083
8.050507, -1.4568787, 5.4288483
8.087616, -1.4281464, 5.4372253
8.049301, -1.4449005, 5.4216766
8.073242, -1.4042053, 5.4168854
8.099579, -1.406601, 5.443222
8.073242, -1.4185638, 5.459976
8.091202, -1.4341278, 5.4683533
8.098389, -1.454483, 5.4539948
8.12352, -1.4796143, 5.4132843
8.166626, -1.4640503, 5.4108887
8.151062, -1.5131378, 5.439621
8.1414795, -1.5310974, 5.446808
8.118744, -1.5131378, 5.467163
8.159439, -1.5095367, 5.446808
8.159439, -1.493988, 5.459976
8.130707, -1.5227051, 5.4815216
8.163025, -1.5598297, 5.5042725
8.195358, -1.5263062, 5.541382
8.163025, -1.5203247, 5.527008
8.135498, -1.5263062, 5.5126495
8.133102, -1.5023651, 5.486313
8.105576, -1.5358734, 5.470749
8.098389, -1.5263062, 5.4420166
8.135498, -1.4652557, 5.420471
8.213303, -1.3383636, 5.625183
8.070847, -1.5274963, 5.6539
7.960724, -1.663971, 5.364212
8.145081, -1.6472168, 5.1128235
8.1809845, -1.5981293, 5.13916
8.154648, -1.5706024, 5.246887
8.175003, -1.5550385, 5.2983704
8.191757, -1.553833, 5.2983704
8.173798, -1.5586243, 5.2983704
8.163025, -1.5741882, 5.3115387
8.16423, -1.5897522, 5.3426666
8.18338, -1.5849609, 5.312729
8.149857, -1.5753784, 5.321106
8.145081, -1.608902, 5.3701935
8.159439, -1.5825653, 5.3582306
8.1809845, -1.5813751, 5.3737793
8.170212, -1.5622101, 5.3582306
8.158249, -1.5753784, 5.3306885
8.163025, -1.5897522, 5.3450623
8.195358, -1.5897522, 5.3187256
8.155853, -1.5981293, 5.292389
8.143875, -1.6053162, 5.3306885
8.172607, -1.5514374, 5.3079376
8.109161, -1.5490417, 5.341461
8.12114, -1.5550385, 5.328293
8.155853, -1.5346832, 5.3139343
8.100784, -1.5119324, 5.2828064
8.1019745, -1.5263062, 5.3294983
8.113953, -1.5227051, 5.2947845
8.157043, -1.5023651, 5.285202
8.149857, -1.5023651, 5.3151245
8.133102, -1.4820099, 5.391739
8.128311, -1.493988, 5.4025116
8.10437, -1.459259, 5.4025116
8.087616, -1.4437103, 5.372589
8.099579, -1.4293365, 5.4563904
8.109161, -1.4185638, 5.444412
8.105576, -1.4401093, 5.4695587
8.157043, -1.4640503, 5.4958954
8.167816, -1.5035553, 5.518631
8.165421, -1.5119324, 5.5354004
8.134308, -1.5251007, 5.491104
8.111557, -1.5550385, 5.451599
8.124725, -1.5430603, 5.420471
8.1414795, -1.553833, 5.419281
8.152252, -1.529892, 5.431244
8.165421, -1.5263062, 5.4168854
8.163025, -1.5322876, 5.4144897
8.161835, -1.5131378, 5.3941345
8.151062, -1.538269, 5.3821716
8.161835, -1.5358734, 5.355835
8.163025, -1.529892, 5.2947845
8.159439, -1.5191193, 5.2899933
8.128311, -1.5107422, 5.264847
8.115143, -1.493988, 5.2875977
8.146271, -1.4832153, 5.319916
8.130707, -1.498764, 5.3630066
8.116348, -1.4604645, 5.4108887
8.092407, -1.4413147, 5.4108887
8.1414795, -1.4844055, 5.3498383
8.171417, -1.4808197, 5.4216766
8.175003, -1.493988, 5.434845
8.147461, -1.4820099, 5.467163
8.079239, -1.4688416, 5.470749
8.045715, -1.435318, 5.438431
8.045715, -1.4293365, 5.3941345
8.099579, -1.4496918, 5.39653
8.124725, -1.5071564, 5.371399
8.136688, -1.5035553, 5.372589
8.142685, -1.5047607, 5.3354797
8.154648, -1.5083466, 5.245697
8.160629, -1.5095367, 5.2241516
8.136688, -1.5035553, 5.2325287
8.157043, -1.4963837, 5.2361145
8.165421, -1.4963837, 5.2325287
8.160629, -1.5071564, 5.278015
8.160629, -1.5095367, 5.3390656
8.191757, -1.5071564, 5.328293
8.214508, -1.5239105, 5.360611
8.177399, -1.5071564, 5.3893433
8.147461, -1.4975739, 5.4168854
8.140289, -1.5167236, 5.4456177
8.172607, -1.498764, 5.4803314
8.137894, -1.5215149, 5.446808
8.131912, -1.529892, 5.4719543
8.118744, -1.5215149, 5.462372
8.146271, -1.5346832, 5.4372253
8.155853, -1.5358734, 5.4611816
8.131912, -1.5239105, 5.5317993
8.117538, -1.5227051, 5.459976
8.125916, -1.5274963, 5.4288483
8.116348, -1.5310974, 5.4887085
8.139084, -1.5358734, 5.4527893
8.088806, -1.5550385, 5.4025116
8.097183, -1.5526428, 5.41568
8.160629, -1.5706024, 5.4108887
8.176193, -1.5574341, 5.4132843
8.172607, -1.5801697, 5.3941345
8.157043, -1.5849609, 5.376175
8.137894, -1.5634155, 5.321106
8.147461, -1.5322876, 5.3235016
8.153458, -1.5526428, 5.288788
8.159439, -1.5466614, 5.31752
8.165421, -1.5131378, 5.3031616
8.135498, -1.5035553, 5.288788
8.1414795, -1.4772186, 5.33667
8.135498, -1.4628601, 5.383362
8.111557, -1.474823, 5.407303
8.12114, -1.4676514, 5.4539948
8.099579, -1.4532776, 5.4803314
8.0816345, -1.4652557, 5.503067
8.066071, -1.4209595, 5.4372253
8.056488, -1.4437103, 5.4611816
8.078033, -1.4556732, 5.439621
8.116348, -1.470047, 5.41568
8.140289, -1.4724274, 5.4324493
8.154648, -1.5119324, 5.39653
8.176193, -1.5322876, 5.365402
8.200134, -1.5466614, 5.367798
8.169022, -1.5490417, 5.321106
8.177399, -1.5897522, 5.3067474
8.208527, -1.6316528, 5.3055573
8.236053, -1.6424255, 5.286392
8.210922, -1.6436157, 5.301956
8.18219, -1.6112976, 5.312729
8.213303, -1.624466, 5.2085876
8.209717, -1.5981293, 5.1690826
8.234863, -1.5957336, 5.1798553
8.245636, -1.5957336, 5.1762695
8.230072, -1.5646057, 5.1774597
8.179794, -1.5203247, 5.1918335
8.136688, -1.4927826, 5.2193604
8.147461, -1.4616547, 5.206192
8.113953, -1.4245453, 5.2325287
8.116348, -1.435318, 5.1846466
8.143875, -1.4245453, 5.205002
8.1414795, -1.430542, 5.240906
8.095993, -1.4173737, 5.360611
8.052902, -1.4245453, 5.3785706
8.080429, -1.4185638, 5.3785706
8.148666, -1.4484863, 5.3785706
8.166626, -1.5035553, 5.367798
8.1809845, -1.5167236, 5.3690033
8.119934, -1.5191193, 5.4132843
8.099579, -1.5370789, 5.4180756
8.119934, -1.5179291, 5.422867
8.154648, -1.5191193, 5.4324493
8.154648, -1.5550385, 5.431244
8.139084, -1.5155334, 5.384552
8.172607, -1.5071564, 5.380966
8.154648, -1.538269, 5.348648
8.159439, -1.5310974, 5.3630066
8.137894, -1.5083466, 5.333084
8.185776, -1.4915924, 5.352234
8.153458, -1.5203247, 5.341461
8.119934, -1.5287018, 5.352234
8.136688, -1.5574341, 5.388153
8.133102, -1.529892, 5.439621
8.118744, -1.5095367, 5.47554
8.100784, -1.529892, 5.4970856
8.129517, -1.5466614, 5.458786
8.163025, -1.5179291, 5.5198364
8.119934, -1.5310974, 5.482727
8.12233, -1.538269, 5.4887085
8.092407, -1.5071564, 5.4480133
8.110352, -1.5215149, 5.4695587
8.110352, -1.5119324, 5.4575806
8.128311, -1.5083466, 5.436035
8.12352, -1.5071564, 5.438431
8.091202, -1.5107422, 5.407303
8.092407, -1.5287018, 5.403717
8.113953, -1.5059509, 5.4252625
8.105576, -1.5035553, 5.4096985
8.099579, -1.5071564, 5.388153
8.093597, -1.5011597, 5.4420166
8.119934, -1.498764, 5.398926
8.095993, -1.490387, 5.3462524
8.091202, -1.5083466, 5.364212
8.10437, -1.5095367, 5.3630066
8.111557, -1.5442657, 5.4108887
8.158249, -1.5418701, 5.3893433
8.178589, -1.5239105, 5.4096985
8.145081, -1.5239105, 5.4085083
8.143875, -1.5466614, 5.4013214
8.173798, -1.569397, 5.3498383
8.147461, -1.5909424, 5.3630066
8.167816, -1.5957336, 5.348648
8.177399, -1.5957336, 5.3462524
8.1809845, -1.5753784, 5.4216766
8.137894, -1.5442657, 5.455185
8.078033, -1.5466614, 5.4815216
8.033737, -1.5263062, 5.39534
8.055298, -1.5083466, 5.3630066
8.118744, -1.5119324, 5.331894
8.112747, -1.5191193, 5.4144897
8.149857, -1.5526428, 5.3474426
8.208527, -1.5670013, 5.324707
8.18219, -1.5993195, 5.3187256
8.190567, -1.6508026, 5.376175
8.233658, -1.6579895, 5.33667
8.188171, -1.6472168, 5.331894
8.198944, -1.6340485, 5.367798
8.1809845, -1.6783295, 5.3618164
8.20134, -1.6771393, 5.383362
8.224075, -1.6603851, 5.3977203
8.178589, -1.6268616, 5.4611816
8.143875, -1.5897522, 5.443222
8.139084, -1.5562286, 5.4264526
8.139084, -1.5227051, 5.3546295
8.145081, -1.514328, 5.319916
8.147461, -1.4664459, 5.357025
8.055298, -1.4556732, 5.427658
8.0229645, -1.4425049, 5.3462524
8.030151, -1.4006042, 5.359421
8.0421295, -1.4077911, 5.3426666
8.084015, -1.4460907, 5.31752
8.105576, -1.4401093, 5.3306885
8.075638, -1.4496918, 5.4132843
8.013397, -1.430542, 5.439621
8.061279, -1.4293365, 5.4216766
8.093597, -1.4556732, 5.4180756
8.12114, -1.4951782, 5.451599
8.1414795, -1.5215149, 5.518631
8.10437, -1.5023651, 5.5449677
8.08522, -1.5011597, 5.5749054
8.161835, -1.5083466, 5.5210266
8.148666, -1.4963837, 5.477936
8.124725, -1.4844055, 5.4492035
8.152252, -1.4844055, 5.4851227
8.147461, -1.5155334, 5.47554
8.160629, -1.4963837, 5.4611816
8.139084, -1.5059509, 5.4503937
8.148666, -1.5227051, 5.4108887
8.134308, -1.529892, 5.4061127
8.151062, -1.5490417, 5.4324493
8.124725, -1.5131378, 5.4085083
8.112747, -1.533493, 5.4168854
8.128311, -1.553833, 5.412094
8.084015, -1.5717926, 5.4168854
8.111557, -1.553833, 5.3773804
8.147461, -1.5562286, 5.400116
8.115143, -1.5861511, 5.4108887
8.158249, -1.577774, 5.328293
8.160629, -1.608902, 5.383362
8.188171, -1.5861511, 5.3701935
8.149857, -1.5634155, 5.3306885
8.149857, -1.5670013, 5.3271027
8.140289, -1.572998, 5.293579
8.139084, -1.5598297, 5.31633
8.130707, -1.5346832, 5.3055573
8.140289, -1.5227051, 5.25766
8.155853, -1.5191193, 5.252884
8.160629, -1.490387, 5.3079376
8.173798, -1.5191193, 5.280411
8.158249, -1.529892, 5.278015
8.136688, -1.4963837, 5.2839966
8.163025, -1.4868011, 5.2947845
8.16423, -1.4963837, 5.3390656
8.143875, -1.4844055, 5.2828064
8.158249, -1.4999695, 5.3031616
8.154648, -1.5167236, 5.3534393
8.127121, -1.4484863, 5.388153
8.117538, -1.4688416, 5.3139343
8.074448, -1.4688416, 5.3067474
8.087616, -1.4604645, 5.2792206
8.124725, -1.4688416, 5.2397156
8.190567, -1.474823, 5.293579
8.197754, -1.5023651, 5.3139343
8.215698, -1.5526428, 5.3271027
8.227676, -1.5993195, 5.309143
8.227676, -1.6448212, 5.2708282
8.218094, -1.6376343, 5.2397156
8.191757, -1.648407, 5.2349243
8.18338, -1.6232758, 5.230133
8.225281, -1.5909424, 5.2444916
8.236053, -1.6220703, 5.280411
8.240845, -1.6041107, 5.269638
8.209717, -1.5909424, 5.3666077
8.208527, -1.5562286, 5.367798
8.139084, -1.5239105, 5.3582306
8.157043, -1.4879913, 5.3498383
8.139084, -1.4329224, 5.3342743
8.165421, -1.4257507, 5.269638
8.178589, -1.4365234, 5.3271027
8.111557, -1.4221497, 5.412094
8.084015, -1.3491364, 5.438431
8.087616, -1.351532, 5.4013214
8.0816345, -1.3623047, 5.352234
8.112747, -1.4006042, 5.3546295
8.10437, -1.4269409, 5.4132843
8.125916, -1.430542, 5.4611816
8.097183, -1.4221497, 5.4252625
8.0816345, -1.4281464, 5.33667
8.109161, -1.4556732, 5.340271
8.097183, -1.4640503, 5.4456177
8.0816345, -1.4664459, 5.4970856
8.106766, -1.4796143, 5.510254
8.091202, -1.4652557, 5.5354004
8.092407, -1.4676514, 5.479126
8.100784, -1.470047, 5.462372
8.118744, -1.490387, 5.4970856
8.136688, -1.4820099, 5.4480133
8.146271, -1.454483, 5.446808
8.192963, -1.4951782, 5.459976
8.165421, -1.5119324, 5.4108887
8.171417, -1.5107422, 5.3869476
8.159439, -1.5107422, 5.3498383
8.160629, -1.5406647, 5.3690033
8.18219, -1.5322876, 5.4085083
8.158249, -1.5442657, 5.4132843
8.16423, -1.5310974, 5.424057
8.170212, -1.5442657, 5.4288483
8.177399, -1.5514374, 5.4527893
8.179794, -1.569397, 5.420471
8.196548, -1.553833, 5.388153
8.148666, -1.5610199, 5.403717
8.124725, -1.553833, 5.357025
8.161835, -1.5167236, 5.3354797
8.140289, -1.5095367, 5.3546295
8.129517, -1.5059509, 5.3582306
8.115143, -1.5310974, 5.31752
8.143875, -1.4999695, 5.3546295
8.149857, -1.5035553, 5.340271
8.130707, -1.4951782, 5.3354797
8.12114, -1.5011597, 5.3690033
8.115143, -1.493988, 5.3773804
8.161835, -1.4975739, 5.39653
8.146271, -1.4999695, 5.328293
8.147461, -1.5035553, 5.319916
8.155853, -1.493988, 5.3139343
8.198944, -1.4520874, 5.328293
8.127121, -1.4664459, 5.3067474
8.133102, -1.5011597, 5.2504883
8.1414795, -1.4796143, 5.2708282
8.186966, -1.4951782, 5.2708282
8.219299, -1.498764, 5.325897
8.16423, -1.470047, 5.371399
8.163025, -1.4855957, 5.3235016
8.140289, -1.4724274, 5.273224
8.117538, -1.4401093, 5.2636566
8.131912, -1.4437103, 5.273224
8.157043, -1.4676514, 5.304352
8.155853, -1.4437103, 5.2720337
8.178589, -1.4688416, 5.3103333
8.240845, -1.5765839, 5.245697
8.228867, -1.5610199, 5.2121735
8.203735, -1.5490417, 5.21817
8.221695, -1.5969391, 5.21817
8.213303, -1.5670013, 5.23732
8.210922, -1.553833, 5.233719
8.20253, -1.5813751, 5.228943
8.231262, -1.5969391, 5.2899933
8.232468, -1.5598297, 5.3498383
8.1809845, -1.5239105, 5.403717
8.1414795, -1.4915924, 5.41568

