x : y : Z 
9.431961, -0.5901642, 1.5646057
9.44632, -0.63087463, 1.6196747
9.464279, -0.6188965, 1.6555939
9.448715, -0.56144714, 1.6531982
9.411606, -0.5315094, 1.6531982
9.419983, -0.52433777, 1.6759338
9.397247, -0.48362732, 1.6699524
9.414001, -0.51594543, 1.6783295
9.447525, -0.51594543, 1.6627655
9.466675, -0.4692688, 1.6424255
9.459488, -0.48841858, 1.6208801
9.431961, -0.4920044, 1.6579895
9.4379425, -0.43574524, 1.7214355
9.418793, -0.39863586, 1.6927032
9.388855, -0.35075378, 1.7202301
9.376892, -0.30526733, 1.7154388
9.397247, -0.26097107, 1.7238312
9.40802, -0.2238617, 1.8052216
9.39006, -0.24182129, 1.7441711
9.40802, -0.21786499, 1.7776947
9.453506, -0.21786499, 1.7657166
9.404419, -0.22984314, 1.7333984
9.429565, -0.23223877, 1.6914978
9.42598, -0.24780273, 1.6508026
9.40802, -0.26576233, 1.5765839
9.453506, -0.28849792, 1.4604645
9.476257, -0.34117126, 1.4413147
9.452301, -0.38426208, 1.3000488
9.470261, -0.3615265, 1.1420288
9.509766, -0.39982605, 1.0414734
9.448715, -0.44172668, 0.94091797
9.435547, -0.38786316, 0.8200073
9.482239, -0.3866577, 0.7841034
9.452301, -0.35794067, 0.69311523
9.423584, -0.31243896, 0.6655884
9.475052, -0.26097107, 0.6500244
9.458298, -0.21548462, 0.6248932
9.411606, -0.21907043, 0.64404297
9.417587, -0.19392395, 0.6763611
9.376892, -0.16758728, 0.70388794
9.349365, -0.18914795, 0.7553711
9.344574, -0.19033813, 0.7841034
9.352951, -0.21548462, 0.826004
9.379288, -0.2346344, 0.90740967
9.370911, -0.28251648, 1.0067596
9.362518, -0.22984314, 1.0929565
9.360138, -0.22026062, 1.2162476
9.362518, -0.19154358, 1.3946228
9.369705, -0.20948792, 1.5191193
9.34816, -0.24061584, 1.6472168
9.355347, -0.22625732, 1.782486
9.355347, -0.2238617, 1.9261322
9.343369, -0.22984314, 2.0470428
9.3302, -0.23582458, 2.1775208
9.325409, -0.252594, 2.2816772
9.301468, -0.23223877, 2.410965
9.296692, -0.18675232, 2.5270844
9.308655, -0.19033813, 2.6252441
9.273941, -0.21427917, 2.7485504
9.293091, -0.22625732, 2.7904358
9.291901, -0.22744751, 2.8718414
9.301468, -0.252594, 2.9221191
9.282318, -0.2741394, 2.9628296
9.289505, -0.2956848, 2.968811
9.296692, -0.26097107, 3.0047302
9.297882, -0.26097107, 3.031067
9.295486, -0.24780273, 3.0502167
9.271545, -0.21188354, 3.0621796
9.244019, -0.22865295, 3.031067
9.255981, -0.24420166, 3.0585938
9.281128, -0.27174377, 3.071762
9.306259, -0.29808044, 3.0190887
9.317032, -0.31723022, 2.977188
9.345764, -0.31723022, 2.9257202
9.339783, -0.3423767, 2.8670502
9.326614, -0.38426208, 2.8048096
9.31105, -0.37828064, 2.7677002
9.320633, -0.36392212, 2.6096802
9.326614, -0.3615265, 2.5187073
9.337387, -0.29447937, 2.4384918
9.337387, -0.25138855, 2.3020325
9.337387, -0.27772522, 2.1691437
9.349365, -0.27174377, 2.015915
9.374496, -0.27653503, 1.8435364
9.361328, -0.31004333, 1.6843262
9.356537, -0.331604, 1.5131378
9.402023, -0.31723022, 1.3383636
9.364914, -0.31124878, 1.1863251
9.385269, -0.3136444, 1.0582428
9.370911, -0.3136444, 0.94810486
9.361328, -0.28370667, 0.8966217
9.368515, -0.2956848, 0.90501404
9.370911, -0.28012085, 1.0211334
9.327805, -0.26097107, 1.138443
9.368515, -0.31243896, 1.2701263
9.3589325, -0.2956848, 1.4077911
9.340973, -0.29927063, 1.6220703
9.32901, -0.3256073, 1.7956543
9.31105, -0.34117126, 1.8986053
9.25, -0.33638, 2.0374603
9.239227, -0.3543396, 2.1392212
9.297882, -0.42018127, 2.2122498
9.278732, -0.42018127, 2.2984314
9.282318, -0.42138672, 2.3690643
9.307465, -0.40582275, 2.4241333
9.299072, -0.41778564, 2.4875793
9.26915, -0.38905334, 2.4851837
9.246414, -0.3651123, 2.577362
9.2643585, -0.37348938, 2.6336212
9.226059, -0.3543396, 2.6360168
9.216476, -0.32081604, 2.695877
9.20929, -0.33638, 2.762909
9.192535, -0.32202148, 2.802414
9.203308, -0.31962585, 2.8359375
9.210495, -0.30166626, 2.9424744
9.186554, -0.28012085, 3.0466156
9.147049, -0.27772522, 3.0825348
9.125504, -0.31604004, 3.1555634
9.1458435, -0.3327942, 3.2585144
9.115921, -0.35194397, 3.3506927
9.108734, -0.38546753, 3.4057465
9.127899, -0.3902588, 3.4656067
9.155426, -0.39505005, 3.5075073
9.127899, -0.37828064, 3.5948944
9.088394, -0.37348938, 3.6104584
9.103958, -0.3615265, 3.6020813
9.143463, -0.33518982, 3.636795
9.077621, -0.32081604, 3.6990356
9.089584, -0.31004333, 3.6942596
9.052475, -0.3040619, 3.7062225
9.042892, -0.3148346, 3.7110138
9.038116, -0.28849792, 3.6583405
9.021347, -0.27053833, 3.652359
8.99382, -0.2059021, 3.6691132
9.01178, -0.19752502, 3.6463623
9.034515, -0.17118835, 3.6715088
9.03093, -0.18196106, 3.6894684
9.009384, -0.19631958, 3.839096
9.065643, -0.20469666, 3.9312744
9.060852, -0.21308899, 4.016266
9.002197, -0.25378418, 4.076126
8.971069, -0.2633667, 4.131195
8.971069, -0.3076477, 4.0976715
8.999802, -0.30526733, 4.0414124
9.033325, -0.30166626, 3.995926
9.005783, -0.3136444, 3.8486786
8.986633, -0.32321167, 3.7385406
8.97467, -0.296875, 3.59729
9.015366, -0.26455688, 3.5565796
9.027344, -0.22505188, 3.4608154
9.045288, -0.26576233, 3.3782196
9.0225525, -0.2633667, 3.3590698
9.03093, -0.2669525, 3.3662415
9.036911, -0.23582458, 3.3794098
9.035721, -0.21427917, 3.406952
9.077621, -0.2813263, 3.4979248
9.0620575, -0.292099, 3.566162
9.056061, -0.27653503, 3.6272125
9.068039, -0.30645752, 3.652359
9.042892, -0.30526733, 3.6798859
9.066849, -0.32202148, 3.691864
9.088394, -0.31723022, 3.6822815
9.084793, -0.33638, 3.628418
9.09079, -0.3543396, 3.487152
9.099167, -0.3435669, 3.368637
9.099167, -0.33518982, 3.2704773
9.124298, -0.35913086, 3.1926727
9.126694, -0.35913086, 3.015503
9.144653, -0.36750793, 2.9221191
9.133881, -0.35554504, 2.936493
9.154236, -0.3256073, 2.9017792
9.106354, -0.28849792, 2.956833
9.077621, -0.29328918, 3.0059204
9.120712, -0.31843567, 3.0741577
9.103958, -0.33518982, 3.0825348
9.107544, -0.32920837, 3.1651306
9.15303, -0.33398438, 3.229782
9.143463, -0.31843567, 3.2118225
9.143463, -0.32920837, 3.2046356
9.127899, -0.33039856, 3.2237854
9.121902, -0.31843567, 3.2249908
9.114731, -0.33877563, 3.210617
9.136276, -0.33877563, 3.154358
9.124298, -0.34835815, 3.12323
9.131485, -0.33638, 3.0813446
9.139862, -0.30885315, 3.0561981
9.147049, -0.3256073, 3.0885162
9.102753, -0.30047607, 3.04422
9.103958, -0.3028717, 3.0980988
9.133881, -0.27174377, 3.190277
9.136276, -0.24899292, 3.284851
9.135071, -0.22625732, 3.3351288
9.132675, -0.23342896, 3.408142
9.144653, -0.24659729, 3.533844
9.138672, -0.2741394, 3.5362396
9.148239, -0.3136444, 3.5218658
9.181763, -0.3543396, 3.5051117
9.1853485, -0.37709045, 3.4572296
9.202118, -0.36032104, 3.3806152
9.179367, -0.3244171, 3.2776642
9.1805725, -0.3256073, 3.1759033
9.193741, -0.32321167, 3.0705566
9.205704, -0.28370667, 2.977188
9.20929, -0.2753296, 2.8634644
9.23204, -0.27653503, 2.740158
9.2404175, -0.31604004, 2.6180573
9.2799225, -0.3244171, 2.4480743
9.244019, -0.36750793, 2.395401
9.247604, -0.3830719, 2.2469635
9.2200775, -0.40940857, 2.1452026
9.312241, -0.40940857, 2.0254974
9.342178, -0.43933105, 1.9285278
9.31105, -0.4728546, 1.8531189
9.303864, -0.4620819, 1.8100128
9.3302, -0.39743042, 1.7657166
9.276337, -0.37828064, 1.7621307
9.26915, -0.38905334, 1.7501678
9.277527, -0.36750793, 1.7717133
9.263168, -0.32681274, 1.8483276
9.254791, -0.3423767, 1.8591003
9.257187, -0.331604, 1.905777
9.277527, -0.3651123, 1.9464874
9.273941, -0.3722992, 1.984787
9.228455, -0.4046173, 1.9835968
9.233246, -0.41059875, 2.0075378
9.228455, -0.41419983, 2.0458527
9.227249, -0.3830719, 2.0937347
9.17099, -0.31243896, 2.185913
9.113525, -0.20829773, 2.2792816
9.05368, -0.12808228, 2.4157562
8.987839, -0.08859253, 2.505539
8.937561, -0.063446045, 2.656372
8.929169, -0.053863525, 2.8491058
8.972275, -0.09815979, 2.9460602
9.010574, -0.15203857, 3.1340027
9.045288, -0.23342896, 3.2836456
9.075226, -0.25976562, 3.4368744
9.063248, -0.2669525, 3.6499634
9.041702, -0.23942566, 3.8175507
8.981842, -0.2166748, 4.021057
8.847778, -0.15203857, 4.2389374
8.750809, -0.10534668, 4.400543
8.6909485, -0.089782715, 4.558563
8.663422, -0.09336853, 4.768051
8.629898, -0.12449646, 4.9404297
8.668213, -0.17237854, 5.0972595
8.744827, -0.25138855, 5.2325287
8.791504, -0.29328918, 5.355835
8.7939, -0.31004333, 5.458786
8.791504, -0.29089355, 5.5317993
8.753204, -0.2861023, 5.629959
8.711304, -0.2346344, 5.637146
8.689758, -0.22625732, 5.5246277
8.6909485, -0.17956543, 5.438431
8.707718, -0.1592102, 5.254074
8.77475, -0.18554688, 5.0984497
8.777145, -0.19992065, 4.886566
8.820236, -0.22625732, 4.692642
8.822632, -0.19871521, 4.5406036
8.838196, -0.2166748, 4.3347015
8.859741, -0.23342896, 4.1491547
8.851364, -0.27174377, 4.0378265
8.8489685, -0.2813263, 3.9109344
8.874115, -0.25498962, 3.7577057
8.91481, -0.26455688, 3.6511536
8.929169, -0.28370667, 3.5625763
8.929169, -0.2813263, 3.502716
8.963898, -0.292099, 3.3925781
8.955505, -0.28251648, 3.308792
8.962692, -0.28251648, 3.3075867
9.003403, -0.27293396, 3.2824554
9.016571, -0.28970337, 3.2513275
9.05368, -0.31004333, 3.2764587
9.070435, -0.3136444, 3.2836456
9.058456, -0.32202148, 3.257309
9.07402, -0.3244171, 3.2285767
9.096771, -0.34117126, 3.2273865
9.114731, -0.35913086, 3.2118225
9.094376, -0.36990356, 3.1567535
9.10994, -0.39505005, 3.1256256
9.125504, -0.3830719, 3.1100616
9.124298, -0.4046173, 3.0047302
9.11113, -0.39982605, 2.9161377
9.131485, -0.35554504, 2.8562775
9.103958, -0.36271667, 2.8227692
9.0620575, -0.3531494, 2.8096008
9.056061, -0.32920837, 2.7808685
9.1015625, -0.32081604, 2.7485504
9.085999, -0.3256073, 2.7724915
9.085999, -0.3244171, 2.8072052
9.048889, -0.31723022, 2.896988
9.054871, -0.32920837, 2.9113464
9.087189, -0.3148346, 2.9484558
9.057266, -0.2956848, 3.0286713
9.036911, -0.30047607, 3.1100616
9.048889, -0.27174377, 3.1986542
8.973465, -0.31124878, 3.2776642
8.97467, -0.292099, 3.329132
8.986633, -0.28730774, 3.4488525
8.957901, -0.27772522, 3.4823608
8.971069, -0.2633667, 3.6068573
8.979446, -0.25976562, 3.700241
8.936356, -0.26455688, 3.7481232
8.917206, -0.25138855, 3.7960052
8.893265, -0.24659729, 3.8606567
8.896851, -0.23822021, 3.937271
8.905228, -0.22146606, 3.949234
8.890869, -0.2166748, 4.0222626
8.880096, -0.21548462, 4.131195
8.847778, -0.20948792, 4.1527405
8.851364, -0.23103333, 4.229355
8.823837, -0.23942566, 4.3143463
8.838196, -0.22865295, 4.3813934
8.823837, -0.19631958, 4.416107
8.802277, -0.22505188, 4.423294
8.822632, -0.22146606, 4.471176
8.7939, -0.26216125, 4.5429993
8.840591, -0.22984314, 4.521454
8.826218, -0.24420166, 4.5094757
8.857346, -0.2454071, 4.467575
8.851364, -0.22026062, 4.490326
8.821442, -0.24899292, 4.4208984
8.838196, -0.2059021, 4.3275146
8.819046, -0.22984314, 4.282028
8.827423, -0.23822021, 4.237732
8.83461, -0.23822021, 4.1730957
8.842987, -0.24182129, 4.100067
8.860947, -0.2454071, 4.079727
8.889664, -0.25019836, 3.997116
8.859741, -0.22984314, 3.956421
8.83461, -0.25737, 3.8905792
8.874115, -0.25378418, 3.8474884
8.863342, -0.25019836, 3.8726196
8.858551, -0.252594, 3.8558655
8.886078, -0.2633667, 3.837906
8.87291, -0.26216125, 3.8474884
8.874115, -0.26815796, 3.9001617
8.851364, -0.25737, 3.9073334
8.844177, -0.24659729, 3.9504395
8.864532, -0.27174377, 3.9384613
8.87291, -0.2849121, 3.9612122
8.857346, -0.28970337, 3.9899445
8.866928, -0.25138855, 4.0222626
8.881287, -0.2633667, 3.973175
8.893265, -0.2813263, 3.9683838
8.875305, -0.27653503, 3.9659882
8.893265, -0.23703003, 3.973175
8.870514, -0.25857544, 3.9516296
8.850174, -0.24780273, 3.9264984
8.904037, -0.25498962, 3.9193115
8.896851, -0.2741394, 3.9276886
8.884888, -0.25498962, 3.942047
8.870514, -0.2561798, 3.9217072
8.882492, -0.24061584, 3.937271
8.865723, -0.23342896, 3.9312744
8.847778, -0.21907043, 3.9432526
8.868118, -0.25976562, 3.9504395
8.866928, -0.24780273, 3.973175
8.860947, -0.25138855, 3.9947205
8.868118, -0.26455688, 3.9947205
8.882492, -0.26576233, 4.0019073
8.85376, -0.2741394, 4.0186615
8.870514, -0.24899292, 4.0102844
8.860947, -0.252594, 3.9707794
8.880096, -0.2741394, 3.9707794
8.864532, -0.23103333, 3.9396515
8.857346, -0.22265625, 3.9779663
8.856155, -0.2753296, 3.9588165
8.881287, -0.26934814, 3.9348755
8.862137, -0.27893066, 3.9624023
8.85376, -0.28370667, 3.9612122
8.892059, -0.29089355, 3.8798065
8.878891, -0.25019836, 3.901352
8.896851, -0.23703003, 3.918106
8.865723, -0.26216125, 3.9121246
8.863342, -0.24182129, 3.916916
8.874115, -0.26455688, 3.8893738
8.884888, -0.28012085, 3.8606567
8.881287, -0.252594, 3.8762054
8.881287, -0.25019836, 3.8726196
8.882492, -0.26934814, 3.91333
8.8884735, -0.2669525, 3.901352
8.882492, -0.22505188, 3.8917694
8.878891, -0.25737, 3.9049377
8.877701, -0.2561798, 3.8929749
8.8489685, -0.25857544, 3.925293
8.870514, -0.2633667, 3.9085388
8.862137, -0.2633667, 3.9193115
8.874115, -0.2813263, 3.8845978
8.892059, -0.25737, 3.8917694
8.878891, -0.27653503, 3.8917694
8.896851, -0.25976562, 3.9228973
8.884888, -0.27053833, 3.9276886
8.844177, -0.2561798, 3.9145203
8.850174, -0.25737, 3.9288788
8.831009, -0.2633667, 3.916916
8.844177, -0.25857544, 3.9552155
8.844177, -0.25498962, 4.0102844
8.851364, -0.26097107, 4.004303
8.87291, -0.24182129, 3.9540253
8.892059, -0.2633667, 3.9923248
8.883682, -0.27293396, 4.0426025
8.877701, -0.24659729, 4.0390167
8.841782, -0.24659729, 4.029434
8.864532, -0.24780273, 4.0150757
8.823837, -0.25857544, 4.0390167
8.850174, -0.25019836, 4.059372
8.866928, -0.23223877, 4.0462036
8.860947, -0.22625732, 4.0066986
8.851364, -0.24301147, 4.0485992
8.831009, -0.24780273, 4.0258484
8.842987, -0.24061584, 4.068939
8.832214, -0.27772522, 4.0485992
8.840591, -0.23582458, 4.0330353
8.871719, -0.26815796, 4.055771
8.850174, -0.24301147, 4.044998
8.839386, -0.23942566, 4.0306396
8.804672, -0.25378418, 4.0234528
8.833405, -0.22265625, 4.0306396
8.862137, -0.21548462, 4.0222626
8.860947, -0.23582458, 4.0222626
8.869324, -0.26455688, 4.028244
8.842987, -0.23942566, 4.0581665
8.810669, -0.252594, 4.0138855
8.864532, -0.25737, 4.036621
8.863342, -0.20469666, 4.062958
8.81665, -0.24301147, 4.043808
8.865723, -0.28251648, 4.0306396
8.823837, -0.27293396, 4.0485992
8.838196, -0.2669525, 4.0737305
8.844177, -0.28849792, 4.0773315
8.844177, -0.25498962, 4.0737305
8.828613, -0.24420166, 4.067749
8.825027, -0.252594, 4.084503
8.858551, -0.2454071, 4.0905
8.859741, -0.22744751, 4.098877
8.828613, -0.24420166, 4.066559
8.870514, -0.24061584, 4.079727
8.851364, -0.24420166, 4.1048584
8.823837, -0.24182129, 4.0653534
8.823837, -0.26576233, 4.0342255
8.823837, -0.24182129, 4.019867
8.819046, -0.22744751, 4.043808
8.828613, -0.25857544, 4.0378265
8.852554, -0.24182129, 4.035431
8.820236, -0.22865295, 4.027054
8.847778, -0.24420166, 4.068939
8.840591, -0.22984314, 4.0390167
8.862137, -0.26216125, 3.9995117
8.837006, -0.2753296, 4.0234528
8.860947, -0.24420166, 4.0533905
8.847778, -0.23342896, 3.973175
8.81665, -0.23103333, 4.01268
8.832214, -0.24780273, 4.01149
8.847778, -0.24899292, 4.01149
8.837006, -0.25378418, 4.0258484
8.838196, -0.25378418, 4.019867
8.847778, -0.23822021, 3.9947205
8.870514, -0.26455688, 4.0186615
8.864532, -0.27653503, 4.016266
8.842987, -0.26216125, 3.9707794
8.857346, -0.25138855, 3.995926
8.880096, -0.2633667, 3.9456482
8.863342, -0.25737, 3.8654327
8.832214, -0.25498962, 3.9109344
8.841782, -0.27772522, 3.9516296
8.832214, -0.2561798, 3.9683838
8.846573, -0.22744751, 3.9815521
8.837006, -0.25737, 4.004303
8.841782, -0.24301147, 4.027054
8.868118, -0.2741394, 4.044998
8.85376, -0.25378418, 4.066559
8.870514, -0.26934814, 4.095276
8.862137, -0.25378418, 4.028244
8.866928, -0.2669525, 4.0426025
8.866928, -0.26934814, 4.0378265
8.850174, -0.24659729, 4.047394
8.850174, -0.24301147, 4.0150757
8.829819, -0.22265625, 3.9671936
8.832214, -0.26815796, 3.9815521
8.8094635, -0.28730774, 3.9923248
8.874115, -0.26934814, 3.9468384
8.850174, -0.25737, 3.9791565
8.871719, -0.25019836, 3.957611
8.833405, -0.2454071, 4.000717
8.860947, -0.24420166, 3.940857
8.807068, -0.2454071, 3.9839478
8.814255, -0.24061584, 3.9995117
8.838196, -0.27293396, 3.9983215
8.827423, -0.28730774, 3.980362
8.789108, -0.25857544, 4.0066986
8.821442, -0.24061584, 4.062958
8.8358, -0.20231628, 4.0485992
8.803482, -0.22865295, 4.09169
8.772354, -0.24061584, 4.0976715
8.823837, -0.25737, 4.139572
8.828613, -0.26455688, 4.1575317
8.819046, -0.26934814, 4.1683044
8.844177, -0.2669525, 4.179077
8.786713, -0.25138855, 4.205414
8.797501, -0.26455688, 4.1802826
8.803482, -0.28012085, 4.186264
8.8094635, -0.26815796, 4.174286
8.787918, -0.252594, 4.1766815
8.789108, -0.27653503, 4.158722
8.839386, -0.2669525, 4.147949
8.837006, -0.25138855, 4.1455536
8.8094635, -0.2561798, 4.1575317
8.768768, -0.252594, 4.1611176
8.813049, -0.24182129, 4.1671143
8.75679, -0.22744751, 4.1910553
8.783127, -0.23703003, 4.201828
8.77594, -0.25976562, 4.253296
8.7699585, -0.22265625, 4.2640686
8.797501, -0.26815796, 4.2676697
8.805878, -0.26576233, 4.2916107
8.789108, -0.25498962, 4.2904053
8.768768, -0.24420166, 4.3430786
8.787918, -0.26576233, 4.3622284
8.740036, -0.26216125, 4.383789
8.779541, -0.23223877, 4.3730164
8.77475, -0.25857544, 4.3694153
8.751999, -0.22625732, 4.3849792
8.762772, -0.25737, 4.337097
8.738831, -0.24659729, 4.3418884
8.792709, -0.24420166, 4.305969
8.7556, -0.25498962, 4.3263245
8.768768, -0.24659729, 4.292801
8.772354, -0.22146606, 4.304779
8.75679, -0.24899292, 4.285614
8.777145, -0.2561798, 4.2712555
8.786713, -0.23703003, 4.2066193
8.817841, -0.25498962, 4.237732
8.813049, -0.25857544, 4.2126007
8.802277, -0.23582458, 4.1730957
8.81665, -0.22984314, 4.1838684
8.83461, -0.24061584, 4.1910553
8.827423, -0.23342896, 4.218582
8.826218, -0.24420166, 4.1910553
8.810669, -0.2561798, 4.2066193
8.823837, -0.2813263, 4.186264
8.85376, -0.25857544, 4.146759
8.838196, -0.252594, 4.1048584
8.821442, -0.26576233, 4.0892944
8.847778, -0.2861023, 4.066559
8.864532, -0.26455688, 4.0414124
8.851364, -0.26455688, 3.9911346
8.852554, -0.26097107, 3.9863434
8.858551, -0.27174377, 3.9683838
8.865723, -0.24420166, 3.9217072
8.876495, -0.27174377, 3.8750153
8.892059, -0.29927063, 3.815155
8.907623, -0.31962585, 3.8403015
8.900452, -0.27893066, 3.8211517
8.904037, -0.27653503, 3.8031921
8.923187, -0.27174377, 3.7972107
8.905228, -0.26934814, 3.8007965
8.887283, -0.25378418, 3.7876282
8.860947, -0.25857544, 3.8091736
8.874115, -0.26097107, 3.8403015
8.929169, -0.27772522, 3.858261
8.948334, -0.2741394, 3.9061432
8.929169, -0.28970337, 3.9228973
8.898056, -0.25857544, 3.937271
8.907623, -0.26576233, 3.9456482
8.902832, -0.27053833, 3.9396515
8.912415, -0.26576233, 3.9755707
8.921997, -0.2753296, 3.9528198
8.95192, -0.31723022, 3.9324799
8.962692, -0.31843567, 3.885788
8.942337, -0.31004333, 3.901352
8.9435425, -0.32081604, 3.8474884
8.961502, -0.31004333, 3.7888184
8.973465, -0.30645752, 3.782837
8.984238, -0.31843567, 3.7098083
8.966278, -0.28970337, 3.6571503
8.9830475, -0.28970337, 3.621231
8.97467, -0.2741394, 3.6320038
9.002197, -0.28251648, 3.6032715
8.97467, -0.28849792, 3.5769348
8.996216, -0.3136444, 3.5948944
9.018951, -0.3040619, 3.5960846
9.068039, -0.30526733, 3.5841217
9.035721, -0.33758545, 3.545807
9.029724, -0.3256073, 3.509903
9.050079, -0.3423767, 3.5146942
9.045288, -0.32081604, 3.4847565
9.057266, -0.31723022, 3.4572296
9.07283, -0.3531494, 3.3901825
9.10994, -0.3531494, 3.3973694
9.088394, -0.3435669, 3.3554688
9.083603, -0.35673523, 3.2788544
9.097961, -0.36271667, 3.2621002
9.112335, -0.3543396, 3.2142181
9.106354, -0.3722992, 3.1914673
9.119507, -0.34954834, 3.1531677
9.123108, -0.35913086, 3.1280212
9.136276, -0.37469482, 3.10289
9.115921, -0.33877563, 3.0657806
9.15184, -0.37348938, 3.0621796
9.182968, -0.37709045, 3.039444
9.161407, -0.37469482, 3.0274658
9.17099, -0.37109375, 3.0262756
9.1410675, -0.41299438, 2.9544525
9.1853485, -0.42616272, 2.9412842
9.174576, -0.4189911, 2.8790283
9.166199, -0.42855835, 2.8622742
9.216476, -0.44293213, 2.8323364
9.26915, -0.4441223, 2.7449493
9.23204, -0.43574524, 2.7174225
9.252396, -0.43574524, 2.6419983
9.233246, -0.40701294, 2.5869293
9.229645, -0.4118042, 2.568985
9.210495, -0.41299438, 2.5761566
9.212891, -0.3818817, 2.5510254
9.241623, -0.40821838, 2.525879
9.25, -0.39743042, 2.505539
9.254791, -0.40342712, 2.489975
9.23204, -0.4189911, 2.482788
9.2404175, -0.43095398, 2.427719
9.23085, -0.38067627, 2.4229279
9.291901, -0.3818817, 2.3941956
9.265564, -0.38426208, 2.403778
9.234436, -0.39624023, 2.379837
9.228455, -0.39863586, 2.379837
9.277527, -0.41299438, 2.355896
9.308655, -0.40821838, 2.348709
9.276337, -0.3938446, 2.3666687
9.283524, -0.3830719, 2.3463135
9.297882, -0.375885, 2.347519
9.287109, -0.38067627, 2.3535004
9.283524, -0.3651123, 2.379837
9.271545, -0.37469482, 2.3989868
9.284714, -0.375885, 2.4157562
9.252396, -0.3722992, 2.4516602
9.235626, -0.39505005, 2.45047
9.247604, -0.3938446, 2.4229279
9.270355, -0.39144897, 2.4851837
9.293091, -0.42855835, 2.4576416
9.2799225, -0.4189911, 2.3965912
9.31105, -0.42855835, 2.4217377
9.32901, -0.43095398, 2.4097595
9.282318, -0.43814087, 2.364273
9.314636, -0.43574524, 2.3415222
9.299072, -0.42018127, 2.323578
9.276337, -0.42497253, 2.3391418
9.30986, -0.43574524, 2.3582916
9.266754, -0.37828064, 2.3570862
9.263168, -0.37348938, 2.3307495
9.284714, -0.39863586, 2.3941956
9.261963, -0.40222168, 2.4085693
9.300278, -0.41539, 2.4779968
9.293091, -0.43693542, 2.5163116
9.294296, -0.4225769, 2.5306702
9.278732, -0.40582275, 2.5462341
9.258377, -0.43095398, 2.5605927
9.284714, -0.3818817, 2.6216583
9.300278, -0.39144897, 2.5965118
9.271545, -0.41419983, 2.5594025
9.284714, -0.39863586, 2.5725708
9.300278, -0.40222168, 2.5438385
9.285904, -0.39505005, 2.5426483
9.2643585, -0.37109375, 2.5175018
9.266754, -0.3938446, 2.5019379
9.261963, -0.3866577, 2.4564514
9.248795, -0.42616272, 2.4768066
9.307465, -0.42138672, 2.4815826
9.3194275, -0.40940857, 2.4959564
9.257187, -0.42497253, 2.5115204
9.25119, -0.38905334, 2.4720154
9.252396, -0.38905334, 2.4779968
9.25, -0.39743042, 2.5210876
9.291901, -0.37948608, 2.568985
9.297882, -0.38546753, 2.5833435
9.26796, -0.4046173, 2.604889
9.285904, -0.3818817, 2.6671448
9.272736, -0.36631775, 2.695877
9.285904, -0.36871338, 2.6647491
9.283524, -0.36990356, 2.6587677
9.252396, -0.37948608, 2.6503754
9.2643585, -0.3531494, 2.6120758
9.252396, -0.38546753, 2.668335
9.265564, -0.37828064, 2.6623535
9.247604, -0.41659546, 2.6419983
9.257187, -0.42736816, 2.5917206
9.248795, -0.43455505, 2.601303
9.2643585, -0.41419983, 2.6120758
9.242813, -0.41778564, 2.5845337
9.25119, -0.38905334, 2.5761566
9.2799225, -0.4010315, 2.5845337
9.281128, -0.40821838, 2.5749664
9.257187, -0.37709045, 2.5821533
9.26796, -0.37469482, 2.5797577
9.258377, -0.37109375, 2.6180573
9.241623, -0.37709045, 2.60849
9.2643585, -0.39144897, 2.676712
9.266754, -0.37348938, 2.6707306
9.283524, -0.3722992, 2.6886902
9.247604, -0.37348938, 2.738968
9.290695, -0.36871338, 2.7150269
9.270355, -0.3938446, 2.6970673
9.278732, -0.4189911, 2.6827087
9.276337, -0.4225769, 2.692276
9.260773, -0.42018127, 2.6384125
9.25119, -0.41659546, 2.6252441
9.263168, -0.37709045, 2.5761566
9.233246, -0.3866577, 2.5701752
9.248795, -0.36271667, 2.565384
9.246414, -0.3651123, 2.568985
9.233246, -0.37948608, 2.5546112
9.236832, -0.3818817, 2.5941162
9.252396, -0.41539, 2.6396027
9.273941, -0.375885, 2.6791077
9.257187, -0.34835815, 2.711441
9.241623, -0.36990356, 2.6659393
9.273941, -0.3818817, 2.6982727
9.25119, -0.36392212, 2.723404
9.25, -0.37828064, 2.7581177
9.244019, -0.34835815, 2.738968
9.2883, -0.38067627, 2.6851044
9.271545, -0.40222168, 2.6575623
9.252396, -0.3866577, 2.6551666
9.273941, -0.39144897, 2.6539764
9.234436, -0.41419983, 2.6252441
9.266754, -0.38905334, 2.6264343
9.272736, -0.42018127, 2.5510254
9.2643585, -0.4046173, 2.5163116
9.261963, -0.39863586, 2.5486298
9.290695, -0.42855835, 2.54982
9.285904, -0.4118042, 2.5474243
9.260773, -0.4118042, 2.5486298
9.26796, -0.4118042, 2.5546112
9.252396, -0.39863586, 2.565384
9.2643585, -0.42018127, 2.5641937
9.257187, -0.41539, 2.5701752
9.275131, -0.42736816, 2.5701752
9.278732, -0.4118042, 2.558197
9.26915, -0.39863586, 2.5869293
9.26915, -0.4297638, 2.5869293
9.25119, -0.43693542, 2.5629883
9.281128, -0.40342712, 2.5641937
9.263168, -0.41059875, 2.5246887
9.302673, -0.40940857, 2.5007477
9.2595825, -0.41778564, 2.5163116
9.283524, -0.41539, 2.522293
9.302673, -0.40821838, 2.5151062
9.2643585, -0.41299438, 2.5127106
9.282318, -0.40940857, 2.513916
9.285904, -0.39624023, 2.54982
9.26915, -0.41778564, 2.5510254
9.261963, -0.40222168, 2.558197
9.257187, -0.43574524, 2.5438385
9.305069, -0.4524994, 2.5605927
9.26796, -0.4237671, 2.525879
9.287109, -0.42497253, 2.505539
9.30986, -0.41539, 2.5198975
9.306259, -0.41419983, 2.5270844
9.273941, -0.44651794, 2.4648285
9.282318, -0.43455505, 2.443283
9.306259, -0.42497253, 2.4851837
9.305069, -0.41659546, 2.4684296
9.297882, -0.39505005, 2.4995422
9.282318, -0.39863586, 2.4911652
9.271545, -0.41778564, 2.494751
9.261963, -0.42497253, 2.5067291
9.2799225, -0.42138672, 2.5210876
9.293091, -0.43095398, 2.5366516
9.296692, -0.39982605, 2.5474243
9.323029, -0.40821838, 2.4959564
9.30986, -0.43933105, 2.4887695
9.283524, -0.4441223, 2.4995422
9.297882, -0.43095398, 2.5127106
9.299072, -0.44891357, 2.4792023
9.284714, -0.40582275, 2.486374
9.277527, -0.39505005, 2.4492645
9.275131, -0.4225769, 2.3858185
9.305069, -0.4225769, 2.4085693
9.306259, -0.41659546, 2.3930054
9.3194275, -0.40701294, 2.3822327
9.318237, -0.42497253, 2.3068085
9.303864, -0.42138672, 2.3379364
9.325409, -0.4237671, 2.324768
9.323029, -0.45370483, 2.2816772
9.337387, -0.43814087, 2.29245
9.321823, -0.4405365, 2.3128052
9.313446, -0.41059875, 2.2744904
9.350555, -0.39863586, 2.2780762
9.30986, -0.3902588, 2.3391418
9.300278, -0.4189911, 2.387024
9.305069, -0.43455505, 2.37146
9.3194275, -0.4297638, 2.3989868
9.315842, -0.45729065, 2.3654785
9.320633, -0.43574524, 2.3594818
9.32901, -0.42138672, 2.3582916
9.337387, -0.44770813, 2.3546906
9.354141, -0.43095398, 2.2960358
9.350555, -0.44532776, 2.2720947
9.305069, -0.4584961, 2.2445679
9.312241, -0.46447754, 2.2170258
9.342178, -0.46687317, 2.1715393
9.332596, -0.47525024, 2.1547852
9.325409, -0.45610046, 2.158371
9.317032, -0.45489502, 2.1260529
9.343369, -0.43574524, 2.1727448
9.326614, -0.41059875, 2.182312
9.349365, -0.4118042, 2.1559753
9.333801, -0.4333496, 2.1404114
9.337387, -0.41539, 2.2086487
9.333801, -0.43215942, 2.182312
9.300278, -0.4297638, 2.190689
9.333801, -0.43215942, 2.2397766
9.373306, -0.44651794, 2.261322
9.370911, -0.4189911, 2.2876587
9.355347, -0.43215942, 2.276886
9.308655, -0.39982605, 2.2792816
9.315842, -0.4118042, 2.2804718
9.3302, -0.44770813, 2.29245
9.354141, -0.42018127, 2.2397766
9.391251, -0.43574524, 2.2337952
9.373306, -0.42855835, 2.2385712
9.325409, -0.4046173, 2.2361908
9.315842, -0.37828064, 2.2337952
9.325409, -0.41539, 2.230194
9.321823, -0.40582275, 2.21344
9.350555, -0.42138672, 2.158371
9.351746, -0.40821838, 2.1571808
9.337387, -0.40701294, 2.1930847
9.326614, -0.39982605, 2.1487885
9.30986, -0.36631775, 2.1320343
9.318237, -0.38426208, 2.1356354
9.378082, -0.3938446, 2.1332397
9.34816, -0.41419983, 2.111679
9.356537, -0.37948608, 2.1356354
9.414001, -0.41659546, 2.091339
9.362518, -0.4046173, 2.0661926
9.356537, -0.42018127, 2.079361
9.364914, -0.40821838, 2.0542297
9.356537, -0.38426208, 1.9991608
9.386475, -0.42497253, 1.9883881
9.419983, -0.46806335, 1.9584503
9.385269, -0.44532776, 1.9512787
9.361328, -0.42497253, 1.905777
9.400833, -0.42138672, 1.8722687
9.3984375, -0.41059875, 1.8626862
9.400833, -0.41778564, 1.8471222
9.39006, -0.42616272, 1.8279724
9.374496, -0.40342712, 1.7932587
9.386475, -0.39265442, 1.7525482
9.386475, -0.41778564, 1.7597351
9.3984375, -0.40582275, 1.7346039
9.397247, -0.41419983, 1.6998901
9.397247, -0.43574524, 1.6663666
9.411606, -0.4524994, 1.6124878
9.3984375, -0.4584961, 1.617279
9.392456, -0.4524994, 1.577774
9.396042, -0.46566772, 1.5586243
9.39006, -0.43215942, 1.5191193
9.400833, -0.43455505, 1.5095367
9.451111, -0.42736816, 1.4688416
9.430756, -0.41539, 1.4760284
9.394852, -0.43095398, 1.435318
9.403229, -0.38905334, 1.470047
9.418793, -0.42497253, 1.4401093
9.423584, -0.42616272, 1.4460907
9.42717, -0.39144897, 1.4425049
9.405624, -0.40582275, 1.4389191
9.403229, -0.4524994, 1.3994141
9.431961, -0.43933105, 1.4161682
9.447525, -0.42736816, 1.4520874
9.435547, -0.40940857, 1.4365234
9.457092, -0.43933105, 1.4173737
9.441528, -0.43933105, 1.4269409
9.414001, -0.44172668, 1.4269409
9.40802, -0.44891357, 1.3850403
9.415192, -0.43693542, 1.3443451
9.412811, -0.4333496, 1.3634949
9.431961, -0.4118042, 1.3551178
9.44632, -0.44651794, 1.3191986
9.442734, -0.46687317, 1.3191986
9.4379425, -0.44891357, 1.3144226
9.465469, -0.45610046, 1.3132172
9.421188, -0.42855835, 1.3227997
9.44632, -0.3938446, 1.3132172
9.473862, -0.40940857, 1.272522
9.441528, -0.41778564, 1.2904816
9.375687, -0.43215942, 1.2844849
9.40802, -0.45610046, 1.2952576
9.447525, -0.44172668, 1.3168182
9.433151, -0.4225769, 1.3347626
9.429565, -0.43455505, 1.3239899
9.448715, -0.44293213, 1.3335724
9.452301, -0.43574524, 1.320404
9.42598, -0.43095398, 1.3251953
9.455902, -0.4524994, 1.3239899
9.457092, -0.46447754, 1.3144226
9.415192, -0.42855835, 1.3048401
9.42598, -0.40821838, 1.296463
9.440338, -0.43933105, 1.3168182
9.441528, -0.43933105, 1.3335724
9.443924, -0.45010376, 1.2701263
9.453506, -0.45370483, 1.2545624
9.461884, -0.4441223, 1.2761078
9.42836, -0.43095398, 1.2868805
9.40921, -0.44891357, 1.2940674
9.431961, -0.4237671, 1.2856903
9.448715, -0.42616272, 1.2461853
9.42598, -0.45489502, 1.3467407
9.445129, -0.4441223, 1.2689209
9.414001, -0.44891357, 1.2892761
9.44632, -0.43215942, 1.280899
9.443924, -0.46566772, 1.2773132
9.466675, -0.45968628, 1.3000488
9.451111, -0.4632721, 1.2856903
9.415192, -0.43095398, 1.2761078
9.429565, -0.45489502, 1.3024445
9.473862, -0.45968628, 1.2641449
9.443924, -0.45968628, 1.3036499
9.442734, -0.44293213, 1.2892761
9.435547, -0.45370483, 1.3263855
9.423584, -0.4584961, 1.3156128
9.451111, -0.47764587, 1.2952576
9.459488, -0.45968628, 1.3371582
9.442734, -0.4620819, 1.3431396
9.430756, -0.45610046, 1.3443451
9.442734, -0.45370483, 1.335968
9.411606, -0.42018127, 1.3503265
9.417587, -0.45489502, 1.3443451
9.431961, -0.4692688, 1.327591
9.435547, -0.47525024, 1.3144226
9.4379425, -0.48243713, 1.2988586
9.430756, -0.4632721, 1.3144226
9.440338, -0.4728546, 1.3311768
9.448715, -0.45729065, 1.3371582
9.453506, -0.43933105, 1.3658905
9.433151, -0.44651794, 1.375473
9.404419, -0.42497253, 1.3479309
9.424774, -0.4524994, 1.391037
9.440338, -0.44770813, 1.4042053
9.44632, -0.4524994, 1.4185638
9.439133, -0.44651794, 1.419754
9.447525, -0.43814087, 1.4628601
9.44632, -0.4728546, 1.4556732
9.435547, -0.47045898, 1.470047
9.447525, -0.48483276, 1.4580688
9.445129, -0.46806335, 1.4796143
9.453506, -0.44172668, 1.4844055
9.430756, -0.44770813, 1.4832153
9.431961, -0.46087646, 1.4425049
9.419983, -0.43095398, 1.454483
9.393646, -0.43814087, 1.4844055
9.419983, -0.44532776, 1.4820099
9.451111, -0.45370483, 1.5107422
9.4379425, -0.41778564, 1.490387
9.421188, -0.44770813, 1.5274963
9.411606, -0.39863586, 1.514328
9.419983, -0.4118042, 1.5358734
9.421188, -0.44651794, 1.5011597
9.421188, -0.40821838, 1.5478516
9.423584, -0.40701294, 1.5227051
9.433151, -0.42138672, 1.5346832
9.434357, -0.43693542, 1.5035553
9.463089, -0.43215942, 1.4568787
9.447525, -0.41419983, 1.4999695
9.421188, -0.42138672, 1.4855957
9.429565, -0.44532776, 1.4688416
9.403229, -0.43215942, 1.4915924
9.42717, -0.43215942, 1.470047
9.417587, -0.4297638, 1.454483
9.430756, -0.41778564, 1.4173737
9.411606, -0.4441223, 1.4173737
9.405624, -0.42736816, 1.406601
9.430756, -0.4237671, 1.3850403
9.411606, -0.4297638, 1.391037
9.416397, -0.43933105, 1.4053955
9.418793, -0.43095398, 1.4101868
9.441528, -0.45729065, 1.4460907
9.441528, -0.40582275, 1.4173737
9.443924, -0.40940857, 1.4185638
9.429565, -0.44293213, 1.430542
9.42836, -0.41778564, 1.430542
9.454697, -0.41659546, 1.4832153
9.452301, -0.42736816, 1.4855957
9.421188, -0.41059875, 1.4712372
9.435547, -0.4297638, 1.5023651
9.424774, -0.42497253, 1.5310974
9.422379, -0.43215942, 1.514328
9.412811, -0.44770813, 1.4915924
9.445129, -0.44293213, 1.538269
9.48822, -0.42497253, 1.5322876
9.470261, -0.45610046, 1.553833
9.434357, -0.44293213, 1.5394745
9.4379425, -0.41059875, 1.5215149
9.434357, -0.43814087, 1.5107422
9.443924, -0.46687317, 1.5131378
9.436752, -0.45729065, 1.5526428
9.436752, -0.44293213, 1.5274963
9.434357, -0.43215942, 1.4868011
9.42598, -0.44172668, 1.5059509
9.429565, -0.4632721, 1.5274963
9.40921, -0.44651794, 1.5670013
9.416397, -0.45729065, 1.5346832
9.48703, -0.46447754, 1.5107422
9.452301, -0.46447754, 1.5287018
9.441528, -0.44532776, 1.5191193
9.406815, -0.4584961, 1.4844055
9.42598, -0.43215942, 1.498764
9.455902, -0.40821838, 1.5203247
9.419983, -0.41539, 1.4796143
9.42836, -0.42018127, 1.4688416
9.434357, -0.41059875, 1.5119324
9.443924, -0.4118042, 1.4604645
9.422379, -0.39505005, 1.4365234
9.423584, -0.41419983, 1.4520874
9.431961, -0.40342712, 1.470047
9.439133, -0.39505005, 1.459259
9.433151, -0.4297638, 1.4042053
9.417587, -0.42616272, 1.3850403
9.39006, -0.4010315, 1.3610992
9.410416, -0.4297638, 1.3467407
9.42717, -0.40821838, 1.3132172
9.435547, -0.40342712, 1.3706818
9.435547, -0.37828064, 1.356308
9.410416, -0.4010315, 1.367096
9.414001, -0.4297638, 1.3443451
9.436752, -0.3866577, 1.3862457
9.464279, -0.36631775, 1.3491364
9.434357, -0.38786316, 1.3658905
9.442734, -0.38905334, 1.3862457
9.435547, -0.38426208, 1.3527222
9.406815, -0.38426208, 1.3551178
9.42598, -0.36750793, 1.391037
9.443924, -0.4046173, 1.3862457
9.443924, -0.4225769, 1.3623047
9.421188, -0.41419983, 1.3766632
9.447525, -0.4118042, 1.3443451
9.447525, -0.4237671, 1.351532
9.44632, -0.43095398, 1.3575134
9.439133, -0.44172668, 1.3419495
9.42836, -0.41299438, 1.3347626
9.466675, -0.4046173, 1.3419495
9.435547, -0.43693542, 1.3419495
9.42836, -0.41659546, 1.3455353
9.423584, -0.3938446, 1.3682861
9.396042, -0.43693542, 1.375473
9.433151, -0.4333496, 1.3970184
9.454697, -0.43693542, 1.4006042
9.448715, -0.42616272, 1.4377136
9.467865, -0.4620819, 1.493988
9.457092, -0.45968628, 1.5023651
9.429565, -0.42736816, 1.4449005
9.42836, -0.43574524, 1.4496918
9.435547, -0.41539, 1.459259
9.417587, -0.3866577, 1.4425049
9.435547, -0.37469482, 1.4640503
9.419983, -0.40342712, 1.4293365
9.442734, -0.37948608, 1.430542
9.42598, -0.37948608, 1.4077911
9.42598, -0.3651123, 1.4029999
9.42836, -0.38546753, 1.4173737
9.4379425, -0.4237671, 1.4101868
9.42598, -0.41778564, 1.391037
9.436752, -0.42736816, 1.4449005
9.439133, -0.44293213, 1.3874359
9.430756, -0.45010376, 1.4006042
9.429565, -0.4297638, 1.3730774
9.447525, -0.4237671, 1.3802643
9.434357, -0.4524994, 1.4042053
9.457092, -0.45010376, 1.3838501
9.430756, -0.43574524, 1.4389191
9.414001, -0.40940857, 1.4401093
9.430756, -0.3830719, 1.3898315
9.422379, -0.37828064, 1.395813
9.404419, -0.40342712, 1.4269409
9.436752, -0.41659546, 1.4006042
9.415192, -0.40222168, 1.4209595
9.442734, -0.42616272, 1.4556732
9.471466, -0.4225769, 1.430542
9.418793, -0.44651794, 1.4245453
9.422379, -0.4189911, 1.419754
9.392456, -0.44293213, 1.4101868
9.448715, -0.42138672, 1.4628601
9.40921, -0.42497253, 1.4401093
9.422379, -0.45968628, 1.4101868
9.504974, -0.4189911, 1.4401093
9.56842, -0.34954834, 1.459259
9.387665, -0.3148346, 1.4784241
9.1698, -0.3866577, 1.3994141
9.318237, -0.42497253, 1.4006042
9.558853, -0.35554504, 1.4975739
9.537308, -0.3938446, 1.5346832
9.372101, -0.44172668, 1.4413147
9.399643, -0.3938446, 1.454483
9.467865, -0.3722992, 1.5514374
9.393646, -0.3818817, 1.5394745
9.34816, -0.39982605, 1.4808197
9.39006, -0.38067627, 1.533493
9.440338, -0.45010376, 1.5765839
9.454697, -0.4441223, 1.5526428
9.503784, -0.43814087, 1.5921478
9.48703, -0.4010315, 1.6496124
9.400833, -0.39505005, 1.6519928
9.382874, -0.41419983, 1.6340485
9.40921, -0.3830719, 1.6771393
9.457092, -0.38426208, 1.6819305
9.434357, -0.4189911, 1.6938934
9.421188, -0.3902588, 1.6555939
9.399643, -0.35913086, 1.6651611
9.3984375, -0.38546753, 1.6903076
9.382874, -0.37348938, 1.6376343
9.423584, -0.3818817, 1.6747437
9.40802, -0.41419983, 1.6663666
9.39006, -0.42018127, 1.6448212
9.384079, -0.40222168, 1.6843262
9.393646, -0.36871338, 1.7094574
9.393646, -0.39144897, 1.7178345
9.3984375, -0.3818817, 1.7537537
9.436752, -0.3830719, 1.7752991
9.391251, -0.3722992, 1.8136139
9.369705, -0.3543396, 1.8543091
9.34697, -0.33398438, 1.8794556
9.334991, -0.32920837, 1.9021912
9.378082, -0.3531494, 1.9189453
9.392456, -0.3722992, 1.945282
9.434357, -0.3830719, 1.9596558
9.40802, -0.3651123, 1.9369049
9.400833, -0.37109375, 1.9416962
9.387665, -0.36750793, 1.9177551
9.394852, -0.36631775, 1.9524689
9.386475, -0.34477234, 1.9943695
9.340973, -0.31843567, 1.9824066
9.369705, -0.35673523, 1.9548645
9.412811, -0.33398438, 1.9440918
9.351746, -0.34477234, 1.9440918
9.362518, -0.33877563, 1.9285278
9.380478, -0.34954834, 1.921341
9.382874, -0.37109375, 1.9345093
9.379288, -0.35554504, 1.9153595
9.391251, -0.36631775, 1.909378
9.364914, -0.37709045, 1.9201508
9.3984375, -0.40222168, 1.9285278
9.385269, -0.3722992, 1.909378
9.385269, -0.35794067, 1.9309235
9.39006, -0.37109375, 1.8746643
9.368515, -0.36990356, 1.8842316
9.361328, -0.36392212, 1.9069824
9.375687, -0.35075378, 1.8770599
9.381683, -0.34835815, 1.8746643
9.360138, -0.36750793, 1.8770599
9.402023, -0.3531494, 1.8890228
9.385269, -0.36032104, 1.9297333
9.39006, -0.3818817, 1.9620514
9.381683, -0.36750793, 1.9225464
9.385269, -0.37469482, 1.8734589
9.368515, -0.3651123, 1.9105682
9.379288, -0.35554504, 1.9045868
9.351746, -0.35554504, 1.9548645
9.381683, -0.331604, 1.964447
9.36731, -0.33877563, 1.9632416
9.3589325, -0.32920837, 1.9859924
9.397247, -0.31004333, 1.9740143
9.378082, -0.32321167, 1.984787
9.34697, -0.3327942, 1.9967651
9.385269, -0.3148346, 1.9955597
9.354141, -0.35794067, 2.0075378
9.352951, -0.34954834, 2.0386658
9.34816, -0.3423767, 2.0602112
9.375687, -0.36032104, 2.0147247
9.336197, -0.31243896, 2.0374603
9.351746, -0.32681274, 2.048233
9.366119, -0.296875, 2.0410614
9.381683, -0.30885315, 2.103302
9.362518, -0.27772522, 2.1045074
9.364914, -0.27293396, 2.1296387
9.375687, -0.2849121, 2.1320343
9.403229, -0.3028717, 2.1164703
9.376892, -0.30047607, 2.1380157
9.378082, -0.3244171, 2.1140747
9.362518, -0.32681274, 2.0889435
9.344574, -0.32202148, 2.0841522
9.370911, -0.4046173, 2.0183105
9.376892, -0.4046173, 2.0135193
9.356537, -0.4225769, 1.960846
9.366119, -0.4297638, 1.8554993
9.354141, -0.39624023, 1.8112183
9.351746, -0.40222168, 1.7884674
9.336197, -0.3615265, 1.7932587
9.31105, -0.29447937, 1.8578949
9.299072, -0.25019836, 1.9141693
9.308655, -0.24182129, 2.0626068
9.325409, -0.22505188, 2.1787262
9.363724, -0.20709229, 2.3032227
9.372101, -0.25378418, 2.3822327
9.39006, -0.30047607, 2.4289246
9.424774, -0.3136444, 2.4157562
9.422379, -0.3471527, 2.3941956
9.387665, -0.40940857, 2.3139954
9.392456, -0.4692688, 2.1475983
9.411606, -0.49320984, 2.0063477
9.42717, -0.51116943, 1.8638916
9.430756, -0.48721313, 1.6938934
9.429565, -0.4812317, 1.4808197
9.363724, -0.45610046, 1.3778687
9.317032, -0.43814087, 1.2976532
9.307465, -0.39265442, 1.2701263
9.305069, -0.33758545, 1.3419495
9.320633, -0.35673523, 1.450882
9.340973, -0.33638, 1.6208801
9.36731, -0.331604, 1.8160095
9.415192, -0.33398438, 1.9416962
9.418793, -0.32800293, 2.1152802
9.381683, -0.29927063, 2.2960358
9.345764, -0.2813263, 2.4205322
9.326614, -0.27293396, 2.5306702
9.337387, -0.2813263, 2.62883
9.355347, -0.29328918, 2.6731262
9.301468, -0.33758545, 2.692276
9.331406, -0.35673523, 2.6886902
9.342178, -0.35913086, 2.6575623
9.339783, -0.36032104, 2.6216583
9.32901, -0.4189911, 2.5402527
9.352951, -0.39743042, 2.4301147
9.32901, -0.3651123, 2.331955
9.337387, -0.35673523, 2.2242126
9.350555, -0.3256073, 2.1918945
9.342178, -0.30645752, 2.1128845
9.325409, -0.28849792, 2.0602112
9.307465, -0.30645752, 2.0757751
9.317032, -0.26097107, 2.0626068
9.299072, -0.2861023, 2.110489
9.302673, -0.2861023, 2.1619568
9.303864, -0.23703003, 2.1571808
9.314636, -0.26815796, 2.2170258
9.313446, -0.2861023, 2.2984314
9.320633, -0.331604, 2.3427277
9.332596, -0.3531494, 2.3894196
9.318237, -0.31604004, 2.4337006
9.34816, -0.33039856, 2.4839783
9.340973, -0.32681274, 2.5127106
9.333801, -0.29927063, 2.5187073
9.339783, -0.31604004, 2.4971466
9.337387, -0.3423767, 2.4815826
9.340973, -0.34117126, 2.4396973
9.312241, -0.3327942, 2.3151855
9.321823, -0.331604, 2.21344
9.36731, -0.33758545, 2.0997162
9.349365, -0.36750793, 2.0135193
9.361328, -0.36990356, 1.940506
9.378082, -0.3651123, 1.8578949
9.381683, -0.34954834, 1.8363495
9.354141, -0.3435669, 1.8291626
9.332596, -0.33518982, 1.8160095
9.314636, -0.2956848, 1.8782501
9.327805, -0.28251648, 1.9620514
9.314636, -0.27893066, 2.0350647
9.307465, -0.27293396, 2.1691437
9.340973, -0.28370667, 2.2277985
9.331406, -0.31723022, 2.324768
9.308655, -0.31004333, 2.3894196
9.2883, -0.3256073, 2.4576416
9.339783, -0.3435669, 2.4815826
9.289505, -0.36750793, 2.5282745
9.317032, -0.36392212, 2.5857391
9.317032, -0.32920837, 2.568985
9.314636, -0.33877563, 2.5605927
9.32901, -0.33877563, 2.5234833
9.291901, -0.29089355, 2.5462341
9.295486, -0.31723022, 2.510315
9.337387, -0.3651123, 2.4935608
9.340973, -0.33877563, 2.4911652
9.318237, -0.31243896, 2.442093
9.305069, -0.31004333, 2.4097595
9.301468, -0.31723022, 2.3989868
9.266754, -0.28970337, 2.4133606
9.266754, -0.2753296, 2.3786469
9.2799225, -0.30645752, 2.4061737
9.294296, -0.2849121, 2.3846283
9.287109, -0.28849792, 2.419342
9.2799225, -0.31004333, 2.4480743
9.284714, -0.28849792, 2.4217377
9.294296, -0.2849121, 2.5019379
9.285904, -0.3244171, 2.4756012
9.2883, -0.2956848, 2.5175018
9.305069, -0.31243896, 2.5510254
9.300278, -0.29447937, 2.5474243
9.295486, -0.26576233, 2.5677795
9.265564, -0.27893066, 2.5965118
9.282318, -0.3028717, 2.60849
9.271545, -0.292099, 2.6539764
9.278732, -0.2633667, 2.6934814
9.277527, -0.27653503, 2.6827087
9.265564, -0.3040619, 2.7186127
9.258377, -0.3040619, 2.731781
9.245209, -0.32920837, 2.7222137
9.252396, -0.3327942, 2.723404
9.2643585, -0.32681274, 2.7377625
9.283524, -0.3136444, 2.7150269
9.266754, -0.32920837, 2.7126312
9.255981, -0.32920837, 2.668335
9.263168, -0.30047607, 2.6587677
9.294296, -0.29808044, 2.6336212
9.270355, -0.29447937, 2.6432037
9.2595825, -0.2956848, 2.616867
9.257187, -0.30166626, 2.5546112
9.297882, -0.29927063, 2.6036987
9.272736, -0.292099, 2.577362
9.25119, -0.30166626, 2.5318756
9.30986, -0.30645752, 2.5246887
9.270355, -0.32681274, 2.5091248
9.2643585, -0.31124878, 2.54982
9.299072, -0.3040619, 2.494751
9.270355, -0.30047607, 2.4851837
9.257187, -0.31004333, 2.5127106
9.300278, -0.31843567, 2.5234833
9.26915, -0.31604004, 2.4612427
9.2643585, -0.31843567, 2.5246887
9.248795, -0.32800293, 2.5318756
9.297882, -0.3256073, 2.489975
9.305069, -0.30885315, 2.5187073
9.277527, -0.3028717, 2.5402527
9.276337, -0.30645752, 2.5246887
9.308655, -0.3148346, 2.534256
9.266754, -0.3327942, 2.5163116
9.271545, -0.31004333, 2.54982
9.260773, -0.3244171, 2.5390472
9.287109, -0.31723022, 2.5198975
9.291901, -0.28370667, 2.5210876
9.271545, -0.28370667, 2.5725708
9.26915, -0.2849121, 2.577362
9.271545, -0.32681274, 2.5761566
9.265564, -0.35194397, 2.601303
9.258377, -0.3136444, 2.60849
9.273941, -0.31004333, 2.6072845
9.263168, -0.31243896, 2.6264343
9.2883, -0.3148346, 2.6300354
9.301468, -0.31004333, 2.6419983
9.260773, -0.3040619, 2.6647491
9.236832, -0.3136444, 2.6419983
9.261963, -0.296875, 2.6348114
9.252396, -0.3040619, 2.6551666
9.248795, -0.30645752, 2.659958
9.263168, -0.28370667, 2.6515808
9.235626, -0.31604004, 2.6623535
9.266754, -0.33039856, 2.6348114
9.2883, -0.30166626, 2.6396027
9.295486, -0.31962585, 2.644394
9.2799225, -0.31723022, 2.5953217
9.26796, -0.2956848, 2.592926
9.271545, -0.30645752, 2.6396027
9.282318, -0.27772522, 2.6467896
9.270355, -0.26097107, 2.6216583
9.255981, -0.25857544, 2.6180573
9.261963, -0.28370667, 2.6503754
9.241623, -0.26934814, 2.6827087
9.236832, -0.26576233, 2.7174225
9.244019, -0.29927063, 2.7126312
9.248795, -0.2956848, 2.7090454
9.25, -0.31604004, 2.7222137
9.234436, -0.32202148, 2.778473
9.245209, -0.30526733, 2.7545319
9.2643585, -0.31723022, 2.6970673
9.233246, -0.29328918, 2.7126312
9.26915, -0.3148346, 2.6970673
9.270355, -0.33758545, 2.632431
9.270355, -0.3148346, 2.6072845
9.252396, -0.3327942, 2.6180573
9.25, -0.32202148, 2.5785522
9.277527, -0.3076477, 2.525879
9.285904, -0.33398438, 2.5079193
9.294296, -0.33039856, 2.522293
9.295486, -0.3256073, 2.5007477
9.302673, -0.31962585, 2.4648285
9.332596, -0.3136444, 2.4839783
9.272736, -0.3076477, 2.4600372
9.238022, -0.31243896, 2.446869
9.2595825, -0.29089355, 2.4516602
9.306259, -0.2561798, 2.4648285
9.273941, -0.28370667, 2.4636383
9.2883, -0.28251648, 2.5151062
9.257187, -0.2561798, 2.5594025
9.247604, -0.25976562, 2.5665894
9.234436, -0.25019836, 2.592926
9.278732, -0.2669525, 2.632431
9.258377, -0.26216125, 2.6695404
9.236832, -0.28251648, 2.6970673
9.233246, -0.26455688, 2.716217
9.215286, -0.28730774, 2.70784
9.234436, -0.26815796, 2.7581177
9.200912, -0.2669525, 2.8155823
9.2200775, -0.27893066, 2.8072052
9.238022, -0.29447937, 2.7928314
9.227249, -0.31604004, 2.7808685
9.2200775, -0.3040619, 2.7449493
9.253586, -0.3028717, 2.7425537
9.233246, -0.35075378, 2.699463
9.25119, -0.34477234, 2.7066498
9.2595825, -0.32202148, 2.6360168
9.2404175, -0.32920837, 2.6144714
9.236832, -0.3136444, 2.601303
9.270355, -0.3543396, 2.5414429
9.261963, -0.331604, 2.545044
9.2883, -0.28970337, 2.545044
9.285904, -0.31962585, 2.537857
9.275131, -0.3028717, 2.5390472
9.272736, -0.29447937, 2.558197
9.285904, -0.32321167, 2.5881348
9.2883, -0.30645752, 2.604889
9.2595825, -0.3148346, 2.604889
9.254791, -0.31962585, 2.6539764
9.305069, -0.33518982, 2.6551666
9.294296, -0.31962585, 2.6635437
9.270355, -0.3327942, 2.6862946
9.278732, -0.33518982, 2.6539764
9.2799225, -0.35554504, 2.6731262
9.276337, -0.3531494, 2.6419983
9.285904, -0.33998108, 2.5989075
9.252396, -0.33638, 2.5833435
9.257187, -0.30526733, 2.5462341
9.25119, -0.3148346, 2.5067291
9.258377, -0.3028717, 2.5043335
9.266754, -0.31004333, 2.4935608
9.291901, -0.26815796, 2.489975
9.2404175, -0.26097107, 2.4815826
9.205704, -0.25737, 2.52948
9.205704, -0.28970337, 2.568985
9.228455, -0.28012085, 2.5857391
9.25119, -0.2849121, 2.5462341
9.215286, -0.27653503, 2.577362
9.246414, -0.27174377, 2.601303
9.221268, -0.27293396, 2.6467896
9.246414, -0.27174377, 2.6779175
9.247604, -0.26455688, 2.683899
9.218872, -0.2753296, 2.7102356
9.2404175, -0.24899292, 2.7569275
9.222458, -0.22625732, 2.778473
9.202118, -0.24420166, 2.7569275
9.23204, -0.27053833, 2.7664948
9.228455, -0.29808044, 2.7976227
9.233246, -0.28012085, 2.7617188
9.2404175, -0.30526733, 2.7736816
9.248795, -0.28849792, 2.7485504
9.263168, -0.28370667, 2.778473
9.254791, -0.29808044, 2.7533264
9.242813, -0.26455688, 2.7425537
9.242813, -0.26934814, 2.7772675
9.222458, -0.3028717, 2.747345
9.199722, -0.28370667, 2.7569275
9.218872, -0.29808044, 2.78685
9.23085, -0.27053833, 2.810791
9.197327, -0.27053833, 2.778473
9.23085, -0.2633667, 2.817978
9.193741, -0.28012085, 2.8395233
9.204514, -0.29927063, 2.8443146
9.2200775, -0.27653503, 2.9077606
9.218872, -0.2813263, 2.9388885
9.2200775, -0.31004333, 2.9460602
9.246414, -0.30166626, 2.960434
9.173386, -0.27772522, 2.9903564
9.1853485, -0.292099, 3.0059204
9.179367, -0.29447937, 3.008316
9.173386, -0.29447937, 2.991562
9.20929, -0.3028717, 2.968811
9.161407, -0.3136444, 2.996338
9.191345, -0.3148346, 2.9257202
9.215286, -0.28849792, 2.953247
9.208099, -0.30047607, 2.929306
9.186554, -0.28970337, 2.9233246
9.174576, -0.27893066, 2.9029694
9.193741, -0.27893066, 2.8921967
9.199722, -0.27053833, 2.8802185
9.173386, -0.252594, 2.881424
9.181763, -0.24659729, 2.9041595
9.203308, -0.27174377, 2.920929
9.216476, -0.3040619, 2.917328
9.221268, -0.2753296, 2.9424744
9.184158, -0.28730774, 2.9484558
9.205704, -0.30526733, 2.9712067
9.197327, -0.29808044, 3.02388
9.181763, -0.27174377, 3.0047302
9.193741, -0.29089355, 3.015503
9.226059, -0.29447937, 2.9700012
9.208099, -0.2849121, 2.991562
9.175781, -0.292099, 2.9544525
9.236832, -0.2956848, 2.9029694
9.23085, -0.2849121, 2.8730469
9.211685, -0.26934814, 2.9005737
9.227249, -0.27174377, 2.8275452
9.222458, -0.26815796, 2.7677002
9.2200775, -0.2849121, 2.7928314
9.1805725, -0.28251648, 2.7174225
9.174576, -0.27893066, 2.7150269
9.20929, -0.24420166, 2.6779175
9.200912, -0.27053833, 2.676712
9.203308, -0.2861023, 2.6851044
9.197327, -0.292099, 2.699463
9.204514, -0.28012085, 2.6862946
9.17218, -0.26576233, 2.7533264
9.2404175, -0.26934814, 2.7617188
9.193741, -0.29808044, 2.7976227
9.203308, -0.3040619, 2.7988281
9.233246, -0.2956848, 2.8167725
9.218872, -0.28970337, 2.817978
9.208099, -0.28370667, 2.8550873
9.205704, -0.26455688, 2.8682556
9.182968, -0.28730774, 2.8874054
9.214081, -0.25857544, 2.8933868
9.23085, -0.28251648, 2.913742
9.202118, -0.296875, 2.9269104
9.211685, -0.27893066, 2.9580383
9.214081, -0.2813263, 2.936493
9.199722, -0.2633667, 2.9436646
9.199722, -0.28251648, 2.952057
9.162613, -0.2741394, 2.9712067
9.187744, -0.28012085, 2.9867706
9.204514, -0.29328918, 2.9700012
9.1805725, -0.3040619, 3.0059204
9.147049, -0.28849792, 3.055008
9.17218, -0.28370667, 3.0286713
9.167404, -0.29089355, 3.0741577
9.184158, -0.2753296, 3.1160583
9.156631, -0.29328918, 3.150772
9.166199, -0.27772522, 3.0813446
9.191345, -0.2849121, 3.1064758
9.139862, -0.3028717, 3.150772
9.174576, -0.32800293, 3.118454
9.155426, -0.29328918, 3.1052856
9.179367, -0.3076477, 3.1399994
9.156631, -0.3136444, 3.1004944
9.187744, -0.2849121, 3.126831
9.178177, -0.28970337, 3.1376038
9.160217, -0.31843567, 3.1124573
9.163803, -0.30166626, 3.1088715
9.159012, -0.29447937, 3.099289
9.136276, -0.29808044, 3.0801392
9.15303, -0.29927063, 3.0526123
9.17218, -0.2849121, 3.0669708
9.175781, -0.2753296, 3.031067
9.150635, -0.3148346, 3.0262756
9.167404, -0.292099, 3.0514069
9.154236, -0.30047607, 3.0370483
9.166199, -0.29927063, 3.0142975
9.15303, -0.28970337, 3.016693
9.167404, -0.28012085, 3.0382385
9.198517, -0.296875, 3.0370483
9.166199, -0.29927063, 2.980774
9.166199, -0.296875, 2.9556427
9.167404, -0.31243896, 3.0023346
9.175781, -0.31124878, 2.9987335
9.211685, -0.31243896, 2.9736023
9.196121, -0.29447937, 2.9484558
9.167404, -0.29328918, 2.9879608
9.19014, -0.28251648, 3.0059204
9.143463, -0.28370667, 3.0298615
9.178177, -0.31843567, 2.9987335
9.192535, -0.28012085, 2.960434
9.174576, -0.27893066, 3.0023346
9.155426, -0.26455688, 3.0178986
9.1458435, -0.27293396, 3.0346527
9.167404, -0.28012085, 3.0454254
9.154236, -0.26576233, 3.0142975
9.149445, -0.30047607, 3.0382385
9.157822, -0.3076477, 3.0250702
9.139862, -0.28730774, 3.0502167
9.149445, -0.28251648, 3.035843
9.143463, -0.3076477, 3.0226746
9.142258, -0.2956848, 3.0226746
9.165009, -0.28970337, 3.0346527
9.156631, -0.2741394, 3.0609894
9.162613, -0.28370667, 3.0741577
9.147049, -0.29808044, 3.0538025
9.157822, -0.30645752, 3.031067
9.184158, -0.30526733, 3.055008
9.17099, -0.31243896, 3.0897217
9.15303, -0.29447937, 3.0657806
9.125504, -0.28012085, 3.1040802
9.160217, -0.27053833, 3.0921173
9.1458435, -0.30526733, 3.1160583
9.147049, -0.30885315, 3.114853
9.137466, -0.29447937, 3.1328125
9.160217, -0.28970337, 3.1615448
9.1410675, -0.31962585, 3.1711273
9.139862, -0.27893066, 3.1747131
9.147049, -0.24780273, 3.178299
9.139862, -0.28012085, 3.1603394
9.117126, -0.3028717, 3.1651306
9.107544, -0.2861023, 3.193863
9.124298, -0.25976562, 3.2237854
9.144653, -0.27653503, 3.2345734
9.15184, -0.26934814, 3.1854858
9.136276, -0.28730774, 3.1950684
9.157822, -0.3028717, 3.1986542
9.119507, -0.28251648, 3.2082367
9.107544, -0.28970337, 3.233368
9.120712, -0.28251648, 3.2154083
9.1410675, -0.29089355, 3.2190094
9.103958, -0.31004333, 3.2070312
9.147049, -0.30885315, 3.2190094
9.143463, -0.30047607, 3.20224
9.123108, -0.296875, 3.1603394
9.129089, -0.2813263, 3.1914673
9.162613, -0.2813263, 3.1675262
9.130295, -0.28849792, 3.1639404
9.123108, -0.26216125, 3.150772
9.131485, -0.26815796, 3.1699219
9.127899, -0.2849121, 3.178299
9.142258, -0.292099, 3.162735
9.160217, -0.2669525, 3.1352081
9.184158, -0.27772522, 3.162735
9.126694, -0.30645752, 3.2034454
9.119507, -0.29927063, 3.1603394
9.143463, -0.3040619, 3.1411896
9.127899, -0.2861023, 3.1711273
9.095566, -0.28970337, 3.1603394
9.144653, -0.2813263, 3.1615448
9.159012, -0.28730774, 3.1196442
9.133881, -0.296875, 3.1759033
9.125504, -0.292099, 3.193863
9.105148, -0.28730774, 3.1890717
9.119507, -0.26815796, 3.1842957
9.126694, -0.28370667, 3.157959
9.099167, -0.27053833, 3.150772
9.132675, -0.2561798, 3.178299
9.135071, -0.24420166, 3.1699219
9.143463, -0.26576233, 3.1675262
9.1015625, -0.28370667, 3.2321777
9.106354, -0.2633667, 3.248932
9.099167, -0.27174377, 3.2369537
9.103958, -0.28730774, 3.2321777
9.137466, -0.29328918, 3.284851
9.121902, -0.3076477, 3.2872314
9.085999, -0.28370667, 3.257309
9.078812, -0.2753296, 3.2992096
9.100357, -0.28370667, 3.2740784
9.119507, -0.26455688, 3.3040009
9.088394, -0.26934814, 3.336319
9.071625, -0.27772522, 3.329132
9.070435, -0.24899292, 3.3219604
9.094376, -0.23223877, 3.327942
9.113525, -0.26097107, 3.320755
9.089584, -0.24061584, 3.3027954
9.09079, -0.2561798, 3.3219604
9.089584, -0.25857544, 3.348297
9.094376, -0.23822021, 3.3889923
9.078812, -0.25378418, 3.3973694
9.080017, -0.27293396, 3.399765
9.099167, -0.25498962, 3.4368744
9.099167, -0.29927063, 3.415329
9.075226, -0.29927063, 3.4021606
9.060852, -0.2741394, 3.3985748
9.057266, -0.27893066, 3.4021606
9.09079, -0.25737, 3.4057465
9.088394, -0.2861023, 3.408142
9.065643, -0.28849792, 3.3818054
9.070435, -0.27174377, 3.3566742
9.084793, -0.24780273, 3.4093475
9.058456, -0.26455688, 3.3889923
9.09079, -0.296875, 3.3734283
9.094376, -0.27893066, 3.3806152
9.084793, -0.28849792, 3.3746338
9.060852, -0.28370667, 3.3530731
9.060852, -0.296875, 3.327942
9.071625, -0.2669525, 3.3075867
9.095566, -0.2753296, 3.329132
9.085999, -0.28970337, 3.3063965
9.097961, -0.29447937, 3.313568
9.087189, -0.292099, 3.324356
9.069229, -0.30526733, 3.327942
9.078812, -0.296875, 3.3411102
9.113525, -0.2753296, 3.327942
9.103958, -0.31004333, 3.368637
9.087189, -0.292099, 3.3494873
9.080017, -0.28970337, 3.2992096
9.107544, -0.31604004, 3.3746338
9.130295, -0.3148346, 3.3901825
9.071625, -0.28849792, 3.348297
9.095566, -0.31004333, 3.3411102
9.106354, -0.29808044, 3.3554688
9.078812, -0.29808044, 3.3183594
9.093185, -0.33398438, 3.3327332
9.088394, -0.2813263, 3.3387146
9.089584, -0.29808044, 3.3195648
9.068039, -0.296875, 3.3231506
9.083603, -0.28970337, 3.3040009
9.063248, -0.2956848, 3.3614655
9.087189, -0.31124878, 3.289627
9.106354, -0.30047607, 3.2824554
9.07283, -0.3040619, 3.296814
9.071625, -0.28251648, 3.272873
9.070435, -0.32681274, 3.3267365
9.088394, -0.31004333, 3.3375244
9.051285, -0.28730774, 3.3435059
9.087189, -0.30645752, 3.351883
9.096771, -0.31243896, 3.3638458
9.099167, -0.3136444, 3.3854065
9.083603, -0.30645752, 3.3542786
9.064453, -0.30526733, 3.3878021
9.075226, -0.3136444, 3.3435059
9.048889, -0.28012085, 3.3530731
9.048889, -0.29447937, 3.3650513
9.042892, -0.29328918, 3.375824
9.058456, -0.27893066, 3.3973694
9.068039, -0.30645752, 3.408142
9.036911, -0.2813263, 3.406952
9.046494, -0.27174377, 3.4057465
9.051285, -0.3076477, 3.4536285
9.084793, -0.28970337, 3.4356842
9.058456, -0.2741394, 3.4284973
9.006989, -0.26576233, 3.4667969
9.008179, -0.26934814, 3.5146942
9.052475, -0.25498962, 3.51828
9.039307, -0.24182129, 3.5122986
8.998611, -0.2561798, 3.525467
9.018951, -0.2753296, 3.557785
9.044098, -0.26097107, 3.5901031
9.005783, -0.25857544, 3.5781403
8.977066, -0.27653503, 3.5841217
9.020157, -0.29808044, 3.6308136
9.028534, -0.27772522, 3.6200256
8.996216, -0.28251648, 3.6188354
9.01178, -0.24182129, 3.6320038
9.016571, -0.25019836, 3.6320038
9.001007, -0.26097107, 3.6188354
9.008179, -0.28849792, 3.667923
9.024948, -0.24182129, 3.6535492
9.028534, -0.26216125, 3.6308136
9.0225525, -0.27174377, 3.6403809
8.99501, -0.2561798, 3.636795
8.989029, -0.24659729, 3.6379852
9.01178, -0.2346344, 3.6415863
8.99501, -0.24182129, 3.6236267
8.990234, -0.26455688, 3.6535492
8.986633, -0.26815796, 3.6427765
9.006989, -0.2813263, 3.6427765
9.009384, -0.2561798, 3.683487
9.015366, -0.25857544, 3.688263
8.973465, -0.2861023, 3.6763
8.981842, -0.2849121, 3.6391907
9.002197, -0.2346344, 3.6691132
8.999802, -0.26097107, 3.645172
8.986633, -0.23942566, 3.6355896
9.026138, -0.2633667, 3.6032715
9.03093, -0.2956848, 3.6032715
9.004593, -0.25737, 3.6200256
9.014175, -0.2633667, 3.5996857
9.024948, -0.27293396, 3.6140442
8.984238, -0.2861023, 3.6104584
8.985443, -0.2861023, 3.5829163
8.979446, -0.2849121, 3.612854
9.004593, -0.25138855, 3.609253
8.97467, -0.25737, 3.5625763
9.014175, -0.23582458, 3.5745392
9.023743, -0.27174377, 3.580536
9.004593, -0.26216125, 3.5721436
9.0225525, -0.27893066, 3.566162
9.01297, -0.2849121, 3.5601807
8.990234, -0.27893066, 3.5541992
8.99501, -0.27293396, 3.5637665
9.009384, -0.27053833, 3.5482025
9.004593, -0.2861023, 3.5398254
8.99501, -0.2741394, 3.557785
9.024948, -0.25737, 3.533844
9.027344, -0.26097107, 3.4967346
9.016571, -0.27293396, 3.5158844
9.03093, -0.28730774, 3.533844
8.991425, -0.28730774, 3.51828
8.999802, -0.28730774, 3.557785
8.99382, -0.25498962, 3.5601807
9.016571, -0.27772522, 3.569748
9.014175, -0.28012085, 3.5865173
9.03212, -0.26216125, 3.5877075
8.997406, -0.25857544, 3.566162
8.990234, -0.27293396, 3.5769348
8.989029, -0.24061584, 3.5960846
8.954315, -0.25498962, 3.6200256
8.948334, -0.24420166, 3.5913086
8.987839, -0.24182129, 3.5948944
9.020157, -0.30885315, 3.6176453
9.023743, -0.29808044, 3.6152496
9.05368, -0.30885315, 3.6511536
9.020157, -0.26576233, 3.643982
9.001007, -0.26815796, 3.609253
9.005783, -0.24182129, 3.660736
8.99382, -0.252594, 3.683487
8.972275, -0.24182129, 3.6619263
8.965088, -0.26097107, 3.6846771
8.962692, -0.2633667, 3.672699
8.959106, -0.2633667, 3.6763
8.978256, -0.26576233, 3.7050323
8.99382, -0.26455688, 3.6990356
9.001007, -0.27293396, 3.7373505
8.981842, -0.23582458, 3.727768
8.9674835, -0.2561798, 3.7026367
8.956711, -0.23822021, 3.688263
8.977066, -0.22744751, 3.7217865
8.97467, -0.21188354, 3.7565002
8.947128, -0.2633667, 3.727768
8.966278, -0.25378418, 3.731369
8.971069, -0.24659729, 3.7768555
8.960297, -0.25737, 3.743332
8.9830475, -0.252594, 3.731369
8.942337, -0.2633667, 3.782837
8.968674, -0.26815796, 3.751709
8.991425, -0.25857544, 3.7421417
8.949524, -0.2633667, 3.7409363
8.954315, -0.27174377, 3.7577057
8.978256, -0.25019836, 3.7732544
8.99501, -0.23822021, 3.7301636
8.986633, -0.24659729, 3.7648773
8.972275, -0.24301147, 3.707428
8.95192, -0.24182129, 3.7241821
8.950729, -0.23342896, 3.7145996
8.979446, -0.25138855, 3.712204
8.960297, -0.26097107, 3.7648773
8.945938, -0.2454071, 3.6906586
8.975861, -0.25498962, 3.7265778
8.962692, -0.25138855, 3.7624817
8.941147, -0.22744751, 3.7289734
8.959106, -0.25737, 3.7529144
8.969879, -0.2753296, 3.727768
8.971069, -0.27893066, 3.8079834
8.996216, -0.27174377, 3.767273
8.975861, -0.2633667, 3.7577057
8.980652, -0.23703003, 3.7636871
8.947128, -0.23942566, 3.7864227
8.956711, -0.24780273, 3.7840424
8.966278, -0.26097107, 3.7888184
8.929169, -0.2454071, 3.770874
8.937561, -0.26455688, 3.7684784
8.950729, -0.26216125, 3.7768555
8.961502, -0.24659729, 3.743332
8.938751, -0.26815796, 3.770874
8.939957, -0.2753296, 3.7660828
8.941147, -0.2669525, 3.7421417
8.971069, -0.2633667, 3.7601013
8.948334, -0.25019836, 3.7648773
8.961502, -0.2669525, 3.7876282
8.941147, -0.2861023, 3.7529144
8.9830475, -0.25498962, 3.743332
8.971069, -0.25857544, 3.7768555
8.962692, -0.28251648, 3.7529144
8.916, -0.25378418, 3.7732544
8.937561, -0.27053833, 3.7577057
8.924393, -0.2454071, 3.7505188
8.945938, -0.23223877, 3.7577057
8.9674835, -0.23822021, 3.7481232
8.955505, -0.24780273, 3.7601013
8.956711, -0.25378418, 3.746933
8.977066, -0.23942566, 3.7852325
8.918396, -0.24182129, 3.7385406
8.954315, -0.26576233, 3.794815
8.93396, -0.24780273, 3.8019867
8.981842, -0.24899292, 3.7852325
8.957901, -0.2561798, 3.8139648
8.960297, -0.26216125, 3.839096
8.926788, -0.21188354, 3.8127594
8.961502, -0.22984314, 3.8091736
8.949524, -0.23703003, 3.839096
8.937561, -0.25498962, 3.8163605
8.944733, -0.2238617, 3.8055878
8.95311, -0.2633667, 3.7960052
8.95192, -0.2669525, 3.779251
8.944733, -0.26576233, 3.7984009
8.926788, -0.24420166, 3.7864227
8.978256, -0.24899292, 3.8019867
8.935165, -0.25857544, 3.7780457
8.9279785, -0.27772522, 3.7636871
8.942337, -0.21548462, 3.7648773
8.923187, -0.2633667, 3.7445374
8.972275, -0.2633667, 3.7577057
8.962692, -0.25498962, 3.7457275
8.9279785, -0.22865295, 3.7529144
8.93277, -0.23703003, 3.751709
8.941147, -0.24182129, 3.7169952
8.9435425, -0.28370667, 3.7169952
8.945938, -0.24659729, 3.7050323
8.920792, -0.25737, 3.7169952
8.947128, -0.2561798, 3.7265778
8.950729, -0.24780273, 3.7337646
8.944733, -0.24659729, 3.7445374
8.936356, -0.23582458, 3.7612915
8.956711, -0.24899292, 3.746933
8.931564, -0.25378418, 3.7409363
8.969879, -0.2454071, 3.75531
8.920792, -0.2454071, 3.743332
8.938751, -0.27053833, 3.7529144
8.960297, -0.25378418, 3.7565002
8.929169, -0.25498962, 3.7457275
8.963898, -0.2454071, 3.7780457
8.945938, -0.2561798, 3.7816467
8.926788, -0.252594, 3.7541046
8.937561, -0.24659729, 3.7577057
8.939957, -0.24061584, 3.7936096
8.955505, -0.21427917, 3.751709
8.973465, -0.26815796, 3.75531
8.966278, -0.24780273, 3.7505188
8.950729, -0.2753296, 3.7577057
8.938751, -0.25138855, 3.794815
8.919601, -0.2454071, 3.7529144
8.912415, -0.23342896, 3.7601013
8.929169, -0.2346344, 3.77565
8.907623, -0.2741394, 3.7852325
8.91362, -0.25857544, 3.782837
8.939957, -0.24420166, 3.7744598
8.95192, -0.25138855, 3.7720642
8.966278, -0.2633667, 3.810379
8.929169, -0.26576233, 3.8079834
8.925583, -0.2561798, 3.7984009
8.956711, -0.23342896, 3.7577057
8.935165, -0.24420166, 3.7960052
8.93277, -0.24899292, 3.8127594
8.947128, -0.25019836, 3.7960052
8.931564, -0.24182129, 3.7888184
8.949524, -0.22984314, 3.8211517
8.924393, -0.23342896, 3.7852325
8.930374, -0.2454071, 3.8055878
8.930374, -0.252594, 3.8594513
8.941147, -0.25019836, 3.8235474
8.954315, -0.22865295, 3.770874
8.926788, -0.23942566, 3.794815
8.910019, -0.24061584, 3.818756
8.93277, -0.23223877, 3.8127594
8.955505, -0.23822021, 3.8127594
8.950729, -0.23223877, 3.815155
8.918396, -0.24301147, 3.8031921
8.95311, -0.22505188, 3.779251
8.95192, -0.23822021, 3.8199463
8.916, -0.26455688, 3.7936096
8.954315, -0.252594, 3.7780457
8.931564, -0.22865295, 3.8259277
8.929169, -0.24301147, 3.830719
8.941147, -0.2346344, 3.8450928
8.955505, -0.24899292, 3.830719
8.925583, -0.2454071, 3.8355103
8.923187, -0.22505188, 3.877411
8.89566, -0.24301147, 3.8295288
8.923187, -0.26455688, 3.8163605
8.924393, -0.24780273, 3.8235474
8.955505, -0.23582458, 3.806778
8.937561, -0.252594, 3.779251
8.944733, -0.2669525, 3.7660828
8.93396, -0.25737, 3.7744598
8.942337, -0.26576233, 3.736145
8.956711, -0.24061584, 3.7409363
8.971069, -0.25976562, 3.743332
8.950729, -0.26097107, 3.7193909
8.937561, -0.25498962, 3.7265778
8.917206, -0.22265625, 3.7684784
8.919601, -0.23103333, 3.8091736
8.926788, -0.22505188, 3.8127594
8.931564, -0.25498962, 3.8426971
8.948334, -0.27053833, 3.8367157
8.996216, -0.21907043, 3.8869934
8.955505, -0.23342896, 3.8678284
8.920792, -0.25498962, 3.8283234
8.923187, -0.24780273, 3.861847
8.924393, -0.23342896, 3.8486786
8.921997, -0.25138855, 3.8414917
8.9435425, -0.23822021, 3.8055878
8.9279785, -0.24780273, 3.830719
8.900452, -0.27174377, 3.794815
8.938751, -0.24899292, 3.794815
8.942337, -0.24420166, 3.810379
8.91362, -0.25019836, 3.8007965
8.900452, -0.2454071, 3.77565
8.911224, -0.2238617, 3.822342
8.930374, -0.23822021, 3.8079834
8.949524, -0.2454071, 3.8367157
8.929169, -0.2633667, 3.8594513
8.918396, -0.23223877, 3.8403015
8.956711, -0.23942566, 3.839096
8.939957, -0.24182129, 3.8594513
8.93396, -0.2346344, 3.8175507
8.907623, -0.24899292, 3.8163605
8.893265, -0.252594, 3.8498688
8.917206, -0.25138855, 3.8295288
8.929169, -0.24780273, 3.8199463
8.926788, -0.25857544, 3.8283234
8.93396, -0.25378418, 3.8522644
8.920792, -0.27053833, 3.8319244
8.936356, -0.2669525, 3.8175507
8.921997, -0.25498962, 3.8259277
8.91362, -0.25857544, 3.8259277
8.911224, -0.21308899, 3.8259277
8.923187, -0.23103333, 3.830719
8.924393, -0.25019836, 3.8474884
8.918396, -0.25857544, 3.8414917
8.948334, -0.24899292, 3.839096
8.899246, -0.24899292, 3.8414917
8.920792, -0.24301147, 3.8498688
8.924393, -0.23582458, 3.8367157
8.920792, -0.2561798, 3.8726196
8.905228, -0.25378418, 3.8678284
8.941147, -0.25378418, 3.8558655
8.935165, -0.252594, 3.8798065
8.947128, -0.252594, 3.8809967
8.948334, -0.25857544, 3.8642426
8.907623, -0.21907043, 3.8714294
8.93396, -0.2454071, 3.8510742
8.929169, -0.2669525, 3.8606567
8.936356, -0.25976562, 3.8594513
8.936356, -0.22984314, 3.8438873
8.911224, -0.22265625, 3.8403015
8.900452, -0.23822021, 3.830719
8.91481, -0.22625732, 3.8055878
8.91481, -0.22026062, 3.8271332
8.9279785, -0.22984314, 3.8199463
8.900452, -0.25857544, 3.839096
8.916, -0.23582458, 3.8666382
8.930374, -0.24420166, 3.8522644
8.907623, -0.23942566, 3.8809967
8.910019, -0.24659729, 3.8606567
8.921997, -0.23103333, 3.861847
8.919601, -0.2346344, 3.8869934
8.919601, -0.20709229, 3.8869934
8.93396, -0.24659729, 3.8642426
8.878891, -0.25378418, 3.8355103
8.917206, -0.25857544, 3.8498688
8.941147, -0.27053833, 3.8403015
8.901642, -0.22265625, 3.8426971
8.900452, -0.2346344, 3.8534698
8.973465, -0.2346344, 3.822342
8.95192, -0.24420166, 3.837906
8.937561, -0.21548462, 3.8642426
8.935165, -0.2454071, 3.8211517
8.942337, -0.23942566, 3.818756
8.954315, -0.25737, 3.8367157
8.929169, -0.25498962, 3.8007965
8.935165, -0.25737, 3.8247375
8.921997, -0.2561798, 3.870224
8.93277, -0.25019836, 3.8594513
8.931564, -0.27893066, 3.8235474
8.919601, -0.23703003, 3.8211517
8.896851, -0.2346344, 3.8199463
8.931564, -0.252594, 3.8031921
8.919601, -0.23942566, 3.7900238
8.93396, -0.25857544, 3.8403015
8.917206, -0.26815796, 3.810379
8.916, -0.25498962, 3.822342
8.938751, -0.23103333, 3.8450928
8.901642, -0.21548462, 3.8283234
8.893265, -0.25498962, 3.815155
8.930374, -0.26097107, 3.8283234
8.884888, -0.24301147, 3.8534698
8.889664, -0.24182129, 3.8211517
8.925583, -0.24899292, 3.8259277
8.931564, -0.26216125, 3.8594513
8.930374, -0.25378418, 3.8247375
8.907623, -0.23942566, 3.8055878
8.931564, -0.24182129, 3.8486786
8.944733, -0.26216125, 3.8666382
8.916, -0.24780273, 3.8594513
8.907623, -0.25976562, 3.8881836
8.878891, -0.23822021, 3.8522644
8.911224, -0.2059021, 3.8881836
8.904037, -0.23223877, 3.846283
8.911224, -0.23103333, 3.846283
8.947128, -0.2166748, 3.8403015
8.945938, -0.23703003, 3.8522644
8.93277, -0.25857544, 3.822342
8.904037, -0.24420166, 3.815155
8.949524, -0.2669525, 3.7972107
8.916, -0.2561798, 3.818756
8.906433, -0.22625732, 3.7864227
8.924393, -0.21548462, 3.8199463
8.912415, -0.23703003, 3.8295288
8.948334, -0.23942566, 3.8450928
8.938751, -0.25498962, 3.846283
8.908829, -0.25138855, 3.8833923
8.884888, -0.21548462, 3.873825
8.926788, -0.2454071, 3.8714294
8.91362, -0.24182129, 3.8510742
8.930374, -0.26815796, 3.8833923
8.905228, -0.23822021, 3.909729
8.917206, -0.2454071, 3.9037476
8.947128, -0.24780273, 3.8869934
8.91481, -0.22984314, 3.8450928
8.907623, -0.23223877, 3.863037
8.936356, -0.23942566, 3.8355103
8.908829, -0.22625732, 3.8845978
8.900452, -0.22146606, 3.873825
8.890869, -0.2238617, 3.8714294
8.905228, -0.21907043, 3.8534698
8.931564, -0.23942566, 3.8726196
8.941147, -0.23822021, 3.8750153
8.905228, -0.21548462, 3.8845978
8.892059, -0.22505188, 3.8594513
8.920792, -0.24420166, 3.873825
8.926788, -0.25138855, 3.8678284
8.923187, -0.24061584, 3.8510742
8.908829, -0.24780273, 3.85466
8.929169, -0.26216125, 3.85466
8.9279785, -0.22505188, 3.902542
8.910019, -0.25138855, 3.8259277
8.918396, -0.252594, 3.8079834
8.920792, -0.21069336, 3.8283234
8.887283, -0.20350647, 3.8486786
8.908829, -0.2454071, 3.8403015
8.889664, -0.22865295, 3.8211517
8.923187, -0.22146606, 3.8594513
8.91481, -0.2346344, 3.902542
8.937561, -0.20111084, 3.8690338
8.887283, -0.23703003, 3.8654327
8.906433, -0.23103333, 3.8989563
8.950729, -0.24061584, 3.8809967
8.912415, -0.23223877, 3.8319244
8.902832, -0.21907043, 3.8558655
8.920792, -0.23703003, 3.8426971
8.920792, -0.23703003, 3.8163605
8.9279785, -0.2454071, 3.799591
8.936356, -0.24899292, 3.8007965
8.93396, -0.25857544, 3.863037
8.908829, -0.25378418, 3.863037
8.919601, -0.24182129, 3.8259277
8.924393, -0.20829773, 3.8331146
8.931564, -0.2346344, 3.8247375
8.930374, -0.23703003, 3.8271332
8.926788, -0.22026062, 3.8450928
8.95311, -0.2561798, 3.8690338
8.908829, -0.25976562, 3.8474884
8.884888, -0.25378418, 3.837906
8.896851, -0.24899292, 3.8438873
8.91481, -0.26455688, 3.8295288
8.938751, -0.252594, 3.837906
8.949524, -0.25737, 3.8666382
8.925583, -0.25378418, 3.8211517
8.939957, -0.23703003, 3.818756
8.936356, -0.2238617, 3.8247375
8.898056, -0.24061584, 3.8007965
8.905228, -0.24780273, 3.8426971
8.948334, -0.22625732, 3.8211517
8.948334, -0.25976562, 3.815155
8.935165, -0.24899292, 3.85466
8.912415, -0.23342896, 3.8498688
8.954315, -0.25857544, 3.8690338
8.93396, -0.23942566, 3.8666382
8.931564, -0.22146606, 3.8367157
8.912415, -0.23703003, 3.8438873
8.926788, -0.21188354, 3.8558655
8.919601, -0.22744751, 3.8474884
8.918396, -0.24182129, 3.8678284
8.908829, -0.24061584, 3.8690338
8.931564, -0.2238617, 3.8450928
8.9279785, -0.2454071, 3.8929749
8.91481, -0.25737, 3.8798065
8.907623, -0.23942566, 3.8714294
8.902832, -0.23582458, 3.877411
8.9279785, -0.2454071, 3.85466
8.920792, -0.22026062, 3.8750153
8.917206, -0.2166748, 3.8762054
8.91362, -0.24780273, 3.8678284
8.919601, -0.21786499, 3.822342
8.918396, -0.22265625, 3.8558655
8.911224, -0.22625732, 3.85466
8.944733, -0.26815796, 3.8498688
8.910019, -0.22026062, 3.8498688
8.898056, -0.2166748, 3.8534698
8.916, -0.23822021, 3.8845978
8.907623, -0.21907043, 3.8809967
8.912415, -0.22865295, 3.8510742
8.91362, -0.25138855, 3.8690338
8.906433, -0.22265625, 3.8678284
8.925583, -0.2346344, 3.8798065
8.93277, -0.23942566, 3.8809967
8.937561, -0.24780273, 3.9037476
8.894455, -0.24420166, 3.8714294
8.907623, -0.2561798, 3.8726196
8.930374, -0.24899292, 3.877411
8.960297, -0.22984314, 3.8570557
8.941147, -0.23223877, 3.8259277
8.9279785, -0.22625732, 3.8283234
8.936356, -0.2166748, 3.818756
8.904037, -0.22865295, 3.8091736
8.892059, -0.25498962, 3.8247375
8.931564, -0.24061584, 3.8283234
8.935165, -0.23223877, 3.8235474
8.941147, -0.24780273, 3.8235474
8.944733, -0.24182129, 3.8055878
8.907623, -0.25976562, 3.794815
8.904037, -0.23703003, 3.810379
8.919601, -0.24899292, 3.8007965
8.944733, -0.2346344, 3.8283234
8.955505, -0.24780273, 3.8127594
8.917206, -0.2633667, 3.8426971
8.894455, -0.26216125, 3.806778
8.939957, -0.26097107, 3.8594513
8.901642, -0.23223877, 3.8486786
8.936356, -0.21786499, 3.822342
8.923187, -0.25737, 3.8965607
8.890869, -0.22625732, 3.8654327
8.919601, -0.24420166, 3.7960052
8.896851, -0.24420166, 3.8199463
8.905228, -0.22625732, 3.8498688
8.924393, -0.24659729, 3.8115692
8.929169, -0.21427917, 3.8474884
8.929169, -0.2166748, 3.8438873
8.896851, -0.21786499, 3.837906
8.920792, -0.23822021, 3.8510742
8.93396, -0.22865295, 3.858261
8.910019, -0.22146606, 3.8594513
8.893265, -0.22744751, 3.8678284
8.911224, -0.24182129, 3.8522644
8.91362, -0.21548462, 3.9001617
8.883682, -0.23942566, 3.8833923
8.916, -0.23342896, 3.9109344
8.921997, -0.22744751, 3.8762054
8.899246, -0.2346344, 3.837906
8.93277, -0.23703003, 3.878601
8.9279785, -0.23703003, 3.8869934
8.925583, -0.24301147, 3.8762054
8.969879, -0.24420166, 3.861847
8.912415, -0.20709229, 3.8726196
8.912415, -0.2238617, 3.877411
8.899246, -0.2561798, 3.885788
8.916, -0.24182129, 3.8750153
8.920792, -0.22865295, 3.8726196
8.930374, -0.25138855, 3.8654327
8.931564, -0.24182129, 3.8510742
8.921997, -0.24899292, 3.8498688
8.929169, -0.23942566, 3.8283234
8.911224, -0.23942566, 3.8558655
8.93277, -0.25138855, 3.8295288
8.929169, -0.24780273, 3.8319244
8.926788, -0.25857544, 3.8450928
8.929169, -0.23582458, 3.7984009
8.917206, -0.26216125, 3.818756
8.925583, -0.24659729, 3.8714294
8.9435425, -0.21786499, 3.837906
8.925583, -0.21427917, 3.8331146
8.920792, -0.2346344, 3.8355103
8.917206, -0.20948792, 3.8666382
8.877701, -0.23103333, 3.8438873
8.93277, -0.25498962, 3.8271332
8.904037, -0.24659729, 3.8654327
8.941147, -0.25857544, 3.837906
8.923187, -0.23223877, 3.8295288
8.944733, -0.25857544, 3.8522644
8.920792, -0.25138855, 3.8331146
8.907623, -0.26097107, 3.8498688
8.877701, -0.22984314, 3.8211517
8.900452, -0.25378418, 3.830719
8.918396, -0.25138855, 3.791214
8.91362, -0.24182129, 3.770874
8.918396, -0.23942566, 3.8331146
8.906433, -0.22625732, 3.846283
8.877701, -0.25019836, 3.77565
8.944733, -0.22505188, 3.818756
8.926788, -0.23822021, 3.8271332
8.911224, -0.23582458, 3.8510742
8.900452, -0.24061584, 3.8331146
8.919601, -0.2561798, 3.8510742
8.929169, -0.27293396, 3.861847
8.924393, -0.23342896, 3.85466
8.930374, -0.22625732, 3.9061432
8.889664, -0.2059021, 3.885788
8.924393, -0.23703003, 3.858261
8.93277, -0.22505188, 3.8762054
8.919601, -0.22984314, 3.8522644
8.939957, -0.2454071, 3.8474884
8.908829, -0.24659729, 3.916916
8.930374, -0.23582458, 3.8678284
8.910019, -0.2346344, 3.8726196
8.9435425, -0.23223877, 3.870224
8.911224, -0.23223877, 3.8726196
8.887283, -0.22505188, 3.878601
8.8884735, -0.25019836, 3.8486786
8.906433, -0.24301147, 3.8989563
8.937561, -0.23582458, 3.8845978
8.89566, -0.24182129, 3.877411
8.91362, -0.22865295, 3.897766
8.948334, -0.2454071, 3.9157104
8.907623, -0.252594, 3.916916
8.880096, -0.23942566, 3.901352
8.877701, -0.22984314, 3.9205017
8.900452, -0.24301147, 3.918106
8.886078, -0.23703003, 3.8798065
8.920792, -0.24182129, 3.8822021
8.916, -0.23342896, 3.8905792
8.91481, -0.22865295, 3.8893738
8.878891, -0.22625732, 3.8750153
8.887283, -0.22984314, 3.8498688
8.911224, -0.252594, 3.8522644
8.887283, -0.25857544, 3.861847
8.91362, -0.26815796, 3.8594513
8.939957, -0.2454071, 3.8822021
8.91481, -0.22625732, 3.8822021
8.907623, -0.2238617, 3.8833923
8.921997, -0.22984314, 3.9001617
8.91481, -0.23582458, 3.8678284
8.908829, -0.22865295, 3.873825
8.899246, -0.26097107, 3.877411
8.911224, -0.23703003, 3.873825
8.925583, -0.23942566, 3.8905792
8.944733, -0.25138855, 3.8809967
8.919601, -0.24182129, 3.9109344
8.939957, -0.24061584, 3.8893738
8.89566, -0.25498962, 3.870224
8.908829, -0.25019836, 3.877411
8.923187, -0.23223877, 3.8403015
8.906433, -0.24182129, 3.8726196
8.906433, -0.21907043, 3.8750153
8.904037, -0.20948792, 3.830719
8.91362, -0.23582458, 3.873825
8.900452, -0.22265625, 3.8510742
8.902832, -0.22505188, 3.8522644
8.880096, -0.2346344, 3.8355103
8.896851, -0.23223877, 3.863037
8.883682, -0.24659729, 3.8893738
8.893265, -0.27293396, 3.9241028
8.882492, -0.26455688, 3.9193115
8.9279785, -0.2454071, 3.897766
8.896851, -0.23103333, 3.91333
8.898056, -0.23223877, 3.9396515
8.902832, -0.19871521, 3.9480438
8.898056, -0.22865295, 3.9300842
8.902832, -0.1951294, 3.9121246
8.892059, -0.22744751, 3.956421
8.878891, -0.26097107, 3.9264984
8.926788, -0.24061584, 3.9205017
8.93396, -0.24780273, 3.942047
8.931564, -0.23342896, 3.8965607
8.920792, -0.24061584, 3.885788
8.887283, -0.23703003, 3.8905792
8.935165, -0.22146606, 3.8905792
8.920792, -0.23942566, 3.8642426
8.87291, -0.24659729, 3.8522644
8.878891, -0.22865295, 3.8965607
8.908829, -0.23342896, 3.8666382
8.904037, -0.22146606, 3.8833923
8.898056, -0.23223877, 3.8522644
8.905228, -0.23942566, 3.846283
8.930374, -0.24420166, 3.9288788
8.916, -0.23582458, 3.9228973
8.890869, -0.2238617, 3.8726196
8.900452, -0.22865295, 3.863037
8.877701, -0.23342896, 3.918106
8.896851, -0.25498962, 3.901352
8.901642, -0.2454071, 3.8606567
8.939957, -0.2346344, 3.8762054
8.908829, -0.2346344, 3.894165
8.887283, -0.25138855, 3.9037476
8.896851, -0.25976562, 3.894165
8.886078, -0.23342896, 3.8833923
8.893265, -0.2346344, 3.9049377
8.907623, -0.23822021, 3.9276886
8.908829, -0.2561798, 3.901352
8.89566, -0.26934814, 3.8989563
8.884888, -0.2753296, 3.897766
8.924393, -0.27053833, 3.9276886
8.896851, -0.24659729, 3.877411
8.866928, -0.2633667, 3.8558655
8.887283, -0.21188354, 3.8438873
8.904037, -0.2346344, 3.8917694
8.884888, -0.24420166, 3.8917694
8.91362, -0.24659729, 3.858261
8.905228, -0.23942566, 3.8594513
8.899246, -0.22984314, 3.8989563
8.901642, -0.23103333, 3.9205017
8.904037, -0.22625732, 3.9264984
8.906433, -0.24659729, 3.9600067
8.87291, -0.26815796, 3.925293
8.886078, -0.23582458, 3.9288788
8.910019, -0.21069336, 3.9276886
8.911224, -0.23342896, 3.909729
8.918396, -0.24301147, 3.9228973
8.905228, -0.23103333, 3.9588165
8.883682, -0.22625732, 3.9384613
8.894455, -0.20948792, 3.91333
8.864532, -0.22146606, 3.9205017
8.886078, -0.20948792, 3.9504395
8.900452, -0.25138855, 3.925293
8.902832, -0.21188354, 3.949234
8.871719, -0.2238617, 3.9241028
8.906433, -0.24061584, 3.897766
8.894455, -0.21308899, 3.9193115
8.87291, -0.23822021, 3.9468384
8.863342, -0.23342896, 3.878601
8.894455, -0.22265625, 3.885788
8.877701, -0.23103333, 3.8881836
8.91481, -0.2238617, 3.8869934
8.91481, -0.24780273, 3.9312744
8.894455, -0.24301147, 3.8570557
8.896851, -0.23223877, 3.9085388
8.917206, -0.2166748, 3.9384613
8.8884735, -0.24899292, 3.9264984
8.893265, -0.21188354, 3.9085388
8.883682, -0.23582458, 3.9288788
8.865723, -0.2238617, 3.937271
8.91481, -0.23703003, 3.9228973
8.889664, -0.22984314, 3.940857
8.902832, -0.25498962, 3.9516296
8.876495, -0.26455688, 3.9432526
8.899246, -0.2238617, 3.9264984
8.926788, -0.2346344, 3.9145203
8.902832, -0.252594, 3.9073334
8.896851, -0.24182129, 3.8953705
8.898056, -0.2238617, 3.897766
8.91362, -0.2238617, 3.8750153
8.908829, -0.22625732, 3.8498688
8.887283, -0.22146606, 3.8690338
8.921997, -0.24301147, 3.8762054
8.9435425, -0.25019836, 3.8570557
8.883682, -0.2454071, 3.873825
8.89566, -0.21427917, 3.8426971
8.920792, -0.2346344, 3.877411
8.91362, -0.2454071, 3.8642426
8.900452, -0.2346344, 3.8726196
8.916, -0.23223877, 3.902542
8.926788, -0.23342896, 3.9540253
8.905228, -0.21786499, 3.9288788
8.892059, -0.21069336, 3.897766
8.924393, -0.23582458, 3.9324799
8.892059, -0.2059021, 3.9360657
8.887283, -0.22146606, 3.937271
8.89566, -0.20829773, 3.9109344
8.899246, -0.24420166, 3.9157104
8.907623, -0.2346344, 3.8726196
8.870514, -0.2166748, 3.8822021
8.892059, -0.2561798, 3.9121246
8.901642, -0.23223877, 3.8929749
8.910019, -0.22505188, 3.902542
8.898056, -0.24301147, 3.9324799
8.910019, -0.24899292, 3.918106
8.893265, -0.23703003, 3.8510742
8.887283, -0.21548462, 3.9193115
8.878891, -0.21427917, 3.9612122
8.890869, -0.22026062, 3.9073334
8.890869, -0.22146606, 3.9276886
8.900452, -0.23342896, 3.9444427
8.91481, -0.24301147, 3.916916
8.923187, -0.25857544, 3.8965607
8.876495, -0.25498962, 3.9241028
8.887283, -0.24420166, 3.949234
8.918396, -0.22625732, 3.918106
8.911224, -0.2059021, 3.8953705
8.887283, -0.20111084, 3.9360657
8.9279785, -0.22026062, 3.902542
8.907623, -0.23103333, 3.902542
8.889664, -0.19154358, 3.9444427
8.874115, -0.22505188, 3.9061432
8.892059, -0.24659729, 3.909729
8.923187, -0.21548462, 3.9241028
8.893265, -0.22865295, 3.916916
8.881287, -0.23942566, 3.942047
8.894455, -0.24659729, 3.9456482
8.89566, -0.24182129, 3.9241028
8.857346, -0.23223877, 3.957611
8.871719, -0.22146606, 3.9528198
8.884888, -0.2346344, 3.9001617
8.889664, -0.22984314, 3.9276886
8.875305, -0.24659729, 3.9540253
8.869324, -0.24061584, 3.93367
8.870514, -0.20111084, 3.9324799
8.858551, -0.22026062, 3.916916
8.859741, -0.24182129, 3.9312744
8.870514, -0.23822021, 3.916916
8.880096, -0.23103333, 3.9360657
8.919601, -0.25138855, 3.9384613
8.892059, -0.22625732, 3.9228973
8.883682, -0.22265625, 3.9432526
8.899246, -0.24301147, 3.9264984
8.902832, -0.22744751, 3.9264984
8.887283, -0.2166748, 3.9480438
8.902832, -0.20948792, 3.937271
8.880096, -0.20709229, 3.9600067
8.887283, -0.25019836, 3.9528198
8.919601, -0.2669525, 3.937271
8.912415, -0.21548462, 3.9276886
8.904037, -0.23223877, 3.8893738
8.910019, -0.24301147, 3.942047
8.875305, -0.21308899, 3.9241028
8.876495, -0.19752502, 3.925293
8.898056, -0.23582458, 3.9312744
8.899246, -0.24182129, 3.9516296
8.906433, -0.22625732, 3.9659882
8.874115, -0.22625732, 3.9899445
8.875305, -0.23582458, 3.91333
8.875305, -0.22625732, 3.9109344
8.89566, -0.23703003, 3.9109344
8.908829, -0.21427917, 3.897766
8.876495, -0.21188354, 3.8965607
8.898056, -0.252594, 3.9552155
8.926788, -0.22265625, 3.925293
8.900452, -0.21427917, 3.942047
8.900452, -0.24061584, 3.91333
8.878891, -0.20709229, 3.894165
8.886078, -0.19871521, 3.9121246
8.906433, -0.24420166, 3.901352
8.911224, -0.22744751, 3.8953705
8.911224, -0.22146606, 3.9109344
8.864532, -0.21188354, 3.8678284
8.883682, -0.21907043, 3.8666382
8.899246, -0.23223877, 3.925293
8.89566, -0.23223877, 3.870224
8.925583, -0.21907043, 3.902542
8.893265, -0.22265625, 3.9193115
8.898056, -0.2346344, 3.9121246
8.907623, -0.24899292, 3.9324799
8.893265, -0.22625732, 3.9228973
8.841782, -0.20469666, 3.9444427
8.886078, -0.23342896, 3.9348755
8.901642, -0.24420166, 3.9504395
8.883682, -0.2238617, 3.9552155
8.925583, -0.2454071, 3.937271
8.901642, -0.26455688, 3.9659882
8.901642, -0.2346344, 3.940857
8.899246, -0.22625732, 3.9516296
8.882492, -0.2238617, 3.9516296
8.874115, -0.2059021, 3.9348755
8.899246, -0.21786499, 3.8989563
8.919601, -0.22265625, 3.9049377
8.905228, -0.2346344, 3.916916
8.898056, -0.24301147, 3.901352
8.881287, -0.23103333, 3.8965607
8.874115, -0.22744751, 3.957611
8.912415, -0.2454071, 3.9444427
8.900452, -0.23703003, 3.9073334
8.906433, -0.23223877, 3.9396515
8.8884735, -0.21069336, 3.9300842
8.875305, -0.252594, 3.9193115
8.902832, -0.26934814, 3.9540253
8.901642, -0.24420166, 3.9444427
8.908829, -0.22146606, 3.9121246
8.921997, -0.22744751, 3.9276886
8.862137, -0.25138855, 3.9516296
8.864532, -0.252594, 3.9516296
8.901642, -0.25737, 3.9396515
8.907623, -0.2346344, 3.9205017
8.955505, -0.20948792, 3.9205017
8.898056, -0.2238617, 3.9145203
8.901642, -0.23822021, 3.9193115
8.901642, -0.24301147, 3.91333
8.883682, -0.23822021, 3.894165
8.896851, -0.23582458, 3.9241028
8.89566, -0.24061584, 3.925293
8.912415, -0.21427917, 3.9480438
8.907623, -0.24420166, 3.9456482
8.947128, -0.22505188, 3.9061432
8.942337, -0.23103333, 3.9157104
8.882492, -0.2346344, 3.9085388
8.89566, -0.23223877, 3.9157104
8.907623, -0.20948792, 3.870224
8.91481, -0.24182129, 3.8750153
8.893265, -0.23342896, 3.9396515
8.887283, -0.21786499, 3.8726196
8.896851, -0.24659729, 3.818756
8.899246, -0.1951294, 3.8510742
8.864532, -0.22625732, 3.8798065
8.884888, -0.22265625, 3.925293

