x : y : Z 
1.448, -2.076, 8.746
1.448, -2.076, 8.746
1.448, -2.076, 8.746
1.39, -2.096, 8.832
1.39, -2.096, 8.832
1.333, -2.086, 8.919
1.649, -2.086, 8.392
1.649, -2.086, 8.392
1.649, -2.086, 8.392
1.84, -2.0, 8.219
1.984, -1.933, 8.267
1.984, -1.933, 8.267
2.061, -1.904, 8.478
2.061, -1.904, 8.478
2.089, -1.923, 8.717
2.051, -1.904, 8.909
2.08, -1.99, 9.062
1.994, -2.028, 9.014
1.994, -2.028, 9.014
2.061, -2.057, 8.938
2.109, -2.076, 8.88
2.042, -2.096, 9.148
2.042, -2.096, 9.148
2.003, -2.057, 8.928
2.003, -2.057, 8.928
2.032, -2.076, 8.746
2.118, -2.201, 8.507
2.118, -2.201, 8.507
2.109, -2.268, 8.277
1.86, -2.392, 7.827
1.86, -2.392, 7.827
1.86, -2.392, 7.827
1.802, -2.459, 7.664
1.812, -2.335, 7.75
1.812, -2.335, 7.75
1.534, -2.172, 8.114
1.534, -2.172, 8.114
1.457, -2.105, 8.373
1.17, -1.981, 8.411
1.17, -1.981, 8.411
1.046, -1.866, 8.468
1.065, -1.789, 8.555
1.065, -1.789, 8.555
1.055, -1.741, 8.43
1.055, -1.741, 8.43
1.007, -1.712, 8.583
0.586, -1.875, 8.775
0.586, -1.875, 8.775
0.586, -1.875, 8.775
0.433, -2.105, 8.976
0.289, -2.316, 8.823
0.289, -2.316, 8.823
0.136, -2.392, 8.593
0.097, -2.622, 8.507
0.097, -2.622, 8.507
0.002, -2.775, 8.746
-0.104, -2.804, 8.899
-0.008, -2.814, 9.244
-0.008, -2.814, 9.244
0.212, -2.785, 9.254
0.212, -2.785, 9.254
0.471, -2.565, 8.717
0.471, -2.565, 8.717
0.615, -2.277, 8.143
0.615, -2.277, 8.143
0.854, -2.096, 7.836
1.007, -2.019, 7.712
1.046, -1.923, 7.721
0.605, -2.038, 8.296
0.605, -2.038, 8.296
0.327, -2.019, 8.631
0.327, -2.019, 8.631
0.327, -2.019, 8.631
0.758, -1.511, 8.401
0.758, -1.511, 8.401
0.835, -1.281, 8.516
0.854, -1.291, 8.775
0.854, -1.291, 8.775
0.672, -1.435, 9.139
0.672, -1.435, 9.139
0.567, -1.598, 9.474
0.461, -1.636, 9.589
0.48, -1.847, 9.656
0.48, -1.847, 9.656
0.634, -1.952, 9.78
0.729, -2.019, 9.972
0.969, -1.952, 9.666
0.969, -1.952, 9.666
0.969, -1.952, 9.666
1.17, -1.866, 9.321
1.534, -1.684, 9.12
1.534, -1.684, 9.12
1.611, -1.281, 9.158
1.611, -1.281, 9.158
1.515, -1.186, 9.081
1.515, -1.186, 9.081
1.582, -1.109, 9.014
1.582, -1.109, 9.014
1.812, -1.032, 8.976
1.812, -1.032, 8.976
2.08, -0.783, 9.302
2.156, -0.573, 9.78
2.156, -0.573, 9.78
2.176, -0.18, 10.01
2.137, 0.031, 9.924
2.137, 0.031, 9.924
1.936, 0.146, 9.694
1.189, -0.123, 9.771
0.231, -0.534, 9.809
0.231, -0.534, 9.809
-0.601, -0.372, 9.982
-0.601, -0.372, 9.982
-1.262, -0.601, 10.01
-1.262, -0.601, 10.01
-1.606, -0.783, 9.982
-1.807, -0.889, 9.895
-2.114, -0.889, 10.029
-2.114, -0.889, 10.029
-2.114, -0.726, 10.097
-1.846, -0.812, 10.173
-1.013, -0.429, 10.384
-1.013, -0.429, 10.384
-0.697, -0.42, 10.326
-0.342, -0.4, 9.982
-0.342, -0.4, 9.982
-0.113, -0.544, 10.001
-0.505, -0.563, 9.972
-0.505, -0.563, 9.972
-0.572, -0.64, 9.713
-0.495, -0.745, 9.57
-0.495, -0.745, 9.57
-0.018, -1.214, 9.053
0.231, -1.406, 8.804
0.892, -1.138, 8.689
0.892, -1.138, 8.689
1.189, -1.052, 8.765
1.189, -1.052, 8.765
1.141, -0.994, 8.631
0.998, -0.975, 8.67
0.998, -0.975, 8.67
1.007, -0.946, 8.679
1.007, -0.946, 8.679
1.046, -0.86, 8.804
1.046, -0.86, 8.804
1.074, -0.803, 8.832
0.978, -0.736, 9.081
0.624, -0.764, 9.484
0.624, -0.764, 9.484
0.672, -0.659, 9.618
0.672, -0.659, 9.618
0.758, -0.601, 9.464
0.758, -0.601, 9.464
0.758, -0.41, 9.512
0.701, -0.42, 9.445
0.643, -0.582, 9.618
0.528, -0.745, 9.867
0.528, -0.745, 9.867
0.299, -0.87, 9.723
0.299, -0.87, 9.723
0.174, -0.908, 9.685
0.193, -1.119, 9.589
0.222, -1.109, 9.426
0.423, -1.071, 9.34
0.423, -1.071, 9.34
0.375, -1.08, 9.445
0.404, -1.09, 9.512
0.404, -1.09, 9.512
0.413, -1.061, 9.579
0.413, -1.061, 9.579
0.394, -1.023, 9.493
0.394, -1.023, 9.493
0.48, -0.994, 9.493
0.48, -0.994, 9.493
0.442, -1.061, 9.397
0.433, -1.147, 9.282
0.442, -1.071, 9.282
0.442, -1.071, 9.282
0.366, -1.071, 9.273
0.385, -1.004, 9.321
0.366, -0.898, 9.225
0.366, -0.898, 9.225
0.423, -0.87, 9.168
0.509, -0.812, 9.378
0.576, -0.85, 9.407
0.576, -0.85, 9.407
0.595, -0.831, 9.455
0.624, -0.831, 9.417
0.624, -0.831, 9.417
0.576, -0.831, 9.388
0.691, -0.764, 9.417
0.691, -0.764, 9.417
0.624, -0.803, 9.436
0.624, -0.803, 9.436
0.442, -0.803, 9.474
0.279, -0.774, 9.828
0.279, -0.774, 9.828
0.27, -0.87, 10.01
0.279, -0.87, 9.982
0.279, -0.87, 9.982
0.289, -0.793, 9.388
0.413, -0.793, 9.551
0.413, -0.793, 9.551
0.413, -0.793, 9.551
0.452, -0.812, 9.551
0.337, -0.898, 9.56
0.337, -0.898, 9.56
0.279, -0.898, 9.503
0.231, -0.86, 9.522
0.212, -0.803, 9.551
0.212, -0.803, 9.551
0.404, -0.803, 9.426
0.404, -0.803, 9.426
0.461, -0.755, 9.57
0.461, -0.755, 9.57
0.366, -0.774, 9.589
0.385, -0.707, 9.56
0.404, -0.64, 9.541
0.404, -0.64, 9.541
0.327, -0.573, 9.646
0.318, -0.534, 9.589
0.318, -0.534, 9.589
0.279, -0.554, 9.522
0.126, -0.554, 9.464
0.126, -0.554, 9.464
0.126, -0.554, 9.464
0.117, -0.515, 9.56
0.117, -0.515, 9.56
0.088, -0.515, 9.512
0.126, -0.487, 9.397
0.126, -0.487, 9.397
0.126, -0.506, 9.531
0.107, -0.439, 9.522
0.107, -0.439, 9.522
0.222, -0.42, 9.618
0.184, -0.458, 9.522
0.184, -0.458, 9.522
0.203, -0.42, 9.608
0.203, -0.42, 9.608
0.059, -0.458, 9.541
0.059, -0.458, 9.541
0.05, -0.42, 9.56
-0.018, -0.352, 9.618
-0.018, -0.352, 9.618
0.078, -0.352, 9.551
0.155, -0.352, 9.608
0.155, -0.352, 9.608
0.299, -0.439, 9.598
0.318, -0.477, 9.579
0.279, -0.439, 9.484
0.26, -0.496, 9.493
0.26, -0.496, 9.493
0.203, -0.592, 9.512
0.203, -0.592, 9.512
0.193, -0.611, 9.33
0.241, -0.63, 9.34
0.241, -0.63, 9.34
0.231, -0.764, 9.397
0.155, -0.563, 9.57
0.155, -0.563, 9.57
0.03, -0.534, 9.608
0.03, -0.534, 9.608
-0.123, -0.381, 9.752
-0.123, -0.381, 9.752
-0.19, -0.19, 9.857
-0.19, -0.209, 9.915
-0.19, -0.209, 9.915
-0.218, -0.142, 9.924
-0.218, -0.142, 9.924
-0.152, -0.18, 9.857
-0.152, -0.18, 9.857
-0.085, -0.266, 9.713
0.011, -0.372, 9.78
0.011, -0.372, 9.78
-0.018, -0.343, 9.761
0.059, -0.305, 9.761
0.059, -0.305, 9.761
0.078, -0.314, 9.809
0.088, -0.305, 9.809
0.088, -0.305, 9.809
0.117, -0.295, 9.838
0.174, -0.209, 9.723
0.212, -0.142, 9.723
0.212, -0.142, 9.723
0.212, -0.142, 9.723
0.279, -0.161, 9.761
0.279, -0.18, 9.723
0.279, -0.18, 9.723
0.212, -0.151, 9.8
0.212, -0.151, 9.8
0.212, -0.056, 9.637
0.184, 0.002, 9.694
0.184, 0.002, 9.694
0.193, 0.031, 9.704
0.413, 0.136, 9.512
0.413, 0.136, 9.512
0.48, 0.165, 9.541
0.48, 0.165, 9.541
0.567, 0.241, 9.531
0.634, 0.384, 9.33
0.634, 0.384, 9.33
0.701, 0.451, 9.349
0.701, 0.451, 9.349
0.797, 0.518, 9.187
0.844, 0.595, 9.349
0.844, 0.595, 9.349
0.844, 0.595, 9.407
0.825, 0.585, 9.8
0.825, 0.585, 9.8
0.854, 0.47, 9.934
0.854, 0.47, 9.934
0.701, 0.299, 10.135
0.337, 0.241, 10.068
0.337, 0.241, 10.068
0.203, 0.193, 10.393
0.05, 0.346, 10.336
0.05, 0.346, 10.336
0.002, 0.528, 10.087
0.184, 0.451, 9.982
0.413, 0.403, 9.752
0.576, 0.384, 9.388
0.576, 0.384, 9.388
0.806, 0.346, 8.957
0.806, 0.346, 8.957
1.429, 0.355, 8.497
1.907, 0.403, 8.229
2.118, 0.441, 8.325
2.118, 0.441, 8.325
2.568, 0.374, 9.215
2.396, 0.441, 8.842
2.396, 0.441, 8.842
2.626, -0.056, 10.441
2.626, -0.056, 10.441
2.597, -0.123, 10.824
2.53, -0.352, 10.805
2.415, -0.343, 10.786
2.396, -0.247, 10.719
2.396, -0.247, 10.719
2.271, -0.257, 10.604
2.099, -0.333, 10.575
1.678, -0.525, 10.413
1.678, -0.525, 10.413
0.921, -0.774, 10.097
0.921, -0.774, 10.097
0.222, -0.841, 9.876
0.222, -0.841, 9.876
0.327, -0.563, 9.761
0.327, -0.563, 9.761
0.615, -0.305, 9.484
0.615, -0.305, 9.484
0.672, -0.18, 9.225
0.672, -0.18, 9.225
0.653, -0.094, 9.244
0.758, 0.069, 9.043
0.739, 0.069, 9.005
0.739, 0.069, 9.005
0.787, 0.05, 8.746
0.835, 0.04, 8.564
0.835, 0.04, 8.564
0.797, 0.002, 8.468
0.797, 0.002, 8.468
0.835, 0.021, 8.373
0.864, 0.021, 8.162
0.931, 0.002, 8.2
0.931, 0.002, 8.2
0.95, -0.008, 8.21
0.95, -0.008, 8.21
0.959, 0.098, 8.363
0.959, 0.098, 8.363
0.931, 0.136, 8.459
0.959, 0.117, 8.717
0.959, 0.117, 8.717
1.17, 0.203, 8.947
1.18, 0.165, 9.12
1.419, 0.241, 9.081
1.419, 0.241, 9.081
1.754, 0.251, 9.139
1.965, 0.232, 9.292
1.965, 0.232, 9.292
2.042, 0.232, 9.292
2.07, 0.241, 9.359
2.099, 0.27, 9.397
2.099, 0.27, 9.397
2.166, 0.299, 9.244
2.166, 0.299, 9.244
2.319, 0.27, 9.196
2.358, 0.318, 9.024
2.358, 0.318, 9.024
2.482, 0.299, 9.043
2.415, 0.26, 9.062
2.415, 0.26, 9.062
2.252, 0.374, 8.88
2.214, 0.355, 8.871
2.214, 0.355, 8.871
2.195, 0.289, 8.823
2.214, 0.289, 8.823
2.262, 0.308, 8.66
2.262, 0.308, 8.66
2.147, 0.365, 8.564
2.109, 0.346, 8.468
2.022, 0.26, 8.401
2.022, 0.26, 8.401
1.907, 0.107, 8.497
1.726, -0.171, 8.325
1.726, -0.171, 8.325
1.821, -0.065, 8.363
1.793, -0.056, 8.152
1.84, -0.113, 8.095
1.84, -0.113, 8.095
1.735, -0.103, 8.009
1.735, -0.103, 8.009
1.544, -0.094, 8.277
1.4, 0.05, 8.478
1.457, 0.126, 8.488
1.342, 0.241, 8.382
1.285, 0.384, 8.21
1.285, 0.384, 8.21
1.247, 0.394, 8.315
1.256, 0.432, 8.353
1.256, 0.432, 8.353
1.256, 0.537, 8.277
1.352, 0.528, 8.373
1.352, 0.528, 8.373
1.553, 0.614, 8.267
1.553, 0.614, 8.267
1.793, 0.633, 8.344
1.917, 0.633, 8.171
2.003, 0.566, 8.286
2.08, 0.528, 8.545
2.08, 0.528, 8.545
2.166, 0.47, 8.899
2.166, 0.47, 8.899
2.166, 0.47, 8.899
2.338, 0.422, 8.89
2.53, 0.336, 9.187
2.53, 0.336, 9.187
2.53, 0.28, 9.436
2.511, -0.046, 10.518
2.511, -0.046, 10.518
2.674, -0.18, 10.882
2.674, -0.18, 10.882
2.722, -0.333, 11.246
2.587, -0.41, 11.581
2.587, -0.41, 11.581
2.3, -0.41, 12.146
2.3, -0.41, 12.146
2.147, -0.362, 12.203
2.118, -0.362, 12.146
2.118, -0.362, 12.146
1.975, -0.266, 11.935
1.975, -0.266, 11.935
1.419, -0.238, 11.533
1.093, -0.391, 10.757
0.768, -0.669, 10.106
0.461, -0.908, 9.282
0.461, -0.908, 9.282
0.519, -1.013, 8.88
0.519, -1.013, 8.88
0.624, -0.86, 8.679
0.864, -0.783, 8.507
1.122, -0.716, 8.315
1.122, -0.716, 8.315
1.323, -0.783, 8.21
1.323, -0.783, 8.21
1.285, -0.898, 8.114
0.95, -1.099, 7.99
0.95, -1.099, 7.99
0.768, -1.195, 8.104
0.605, -1.224, 8.286
0.557, -1.262, 8.353
0.557, -1.262, 8.353
0.49, -1.253, 8.286
0.548, -1.243, 8.239
0.595, -1.243, 8.239
0.595, -1.243, 8.239
0.71, -1.119, 8.507
0.71, -1.119, 8.507
0.71, -1.08, 8.928
0.825, -1.052, 9.129
0.825, -1.052, 9.129
0.873, -1.061, 9.349
0.739, -1.157, 9.417
0.739, -1.157, 9.417
0.691, -1.138, 9.493
0.471, -1.368, 9.522
0.155, -1.511, 9.455
0.155, -1.511, 9.455
-0.065, -1.425, 9.742
-0.4, -1.052, 10.097
-0.4, -1.052, 10.097
-0.725, -0.946, 10.259
-0.725, -0.946, 10.259
-0.907, -0.918, 10.451
-0.936, -0.86, 10.451
-0.821, -0.793, 10.508
-0.821, -0.793, 10.508
-0.629, -0.611, 10.547
-0.629, -0.611, 10.547
-0.361, -0.621, 10.336
-0.027, -0.841, 9.905
0.26, -1.023, 9.445
0.26, -1.023, 9.445
0.471, -1.042, 9.177
0.471, -1.042, 9.177
0.739, -0.994, 8.938
0.739, -0.994, 8.938
0.873, -1.186, 8.535
1.199, -1.08, 8.449
1.199, -1.08, 8.449
1.658, -0.994, 8.507
1.773, -0.918, 8.593
1.773, -0.918, 8.593
1.84, -0.87, 8.966
1.84, -0.87, 8.966
1.917, -0.812, 9.005
1.917, -0.812, 9.005
1.879, -0.774, 9.148
1.879, -0.774, 9.148
1.572, -0.879, 9.12
1.352, -0.956, 9.1
1.352, -0.956, 9.1
1.046, -1.214, 8.804
0.921, -1.205, 8.804
0.921, -1.205, 8.804
0.586, -1.435, 8.756
0.586, -1.435, 8.756
0.538, -1.281, 8.823
0.538, -1.281, 8.823
0.318, -1.444, 8.823
0.26, -1.358, 8.957
0.26, -1.358, 8.957
0.318, -1.339, 9.081
0.375, -1.32, 8.976
0.375, -1.32, 8.976
0.49, -1.358, 9.081
0.567, -1.291, 9.053
0.567, -1.291, 9.053
0.662, -1.281, 8.823
0.892, -1.281, 8.631
0.892, -1.281, 8.631
1.256, -1.052, 8.832
1.256, -1.052, 8.832
1.256, -1.052, 8.832
1.429, -0.985, 9.12
1.429, -0.985, 9.12
1.419, -1.013, 9.225
1.438, -0.889, 9.282
1.208, -1.052, 9.014
1.208, -1.052, 9.014
1.802, -0.707, 9.522
1.802, -0.707, 9.522
1.477, -0.669, 9.388
1.438, -0.678, 9.512
1.218, -0.659, 9.282
1.218, -0.659, 9.282
1.16, -0.592, 9.455
1.16, -0.592, 9.455
1.084, -0.649, 9.503
0.911, -0.515, 9.522
0.911, -0.515, 9.522
0.72, -0.63, 9.666
0.72, -0.63, 9.666
0.595, -0.707, 9.484
0.595, -0.707, 9.484
0.5, -0.745, 9.589
0.5, -0.745, 9.589
0.413, -0.726, 9.761
0.26, -0.745, 9.723
0.26, -0.745, 9.723
0.164, -0.707, 9.733
0.011, -0.649, 9.752
0.011, -0.649, 9.752
-0.018, -0.659, 9.742
-0.046, -0.669, 9.733
-0.046, -0.669, 9.733
0.078, -0.669, 9.943
0.528, -0.592, 10.183
0.528, -0.592, 10.183
0.94, -0.381, 10.374
1.371, -0.075, 10.259
1.371, -0.075, 10.259
1.505, 0.002, 10.192
1.582, -0.056, 10.077
1.582, -0.056, 10.077
1.122, -0.439, 9.943
1.122, -0.439, 9.943
0.538, -0.841, 9.426
0.538, -0.841, 9.426
0.48, -0.937, 9.445
0.48, -0.937, 9.445
0.509, -0.889, 9.407
0.509, -0.889, 9.407
0.586, -0.87, 9.531
0.586, -0.736, 9.618
0.586, -0.736, 9.618
0.691, -0.649, 9.694
0.653, -0.611, 9.876
0.662, -0.506, 9.962
0.662, -0.506, 9.962
0.749, -0.448, 10.135
0.749, -0.448, 10.135
0.844, -0.448, 10.192
0.825, -0.391, 10.211
0.825, -0.391, 10.211
0.902, -0.295, 10.326
0.883, -0.161, 10.69
0.883, -0.161, 10.69
1.026, -0.103, 10.652
0.797, -0.19, 10.815
0.423, -0.343, 11.006
0.423, -0.343, 11.006
0.107, -0.247, 11.217
-0.199, -0.056, 11.284
-0.199, -0.056, 11.284
-0.256, 0.146, 11.131
-0.256, 0.146, 11.131
0.03, 0.394, 10.614
0.03, 0.394, 10.614
0.03, 0.394, 10.614
0.193, 0.48, 10.384
0.193, 0.48, 10.384
0.49, 0.671, 10.02
0.701, 0.748, 9.8
1.103, 0.681, 9.493
1.496, 0.355, 9.158
1.496, 0.355, 9.158
2.415, -0.084, 8.938
3.861, -0.19, 8.459
3.861, -0.19, 8.459
4.752, -0.305, 8.267
4.34, -0.132, 8.382
4.34, -0.132, 8.382
2.808, -0.525, 9.12
1.975, -0.554, 9.713
1.975, -0.554, 9.713
1.304, -0.601, 9.742
0.988, -0.822, 9.78
0.988, -0.822, 9.78
0.787, -1.08, 8.765
0.787, -1.08, 8.765
0.595, -1.339, 8.909
0.595, -1.339, 8.909
-0.313, -1.329, 9.953
-0.313, -1.329, 9.953
-0.543, -1.454, 10.384
-0.831, -1.626, 9.934
-0.831, -1.626, 9.934
-0.725, -1.981, 10.46
-0.725, -1.981, 10.46
-0.735, -2.0, 10.049
-0.486, -2.22, 10.144
-0.486, -2.22, 10.144
-0.342, -2.325, 10.077
0.48, -2.239, 10.097
2.051, -1.665, 9.455
2.051, -1.665, 9.455
2.3, -1.655, 9.282
3.047, -1.626, 8.478
3.047, -1.626, 8.478
3.181, -1.751, 8.037
3.229, -1.875, 7.865
3.162, -1.942, 7.53
3.162, -1.942, 7.53
3.076, -1.99, 7.329
3.076, -1.99, 7.329
2.846, -1.904, 7.243
2.846, -1.904, 7.243
2.654, -1.904, 7.223
2.511, -1.894, 7.252
2.377, -1.799, 7.099
2.243, -1.77, 6.974
2.243, -1.77, 6.974
2.204, -1.799, 6.955
2.204, -1.799, 6.955
2.224, -1.751, 6.994
2.128, -1.617, 7.214
2.128, -1.617, 7.214
2.195, -1.665, 7.262
2.271, -1.444, 7.568
2.271, -1.444, 7.568
2.358, -1.406, 7.769
2.358, -1.406, 7.769
2.405, -1.099, 8.009
2.405, -1.099, 8.009
2.434, -0.774, 8.152
2.367, -0.352, 8.66
2.367, -0.352, 8.66
2.243, -0.161, 9.043
2.185, -0.094, 9.081
2.118, 0.117, 9.158
2.089, 0.299, 9.062
1.946, 0.355, 9.1
1.946, 0.355, 9.1
1.831, 0.422, 9.148
1.831, 0.422, 9.148
1.524, 0.451, 9.053
1.524, 0.451, 9.053
1.505, 0.403, 8.995
1.544, 0.365, 8.88
1.544, 0.365, 8.88
1.697, 0.394, 8.89
1.697, 0.394, 8.89
1.697, 0.394, 8.89
2.051, 0.671, 8.708
2.176, 0.777, 8.737
2.358, 1.093, 8.746
2.358, 1.093, 8.746
2.511, 1.284, 8.564
2.52, 1.399, 8.411
2.52, 1.399, 8.411
2.501, 1.428, 8.325
2.434, 1.562, 8.21
2.434, 1.562, 8.21
2.281, 1.648, 8.219
2.281, 1.648, 8.219
2.281, 1.639, 8.124
2.166, 1.6, 8.057
2.185, 1.514, 8.085
2.185, 1.514, 8.085
2.156, 1.342, 8.162
1.524, 0.767, 8.67
1.524, 0.767, 8.67
0.528, 0.203, 10.221
0.528, 0.203, 10.221
-0.161, 0.203, 11.217
-0.171, 0.107, 11.409
0.04, -0.113, 11.418
0.04, -0.113, 11.418
-0.018, -0.132, 11.265
-0.62, 0.213, 11.035
-0.62, 0.213, 11.035
-1.08, 0.059, 10.978
-1.319, -0.362, 10.786
-1.319, -0.362, 10.786
-1.501, -0.63, 10.69
-1.501, -0.63, 10.69
-1.319, -0.487, 10.355
-1.319, -0.487, 10.355
-1.022, -0.247, 10.135
-0.869, -0.103, 9.943
-0.658, -0.027, 9.646
-0.658, -0.027, 9.646
-0.792, -0.027, 9.33
-0.792, -0.027, 9.33
-0.878, 0.011, 8.88
-0.878, 0.011, 8.88
-0.792, 0.002, 8.737
-0.792, 0.002, 8.737
-0.677, 0.002, 8.832
-0.476, -0.142, 8.44
-0.476, -0.142, 8.44
0.04, -0.582, 8.152
0.04, -0.582, 8.152
0.117, -0.688, 8.277
0.27, -0.755, 8.248
0.27, -0.755, 8.248
0.366, -0.783, 8.286
0.366, -0.783, 8.286
0.404, -0.86, 8.306
0.442, -0.86, 8.344
0.615, -0.918, 8.258
0.615, -0.918, 8.258
0.72, -0.994, 8.306
0.72, -0.994, 8.306
0.519, -1.186, 8.344
0.461, -1.214, 8.555
0.299, -1.281, 8.784
0.308, -1.167, 9.177
0.078, -1.186, 9.139
0.078, -1.186, 9.139
0.069, -1.147, 9.072
-0.218, -1.023, 10.901
-0.218, -1.023, 10.901
-0.457, -0.678, 10.834
-0.706, -0.343, 10.633
-0.754, -0.266, 10.767
-1.022, -0.142, 10.7
-1.309, -0.151, 10.939
-1.309, -0.151, 10.939
-1.511, -0.19, 10.844
-1.989, -0.295, 10.393
-1.989, -0.295, 10.393
-1.884, -0.372, 9.943
-1.884, -0.372, 9.943
-1.702, -0.381, 9.694
-1.558, -0.343, 9.876
-1.309, -0.314, 9.56
-0.725, -0.448, 9.589
-0.725, -0.448, 9.589
0.682, -1.195, 8.938
0.682, -1.195, 8.938
1.381, -1.167, 8.832
1.381, -1.167, 8.832
2.051, -0.87, 8.947
2.415, -0.755, 8.995
2.492, -0.716, 9.474
2.492, -0.716, 9.474
2.243, -0.774, 9.417
1.716, -0.803, 9.378
1.716, -0.803, 9.378
0.911, -1.099, 9.349
0.911, -1.099, 9.349
0.26, -1.416, 9.33
0.26, -1.416, 9.33
-0.104, -1.281, 9.33
-0.323, -1.08, 9.311
-0.352, -0.927, 9.397
-0.352, -0.927, 9.397
-0.333, -0.783, 9.551
-0.256, -0.755, 9.656
-0.237, -0.544, 9.847
-0.237, -0.544, 9.847
-0.275, -0.448, 9.991
-0.275, -0.448, 9.991
-0.476, -0.343, 10.068
-0.476, -0.343, 10.068
-0.562, -0.238, 9.8
-0.706, -0.439, 10.125
-0.706, -0.439, 10.125
-0.888, -0.477, 10.039
-0.792, -0.592, 9.962
-0.61, -0.678, 9.8
-0.61, -0.678, 9.8
-0.152, -1.071, 9.215
-0.152, -1.071, 9.215
0.662, -1.205, 8.794
1.371, -1.099, 8.583
1.371, -1.099, 8.583
2.013, -0.86, 8.449
2.013, -0.86, 8.449
1.975, -0.803, 8.737
1.716, -0.755, 9.436
1.247, -0.889, 9.828
1.132, -0.764, 10.106
1.132, -0.764, 10.106
1.151, -0.774, 10.039
1.103, -0.803, 10.058
1.103, -0.803, 10.058
1.026, -0.736, 10.01
0.988, -0.707, 10.106
1.026, -0.716, 10.173
1.026, -0.716, 10.173
0.998, -0.659, 10.154
0.998, -0.659, 10.154
0.95, -0.611, 10.164
0.998, -0.649, 10.211
1.036, -0.573, 10.077
1.199, -0.458, 10.077
1.199, -0.458, 10.077
1.237, -0.4, 9.972
1.237, -0.4, 9.972
1.352, -0.324, 9.982
1.352, -0.324, 9.982
1.39, -0.333, 9.982
1.457, -0.075, 10.221
1.457, -0.075, 10.221
1.467, 0.002, 10.288
1.477, 0.117, 10.46
1.438, 0.146, 10.499
1.275, -0.046, 10.69
1.275, -0.046, 10.69
0.72, -0.592, 10.872
0.72, -0.592, 10.872
0.72, -0.592, 10.872
0.548, -0.736, 11.131
0.624, -0.659, 11.207
0.624, -0.659, 11.207
1.17, -0.41, 11.016
1.63, -0.171, 11.227
1.84, 0.088, 11.16
1.84, 0.088, 11.16
1.802, 0.27, 10.92
1.505, 0.078, 10.738
1.505, 0.078, 10.738
0.844, -0.439, 10.786
0.844, -0.439, 10.786
0.988, -0.4, 10.336
1.247, -0.333, 9.637
1.86, -0.18, 9.129
2.195, -0.027, 8.641
2.195, -0.027, 8.641
2.176, -0.008, 8.028
2.176, -0.008, 8.028
2.329, -0.142, 7.587
2.31, -0.276, 7.683
2.042, -0.554, 7.664
1.773, -0.908, 7.482
1.773, -0.908, 7.482
1.055, -1.607, 7.357
0.299, -1.866, 7.846
-0.123, -1.703, 8.612
-0.123, -1.703, 8.612
-0.218, -1.511, 9.244
-0.218, -1.511, 9.244
-0.285, -1.435, 10.432
-0.304, -1.339, 11.016
-0.304, -1.339, 11.016
-0.075, -1.358, 11.207
0.021, -1.454, 11.294
0.155, -1.425, 11.265
0.155, -1.425, 11.265
0.567, -1.195, 11.351
0.567, -1.195, 11.351
0.595, -1.205, 11.284
0.749, -1.262, 10.949
0.749, -1.262, 10.949
1.055, -1.186, 10.566
1.515, -1.224, 10.087
1.515, -1.224, 10.087
1.888, -1.119, 9.694
1.888, -1.119, 9.694
2.051, -1.167, 9.302
2.118, -1.511, 8.248
2.118, -1.511, 8.248
2.137, -1.578, 7.932
2.233, -1.875, 7.539
2.233, -1.875, 7.539
2.214, -2.028, 7.3
2.271, -2.019, 7.061
2.271, -2.019, 7.061
2.137, -2.115, 7.032
2.137, -2.115, 7.032
2.032, -2.191, 6.917
2.032, -2.191, 6.917
2.042, -2.23, 6.946
2.042, -2.373, 6.955
2.118, -2.354, 7.099
2.271, -2.335, 7.233
2.271, -2.335, 7.233
2.846, -2.325, 7.578
2.846, -2.325, 7.578
3.373, -2.115, 7.616
3.832, -1.904, 7.683
3.832, -1.904, 7.683
4.187, -1.722, 7.741
4.187, -1.722, 7.741
4.455, -1.492, 8.028
4.263, -1.243, 8.239
4.12, -1.253, 8.526
3.737, -1.262, 8.602
3.737, -1.262, 8.602
3.478, -1.099, 8.507
3.478, -1.099, 8.507
3.478, -1.099, 8.507
3.469, -0.937, 8.698
3.469, -0.937, 8.698
3.478, -0.716, 8.765
3.698, -0.496, 8.784
3.698, -0.496, 8.784
3.928, -0.209, 8.507
3.995, -0.123, 8.286
4.005, 0.011, 8.171
4.34, 0.155, 8.104
4.34, 0.155, 8.104
4.177, 0.222, 7.942
3.765, 0.327, 7.98
3.765, 0.327, 7.98
3.21, 0.203, 8.133
2.434, 0.069, 8.277
2.434, 0.069, 8.277
1.85, -0.103, 8.143
1.85, -0.103, 8.143
0.797, -0.649, 7.922
0.797, -0.649, 7.922
0.471, -0.812, 7.741
0.48, -0.669, 7.827
0.48, -0.669, 7.827
0.624, -0.611, 7.922
0.624, -0.611, 7.922
0.921, -0.352, 8.152
1.362, -0.065, 8.344
1.85, 0.193, 8.133
2.444, 0.394, 8.057
2.444, 0.394, 8.057
2.722, 0.47, 8.095
2.961, 0.652, 8.085
2.875, 0.652, 8.239
2.875, 0.652, 8.239
3.114, 0.834, 8.296
2.971, 0.853, 8.555
2.971, 0.853, 8.555
2.971, 0.853, 8.555
2.971, 0.882, 8.459
2.693, 0.786, 8.66
2.693, 0.786, 8.66
2.3, 0.719, 8.507
2.156, 0.652, 8.564
2.156, 0.652, 8.564
2.07, 0.662, 8.507
2.07, 0.662, 8.507
1.907, 0.556, 8.488
1.515, 0.461, 8.602
1.611, 0.47, 8.555
1.611, 0.47, 8.555
1.515, 0.374, 8.526
1.601, 0.27, 8.564
1.601, 0.27, 8.564
1.496, 0.126, 8.88
1.429, 0.126, 8.976
1.429, 0.126, 8.976
1.122, -0.171, 9.225
0.94, -0.477, 9.8
0.94, -0.477, 9.8
1.093, -0.42, 9.943
1.553, -0.372, 10.259
2.195, -0.065, 10.231
2.195, -0.065, 10.231
2.75, 0.002, 10.566
3.737, 0.336, 10.48
4.742, 0.547, 10.824
4.742, 0.547, 10.824
6.074, 0.355, 10.796
6.074, 0.355, 10.796
6.37, 0.528, 11.198
5.355, 0.384, 11.983
2.923, -0.199, 11.591
2.923, -0.199, 11.591
2.923, -0.199, 11.591
1.802, -0.841, 10.451
0.308, -1.377, 9.627
0.308, -1.377, 9.627
-1.175, -1.08, 9.417
-1.175, -1.08, 9.417
-2.449, -1.665, 8.966
-2.449, -1.665, 8.966
-3.263, -1.808, 8.813
-3.598, -1.808, 8.851
-3.598, -1.808, 8.851
-2.861, -1.444, 9.043
-2.861, -1.444, 9.043
-1.98, -1.281, 8.995
-1.98, -1.281, 8.995
-1.453, -1.099, 8.928
-0.591, -1.004, 8.622
-0.591, -1.004, 8.622
-0.19, -1.186, 8.43
0.03, -1.253, 8.143
0.318, -1.281, 8.133
0.442, -1.291, 8.306
0.442, -1.291, 8.306
0.155, -1.31, 8.373
-0.218, -1.272, 8.545
-0.342, -1.329, 8.602
-0.313, -1.483, 8.555
-0.065, -1.77, 8.306
-0.065, -1.77, 8.306
0.538, -1.894, 8.421
0.538, -1.894, 8.421
0.691, -1.856, 8.468
0.548, -1.923, 8.708
0.548, -1.923, 8.708
0.49, -1.885, 9.196
0.088, -1.741, 9.484
0.088, -1.741, 9.484
-0.275, -1.387, 9.991
-0.275, -1.387, 9.991
-0.505, -1.099, 10.173
-0.831, -1.032, 10.346
-0.831, -1.032, 10.346
-0.965, -0.985, 10.47
-0.965, -0.985, 10.47
-1.041, -0.994, 10.221
-0.725, -0.908, 9.934
-0.352, -1.147, 9.8
-0.075, -1.435, 9.378
-0.075, -1.435, 9.378
0.519, -1.588, 9.091
1.16, -1.598, 8.89
1.16, -1.598, 8.89
1.16, -1.598, 8.89
1.122, -1.732, 8.851
1.122, -1.732, 8.851
1.055, -1.847, 8.593
0.844, -1.942, 8.421
0.5, -2.143, 8.2
0.059, -2.153, 8.085
0.059, -2.153, 8.085
0.04, -2.009, 8.114
0.107, -1.827, 8.258
0.107, -1.827, 8.258
-0.008, -1.406, 8.449
-0.008, -1.406, 8.449
-0.161, -1.071, 8.823
-0.371, -0.793, 9.1
-0.764, -0.64, 9.081
-0.764, -0.64, 9.081
-1.07, -0.755, 8.899
-1.07, -0.755, 8.899
-1.415, -0.86, 8.717
-1.415, -0.86, 8.717
-1.472, -0.774, 8.804
-1.357, -0.649, 8.986
-1.262, -0.352, 9.57
-1.262, -0.352, 9.57
-1.156, 0.05, 9.876
-1.156, 0.05, 9.876
-0.878, 0.508, 9.972
-0.878, 0.508, 9.972
-0.735, 0.652, 9.905
-0.735, 0.652, 9.905
-0.524, 0.576, 10.106
-0.524, 0.576, 10.106
-0.524, 0.576, 10.106
-0.457, 0.729, 10.231
-0.457, 0.729, 10.231
-0.61, 0.671, 10.154
-0.649, 0.662, 9.972
-0.898, 0.652, 9.915
-0.878, 0.576, 9.685
-0.878, 0.576, 9.685
-1.032, 0.432, 9.656
-1.032, 0.432, 9.656
-1.137, 0.241, 9.551
-1.137, 0.241, 9.551
-1.185, 0.203, 9.627
-1.3, 0.155, 9.598
-1.281, 0.146, 9.598
-0.926, 0.26, 9.426
-0.926, 0.26, 9.426
-0.926, 0.26, 9.426
-0.649, 0.251, 9.57
-0.649, 0.251, 9.57
-0.572, 0.251, 9.704
-1.051, 0.117, 9.666
-1.137, -0.142, 9.876
-1.137, -0.142, 9.876
-1.166, -0.238, 9.618
-0.792, -0.257, 9.704
-0.792, -0.257, 9.704
-0.668, -0.305, 9.733
-0.218, -0.487, 9.608
-0.218, -0.487, 9.608
0.088, -0.649, 9.551
0.193, -0.755, 9.627
0.193, -0.755, 9.627
0.299, -0.736, 9.771
0.193, -0.649, 9.8
0.107, -0.573, 10.183
-0.085, -0.477, 10.317
-0.085, -0.477, 10.317
-0.4, -0.18, 10.317
-0.4, -0.18, 10.317
-0.313, -0.132, 10.077
-0.275, -0.161, 10.02
-0.275, -0.161, 10.02
-0.304, -0.017, 10.077
-0.304, -0.017, 10.077
-0.304, 0.078, 10.144
-0.304, 0.078, 10.144
-0.275, 0.021, 10.259
-0.161, 0.002, 10.451
-0.075, -0.065, 10.719
-0.075, -0.065, 10.719
-0.161, 0.011, 10.863
-0.333, 0.078, 10.939
-0.428, 0.088, 11.006
-0.448, 0.098, 11.188
-0.448, 0.098, 11.188
-0.39, -0.017, 11.37
-0.199, -0.084, 11.313
-0.199, -0.084, 11.313
-0.056, -0.238, 11.389
0.136, -0.333, 11.409
0.136, -0.333, 11.409
-0.018, -0.41, 11.428
-0.218, -0.381, 11.591
-0.218, -0.381, 11.591
-0.208, -0.803, 10.891
-0.208, -0.803, 10.891
-0.132, -1.291, 10.173
0.375, -1.55, 9.273
0.375, -1.55, 9.273
0.959, -1.53, 8.583
1.802, -1.368, 8.057
1.802, -1.368, 8.057
2.224, -1.291, 7.865
2.224, -1.291, 7.865
2.473, -1.214, 7.808
2.453, -1.147, 7.942
2.453, -1.147, 7.942
2.75, -1.128, 7.712
2.75, -1.128, 7.712
2.587, -1.368, 7.281
2.971, -1.645, 6.946
2.971, -1.645, 6.946
3.287, -1.933, 6.323
3.67, -1.914, 6.582
3.67, -1.914, 6.582
3.287, -1.914, 6.898
2.434, -2.076, 7.606
1.16, -2.316, 8.248
1.16, -2.316, 8.248
0.375, -2.488, 8.306
0.375, -2.488, 8.306
0.442, -2.517, 8.401
0.442, -2.517, 8.401
0.519, -2.488, 8.574
0.576, -2.191, 8.851
0.346, -2.21, 9.349
0.346, -2.21, 9.349
0.49, -2.028, 10.029
0.49, -2.028, 10.029
0.394, -2.076, 10.077
0.634, -2.038, 9.924
0.749, -2.009, 9.857
1.17, -1.952, 9.091
1.17, -1.952, 9.091
1.429, -1.827, 8.851
1.486, -1.789, 8.593
1.821, -1.741, 8.468
1.821, -1.741, 8.468
2.013, -1.799, 8.037
2.013, -1.799, 8.037
2.128, -1.904, 7.817
2.166, -2.0, 7.549
2.195, -2.048, 7.511
2.291, -2.115, 7.549
2.291, -2.115, 7.549
2.377, -2.182, 7.434
2.53, -2.22, 7.329
2.53, -2.22, 7.329
2.779, -2.182, 7.52
2.942, -2.134, 7.597
3.085, -2.048, 7.616
3.085, -2.048, 7.616
3.133, -1.99, 7.76
3.133, -1.99, 7.76
3.258, -1.818, 8.325
3.258, -1.818, 8.325
2.951, -1.751, 8.804
2.951, -1.751, 8.804
2.789, -1.636, 9.053
2.463, -1.492, 9.349
2.463, -1.492, 9.349
2.214, -1.329, 9.388
1.994, -1.435, 9.57
1.946, -1.492, 9.531
1.975, -1.473, 9.148
2.013, -1.598, 8.689
2.013, -1.598, 8.689
2.013, -1.598, 8.689
2.176, -1.281, 8.641
2.176, -1.281, 8.641
2.338, -1.339, 8.526
2.511, -1.147, 8.641
2.511, -1.147, 8.641
2.463, -1.061, 8.574
2.444, -1.099, 8.325
2.214, -1.004, 8.353
2.214, -1.004, 8.353
2.089, -0.965, 8.248
2.089, -0.965, 8.248
1.975, -0.87, 8.143
1.783, -0.85, 8.162
1.783, -0.85, 8.162
1.544, -0.86, 8.085
1.39, -0.841, 8.104
1.39, -0.841, 8.104
1.227, -0.764, 8.095
1.314, -0.783, 8.057
1.227, -0.793, 7.922
1.227, -0.793, 7.922
1.141, -0.793, 7.875
1.199, -0.736, 8.258
1.199, -0.736, 8.258
1.783, -0.266, 8.526
1.783, -0.266, 8.526
2.022, -0.113, 8.813
2.022, -0.113, 8.813
2.156, 0.04, 8.756
2.329, 0.021, 8.88
2.329, 0.021, 8.88
2.367, 0.184, 8.851
2.367, 0.184, 8.851
2.482, 0.26, 9.072
2.875, 0.508, 8.919
2.875, 0.508, 8.919
2.664, 0.413, 9.187
2.319, 0.499, 9.177
2.319, 0.499, 9.177
2.252, 0.556, 9.349
2.195, 0.595, 9.311
2.195, 0.595, 9.311
2.156, 0.767, 9.34
2.051, 0.777, 9.244
1.965, 0.729, 9.235
1.965, 0.729, 9.235
1.754, 0.681, 9.177
1.754, 0.681, 9.177
1.601, 0.643, 8.851
1.438, 0.566, 8.88
1.438, 0.566, 8.88
1.409, 0.547, 9.072
1.409, 0.547, 9.072
1.4, 0.595, 9.311
1.4, 0.595, 9.311
0.931, 0.556, 9.982
0.931, 0.556, 9.982
0.682, 0.547, 9.666
0.682, 0.547, 9.666
0.519, 0.461, 9.043
0.519, 0.461, 9.043
-0.094, 0.241, 8.813
-1.175, 0.069, 8.66
-1.175, 0.069, 8.66
-1.52, -0.113, 8.66
-2.124, -0.487, 8.622
-2.124, -0.487, 8.622
-2.325, -0.812, 8.909
-2.325, -0.812, 8.909
-2.191, -1.243, 9.12
-2.191, -1.243, 9.12
-1.434, -1.636, 8.67
-0.171, -2.21, 8.143
1.534, -2.172, 8.181
1.534, -2.172, 8.181
2.645, -2.038, 9.187
2.645, -2.038, 9.187
3.775, -1.684, 10.154
5.413, -1.732, 10.69
5.413, -1.732, 10.69
6.897, -1.578, 11.035
6.054, -1.521, 11.37
6.054, -1.521, 11.37
3.516, -1.224, 11.887
1.18, -1.827, 11.322
1.18, -1.827, 11.322
-0.285, -2.163, 10.508
-1.53, -2.67, 9.12
-1.53, -2.67, 9.12
-1.463, -2.766, 8.746
-1.06, -2.488, 8.708
-1.06, -2.488, 8.708
-0.495, -2.354, 8.966
-0.046, -2.565, 8.995
0.375, -2.651, 8.842
0.375, -2.651, 8.842
0.662, -2.325, 8.957
0.615, -2.201, 9.129
0.356, -2.096, 9.388
0.356, -2.096, 9.388
-0.008, -1.837, 9.761
-0.008, -1.837, 9.761
-0.428, -1.578, 9.196
-0.764, -1.617, 9.11
-0.764, -1.617, 9.11
-0.898, -1.665, 8.468
-0.85, -1.722, 8.229
-0.85, -1.722, 8.229
-0.706, -1.712, 8.248
-0.706, -1.712, 8.248
-0.227, -1.77, 8.239
-0.227, -1.77, 8.239
-0.056, -1.799, 7.875
0.519, -1.837, 7.377
0.519, -1.837, 7.377
1.16, -1.751, 7.664
1.591, -1.416, 7.932
1.544, -1.339, 8.334
1.544, -1.339, 8.334
1.036, -1.425, 8.89
0.404, -1.463, 9.397
0.404, -1.463, 9.397
-0.065, -1.234, 9.713
-0.065, -1.234, 9.713
-0.965, -0.803, 9.962
-0.965, -0.803, 9.962
-1.348, -0.755, 9.857
-1.348, -0.755, 9.857
-1.702, -0.726, 9.771
-2.171, -0.678, 9.886
-2.171, -0.678, 9.886
-2.373, -0.525, 10.077
-2.468, -0.467, 10.202
-2.468, -0.467, 10.202
-2.44, -0.467, 9.905
-2.401, -0.362, 9.79
-2.401, -0.362, 9.79
-2.258, -0.333, 9.464
-2.258, -0.333, 9.464
-2.028, -0.439, 9.302
-1.836, -0.439, 9.254
-1.568, -0.448, 9.139
-1.482, -0.601, 9.043
-1.482, -0.601, 9.043
-1.357, -0.621, 9.158
-1.357, -0.621, 9.158
-1.223, -0.697, 9.053
-0.974, -0.774, 8.909
-0.974, -0.774, 8.909
-0.821, -0.736, 8.804
-0.821, -0.736, 8.804
-0.811, -0.669, 9.215
-0.811, -0.669, 9.215
-0.936, -0.688, 9.464
-0.936, -0.688, 9.464
-0.936, -0.592, 9.78
-0.917, -0.63, 9.953
-0.974, -0.592, 10.068
-1.118, -0.697, 10.087
-1.147, -0.621, 10.202
-1.147, -0.621, 10.202
-1.137, -0.783, 10.278
-1.137, -0.783, 10.278
-1.242, -0.946, 10.164
-1.405, -0.975, 9.972
-1.405, -0.975, 9.972
-1.558, -1.032, 9.867
-1.807, -1.128, 9.694
-1.807, -1.128, 9.694
-2.056, -1.234, 9.426
-2.162, -1.167, 9.589
-2.162, -1.167, 9.589
-2.162, -1.167, 9.225
-2.229, -1.109, 9.187
-2.258, -0.975, 9.311
-2.21, -0.86, 9.311
-2.21, -0.86, 9.311
-2.056, -0.764, 9.321
-2.037, -0.678, 9.254
-2.037, -0.678, 9.254
-1.999, -0.573, 9.503
-1.807, -0.515, 9.512
-1.807, -0.515, 9.512
-1.922, -0.496, 9.627
-2.056, -0.506, 9.646
-2.056, -0.506, 9.646
-2.229, -0.534, 9.694
-2.296, -0.582, 9.78
-2.296, -0.582, 9.78
-2.401, -0.63, 9.79
-2.44, -0.592, 9.828
-2.363, -0.554, 9.905
-2.363, -0.554, 9.905
-2.305, -0.592, 9.828
-2.104, -0.477, 9.934
-2.104, -0.477, 9.934
-1.74, -0.381, 9.905
-1.74, -0.381, 9.905
-1.635, -0.352, 9.761
-1.434, -0.381, 9.982
-1.357, -0.276, 10.097
-1.357, -0.276, 10.097
-1.242, -0.209, 10.125
-1.242, -0.209, 10.125
-1.127, -0.228, 10.135
-1.127, -0.228, 10.135
-1.07, -0.103, 10.02
-0.993, 0.031, 10.039
-1.118, 0.088, 9.857
-1.233, 0.126, 9.656
-1.233, 0.126, 9.656
-1.415, 0.327, 9.627
-1.52, 0.241, 9.541
-1.645, 0.394, 9.397
-1.645, 0.394, 9.397
-1.827, 0.365, 9.254
-2.047, 0.441, 8.995
-2.047, 0.441, 8.995
-2.047, 0.441, 8.995
-2.056, 0.318, 9.254
-2.171, 0.184, 9.541
-2.171, 0.184, 9.541
-2.286, -0.036, 9.656
-2.286, -0.036, 9.656
-2.449, -0.257, 9.79
-2.66, -0.467, 9.771
-2.66, -0.467, 9.771
-2.756, -0.534, 10.173
-2.938, -0.755, 10.307
-2.938, -0.755, 10.307
-3.321, -1.013, 10.384
-3.321, -1.013, 10.384
-3.541, -1.262, 10.604
-3.541, -1.262, 10.604
-3.167, -1.349, 10.547
-2.554, -1.53, 10.489
-2.554, -1.53, 10.489
-1.97, -1.598, 10.451
-0.831, -1.291, 10.231
-0.831, -1.291, 10.231
-0.419, -1.291, 9.886
0.212, -1.751, 9.445
0.883, -1.444, 9.78
0.883, -1.444, 9.78
1.544, -1.004, 9.828
1.544, -1.004, 9.828
1.764, -0.879, 9.79
1.936, -0.85, 9.886
1.936, -0.85, 9.886
1.994, -0.841, 9.809
1.86, -0.803, 9.847
1.86, -0.803, 9.847
0.902, -1.32, 9.187
0.902, -1.32, 9.187
0.519, -1.588, 9.053
0.519, -1.588, 9.053
-0.142, -1.732, 8.966
-0.142, -1.732, 8.966
-0.562, -1.559, 8.717
-1.041, -1.703, 8.909
-1.041, -1.703, 8.909
-1.376, -1.665, 8.919
-1.185, -1.55, 8.861
-1.185, -1.55, 8.861
-0.562, -1.32, 8.583
-0.562, -1.32, 8.583
0.394, -1.53, 8.421
0.394, -1.53, 8.421
0.567, -1.329, 8.564
0.816, -1.224, 8.909
0.816, -1.224, 8.909
0.816, -1.176, 8.957
0.576, -1.349, 8.89
0.088, -1.502, 9.005
-0.256, -1.176, 9.378
-0.409, -1.099, 9.608
-0.409, -1.099, 9.608
-0.467, -0.841, 9.857
-0.467, -0.841, 9.857
-0.4, -0.85, 10.001
-0.304, -0.918, 10.039
-0.304, -0.918, 10.039
-0.113, -1.071, 9.694
-0.113, -1.071, 9.694
0.385, -1.253, 9.407
0.519, -1.157, 9.397
0.519, -1.157, 9.397
0.634, -0.975, 9.349
0.739, -0.716, 9.464
0.739, -0.716, 9.464
0.777, -0.525, 9.627
0.672, -0.314, 9.713
0.672, -0.314, 9.713
0.615, -0.257, 9.589
0.624, -0.228, 9.589
0.557, -0.247, 9.273
0.557, -0.247, 9.273
0.337, -0.496, 9.072
0.337, -0.496, 9.072
0.078, -0.525, 9.005
0.078, -0.525, 9.005
-0.056, -0.678, 8.976
-0.104, -0.716, 8.804
-0.104, -0.716, 8.804
0.164, -1.08, 8.842
0.164, -1.08, 8.842
0.164, -1.08, 8.842
0.251, -1.052, 8.784
0.366, -1.205, 8.622
0.366, -1.205, 8.622
0.548, -1.243, 8.555
0.691, -1.387, 8.488
0.94, -1.492, 8.277
1.16, -1.521, 8.277
1.16, -1.521, 8.277
1.524, -1.387, 8.2
1.524, -1.387, 8.2
1.86, -1.349, 8.258
2.176, -1.492, 8.124
2.176, -1.492, 8.124
2.204, -1.463, 8.076
2.271, -1.425, 8.2
2.271, -1.425, 8.2
2.338, -1.339, 8.334
2.425, -1.214, 8.602
2.425, -1.214, 8.602
2.434, -1.31, 8.535
2.501, -1.109, 8.555
2.683, -0.994, 8.67
2.683, -0.994, 8.67
2.741, -0.812, 8.756
2.942, -0.573, 8.842
3.105, -0.266, 8.928
3.105, -0.266, 8.928
3.076, -0.008, 8.861
3.076, -0.008, 8.861
2.674, 0.088, 8.976
2.674, 0.088, 8.976
2.137, 0.299, 8.986
1.572, 0.165, 9.187
1.572, 0.165, 9.187
0.988, 0.117, 9.455
0.653, -0.017, 9.493
0.653, -0.017, 9.493
0.682, 0.059, 9.378
0.921, 0.299, 9.1
0.921, 0.299, 9.1
1.122, 0.508, 9.014
1.448, 0.748, 8.947
1.448, 0.748, 8.947
1.706, 1.045, 9.158
1.706, 1.045, 9.158
1.879, 1.169, 9.33
1.955, 1.275, 9.522
1.898, 1.294, 9.627
1.898, 1.294, 9.627
1.256, 0.997, 9.282
1.256, 0.997, 9.282
0.672, 0.623, 9.081
0.088, 0.059, 9.129
0.088, 0.059, 9.129
-0.152, -0.18, 8.842
-0.152, -0.18, 8.842
-0.39, -0.295, 8.976
-0.39, -0.534, 9.158
-0.486, -0.64, 9.206
-0.4, -0.87, 9.091
-0.4, -0.87, 9.091
-0.161, -1.281, 8.823
-0.161, -1.281, 8.823
0.078, -1.511, 8.746
0.308, -1.866, 8.622
0.308, -1.866, 8.622
0.538, -1.904, 8.976
0.538, -1.904, 8.976
0.758, -1.856, 9.56
1.132, -1.655, 9.962
1.132, -1.655, 9.962
1.342, -1.463, 10.566
1.438, -1.061, 11.14
1.438, -1.061, 11.14
1.323, -0.87, 11.322
0.921, -0.621, 11.696
0.174, -0.467, 11.715
0.174, -0.467, 11.715
-0.582, 0.031, 11.552
-1.013, -0.065, 11.14
-1.089, -0.218, 10.259
-1.089, -0.218, 10.259
-0.993, -0.266, 9.713
-0.658, -0.372, 9.522
-0.658, -0.372, 9.522
-0.352, -0.573, 9.1
-0.18, -0.755, 8.689
-0.208, -1.013, 8.583
-0.208, -1.013, 8.583
-0.371, -1.099, 8.641
-0.457, -1.205, 8.392
-0.831, -1.339, 8.363
-1.357, -1.435, 8.267
-1.357, -1.435, 8.267
-1.664, -1.358, 8.306
-1.664, -1.358, 8.306
-1.961, -1.281, 8.344
-1.999, -1.349, 8.363
-1.999, -1.349, 8.363
-2.095, -1.339, 8.401
-1.961, -1.224, 8.746
-1.961, -1.224, 8.746
-1.089, -0.64, 9.579
-1.089, -0.64, 9.579
-0.658, -0.458, 9.819
-0.658, -0.458, 9.819
-0.409, -0.534, 9.733
-0.256, -0.659, 9.637
-0.085, -0.927, 9.493
-0.085, -0.927, 9.493
-0.056, -0.87, 9.311
-0.199, -0.927, 9.244
-0.199, -0.927, 9.244
-0.725, -0.783, 9.349
-0.725, -0.783, 9.349
-1.003, -0.831, 9.235
-1.252, -0.927, 9.168
-1.472, -1.032, 8.928
-1.606, -1.061, 8.804
-1.606, -1.061, 8.804
-1.673, -1.138, 8.765
-1.683, -0.965, 9.378
-1.683, -0.965, 9.378
-1.645, -0.755, 9.982
-1.645, -0.755, 9.982
-1.664, -0.601, 10.202
-1.702, -0.525, 10.413
-1.798, -0.429, 10.575
-1.798, -0.429, 10.575
-2.152, -0.171, 10.709
-2.152, -0.171, 10.709
-2.344, -0.036, 10.642
-2.478, 0.011, 10.451
-2.478, 0.011, 10.451
-2.554, -0.113, 10.355
-2.554, -0.113, 10.355
-2.65, -0.247, 10.097
-2.641, -0.477, 9.924
-2.641, -0.477, 9.924
-2.593, -0.688, 9.637
-2.593, -0.688, 9.637
-2.459, -0.889, 9.196
-2.459, -0.889, 9.196
-2.171, -1.099, 8.861
-1.338, -1.243, 8.421
-1.338, -1.243, 8.421
-1.338, -1.243, 8.421
-0.993, -1.234, 8.516
-0.993, -1.234, 8.516
-0.946, -1.301, 8.555
-0.926, -1.358, 8.459
-0.965, -1.377, 8.43
-1.137, -1.463, 8.612
-1.137, -1.463, 8.612
-1.214, -1.377, 8.89
-1.214, -1.377, 8.89
-1.204, -1.272, 9.024
-1.204, -1.272, 9.024
-1.204, -1.272, 9.024
-1.185, -1.109, 9.244
-1.089, -0.956, 9.33
-1.06, -0.898, 9.493
-1.06, -0.898, 9.493
-0.888, -0.688, 9.713
-0.888, -0.688, 9.713
-0.936, -0.659, 9.752
-0.936, -0.659, 9.752
-0.965, -0.506, 9.761
-0.965, -0.506, 9.761
-0.974, -0.601, 9.78
-1.041, -0.525, 9.723
-1.041, -0.525, 9.723
-1.242, -0.582, 9.771
-1.242, -0.582, 9.771
-1.376, -0.601, 9.79
-1.578, -0.745, 9.666
-1.578, -0.745, 9.666
-1.424, -0.745, 9.752
-1.424, -0.745, 9.752
-0.61, -0.678, 10.02
-0.61, -0.678, 10.02
-0.61, -0.678, 10.02
-0.524, -0.726, 9.828
-0.352, -0.86, 9.761
-0.304, -0.946, 9.828
-0.304, -0.946, 9.828
-0.476, -0.774, 9.972
-0.476, -0.774, 9.972
-0.476, -0.774, 9.972
-0.61, -0.64, 10.097
-0.61, -0.64, 10.097
-0.898, -0.803, 9.761
-0.898, -0.803, 9.761
-0.917, -0.85, 9.579
-0.859, -0.841, 9.666
-0.649, -0.831, 9.761
-0.649, -0.831, 9.761
-0.534, -0.678, 9.838
-0.534, -0.678, 9.838
-0.409, -0.649, 9.78
-0.18, -0.745, 9.752
-0.18, -0.745, 9.752
0.002, -0.87, 9.8
-0.39, -0.506, 10.633
-0.39, -0.506, 10.633
-0.39, -0.506, 10.633
-1.156, -0.601, 10.681
-1.769, -0.898, 10.614
-2.133, -1.071, 10.48
-2.133, -1.071, 10.48
-2.334, -1.224, 10.451
-2.248, -0.994, 10.681
-2.114, -0.716, 10.853
-1.645, -0.41, 10.872
-1.175, 0.059, 10.882
-1.175, 0.059, 10.882
-1.032, 0.203, 10.958
-0.639, 0.299, 10.978
-0.639, 0.299, 10.978
-0.256, 0.327, 10.7
-0.438, -0.544, 10.24
-0.438, -0.544, 10.24
-0.056, -1.358, 9.321
-0.056, -1.358, 9.321
0.72, -1.617, 8.775
2.051, -1.54, 8.411
2.051, -1.54, 8.411
2.204, -1.598, 8.382
2.358, -1.847, 8.248
2.358, -1.847, 8.248
1.984, -1.866, 8.392
1.984, -1.866, 8.392
1.295, -2.076, 8.334
0.729, -2.402, 8.411
-0.094, -2.517, 8.277
-0.094, -2.517, 8.277
-0.218, -2.383, 8.229
-0.831, -2.258, 8.258
-0.831, -2.258, 8.258
-0.831, -2.258, 8.258
-0.955, -2.258, 8.382
-0.898, -2.172, 8.612
-0.898, -2.172, 8.612
-0.811, -2.038, 8.966
-0.629, -1.914, 9.254
-0.629, -1.914, 9.254
-0.524, -1.693, 9.397
-0.419, -1.502, 9.685
-0.237, -1.234, 9.733
-0.237, -1.234, 9.733
-0.104, -1.195, 9.646
-0.104, -1.195, 9.646
-0.094, -1.061, 9.79
-0.094, -1.061, 9.79
-0.037, -0.889, 9.742
-0.056, -0.688, 9.8
-0.056, -0.688, 9.8
-0.161, -0.343, 9.838
-0.161, -0.343, 9.838
-0.409, -0.046, 9.685
-0.409, -0.046, 9.685
-0.562, 0.05, 9.618
-0.821, -0.103, 9.742
-0.821, -0.103, 9.742
-0.936, -0.276, 9.656
-0.831, -0.305, 9.359
-0.831, -0.305, 9.359
-0.38, -0.506, 9.014
-0.38, -0.506, 9.014
-0.208, -0.573, 8.851
-0.065, -0.678, 8.679
0.356, -0.611, 8.832
0.452, -0.649, 8.919
0.452, -0.649, 8.919
0.825, -0.448, 9.081
0.825, -0.448, 9.081
1.007, -0.41, 9.273
1.007, -0.41, 9.273
0.509, -1.042, 9.033
0.509, -1.042, 9.033
0.835, -1.435, 8.497
0.835, -1.435, 8.497
0.835, -1.435, 8.497
1.046, -1.444, 8.545
1.39, -1.368, 8.602
1.39, -1.368, 8.602
1.658, -1.281, 8.842
1.716, -1.147, 9.024
1.716, -1.147, 9.024
1.831, -1.109, 9.225
1.793, -0.946, 9.436
1.773, -0.965, 9.512
1.773, -0.965, 9.512
1.62, -0.975, 9.522
1.438, -1.042, 9.512
1.438, -1.042, 9.512
1.227, -1.128, 9.407
1.227, -1.128, 9.407
1.036, -1.167, 9.397
1.036, -1.167, 9.397
0.95, -1.291, 9.33
0.95, -1.291, 9.33
0.777, -1.329, 9.129
0.777, -1.329, 9.129
0.72, -1.349, 9.177
0.691, -1.416, 8.986

