x : y : Z 
0.691, 2.778, 8.794
0.691, 2.778, 8.794
0.567, 2.73, 8.737
0.567, 2.73, 8.737
0.538, 2.702, 8.679
0.519, 2.75, 8.564
0.519, 2.75, 8.564
0.519, 2.778, 8.583
0.49, 2.75, 8.602
0.49, 2.75, 8.602
0.433, 2.788, 8.804
0.433, 2.788, 8.804
0.375, 2.826, 8.804
0.375, 2.826, 8.804
0.337, 2.855, 8.765
0.212, 2.874, 8.832
0.212, 2.874, 8.832
0.136, 2.912, 8.727
0.097, 2.931, 8.717
0.097, 2.931, 8.717
0.145, 2.951, 8.679
0.193, 2.903, 8.65
0.193, 2.903, 8.65
0.145, 2.893, 8.497
0.145, 2.912, 8.43
0.145, 2.912, 8.43
0.241, 2.884, 8.421
0.241, 2.855, 8.411
0.241, 2.855, 8.411
0.184, 2.817, 8.478
0.126, 2.845, 8.488
0.174, 2.836, 8.411
0.174, 2.836, 8.411
0.26, 2.817, 8.449
0.222, 2.884, 8.507
0.222, 2.884, 8.507
0.222, 2.778, 8.535
0.241, 2.855, 8.545
0.241, 2.855, 8.545
0.203, 2.807, 8.468
0.203, 2.884, 8.459
0.203, 2.884, 8.459
0.193, 2.941, 8.449
0.193, 2.941, 8.449
0.136, 2.893, 8.401
0.136, 2.893, 8.401
0.164, 2.893, 8.219
0.212, 2.807, 8.133
0.222, 2.931, 8.143
0.241, 2.874, 8.21
0.26, 2.874, 8.334
0.26, 2.874, 8.334
0.279, 2.855, 8.267
0.279, 2.855, 8.267
0.289, 2.826, 8.248
0.251, 2.864, 8.2
0.26, 2.855, 8.181
0.337, 2.817, 8.315
0.337, 2.817, 8.315
0.289, 2.893, 8.315
0.289, 2.893, 8.315
0.241, 2.836, 8.392
0.308, 2.931, 8.535
0.308, 2.931, 8.535
0.212, 2.884, 8.631
0.184, 2.903, 8.497
0.184, 2.903, 8.497
0.174, 2.855, 8.468
0.222, 2.826, 8.353
0.203, 2.903, 8.382
0.203, 2.903, 8.382
0.155, 2.903, 8.44
0.155, 2.903, 8.44
0.184, 2.941, 8.593
0.184, 2.941, 8.593
0.117, 2.922, 8.641
0.155, 2.999, 8.919
0.136, 2.96, 8.919
0.212, 2.912, 8.899
0.212, 2.912, 8.899
0.289, 2.864, 8.727
0.26, 2.864, 8.689
0.26, 2.864, 8.689
0.26, 2.864, 8.583
0.136, 2.951, 8.564
0.136, 2.951, 8.564
0.097, 2.922, 8.507
0.03, 3.066, 8.478
0.03, 3.066, 8.478
0.069, 2.97, 8.459
0.059, 3.104, 8.401
0.059, 3.104, 8.401
0.011, 3.18, 8.478
0.059, 3.142, 8.488
-0.056, 3.171, 8.602
-0.085, 3.257, 8.478
-0.085, 3.257, 8.478
-0.027, 3.18, 8.373
-0.027, 3.18, 8.373
0.011, 3.104, 8.44
0.05, 3.037, 8.488
0.05, 3.037, 8.488
0.069, 3.008, 8.564
0.069, 3.008, 8.564
0.021, 3.046, 8.689
0.021, 3.046, 8.689
0.021, 3.027, 8.612
0.021, 3.027, 8.612
-0.018, 3.046, 8.602
0.05, 2.979, 8.727
0.05, 2.979, 8.727
0.04, 2.893, 8.65
0.04, 2.893, 8.65
0.097, 2.912, 8.631
0.097, 2.912, 8.631
0.078, 2.884, 8.765
0.136, 2.912, 8.861
0.145, 2.826, 8.928
0.145, 2.826, 8.928
0.136, 2.884, 8.794
0.107, 2.817, 8.67
0.107, 2.817, 8.67
0.136, 2.874, 8.66
0.136, 2.874, 8.66
0.04, 2.903, 8.564
-0.037, 3.037, 8.507
-0.037, 3.037, 8.535
-0.037, 3.037, 8.535
-0.018, 3.027, 8.468
0.002, 3.037, 8.421
0.002, 3.037, 8.421
0.059, 2.979, 8.392
0.059, 2.979, 8.392
0.145, 2.96, 8.497
0.145, 2.96, 8.497
0.078, 2.951, 8.67
0.078, 2.951, 8.67
0.145, 2.999, 8.708
0.136, 3.018, 8.746
0.212, 2.836, 8.794
0.212, 2.836, 8.794
0.174, 2.931, 8.746
0.174, 2.931, 8.746
0.174, 2.931, 8.756
0.174, 3.046, 8.746
0.174, 3.046, 8.746
0.097, 3.094, 8.842
0.059, 3.066, 9.005
0.059, 3.066, 9.005
0.021, 3.037, 8.899
0.021, 3.037, 8.899
0.107, 2.96, 8.938
0.136, 2.989, 8.708
0.136, 2.989, 8.708
0.117, 2.941, 8.813
0.117, 2.941, 8.813
0.164, 2.96, 8.842
0.136, 2.989, 8.756
0.136, 2.989, 8.756
0.069, 2.951, 8.765
0.021, 2.989, 8.679
0.021, 2.989, 8.679
-0.046, 3.113, 8.612
0.011, 3.037, 8.574
0.011, 3.037, 8.574
-0.027, 3.056, 8.382
0.002, 2.999, 8.449
0.097, 2.903, 8.516
0.097, 2.903, 8.516
0.059, 2.922, 8.421
0.059, 2.912, 8.535
0.059, 2.912, 8.535
0.088, 2.855, 8.784
0.107, 2.903, 8.823
0.107, 2.903, 8.823
0.184, 2.922, 8.698
0.184, 2.922, 8.698
0.097, 2.845, 8.574
0.097, 2.845, 8.574
0.145, 2.855, 8.401
0.069, 2.97, 8.401
0.069, 2.97, 8.401
0.078, 2.893, 8.353
0.021, 2.979, 8.315
0.021, 2.979, 8.315
-0.018, 3.123, 8.325
-0.037, 3.123, 8.315
-0.037, 3.123, 8.315
-0.056, 3.094, 8.315
-0.037, 3.094, 8.258
0.069, 2.979, 8.229
0.069, 2.979, 8.229
0.126, 2.912, 8.382
0.059, 2.903, 8.277
0.03, 2.96, 8.468
0.03, 2.96, 8.468
0.021, 2.951, 8.373
0.021, 2.951, 8.373
0.107, 2.903, 8.296
0.069, 2.855, 8.219
0.069, 2.855, 8.219
0.069, 2.874, 8.066
0.107, 2.893, 8.181
0.107, 2.893, 8.181
0.155, 2.903, 8.21
0.059, 2.874, 8.171
0.097, 2.817, 8.114
0.126, 2.788, 8.095
0.126, 2.788, 8.095
0.107, 2.797, 8.066
0.107, 2.817, 8.057
0.107, 2.817, 8.057
0.04, 2.864, 8.133
0.002, 2.836, 8.171
-0.037, 2.826, 8.143
-0.027, 2.874, 8.306
-0.027, 2.874, 8.306
0.002, 2.797, 8.296
0.002, 2.797, 8.296
0.002, 2.797, 8.296
-0.018, 2.769, 8.104
-0.018, 2.769, 8.104
-0.056, 2.807, 7.999
-0.056, 2.874, 8.162
-0.056, 2.874, 8.162
-0.113, 2.797, 8.219
-0.113, 2.797, 8.219
-0.152, 2.903, 8.382
-0.161, 2.931, 8.468
-0.161, 2.931, 8.468
-0.171, 2.884, 8.44
-0.246, 3.018, 8.353
-0.218, 2.884, 8.258
-0.256, 2.845, 8.286
-0.256, 2.797, 8.21
-0.275, 2.817, 8.334
-0.246, 2.769, 8.344
-0.246, 2.769, 8.344
-0.275, 2.788, 8.516
-0.19, 2.711, 8.497
-0.104, 2.587, 8.641
-0.104, 2.587, 8.641
-0.142, 2.568, 8.67
-0.142, 2.568, 8.67
-0.132, 2.529, 8.756
-0.152, 2.548, 8.986
-0.094, 2.472, 9.081
-0.171, 2.491, 9.177
-0.152, 2.472, 9.1
-0.152, 2.472, 9.1
-0.152, 2.414, 9.024
-0.208, 2.453, 8.765
-0.18, 2.529, 8.535
-0.18, 2.529, 8.535
-0.18, 2.433, 8.43
-0.19, 2.462, 8.602
-0.19, 2.462, 8.602
-0.199, 2.376, 8.622
-0.161, 2.338, 8.564
-0.161, 2.338, 8.564
-0.027, 2.175, 8.421
0.03, 2.07, 8.44
0.136, 1.935, 8.44
0.136, 1.935, 8.44
0.155, 1.792, 8.401
0.155, 1.792, 8.401
0.27, 1.878, 8.488
0.27, 1.878, 8.488
0.212, 1.83, 8.631
0.222, 1.801, 8.564
0.222, 1.792, 8.516
0.222, 1.792, 8.516
0.193, 1.84, 8.401
0.184, 1.935, 8.286
0.184, 1.935, 8.286
0.021, 2.022, 8.21
-0.142, 2.117, 8.258
-0.266, 2.165, 8.334
-0.266, 2.165, 8.334
-0.361, 2.261, 8.057
-0.285, 2.127, 8.191
-0.208, 2.041, 8.507
-0.208, 2.041, 8.507
-0.065, 1.801, 9.024
-0.065, 1.801, 9.024
0.078, 1.591, 9.474
0.231, 1.437, 9.8
0.308, 1.361, 9.924
0.308, 1.361, 9.924
0.308, 1.208, 10.001
0.404, 1.179, 10.106
0.404, 1.15, 10.039
0.404, 1.15, 10.039
0.433, 1.074, 9.838
0.5, 1.093, 9.857
0.5, 1.093, 9.857
0.49, 1.054, 9.828
0.49, 1.054, 9.828
0.49, 1.054, 9.895
0.48, 1.045, 9.905
0.366, 1.035, 9.733
0.366, 1.035, 9.733
0.346, 1.006, 9.598
0.279, 1.045, 9.349
0.279, 1.045, 9.349
0.289, 1.035, 9.187
0.251, 1.083, 9.024
0.212, 1.035, 8.765
0.212, 1.035, 8.765
0.251, 1.035, 8.65
0.251, 1.035, 8.65
0.203, 1.064, 8.468
0.212, 1.093, 8.353
0.212, 1.093, 8.353
0.145, 1.169, 8.334
0.03, 1.255, 8.392
0.03, 1.255, 8.392
0.021, 1.246, 8.478
-0.027, 1.284, 8.507
-0.113, 1.342, 8.545
-0.075, 1.323, 8.392
-0.075, 1.323, 8.392
-0.075, 1.313, 8.44
-0.075, 1.313, 8.44
-0.152, 1.476, 8.602
-0.208, 1.495, 8.832
-0.208, 1.495, 8.832
-0.275, 1.581, 8.899
-0.333, 1.581, 9.081
-0.333, 1.581, 9.081
-0.515, 1.696, 9.11
-0.706, 1.725, 9.215
-0.878, 1.696, 9.168
-0.878, 1.696, 9.168
-0.917, 1.715, 9.139
-0.898, 1.725, 8.976
-0.821, 1.648, 8.938
-0.821, 1.648, 8.938
-0.725, 1.619, 8.995
-0.716, 1.581, 9.072
-0.716, 1.581, 9.072
-0.725, 1.485, 9.263
-0.725, 1.485, 9.263
-0.658, 1.447, 9.426
-0.725, 1.409, 9.493
-0.725, 1.409, 9.493
-0.687, 1.466, 9.302
-0.677, 1.504, 9.024
-0.677, 1.504, 9.024
-0.725, 1.504, 8.784
-0.85, 1.591, 8.756
-1.032, 1.562, 8.938
-1.032, 1.562, 8.938
-1.08, 1.61, 8.804
-1.07, 1.629, 8.708
-1.07, 1.629, 8.708
-1.099, 1.639, 8.43
-1.099, 1.639, 8.43
-1.099, 1.543, 8.124
-1.108, 1.581, 7.76
-1.041, 1.504, 7.463
-1.041, 1.504, 7.463
-0.993, 1.591, 7.252
-0.993, 1.591, 7.252
-0.974, 1.562, 7.128
-0.974, 1.562, 7.128
-0.936, 1.485, 6.994
-0.85, 1.466, 6.917
-0.85, 1.466, 6.917
-0.639, 1.39, 6.764
-0.591, 1.342, 6.677
-0.591, 1.342, 6.677
-0.572, 1.227, 6.716
-0.572, 1.227, 6.716
-0.467, 1.045, 6.859
-0.428, 1.035, 7.08
-0.361, 0.949, 7.348
-0.361, 0.949, 7.348
-0.352, 0.959, 7.348
-0.304, 0.949, 7.31
-0.304, 0.949, 7.31
-0.208, 0.844, 7.396
-0.218, 0.834, 7.424
-0.218, 0.834, 7.424
-0.18, 0.882, 7.712
-0.266, 0.997, 7.97
-0.361, 1.16, 8.449
-0.361, 1.16, 8.449
-0.524, 1.275, 9.522
-0.754, 1.342, 10.288
-0.754, 1.342, 10.288
-1.08, 1.275, 10.729
-1.089, 1.217, 11.198
-1.089, 1.217, 11.198
-1.07, 1.074, 11.677
-0.955, 0.892, 11.849
-0.764, 0.805, 11.964
-0.764, 0.805, 11.964
-0.553, 0.633, 11.638
-0.438, 0.499, 11.313
-0.428, 0.566, 10.882
-0.428, 0.566, 10.882
-0.476, 0.537, 10.326
-0.476, 0.537, 9.713
-0.419, 0.547, 9.053
-0.419, 0.547, 9.053
-0.333, 0.528, 8.363
-0.208, 0.346, 8.028
-0.208, 0.346, 8.028
-0.104, 0.241, 7.683
0.145, 0.021, 7.511
0.145, 0.021, 7.511
0.327, 0.069, 7.453
0.327, 0.069, 7.453
0.413, 0.05, 7.099
0.385, 0.021, 6.773
0.385, 0.021, 6.773
0.231, 0.059, 6.582
-0.056, 0.346, 6.505
-0.323, 0.777, 6.591
-0.323, 0.777, 6.591
-0.467, 0.987, 7.089
-0.534, 1.093, 7.511
-0.534, 1.093, 7.511
-0.649, 1.054, 7.712
-0.649, 1.054, 7.712
-0.792, 1.083, 7.616
-0.965, 1.093, 7.683
-1.051, 1.198, 7.654
-1.137, 1.313, 7.779
-1.137, 1.313, 7.779
-1.108, 1.323, 8.277
-1.108, 1.323, 8.277
-1.06, 1.188, 8.995
-0.936, 1.016, 9.57
-0.697, 0.853, 10.116
-0.697, 0.853, 10.116
-0.505, 0.796, 10.393
-0.285, 0.508, 10.757
-0.285, 0.508, 10.757
-0.113, 0.27, 11.227
0.078, 0.078, 11.61
0.078, 0.078, 11.61
0.231, 0.04, 11.715
0.318, -0.065, 11.705
0.318, -0.065, 11.705
0.346, 0.002, 11.926
0.299, 0.04, 11.887
0.299, 0.04, 11.887
0.385, -0.036, 11.916
0.452, 0.011, 11.667
0.452, 0.011, 11.667
0.452, 0.002, 11.389
0.452, 0.002, 11.389
0.5, -0.017, 10.997
0.634, -0.027, 10.662
0.634, -0.017, 10.269
0.672, 0.069, 9.905
0.672, 0.069, 9.905
0.758, 0.078, 9.847
0.758, 0.078, 9.847
0.758, 0.078, 9.847
0.758, 0.031, 9.685
0.931, 0.05, 9.359
0.931, 0.05, 9.359
0.969, 0.107, 9.282
1.017, 0.117, 9.235
1.084, 0.174, 9.072
1.084, 0.174, 9.072
0.988, 0.346, 8.909
0.988, 0.346, 8.909
0.844, 0.394, 9.043
0.605, 0.489, 9.273
0.385, 0.566, 9.139
0.299, 0.604, 9.148
0.299, 0.604, 9.148
0.241, 0.671, 9.024
0.241, 0.671, 9.024
0.251, 0.652, 8.851
0.26, 0.662, 8.516
0.299, 0.71, 8.468
0.327, 0.786, 8.449
0.327, 0.786, 8.449
0.356, 0.815, 8.593
0.356, 0.815, 8.593
0.251, 0.777, 8.737
0.251, 0.777, 8.737
0.241, 0.729, 9.091
0.212, 0.69, 9.148
0.212, 0.69, 9.148
0.231, 0.681, 9.311
0.184, 0.719, 9.215
0.184, 0.719, 9.215
-0.037, 0.901, 8.995
-0.19, 1.035, 8.842
-0.19, 1.035, 8.842
-0.208, 1.083, 8.708
-0.113, 0.882, 8.401
-0.113, 0.882, 8.401
0.059, 0.786, 8.421
0.059, 0.786, 8.421
0.231, 0.652, 8.421
0.48, 0.576, 8.583
0.701, 0.508, 8.67
0.844, 0.499, 8.516
0.844, 0.499, 8.516
0.95, 0.47, 8.382
1.046, 0.489, 8.219
1.046, 0.489, 8.219
1.074, 0.566, 8.076
1.074, 0.566, 8.076
1.026, 0.566, 8.152
1.026, 0.566, 8.152
0.873, 0.614, 8.382
0.777, 0.652, 8.641
0.777, 0.652, 8.641
0.567, 0.729, 8.966
0.471, 0.748, 9.311
0.471, 0.748, 9.311
0.519, 0.69, 9.531
0.519, 0.69, 9.531
0.643, 0.69, 9.56
0.643, 0.633, 9.608
0.758, 0.595, 9.311
0.72, 0.623, 8.88
0.72, 0.623, 8.88
0.797, 0.643, 8.641
0.797, 0.643, 8.641
0.768, 0.662, 8.689
0.672, 0.719, 8.717
0.672, 0.719, 8.717
0.739, 0.738, 8.823
0.576, 0.757, 9.168
0.538, 0.738, 9.292
0.538, 0.738, 9.292
0.528, 0.7, 9.627
0.576, 0.729, 10.192
0.576, 0.729, 10.192
0.586, 0.738, 10.278
0.567, 0.738, 10.365
0.567, 0.738, 10.365
0.672, 0.643, 10.547
0.662, 0.595, 10.384
0.662, 0.595, 10.384
0.643, 0.508, 10.231
0.605, 0.556, 10.049
0.605, 0.556, 10.049
0.567, 0.537, 9.886
0.567, 0.537, 9.886
0.519, 0.633, 9.895
0.519, 0.633, 9.895
0.538, 0.643, 9.972
0.433, 0.719, 10.058
0.433, 0.719, 10.058
0.442, 0.681, 9.867
0.442, 0.681, 9.867
0.394, 0.69, 9.694
0.375, 0.777, 9.254
0.385, 0.834, 8.851
0.49, 0.911, 8.459
0.49, 0.911, 8.459
0.615, 1.035, 8.219
0.701, 1.131, 7.721
0.701, 1.131, 7.721
0.739, 1.112, 7.53
0.72, 1.035, 7.252
0.672, 1.054, 6.955
0.576, 1.188, 6.888
0.538, 1.437, 7.357
0.48, 1.495, 7.999
0.48, 1.495, 7.999
0.643, 1.275, 8.44
0.643, 1.275, 8.44
0.873, 1.265, 8.459
1.582, 1.227, 8.449
2.099, 1.255, 8.583
2.453, 1.102, 8.65
2.453, 1.102, 8.65
2.903, 0.93, 8.66
2.903, 0.93, 8.66
2.903, 0.978, 8.583
2.607, 1.026, 8.679
2.156, 1.255, 8.784
1.716, 1.466, 9.12
1.716, 1.466, 9.12
1.046, 1.418, 9.493
1.046, 1.418, 9.493
0.615, 1.39, 9.78
0.241, 1.418, 10.231
0.241, 1.418, 10.231
0.356, 1.696, 10.393
0.126, 1.552, 10.144
0.126, 1.552, 10.144
-0.075, 1.524, 9.742
0.03, 1.447, 9.656
0.05, 1.466, 9.589
-0.008, 1.466, 9.876
-0.008, 1.466, 9.876
-0.152, 1.591, 10.154
-0.152, 1.591, 10.154
-0.266, 1.696, 10.211
-0.294, 1.811, 10.403
-0.361, 1.888, 10.518
-0.38, 1.849, 10.432
-0.333, 1.849, 10.173
-0.333, 1.849, 10.173
-0.266, 1.907, 9.905
-0.237, 2.041, 9.685
-0.218, 2.204, 9.723
-0.218, 2.204, 9.723
-0.237, 2.453, 9.522
-0.237, 2.453, 9.522
-0.152, 2.615, 9.512
-0.094, 2.635, 9.838
-0.094, 2.635, 9.838
0.069, 2.558, 9.838
0.366, 2.309, 9.694
0.366, 2.309, 9.694
0.586, 2.098, 9.905
0.844, 1.888, 10.288
1.046, 1.773, 10.662
1.295, 1.782, 10.997
1.467, 1.753, 10.978
1.467, 1.753, 10.978
1.591, 1.572, 10.154
1.591, 1.572, 10.154
1.553, 1.581, 9.704
1.515, 1.581, 8.65
1.515, 1.581, 8.65
1.4, 1.629, 8.229
1.304, 1.801, 8.066
1.304, 1.801, 8.066
1.093, 1.868, 8.124
1.093, 1.868, 8.124
1.017, 1.926, 8.057
0.825, 1.878, 8.028
0.825, 1.878, 8.028
0.672, 1.993, 8.191
0.49, 2.089, 8.219
0.241, 2.127, 8.219
0.145, 2.127, 8.334
0.088, 2.165, 8.66
0.088, 2.165, 8.66
0.184, 2.031, 8.804
0.184, 2.031, 8.804
0.251, 2.031, 9.005
0.299, 2.079, 9.043
0.251, 2.022, 8.689
0.251, 2.022, 8.689
0.126, 2.338, 8.459
0.126, 2.338, 8.459
0.04, 2.424, 8.411
-0.266, 2.912, 8.526
-0.266, 2.912, 8.526
-0.313, 3.008, 8.622
-0.38, 3.324, 8.957
-0.371, 3.544, 9.024
-0.371, 3.544, 9.024
-0.304, 3.429, 8.995
-0.304, 3.429, 8.995
-0.218, 3.382, 8.842
-0.113, 3.161, 8.727
-0.027, 3.027, 8.641
-0.027, 3.027, 8.641
0.069, 2.979, 8.65
0.251, 2.96, 8.737
0.251, 2.96, 8.737
0.375, 2.817, 8.516
0.366, 2.845, 8.468
0.442, 2.999, 8.315
0.509, 2.97, 8.037
0.509, 2.97, 8.037
0.509, 3.056, 7.798
0.433, 3.066, 7.75
0.452, 3.219, 7.779
0.452, 3.219, 7.779
0.452, 3.209, 7.788
0.452, 3.209, 7.788
0.461, 3.315, 7.913
0.433, 3.238, 7.942
0.433, 3.238, 7.942
0.548, 3.286, 8.171
0.691, 3.334, 8.315
0.691, 3.334, 8.315
0.72, 3.238, 8.353
0.682, 3.2, 8.277
0.576, 3.267, 8.286
0.308, 3.564, 8.258
0.021, 3.832, 8.296
0.021, 3.832, 8.296
0.107, 3.86, 8.21
0.107, 3.86, 8.21
0.26, 3.793, 8.143
0.538, 3.659, 8.009
0.749, 3.573, 7.97
0.749, 3.573, 7.97
0.94, 3.535, 7.903
0.94, 3.535, 7.903
0.988, 3.391, 7.721
0.988, 3.391, 7.721
0.883, 3.248, 7.578
0.883, 3.248, 7.578
0.624, 3.161, 7.405
0.27, 3.449, 7.673
-0.19, 4.282, 9.014
-0.19, 4.282, 9.014
-0.323, 4.263, 9.34
-0.246, 3.995, 9.646
-0.218, 3.784, 9.646
-0.371, 3.832, 9.024
0.059, 3.631, 9.378
0.059, 3.631, 9.378
0.03, 3.803, 9.292
0.03, 3.803, 9.292
-0.142, 4.004, 8.813
-0.085, 3.87, 8.507
-0.085, 3.87, 8.507
-0.123, 3.995, 8.258
-0.123, 3.995, 8.258
-0.237, 4.157, 8.114
-0.39, 4.387, 8.018
-0.419, 4.569, 7.846
-0.467, 4.579, 7.645
-0.467, 4.579, 7.645
-0.515, 4.655, 7.664
-0.562, 4.684, 7.559
-0.562, 4.646, 7.511
-0.562, 4.646, 7.511
-0.457, 4.588, 7.635
-0.304, 4.378, 7.511
-0.218, 4.224, 7.587
-0.256, 4.291, 7.788
-0.256, 4.291, 7.788
-0.304, 4.339, 8.076
-0.352, 4.291, 8.296
-0.352, 4.291, 8.296
-0.409, 4.282, 8.219
-0.409, 4.282, 8.219
-0.476, 4.224, 8.191
-0.467, 4.196, 8.124
-0.438, 4.023, 8.095
-0.438, 4.023, 8.095
-0.409, 4.023, 7.98
-0.313, 3.851, 7.875
-0.313, 3.851, 7.875
-0.256, 3.87, 7.98
-0.227, 3.832, 8.037
-0.266, 3.947, 8.143
-0.266, 3.947, 8.143
-0.237, 3.956, 8.286
-0.313, 3.956, 8.421
-0.333, 4.062, 8.507
-0.333, 4.062, 8.507
-0.419, 4.138, 8.507
-0.448, 4.177, 8.564
-0.448, 4.177, 8.564
-0.467, 4.224, 8.526
-0.467, 4.224, 8.526
-0.428, 4.205, 8.286
-0.428, 4.205, 8.286
-0.534, 4.301, 8.229
-0.534, 4.301, 8.229
-0.601, 4.368, 8.229
-0.61, 4.416, 8.353
-0.61, 4.416, 8.353
-0.61, 4.397, 8.401
-0.553, 4.378, 8.43
-0.438, 4.224, 8.43
-0.371, 4.109, 8.363
-0.371, 4.109, 8.363
-0.304, 4.062, 8.401
-0.304, 4.062, 8.401
-0.342, 4.1, 8.43
-0.304, 4.062, 8.478
-0.304, 4.062, 8.478
-0.333, 4.109, 8.497
-0.333, 4.033, 8.411
-0.333, 4.033, 8.411
-0.361, 4.1, 8.334
-0.409, 4.196, 8.401
-0.409, 4.196, 8.401
-0.457, 4.148, 8.411
-0.428, 4.1, 8.315
-0.294, 3.995, 8.239
-0.294, 3.995, 8.239
-0.266, 3.956, 8.258
-0.294, 3.956, 8.334
-0.294, 3.956, 8.334
-0.333, 3.88, 8.44
-0.227, 3.755, 8.286
-0.227, 3.755, 8.286
-0.199, 3.86, 8.344
-0.199, 3.86, 8.344
-0.094, 3.765, 8.363
-0.056, 3.822, 8.392
-0.056, 3.822, 8.392
-0.085, 3.889, 8.095
-0.085, 3.889, 8.095
-0.123, 3.956, 8.018
-0.208, 4.244, 8.229
-0.208, 4.253, 8.248
-0.256, 4.358, 8.43
-0.256, 4.358, 8.43
-0.171, 4.177, 8.507
-0.171, 4.177, 8.507
-0.037, 3.908, 8.421
-0.037, 3.908, 8.421
0.059, 3.966, 8.373
0.088, 3.956, 8.315
0.088, 3.956, 8.315
0.155, 3.956, 8.248
0.155, 3.956, 8.248
0.241, 3.947, 8.401
0.289, 3.832, 8.459
0.289, 3.832, 8.459
0.308, 3.707, 8.602
0.193, 3.698, 8.612
0.078, 3.707, 8.507
-0.056, 3.765, 8.306
-0.056, 3.765, 8.306
-0.046, 3.736, 8.229
-0.027, 3.707, 8.229
-0.027, 3.583, 8.171
-0.008, 3.458, 8.44
-0.008, 3.458, 8.44
-0.104, 3.305, 8.593
-0.132, 3.267, 8.65
-0.094, 3.075, 8.631
0.011, 2.884, 8.574
0.299, 2.692, 8.622
0.299, 2.692, 8.622
0.356, 2.615, 8.823
0.413, 2.558, 9.005
0.327, 2.558, 9.148
0.327, 2.558, 9.148
0.184, 2.644, 9.397
0.184, 2.644, 9.397
0.002, 2.75, 9.235
0.002, 2.75, 9.235
0.002, 2.711, 8.928
0.04, 2.759, 8.784
0.04, 2.759, 8.784
0.107, 2.673, 8.832
0.155, 2.692, 8.89
0.088, 2.778, 8.928
-0.008, 2.836, 8.871
-0.008, 2.836, 8.871
0.03, 2.788, 8.957
0.03, 2.788, 8.957
0.069, 2.74, 9.033
0.097, 2.721, 9.254
0.097, 2.721, 9.254
0.097, 2.711, 9.254
0.097, 2.711, 9.254
0.078, 2.797, 9.1
0.078, 2.797, 9.1
0.011, 2.807, 9.014
-0.085, 2.979, 9.014
-0.085, 2.979, 9.014
-0.142, 3.046, 8.919
-0.161, 2.979, 8.89
-0.171, 2.941, 8.986
-0.171, 2.941, 8.986
-0.123, 2.778, 9.072
0.011, 2.73, 9.024
0.011, 2.73, 9.024
0.117, 2.663, 9.024
0.117, 2.663, 9.024
0.069, 2.663, 9.053
0.011, 2.635, 9.024
0.011, 2.635, 9.024
-0.027, 2.606, 9.1
-0.037, 2.654, 9.235
-0.037, 2.654, 9.235
-0.027, 2.673, 9.11
-0.075, 2.654, 9.062
-0.018, 2.654, 8.986
-0.018, 2.654, 8.986
-0.037, 2.615, 8.871
-0.085, 2.635, 8.813
-0.085, 2.635, 8.813
-0.094, 2.625, 8.708
-0.152, 2.654, 8.708
-0.256, 2.788, 8.679
-0.256, 2.788, 8.679
-0.275, 2.75, 8.784
-0.275, 2.75, 8.784
-0.275, 2.702, 8.602
-0.208, 2.548, 8.401
-0.208, 2.548, 8.401
-0.161, 2.587, 8.2
-0.161, 2.539, 8.085
-0.161, 2.539, 8.085
-0.237, 2.625, 7.97
-0.237, 2.625, 7.97
-0.323, 2.654, 7.942
-0.371, 2.692, 7.779
-0.371, 2.692, 7.779
-0.448, 2.74, 7.741
-0.428, 2.73, 7.769
-0.428, 2.73, 7.769
-0.409, 2.692, 7.827
-0.409, 2.692, 7.827
-0.38, 2.673, 7.808
-0.448, 2.654, 7.721
-0.448, 2.654, 7.721
-0.4, 2.654, 7.673
-0.4, 2.654, 7.673
-0.371, 2.644, 7.626
-0.428, 2.644, 7.779
-0.476, 2.606, 7.75
-0.572, 2.682, 7.779
-0.572, 2.682, 7.779
-0.505, 2.568, 7.597
-0.371, 2.242, 7.214
-0.371, 2.242, 7.214
-0.171, 1.907, 6.792
0.021, 1.773, 6.563
0.308, 1.907, 6.936
0.308, 1.907, 6.936
0.5, 2.041, 7.587
0.634, 1.993, 8.114
0.634, 1.993, 8.114
0.682, 1.935, 8.334
0.682, 1.935, 8.334
0.624, 1.859, 8.44
0.624, 1.859, 8.44
0.5, 1.753, 8.057
0.586, 1.667, 7.942
0.538, 1.658, 7.731
0.385, 1.677, 7.559
0.174, 1.868, 7.597
0.136, 1.974, 7.865
0.136, 1.974, 7.865
0.107, 1.983, 8.191
0.27, 1.811, 8.459
0.27, 1.811, 8.459
0.653, 1.686, 9.014
0.873, 1.619, 9.656
0.959, 1.572, 10.278
0.959, 1.572, 10.278
1.055, 1.552, 10.441
1.065, 1.61, 10.46
1.065, 1.61, 10.46
0.806, 1.677, 10.058
0.605, 1.629, 9.589
0.318, 1.667, 9.254
0.318, 1.667, 9.254
0.03, 1.878, 9.033
-0.008, 1.926, 9.1
-0.113, 2.117, 9.8
-0.113, 2.117, 9.8
-0.113, 1.974, 10.173
0.002, 1.888, 10.259
0.136, 1.83, 10.058
0.136, 1.83, 10.058
0.184, 1.801, 9.943
0.184, 1.801, 9.943
0.021, 1.792, 9.656
-0.304, 2.098, 9.311
-0.304, 2.098, 9.311
-0.744, 2.319, 9.12
-1.147, 2.261, 8.909
-1.242, 2.213, 8.449
-1.089, 2.156, 8.037
-1.089, 2.156, 8.037
-0.917, 1.974, 7.932
-0.917, 1.974, 7.932
-0.773, 1.715, 8.124
-0.773, 1.715, 8.124
-0.869, 1.543, 8.43
-0.869, 1.543, 8.43
-1.051, 1.38, 8.909
-1.204, 1.236, 8.775
-1.204, 1.236, 8.775
-1.309, 1.217, 8.602
-1.252, 1.227, 8.239
-1.252, 1.227, 8.239
-0.907, 1.275, 7.961
-0.495, 1.275, 7.769
-0.495, 1.275, 7.769
-0.19, 1.093, 7.693
-0.19, 1.093, 7.693
-0.037, 0.92, 8.047
-0.075, 0.997, 9.282
-0.075, 0.997, 9.282
-0.275, 1.255, 10.106
-0.275, 1.255, 10.106
-0.438, 1.361, 10.527
-0.543, 1.524, 10.48
-0.534, 1.581, 10.259
-0.534, 1.581, 10.259
-0.629, 1.725, 10.125
-0.744, 1.878, 10.307
-0.744, 1.878, 10.307
-0.735, 1.792, 10.144
-0.735, 1.792, 10.144
-0.716, 1.753, 9.924
-0.687, 1.773, 9.78
-0.687, 1.773, 9.78
-0.639, 1.859, 10.02
-0.639, 1.859, 10.02
-0.764, 1.849, 10.144
-0.764, 1.849, 10.144
-0.888, 1.897, 10.278
-0.888, 1.897, 10.278
-0.878, 1.859, 10.183
-0.754, 1.658, 9.905
-0.754, 1.658, 9.905
-0.725, 1.495, 9.761
-0.716, 1.409, 9.292
-0.601, 1.409, 8.947
-0.601, 1.409, 8.947
-0.476, 1.409, 8.832
-0.582, 1.466, 9.168
-0.582, 1.466, 9.168
-0.85, 1.495, 9.56
-0.85, 1.495, 9.56
-0.965, 1.38, 9.168
-0.965, 1.38, 9.168
-1.147, 1.323, 8.851
-1.415, 1.255, 8.593
-1.606, 1.265, 8.43
-1.376, 1.265, 8.057
-1.376, 1.265, 8.057
-1.099, 1.265, 8.143
-0.754, 1.351, 8.746
-0.543, 1.246, 8.89
-0.371, 1.121, 8.986
-0.371, 1.121, 8.986
-0.304, 1.045, 9.282
-0.304, 1.045, 9.282
-0.39, 1.131, 9.838
-0.39, 1.131, 9.838
-0.505, 1.294, 10.307
-0.505, 1.294, 10.307
-0.649, 1.351, 10.547
-0.783, 1.37, 10.882
-0.783, 1.37, 10.882
-0.725, 1.313, 10.844
-0.725, 1.313, 10.844
-0.553, 1.179, 10.374
-0.4, 1.045, 9.876
-0.409, 1.121, 9.57
-0.409, 1.045, 9.484
-0.409, 1.045, 9.484
-0.428, 1.074, 9.349
-0.428, 1.016, 9.081
-0.476, 1.074, 8.986
-0.476, 1.074, 8.986
-0.562, 1.083, 8.717
-0.572, 1.074, 8.555
-0.572, 1.074, 8.555
-0.62, 1.121, 8.315
-0.62, 1.121, 8.315
-0.668, 1.121, 8.181
-0.668, 1.121, 8.181
-0.658, 1.093, 7.97
-0.764, 1.188, 7.942
-0.764, 1.188, 7.942
-0.869, 1.217, 7.913
-0.869, 1.217, 7.913
-1.06, 1.131, 7.884
-1.099, 1.102, 7.865
-1.089, 0.911, 7.98
-0.907, 0.968, 8.449
-0.907, 0.968, 8.449
-0.649, 1.102, 9.187
-0.649, 1.045, 9.244
-0.62, 1.093, 9.072
-0.591, 1.045, 9.225
-0.591, 1.045, 9.225
-0.543, 1.093, 9.187
-0.543, 1.093, 9.187
-0.534, 0.901, 9.148
-0.534, 0.901, 9.148
-0.524, 0.939, 9.187
-0.515, 0.882, 9.417
-0.515, 0.882, 9.417
-0.505, 0.901, 9.464
-0.668, 1.026, 9.254
-0.668, 1.026, 9.254
-0.744, 1.121, 9.005
-0.744, 1.121, 9.005
-0.716, 1.141, 8.727
-0.716, 1.141, 8.727
-0.639, 1.016, 8.602
-0.639, 1.016, 8.602
-0.543, 0.757, 8.574
-0.543, 0.757, 8.574
-0.505, 0.633, 9.244
-0.39, 0.508, 9.417
-0.294, 0.241, 9.436
-0.294, 0.241, 9.436
-0.294, 0.308, 9.321
-0.294, 0.308, 9.321
-0.266, 0.174, 9.206
-0.304, 0.126, 9.225
-0.275, 0.241, 9.1
-0.4, 0.384, 9.282
-0.4, 0.384, 9.282
-0.4, 0.299, 9.551
-0.4, 0.299, 9.551
-0.409, 0.251, 9.522
-0.495, 0.374, 9.646
-0.495, 0.374, 9.646
-0.486, 0.336, 9.905
-0.515, 0.413, 9.895
-0.62, 0.556, 9.637
-0.62, 0.556, 9.637
-0.697, 0.518, 9.56
-0.677, 0.508, 9.34
-0.735, 0.441, 9.215
-0.668, 0.451, 9.187
-0.668, 0.451, 9.187
-0.792, 0.422, 9.033
-0.792, 0.422, 9.033
-0.668, 0.48, 9.12
-0.697, 0.547, 9.158
-0.649, 0.556, 8.986
-0.61, 0.585, 8.67
-0.61, 0.585, 8.67
-0.744, 0.556, 8.564
-0.744, 0.556, 8.564
-0.792, 0.537, 8.593
-0.754, 0.461, 9.148
-0.754, 0.461, 9.148
-0.869, 0.394, 9.464
-0.869, 0.394, 9.464
-0.869, 0.394, 9.57
-0.869, 0.394, 9.57
-0.802, 0.289, 9.704
-0.831, 0.26, 9.512
-0.754, 0.251, 9.761
-0.754, 0.251, 9.761
-0.773, 0.213, 9.847
-0.773, 0.213, 9.847
-0.735, 0.165, 9.78
-0.725, 0.107, 9.915
-0.773, 0.078, 9.982
-0.773, -0.017, 10.173
-0.773, -0.017, 10.173
-0.84, 0.002, 9.809
-0.84, 0.002, 9.809
-0.792, 0.002, 9.56
-0.716, 0.059, 9.455
-0.716, 0.059, 9.455
-0.639, 0.002, 9.273
-0.658, -0.046, 9.235
-0.658, -0.046, 9.235
-0.677, -0.123, 9.397
-0.677, -0.123, 9.397
-0.716, -0.094, 9.522
-0.783, -0.151, 10.02
-0.783, -0.151, 10.02
-0.859, -0.094, 10.288
-0.859, -0.094, 10.288
-1.013, -0.103, 10.623
-1.099, -0.008, 10.834
-1.214, 0.031, 10.805
-1.252, 0.069, 10.451
-1.252, 0.069, 10.451
-1.185, 0.098, 10.02
-1.204, -0.017, 9.761
-1.099, -0.075, 9.292
-1.099, -0.075, 9.292
-0.984, -0.036, 8.89
-0.984, -0.036, 8.89
-0.965, 0.126, 8.679
-0.965, 0.126, 8.679
-0.84, 0.155, 8.564
-0.716, 0.251, 8.67
-0.811, 0.155, 9.024
-0.811, 0.155, 9.024
-0.888, 0.146, 9.244
-0.773, 0.059, 9.426
-0.773, 0.059, 9.426
-0.831, 0.107, 9.321
-0.946, 0.059, 9.349
-0.984, 0.059, 9.771
-0.984, 0.059, 9.771
-1.041, 0.05, 9.876
-1.041, 0.05, 9.876
-0.993, 0.088, 9.943
-0.917, 0.126, 10.106
-0.917, 0.126, 10.106
-0.878, 0.088, 10.164
-0.946, 0.04, 9.876
-0.946, 0.04, 9.876
-0.936, -0.046, 9.819
-0.936, -0.046, 9.819
-0.802, 0.011, 9.733
-0.802, 0.011, 9.733
-0.697, 0.031, 9.694
-0.697, 0.031, 9.694
-0.553, -0.075, 9.8
-0.553, -0.075, 9.982
-0.553, -0.075, 9.982
-0.639, -0.046, 10.097
-0.639, -0.046, 10.097
-0.62, 0.031, 10.221
-0.639, 0.031, 9.78
-0.878, 0.059, 9.484
-1.022, -0.017, 9.263
-1.022, -0.017, 9.263
-1.166, 0.031, 9.014
-1.166, 0.031, 9.014
-1.29, -0.017, 9.033
-1.29, -0.017, 9.033
-1.281, -0.056, 9.158
-1.29, -0.056, 9.225
-1.367, -0.027, 9.407
-1.367, -0.027, 9.407
-1.415, 0.002, 9.579
-1.568, 0.021, 9.627
-1.673, 0.117, 9.723
-1.673, 0.117, 9.723
-1.434, 0.155, 9.771
-1.3, 0.251, 9.8
-1.3, 0.251, 9.8
-1.271, 0.136, 9.828
-1.271, 0.136, 9.828
-1.214, 0.05, 9.895
-1.137, 0.078, 9.8
-1.137, 0.078, 9.8
-1.022, 0.05, 9.771
-0.984, 0.031, 9.646
-0.955, -0.008, 9.694
-0.955, -0.008, 9.694
-0.974, -0.056, 9.666
-0.946, -0.084, 9.723
-0.946, -0.084, 9.723
-1.08, -0.18, 9.694
-1.08, -0.18, 9.694
-1.07, -0.209, 9.627
-1.099, -0.218, 9.551
-1.099, -0.218, 9.551
-1.041, -0.199, 9.618
-1.013, -0.151, 9.723
-1.013, -0.151, 9.723
-0.946, -0.132, 9.742
-0.898, -0.151, 9.713
-0.792, -0.161, 9.733
-0.792, -0.161, 9.733
-0.821, -0.19, 9.694
-0.773, -0.228, 9.761
-0.773, -0.228, 9.761
-0.735, -0.218, 9.771
-0.725, -0.257, 9.867
-0.754, -0.209, 9.934
-0.754, -0.209, 9.934
-0.831, -0.209, 10.02
-0.878, -0.285, 10.01
-0.878, -0.285, 10.01
-0.907, -0.238, 9.886
-0.907, -0.238, 9.886
-0.946, -0.199, 9.876
-0.946, -0.199, 9.876
-0.965, -0.266, 9.79
-0.888, -0.238, 9.656
-0.888, -0.238, 9.656
-0.917, -0.171, 9.666
-0.917, -0.171, 9.666
-0.878, -0.199, 9.704
-0.878, -0.199, 9.704
-0.946, -0.123, 9.79
-1.051, -0.161, 9.685
-1.051, -0.161, 9.685
-1.07, -0.209, 9.742
-1.003, -0.247, 9.876
-1.003, -0.247, 9.876
-1.003, -0.238, 9.924
-0.917, -0.276, 10.106
-0.917, -0.276, 10.106
-0.907, -0.362, 10.231
-0.85, -0.391, 10.02
-0.84, -0.42, 10.039
-0.84, -0.391, 9.972
-0.84, -0.391, 9.972
-0.773, -0.448, 9.78
-0.783, -0.4, 9.713
-0.783, -0.4, 9.713
-0.831, -0.381, 9.876
-0.831, -0.381, 9.876
-0.811, -0.362, 9.8
-0.831, -0.362, 9.742
-0.831, -0.362, 9.742
-0.811, -0.42, 9.733
-0.831, -0.372, 9.713
-0.831, -0.372, 9.713
-0.811, -0.429, 9.694
-0.811, -0.429, 9.694
-0.811, -0.429, 9.608
-0.744, -0.41, 9.685
-0.773, -0.333, 9.79
-0.773, -0.333, 9.79
-0.764, -0.42, 9.895
-0.792, -0.42, 9.962
-0.821, -0.381, 10.049
-0.821, -0.381, 10.049
-0.821, -0.362, 9.895
-0.735, -0.305, 9.886
-0.735, -0.305, 9.886
-0.744, -0.305, 9.79
-0.792, -0.266, 9.761
-0.792, -0.266, 9.761
-0.85, -0.276, 9.685
-0.783, -0.305, 9.752
-0.783, -0.305, 9.752
-0.735, -0.362, 9.656
-0.735, -0.362, 9.656
-0.716, -0.343, 9.608
-0.716, -0.333, 9.742
-0.716, -0.333, 9.742
-0.658, -0.4, 9.761
-0.639, -0.362, 9.847
-0.639, -0.362, 9.847
-0.677, -0.343, 9.905
-0.677, -0.343, 9.905
-0.716, -0.391, 9.8
-0.706, -0.343, 9.819
-0.706, -0.343, 9.819
-0.783, -0.324, 9.828
-0.811, -0.372, 9.742
-0.802, -0.343, 9.637
-0.802, -0.343, 9.637
-0.735, -0.333, 9.589
-0.677, -0.372, 9.598
-0.677, -0.372, 9.598
-0.783, -0.381, 9.733
-0.744, -0.324, 9.819
-0.744, -0.324, 9.819
-0.792, -0.362, 9.8
-0.792, -0.362, 9.8
-0.802, -0.333, 9.895
-0.802, -0.343, 9.79
-0.764, -0.324, 9.704
-0.783, -0.362, 9.713
-0.754, -0.333, 9.694
-0.764, -0.314, 9.675
-0.764, -0.314, 9.675
-0.735, -0.343, 9.8
-0.735, -0.343, 9.8
-0.773, -0.314, 9.819
-0.773, -0.314, 9.819
-0.783, -0.391, 10.001
-0.811, -0.285, 9.847
-0.811, -0.285, 9.847
-0.773, -0.314, 9.819
-0.85, -0.285, 9.675
-0.85, -0.285, 9.675
-0.811, -0.285, 9.761
-0.792, -0.276, 9.637
-0.792, -0.276, 9.637
-0.706, -0.352, 9.704
-0.706, -0.352, 9.704
-0.697, -0.372, 9.742
-0.706, -0.381, 9.828
-0.706, -0.381, 9.828
-0.687, -0.4, 9.905
-0.687, -0.4, 9.905
-0.677, -0.333, 9.847
-0.735, -0.381, 9.8
-0.764, -0.324, 9.656
-0.764, -0.324, 9.656
-0.831, -0.266, 9.666
-0.831, -0.266, 9.666
-0.878, -0.305, 9.713
-0.878, -0.305, 9.713
-0.821, -0.362, 9.685
-0.859, -0.343, 9.761
-0.859, -0.343, 9.761
-0.831, -0.333, 9.886
-0.831, -0.333, 9.886
-0.811, -0.276, 9.771
-0.811, -0.276, 9.771
-0.783, -0.324, 9.704
-0.783, -0.324, 9.828
-0.802, -0.324, 9.771
-0.802, -0.324, 9.771
-0.802, -0.276, 9.723
-0.802, -0.276, 9.723
-0.811, -0.391, 9.694
-0.811, -0.324, 9.771
-0.811, -0.324, 9.771
-0.744, -0.324, 9.742
-0.859, -0.305, 9.685
-0.859, -0.305, 9.685
-0.802, -0.324, 9.752
-0.802, -0.324, 9.752
-0.744, -0.343, 9.694
-0.831, -0.314, 9.857
-0.831, -0.314, 9.857
-0.869, -0.285, 9.713
-0.831, -0.362, 9.685
-0.831, -0.362, 9.685
-0.85, -0.372, 9.742
-0.85, -0.372, 9.742
-0.936, -0.333, 9.79
-0.888, -0.352, 9.867
-0.898, -0.381, 9.8
-0.831, -0.362, 9.79
-0.831, -0.362, 9.79
-0.821, -0.352, 9.905
-0.878, -0.324, 9.79
-0.84, -0.19, 9.828
-0.84, -0.19, 9.828
-0.831, -0.218, 9.886
-0.831, -0.218, 9.886
-0.783, -0.161, 9.761
-0.735, -0.132, 9.809
-0.725, -0.18, 9.579
-0.725, -0.18, 9.579
-0.716, -0.209, 9.57
-0.716, -0.209, 9.57
-0.677, -0.247, 9.551
-0.764, -0.276, 9.646
-0.773, -0.228, 9.838
-0.773, -0.228, 9.838
-0.792, -0.314, 10.001
-0.792, -0.314, 10.001
-0.821, -0.4, 9.962
-0.869, -0.42, 9.953
-0.869, -0.42, 9.953
-0.907, -0.467, 9.723
-0.984, -0.439, 9.685
-0.965, -0.381, 9.713
-0.965, -0.4, 9.819
-0.965, -0.4, 9.819
-0.984, -0.41, 9.752
-0.984, -0.41, 9.752
-0.926, -0.42, 9.752
-0.859, -0.362, 9.771
-0.859, -0.362, 9.771
-0.898, -0.381, 9.8
-0.898, -0.381, 9.8
-0.85, -0.381, 9.704
-0.84, -0.372, 9.713
-0.84, -0.372, 9.713
-0.869, -0.381, 9.704
-0.888, -0.4, 9.733
-0.898, -0.343, 9.637
-0.898, -0.343, 9.637
-0.869, -0.391, 9.589
-0.869, -0.324, 9.541
-0.859, -0.343, 9.57
-0.898, -0.276, 9.704
-0.898, -0.276, 9.704
-0.926, -0.257, 9.828
-0.917, -0.209, 9.886
-0.917, -0.209, 9.886
-0.936, -0.218, 9.972
-0.936, -0.218, 9.972
-0.984, -0.18, 10.01
-0.974, -0.238, 9.924
-0.974, -0.238, 9.924
-1.003, -0.161, 9.895
-1.013, -0.18, 9.685
-0.907, -0.218, 9.618
-0.907, -0.218, 9.618
-0.878, -0.199, 9.675
-0.888, -0.228, 9.771
-0.888, -0.228, 9.771
-0.821, -0.228, 9.8
-0.869, -0.276, 9.79
-0.84, -0.295, 9.79
-0.907, -0.285, 9.742
-0.821, -0.324, 9.723
-0.821, -0.324, 9.723
-0.869, -0.372, 9.752
-0.869, -0.372, 9.752
-0.85, -0.343, 9.771
-0.831, -0.42, 9.742
-0.821, -0.343, 9.742
-0.888, -0.333, 9.771
-0.888, -0.333, 9.771
-0.898, -0.372, 9.867
-0.898, -0.372, 9.867
-0.946, -0.333, 9.8
-0.917, -0.305, 9.713
-0.917, -0.305, 9.713
-1.022, -0.333, 9.8
-1.022, -0.333, 9.8
-1.013, -0.295, 9.771
-1.013, -0.295, 9.771
-0.984, -0.276, 9.752
-0.946, -0.285, 9.8
-0.965, -0.305, 9.8
-0.965, -0.305, 9.8
-0.974, -0.266, 9.915
-0.974, -0.266, 9.915
-0.965, -0.257, 9.79
-0.946, -0.257, 9.713
-0.946, -0.257, 9.713
-0.946, -0.295, 9.618
-0.955, -0.266, 9.57
-0.955, -0.266, 9.57
-0.984, -0.305, 9.742
-1.06, -0.295, 9.713
-1.022, -0.305, 9.819
-1.022, -0.305, 9.819
-1.08, -0.324, 9.867
-1.089, -0.285, 9.771
-1.089, -0.285, 9.771
-1.089, -0.305, 9.819
-1.156, -0.305, 9.761
-1.118, -0.238, 9.742
-1.118, -0.238, 9.742
-1.137, -0.199, 9.771
-1.137, -0.199, 9.771
-1.185, -0.094, 9.646
-1.118, -0.161, 9.713
-1.118, -0.161, 9.713
-1.099, -0.18, 9.685
-1.013, -0.18, 9.819
-1.013, -0.18, 9.819
-0.974, -0.238, 9.761
-1.013, -0.285, 9.8
-1.022, -0.295, 9.838
-1.022, -0.295, 9.838
-1.032, -0.228, 9.78
-1.032, -0.314, 9.752
-1.032, -0.314, 9.752
-1.013, -0.333, 9.733
-1.003, -0.276, 9.713
-1.003, -0.276, 9.713
-1.032, -0.305, 9.694
-1.003, -0.247, 9.733
-0.936, -0.276, 9.752
-0.974, -0.295, 9.761
-0.974, -0.295, 9.761
-1.022, -0.324, 9.838
-1.032, -0.314, 9.761
-1.003, -0.305, 9.924
-1.003, -0.285, 9.713
-1.003, -0.285, 9.713
-1.051, -0.352, 9.79
-1.041, -0.324, 9.685
-1.041, -0.324, 9.685
-1.022, -0.276, 9.742
-1.022, -0.314, 9.666
-1.022, -0.314, 9.666
-1.022, -0.314, 9.704
-1.022, -0.314, 9.704
-1.013, -0.352, 9.742
-1.013, -0.352, 9.742
-0.965, -0.247, 9.79
-1.013, -0.305, 9.8
-1.013, -0.305, 9.8
-1.013, -0.285, 9.886
-1.013, -0.285, 9.886
-1.041, -0.228, 9.838
-1.06, -0.257, 9.742
-1.06, -0.257, 9.742
-1.041, -0.228, 9.723
-1.118, -0.295, 9.79
-1.118, -0.295, 9.79
-1.089, -0.352, 9.694
-1.108, -0.314, 9.828
-1.108, -0.314, 9.828
-1.051, -0.276, 9.876
-1.003, -0.362, 9.847
-1.003, -0.362, 9.847
-1.041, -0.352, 9.819
-0.984, -0.295, 9.79
-0.984, -0.295, 9.79
-0.965, -0.285, 9.742
-0.965, -0.238, 9.598
-0.965, -0.238, 9.598
-0.984, -0.295, 9.598
-0.984, -0.295, 9.598
-1.022, -0.257, 9.685
-1.022, -0.257, 9.685
-1.003, -0.247, 9.646
-1.022, -0.285, 9.742
-1.022, -0.285, 9.819
-1.022, -0.285, 9.819
-1.003, -0.324, 9.78
-1.003, -0.324, 9.78
-1.032, -0.324, 9.847
-1.013, -0.276, 9.694
-1.003, -0.352, 9.867
-1.003, -0.352, 9.867
-0.965, -0.343, 9.828
-0.974, -0.276, 9.771
-0.974, -0.276, 9.771
-1.013, -0.305, 9.8
-0.984, -0.362, 9.723
-0.984, -0.362, 9.723
-0.965, -0.305, 9.809
-1.041, -0.228, 9.694
-1.041, -0.228, 9.694
-0.984, -0.266, 9.742
-0.984, -0.266, 9.742
-0.965, -0.266, 9.742
-1.003, -0.362, 9.656
-1.003, -0.362, 9.656
-0.984, -0.305, 9.637
-0.984, -0.305, 9.637
-1.022, -0.324, 9.742
-1.022, -0.324, 9.742
-0.974, -0.305, 9.733
-0.974, -0.305, 9.771
-0.974, -0.343, 9.771
-1.013, -0.305, 9.723
-1.003, -0.285, 9.742
-1.003, -0.285, 9.742
-1.041, -0.295, 9.761
-1.041, -0.391, 9.819
-0.984, -0.352, 9.857
-0.984, -0.352, 9.857
-0.974, -0.381, 9.828
-0.974, -0.381, 9.828
-0.955, -0.343, 9.915
-0.946, -0.333, 9.752
-0.955, -0.257, 9.637
-0.936, -0.19, 9.503
-0.869, -0.151, 9.551
-0.869, -0.151, 9.551
-0.859, -0.132, 9.474
-0.859, -0.218, 9.608
-0.869, -0.257, 9.618
-0.84, -0.238, 9.704
-0.84, -0.238, 9.704
-0.859, -0.228, 9.847
-0.859, -0.228, 9.847
-0.926, -0.266, 9.79
-0.926, -0.266, 9.79
-0.898, -0.295, 9.924
-0.898, -0.295, 9.924
-0.85, -0.314, 9.867
-0.888, -0.343, 9.78
-0.888, -0.343, 9.78
-0.898, -0.41, 9.809
-0.898, -0.41, 9.809
-0.898, -0.4, 9.704
-0.936, -0.41, 9.752
-0.936, -0.41, 9.752
-0.993, -0.381, 9.637
-0.984, -0.448, 9.8
-0.984, -0.448, 9.8
-1.003, -0.458, 9.742
-1.003, -0.525, 9.771
-0.993, -0.496, 9.656
-0.993, -0.496, 9.656
-1.013, -0.515, 9.637
-1.013, -0.515, 9.637
-0.955, -0.477, 9.637
-0.974, -0.467, 9.713
-0.955, -0.467, 9.79
-0.955, -0.467, 9.79
-0.811, -0.506, 9.828
-0.811, -0.506, 9.828
-0.84, -0.592, 9.934
-0.831, -0.573, 10.01
-0.831, -0.573, 10.01
-0.859, -0.525, 10.029
-0.936, -0.573, 9.876
-0.84, -0.467, 9.79
-0.84, -0.467, 9.79
-0.811, -0.439, 9.675
-0.907, -0.41, 9.713
-0.859, -0.362, 9.675
-0.859, -0.362, 9.675
-0.831, -0.429, 9.704
-0.831, -0.429, 9.704
-0.878, -0.391, 9.589
-0.878, -0.391, 9.589
-0.84, -0.391, 9.685
-0.859, -0.381, 9.656
-0.888, -0.324, 9.704
-0.888, -0.324, 9.704
-0.926, -0.343, 9.752
-0.831, -0.362, 9.752
-0.831, -0.362, 9.752
-0.936, -0.314, 9.752
-0.898, -0.372, 9.637
-0.898, -0.372, 9.637
-0.907, -0.343, 9.598
-0.926, -0.362, 9.646
-0.926, -0.362, 9.646
-0.898, -0.362, 9.598
-0.946, -0.372, 9.656
-0.946, -0.41, 9.713
-0.926, -0.41, 9.886
-0.926, -0.41, 9.886
-0.84, -0.362, 9.867
-0.84, -0.362, 9.867
-0.926, -0.381, 9.943
-0.917, -0.391, 9.838
-0.821, -0.448, 9.905
-0.821, -0.448, 9.905
-0.821, -0.372, 9.713
-0.821, -0.372, 9.713
-0.754, -0.467, 9.598
-0.706, -0.458, 9.531
-0.706, -0.448, 9.464
-0.706, -0.448, 9.464
-0.706, -0.42, 9.503
-0.706, -0.42, 9.503
-0.802, -0.429, 9.598
-0.802, -0.429, 9.598
-0.888, -0.429, 9.589
-0.764, -0.439, 9.646
-0.754, -0.391, 9.742
-0.754, -0.391, 9.742
-0.744, -0.391, 9.704
-0.744, -0.391, 9.704
-0.792, -0.41, 9.79
-0.792, -0.41, 9.79
-0.744, -0.4, 9.733
-0.802, -0.41, 9.694
-0.802, -0.391, 9.78
-0.802, -0.391, 9.78
-0.802, -0.381, 9.713
-0.802, -0.381, 9.713
-0.773, -0.362, 9.78
-0.754, -0.4, 9.79
-0.706, -0.487, 9.742
-0.744, -0.41, 9.943
-0.744, -0.41, 9.943
-0.802, -0.391, 9.771
-0.783, -0.458, 9.752
-0.811, -0.42, 9.627
-0.811, -0.42, 9.627
-0.811, -0.477, 9.685
-0.821, -0.41, 9.618
-0.821, -0.41, 9.618
-0.802, -0.506, 9.685
-0.744, -0.487, 9.723
-0.735, -0.467, 9.8
-0.668, -0.487, 9.761
-0.668, -0.515, 9.694
-0.668, -0.515, 9.694
-0.687, -0.506, 9.694
-0.677, -0.487, 9.685
-0.716, -0.448, 9.666
-0.716, -0.448, 9.666
-0.706, -0.467, 9.627
-0.706, -0.467, 9.627
-0.725, -0.439, 9.608
-0.697, -0.391, 9.713
-0.697, -0.391, 9.713
-0.697, -0.429, 9.761
-0.649, -0.467, 9.809
-0.649, -0.467, 9.809
-0.744, -0.448, 9.694
-0.697, -0.467, 9.694
-0.697, -0.467, 9.694
-0.687, -0.42, 9.713
-0.754, -0.42, 9.876
-0.744, -0.4, 9.733
-0.744, -0.4, 9.733
-0.716, -0.391, 9.713
-0.716, -0.391, 9.713
-0.706, -0.42, 9.627
-0.802, -0.4, 9.618
-0.716, -0.439, 9.713
-0.706, -0.42, 9.752
-0.706, -0.42, 9.752
-0.658, -0.458, 9.771
-0.697, -0.448, 9.752
-0.697, -0.448, 9.752
-0.697, -0.439, 9.637
-0.697, -0.439, 9.637
-0.687, -0.429, 9.666
-0.687, -0.429, 9.666
-0.754, -0.439, 9.656
-0.754, -0.439, 9.656
-0.677, -0.429, 9.733
-0.725, -0.391, 9.819
-0.735, -0.525, 9.733
-0.735, -0.525, 9.733
-0.735, -0.487, 9.857
-0.764, -0.534, 9.828
-0.764, -0.534, 9.828
-0.697, -0.525, 9.886
-0.697, -0.525, 9.886
-0.677, -0.477, 9.733
-0.677, -0.477, 9.733
-0.658, -0.458, 9.694
-0.629, -0.496, 9.56
-0.649, -0.496, 9.598
-0.649, -0.496, 9.598
-0.687, -0.487, 9.608
-0.697, -0.458, 9.675
-0.716, -0.477, 9.646
-0.716, -0.477, 9.646
-0.716, -0.477, 9.895
-0.716, -0.477, 9.895
-0.716, -0.496, 9.915
-0.716, -0.496, 9.915
-0.668, -0.467, 9.847
-0.668, -0.515, 9.819
-0.668, -0.515, 9.819
-0.725, -0.42, 9.809
-0.764, -0.42, 9.828
-0.764, -0.42, 9.828
-0.754, -0.41, 9.8
-0.716, -0.333, 9.694
-0.744, -0.362, 9.723
-0.658, -0.362, 9.598
-0.658, -0.362, 9.598
-0.629, -0.439, 9.541
-0.62, -0.515, 9.407
-0.572, -0.429, 9.531
-0.572, -0.429, 9.531
-0.61, -0.496, 9.618
-0.697, -0.467, 9.733
-0.697, -0.467, 9.733
-0.706, -0.487, 9.761
-0.687, -0.448, 9.876
-0.716, -0.467, 9.847
-0.716, -0.467, 9.847
-0.668, -0.515, 9.886
-0.668, -0.515, 9.886
-0.601, -0.487, 9.79
-0.572, -0.534, 9.713
-0.562, -0.448, 9.57
-0.562, -0.448, 9.57
-0.61, -0.448, 9.618
-0.562, -0.448, 9.522
-0.562, -0.448, 9.522
-0.572, -0.362, 9.474
-0.601, -0.487, 9.57
-0.601, -0.487, 9.57
-0.572, -0.506, 9.675
-0.572, -0.506, 9.675
-0.553, -0.496, 9.838
-0.553, -0.496, 9.838
-0.534, -0.496, 9.809
-0.534, -0.496, 9.809
-0.543, -0.563, 9.78
-0.476, -0.573, 9.819
-0.534, -0.573, 9.733
-0.534, -0.573, 9.733
-0.524, -0.573, 9.618
-0.515, -0.601, 9.551
-0.515, -0.601, 9.551
-0.524, -0.534, 9.618
-0.524, -0.582, 9.637
-0.524, -0.582, 9.637
-0.505, -0.515, 9.761
-0.505, -0.515, 9.761
-0.524, -0.525, 9.685
-0.524, -0.525, 9.685
-0.543, -0.573, 9.675
-0.553, -0.534, 9.685
-0.534, -0.496, 9.79
-0.534, -0.496, 9.79
-0.543, -0.611, 9.723
-0.543, -0.573, 9.685
-0.515, -0.563, 9.656
-0.515, -0.563, 9.656
-0.505, -0.611, 9.685
-0.534, -0.544, 9.733
-0.534, -0.544, 9.733
-0.543, -0.525, 9.733
-0.543, -0.525, 9.733
-0.543, -0.582, 9.733
-0.562, -0.582, 9.733
-0.572, -0.611, 9.752
-0.572, -0.592, 9.694
-0.572, -0.592, 9.694
-0.515, -0.601, 9.685
-0.495, -0.582, 9.685
-0.495, -0.582, 9.685
-0.515, -0.621, 9.666
-0.438, -0.611, 9.618
-0.409, -0.611, 9.608
-0.409, -0.611, 9.608
-0.428, -0.592, 9.685
-0.419, -0.544, 9.551
-0.419, -0.573, 9.551
-0.419, -0.573, 9.551
-0.371, -0.582, 9.541
-0.371, -0.582, 9.541
-0.457, -0.573, 9.512
-0.457, -0.573, 9.512
-0.476, -0.534, 9.579
-0.476, -0.534, 9.579

