x : y : Z 
7.6638336, -0.096969604, 6.387726
7.6470795, -0.07182312, 6.344635
7.653061, -0.1149292, 6.353012
7.6542664, -0.1197052, 6.3099213
7.637497, -0.075424194, 6.301544
7.657852, -0.094573975, 6.289566
7.6674347, -0.11253357, 6.3111115
7.6554565, -0.075424194, 6.2907715
7.6398926, -0.101760864, 6.3159027
7.6434937, -0.10774231, 6.308716
7.620743, -0.073028564, 6.3422394
7.625534, -0.06703186, 6.3554077
7.62912, -0.104141235, 6.3350525
7.665039, -0.111328125, 6.3350525
7.6590576, -0.084991455, 6.3793488
7.6315155, -0.101760864, 6.3422394
7.636307, -0.106536865, 6.368576
7.660248, -0.09576416, 6.345825
7.62912, -0.0909729, 6.3422394
7.6458893, -0.10055542, 6.332657
7.6458893, -0.1197052, 6.36499
7.633911, -0.09815979, 6.341049
7.6111603, -0.10055542, 6.3182983
7.6542664, -0.094573975, 6.344635
7.6590576, -0.094573975, 6.3625946
7.642288, -0.099365234, 6.3422394
7.6458893, -0.10055542, 6.372162
7.6303253, -0.0909729, 6.3865356
7.657852, -0.07661438, 6.363785
7.6351166, -0.09815979, 6.3709717
7.6398926, -0.111328125, 6.369766
7.648285, -0.123306274, 6.3494263
7.660248, -0.11253357, 6.317108
7.6674347, -0.10295105, 6.3159027
7.6267242, -0.12210083, 6.329071
7.637497, -0.13647461, 6.282379
7.6829987, -0.11013794, 6.2991486
7.649475, -0.113723755, 6.3003387
7.661438, -0.1149292, 6.2835846
7.6865845, -0.106536865, 6.2752075
7.62912, -0.118515015, 6.2668304
7.6674347, -0.13407898, 6.3003387
7.675812, -0.1257019, 6.3027344
7.680603, -0.092178345, 6.2752075
7.668625, -0.118515015, 6.265625
7.6937714, -0.13407898, 6.2476654
7.696167, -0.12689209, 6.265625
7.68898, -0.1484375, 6.2991486
7.6853943, -0.14485168, 6.274002
7.6949615, -0.111328125, 6.253662
7.716507, -0.14364624, 6.190216
7.712921, -0.14724731, 6.193802
7.7189026, -0.14006042, 6.1806335
7.7344666, -0.15562439, 6.171051
7.723694, -0.13168335, 6.193802
7.7248993, -0.116119385, 6.1578827
7.7093353, -0.12210083, 6.1686554
7.7033386, -0.1257019, 6.2153473
7.6985626, -0.1304779, 6.2153473
7.6746063, -0.108932495, 6.2285156
7.677002, -0.12689209, 6.233307
7.6626434, -0.12449646, 6.2440796
7.680603, -0.101760864, 6.253662
7.721298, -0.13287354, 6.24527
7.6937714, -0.14125061, 6.250061
7.6901703, -0.12689209, 6.2632294
7.696167, -0.120910645, 6.24527
7.7225037, -0.12808228, 6.210556
7.700943, -0.101760864, 6.257248
7.7033386, -0.12210083, 6.257248
7.6746063, -0.13168335, 6.234497
7.6937714, -0.10295105, 6.242874
7.6913757, -0.123306274, 6.241684
7.6746063, -0.13168335, 6.240494
7.6698303, -0.09336853, 6.281189
7.6829987, -0.08140564, 6.312317
7.6542664, -0.123306274, 6.293152
7.6542664, -0.1304779, 6.2943573
7.6518707, -0.10774231, 6.320694
7.6518707, -0.08380127, 6.3147125
7.6542664, -0.068237305, 6.293152
7.660248, -0.092178345, 6.284775
7.6674347, -0.09336853, 6.2548523
7.6829987, -0.108932495, 6.253662
7.6698303, -0.087387085, 6.2716064
7.6698303, -0.113723755, 6.3027344
7.6542664, -0.08140564, 6.264435
7.6746063, -0.099365234, 6.289566
7.6470795, -0.101760864, 6.281189
7.6518707, -0.09576416, 6.3147125
7.6626434, -0.089782715, 6.3949127
7.6303253, -0.099365234, 6.411667
7.656662, -0.08140564, 6.424835
7.6387024, -0.06703186, 6.459549
7.620743, -0.113723755, 6.439209
7.6279297, -0.09576416, 6.411667
7.625534, -0.075424194, 6.3817444
7.6267242, -0.106536865, 6.4092712
7.6458893, -0.09576416, 6.369766
7.632721, -0.09576416, 6.325485
7.6315155, -0.10295105, 6.3314667
7.6518707, -0.101760864, 6.3111115
7.6590576, -0.101760864, 6.313507
7.684189, -0.082595825, 6.269211
7.6518707, -0.089782715, 6.22493
7.6542664, -0.07901001, 6.2201385
7.6506653, -0.10774231, 6.274002
7.644684, -0.1304779, 6.312317
7.6351166, -0.099365234, 6.336258
7.6793976, -0.10295105, 6.320694
7.6949615, -0.13647461, 6.3589935
7.6626434, -0.120910645, 6.376953
7.6542664, -0.14364624, 6.375763
7.677002, -0.11730957, 6.3817444
7.6674347, -0.116119385, 6.3578033
7.680603, -0.11253357, 6.341049
7.6710205, -0.1149292, 6.327881
7.668625, -0.10055542, 6.297943
7.68898, -0.1304779, 6.2392883
7.7021484, -0.15681458, 6.265625
7.712921, -0.1304779, 6.210556
7.6662292, -0.1149292, 6.194992
7.660248, -0.14485168, 6.169861
7.6949615, -0.11730957, 6.2237244
7.681793, -0.099365234, 6.2321014
7.6782074, -0.12210083, 6.2668304
7.68898, -0.123306274, 6.343445
7.6937714, -0.14364624, 6.3470306
7.6913757, -0.11253357, 6.341049
7.7105255, -0.14006042, 6.376953
7.7057343, -0.10534668, 6.341049
7.6985626, -0.13407898, 6.3314667
7.715317, -0.14964294, 6.2991486
7.7033386, -0.13647461, 6.2309113
7.6865845, -0.104141235, 6.150711
7.6829987, -0.1376648, 6.131546
7.70813, -0.1376648, 6.119583
7.6793976, -0.12928772, 6.1016235
7.711731, -0.14006042, 6.123169
7.7105255, -0.14006042, 6.1016235
7.720108, -0.14006042, 6.1255646
7.721298, -0.13168335, 6.1818237
7.715317, -0.14604187, 6.1842194
7.70813, -0.11013794, 6.2273254
7.7093353, -0.14125061, 6.2632294
7.723694, -0.15802002, 6.2273254
7.7344666, -0.13287354, 6.209366
7.739258, -0.1376648, 6.202179
7.7069397, -0.118515015, 6.1925964
7.697357, -0.080200195, 6.2165375
7.7512207, -0.101760864, 6.139923
7.7248993, -0.12210083, 6.1519012
7.7141113, -0.111328125, 6.167465
7.735672, -0.1376648, 6.1973877
7.728485, -0.14485168, 6.1806335
7.720108, -0.1376648, 6.2512665
7.699753, -0.11013794, 6.258438
7.699753, -0.10055542, 6.24527
7.70813, -0.096969604, 6.240494
7.712921, -0.111328125, 6.2285156
7.7105255, -0.101760864, 6.233307
7.6698303, -0.1257019, 6.185425
7.7260895, -0.123306274, 6.183029
7.711731, -0.12449646, 6.1758423
7.6949615, -0.10774231, 6.194992
7.692566, -0.111328125, 6.178238
7.700943, -0.094573975, 6.2213287
7.665039, -0.09815979, 6.190216
7.681793, -0.104141235, 6.210556
7.6829987, -0.113723755, 6.22612
7.6829987, -0.108932495, 6.240494
7.665039, -0.10055542, 6.2943573
7.668625, -0.096969604, 6.30394
7.6518707, -0.11253357, 6.2991486
7.653061, -0.11253357, 6.3182983
7.681793, -0.14245605, 6.329071
7.6985626, -0.13887024, 6.321884
7.642288, -0.1197052, 6.353012
7.6315155, -0.1197052, 6.344635
7.6662292, -0.096969604, 6.360199
7.6470795, -0.092178345, 6.3793488
7.6554565, -0.10534668, 6.4344177
7.665039, -0.104141235, 6.4212494
7.673416, -0.113723755, 6.424835
7.6470795, -0.111328125, 6.4440002
7.673416, -0.10055542, 6.4224396
7.684189, -0.10055542, 6.396103
7.6746063, -0.120910645, 6.327881
7.6829987, -0.120910645, 6.3027344
7.6434937, -0.08859253, 6.2787933
7.684189, -0.120910645, 6.240494
7.636307, -0.11730957, 6.200989
7.660248, -0.12210083, 6.1722565
7.6937714, -0.13407898, 6.202179
7.7021484, -0.13168335, 6.198593
7.656662, -0.12689209, 6.186615
7.6782074, -0.108932495, 6.229706
7.675812, -0.12449646, 6.282379
7.660248, -0.13287354, 6.264435
7.699753, -0.14006042, 6.264435
7.6626434, -0.1304779, 6.2955475
7.675812, -0.13887024, 6.2704163
7.6865845, -0.108932495, 6.233307
7.6901703, -0.11730957, 6.1997833
7.661438, -0.10534668, 6.234497
7.6542664, -0.11013794, 6.2524567
7.665039, -0.101760864, 6.274002
7.668625, -0.1149292, 6.2213287
7.680603, -0.123306274, 6.2309113
7.668625, -0.13168335, 6.253662
7.6674347, -0.09815979, 6.2632294
7.642288, -0.108932495, 6.293152
7.6554565, -0.11730957, 6.296753
7.660248, -0.1149292, 6.3578033
7.637497, -0.1197052, 6.356598
7.6279297, -0.09815979, 6.353012
7.6470795, -0.087387085, 6.372162
7.6434937, -0.094573975, 6.3984985
7.6219482, -0.10055542, 6.38533
7.636307, -0.116119385, 6.3733673
7.6147614, -0.10534668, 6.376953
7.6398926, -0.08380127, 6.351822
7.648285, -0.0909729, 6.376953
7.60878, -0.07901001, 6.3589935
7.6075745, -0.080200195, 6.363785
7.617157, -0.10774231, 6.3949127
7.6470795, -0.0909729, 6.3829346
7.6243286, -0.09336853, 6.3781586
7.6195526, -0.09576416, 6.4212494
7.6219482, -0.10534668, 6.427231
7.625534, -0.070632935, 6.4332275
7.636307, -0.101760864, 6.4296265
7.625534, -0.10534668, 6.4056854
7.6159515, -0.075424194, 6.440399
7.60997, -0.092178345, 6.4140625
7.6470795, -0.10295105, 6.411667
7.62912, -0.070632935, 6.416458
7.632721, -0.10534668, 6.392517
7.636307, -0.106536865, 6.353012
7.644684, -0.09576416, 6.391327
7.6506653, -0.096969604, 6.3781586
7.657852, -0.11013794, 6.341049
7.684189, -0.084991455, 6.3194885
7.712921, -0.10055542, 6.30632
7.677002, -0.09815979, 6.3147125
7.6829987, -0.120910645, 6.30513
7.6782074, -0.11253357, 6.2608337
7.7057343, -0.111328125, 6.242874
7.6937714, -0.108932495, 6.242874
7.68898, -0.1197052, 6.217743
7.7452393, -0.15441895, 6.1806335
7.7308807, -0.14604187, 6.1734467
7.7500305, -0.12928772, 6.1997833
7.723694, -0.12928772, 6.1483154
7.6901703, -0.14125061, 6.119583
7.7189026, -0.111328125, 6.1016235
7.7811584, -0.12928772, 6.131546
7.7584076, -0.14006042, 6.0812683
7.7296753, -0.1484375, 6.131546
7.7380524, -0.15203857, 6.14592
7.728485, -0.12449646, 6.1566925
7.7488403, -0.1257019, 6.1519012
7.7464447, -0.14964294, 6.1842194
7.704544, -0.15203857, 6.1566925
7.7021484, -0.1592102, 6.185425
7.704544, -0.13168335, 6.161484
7.6877747, -0.13647461, 6.1375427
7.736862, -0.12808228, 6.1123962
7.754822, -0.14006042, 6.114792
7.7416534, -0.123306274, 6.155487
7.7021484, -0.13407898, 6.1686554
7.7177124, -0.120910645, 6.186615
7.7332764, -0.13407898, 6.202179
7.7344666, -0.116119385, 6.2392883
7.715317, -0.13526917, 6.2392883
7.68898, -0.10774231, 6.2608337
7.6710205, -0.09576416, 6.2919617
7.692566, -0.13168335, 6.2919617
7.6913757, -0.116119385, 6.3099213
7.7416534, -0.11730957, 6.274002
7.692566, -0.13287354, 6.282379
7.699753, -0.11730957, 6.2560425
7.696167, -0.09336853, 6.2596436
7.68898, -0.108932495, 6.2632294
7.699753, -0.1149292, 6.2716064
7.7033386, -0.1197052, 6.264435
7.7248993, -0.12210083, 6.2668304
7.7296753, -0.13407898, 6.297943
7.7093353, -0.11730957, 6.2608337
7.70813, -0.1149292, 6.2799835
7.723694, -0.106536865, 6.317108
7.721298, -0.11013794, 6.3159027
7.739258, -0.11730957, 6.308716
7.720108, -0.118515015, 6.272812
7.692566, -0.13526917, 6.3111115
7.7308807, -0.12210083, 6.2799835
7.7260895, -0.12210083, 6.209366
7.7272797, -0.12928772, 6.2213287
7.7380524, -0.14724731, 6.22612
7.716507, -0.12808228, 6.2045746
7.716507, -0.13168335, 6.2153473
7.740448, -0.1197052, 6.2285156
7.740448, -0.1257019, 6.2081604
7.7332764, -0.1304779, 6.171051
7.740448, -0.13647461, 6.183029
7.747635, -0.14245605, 6.1914062
7.739258, -0.14125061, 6.1686554
7.754822, -0.116119385, 6.167465
7.728485, -0.123306274, 6.14592
7.7452393, -0.12808228, 6.161484
7.712921, -0.12928772, 6.171051
7.7775574, -0.13407898, 6.186615
7.7847443, -0.113723755, 6.138733
7.7883453, -0.12928772, 6.1267548
7.7739716, -0.12928772, 6.099228
7.7620087, -0.1197052, 6.0621185
7.7727814, -0.14006042, 6.0214233
7.779953, -0.14964294, 5.984314
7.7895355, -0.14964294, 6.013031
7.794327, -0.14964294, 5.9998627
7.7967224, -0.15562439, 5.944809
7.7739716, -0.14604187, 5.985504
7.7703857, -0.1304779, 6.0309906
7.771576, -0.14006042, 6.0261993
7.778763, -0.15322876, 6.04895
7.776367, -0.17118835, 6.0393677
7.779953, -0.14485168, 6.059723
7.7655945, -0.16160583, 6.0812683
7.7655945, -0.14604187, 6.0896454
7.791931, -0.14364624, 6.1016235
7.783554, -0.16758728, 6.0944366
7.775177, -0.1376648, 6.075287
7.740448, -0.1592102, 6.114792
7.776367, -0.12928772, 6.135147
7.764389, -0.116119385, 6.0968323
7.775177, -0.13647461, 6.111206
7.795517, -0.14006042, 6.12796
7.776367, -0.15083313, 6.178238
7.752426, -0.16400146, 6.1734467
7.7344666, -0.11730957, 6.186615
7.7500305, -0.11730957, 6.214157
7.754822, -0.15322876, 6.2045746
7.711731, -0.16160583, 6.2309113
7.763199, -0.113723755, 6.2512665
7.752426, -0.118515015, 6.262039
7.752426, -0.11730957, 6.2548523
7.7572174, -0.12928772, 6.253662
7.7667847, -0.1197052, 6.2716064
7.740448, -0.101760864, 6.2704163
7.735672, -0.1149292, 6.274002
7.7380524, -0.1376648, 6.293152
7.720108, -0.13526917, 6.2907715
7.716507, -0.101760864, 6.2512665
7.7105255, -0.12210083, 6.2680206
7.7500305, -0.15562439, 6.2632294
7.735672, -0.1257019, 6.274002
7.7488403, -0.118515015, 6.238098
7.7572174, -0.1149292, 6.241684
7.7428436, -0.1197052, 6.2213287
7.723694, -0.12928772, 6.2201385
7.7344666, -0.12210083, 6.2368927
7.7416534, -0.1149292, 6.1961975
7.736862, -0.14485168, 6.1914062
7.7572174, -0.1376648, 6.1734467
7.728485, -0.13887024, 6.1219788
7.7584076, -0.120910645, 6.087265
7.78714, -0.1376648, 6.104019
7.7500305, -0.14604187, 6.131546
7.752426, -0.1149292, 6.0812683
7.7428436, -0.10534668, 6.1052094
7.7464447, -0.111328125, 6.0980377
7.744049, -0.14006042, 6.1327515
7.7775574, -0.14724731, 6.1267548
7.759613, -0.15322876, 6.111206
7.739258, -0.14604187, 6.1483154
7.744049, -0.1484375, 6.1566925
7.7296753, -0.14125061, 6.1375427
7.740448, -0.13526917, 6.1495056
7.7536163, -0.123306274, 6.1339417
7.7464447, -0.1304779, 6.1483154
7.7775574, -0.14724731, 6.143524
7.791931, -0.14006042, 6.1375427
7.7883453, -0.13287354, 6.161484
7.76799, -0.15681458, 6.154297
7.7620087, -0.123306274, 6.1638794
7.778763, -0.13168335, 6.154297
7.7979126, -0.10774231, 6.1291504
7.7847443, -0.12210083, 6.1411285
7.7572174, -0.14125061, 6.1495056
7.7859497, -0.12449646, 6.1638794
7.776367, -0.14006042, 6.1255646
7.7703857, -0.12808228, 6.1291504
7.7428436, -0.123306274, 6.1171875
7.744049, -0.16998291, 6.095642
7.7811584, -0.1304779, 6.1267548
7.7691803, -0.116119385, 6.162674
7.7428436, -0.12808228, 6.1483154
7.752426, -0.12210083, 6.099228
7.732071, -0.13287354, 6.1530914
7.735672, -0.13168335, 6.171051
7.728485, -0.1257019, 6.1997833
7.7416534, -0.15802002, 6.190216
7.7344666, -0.12928772, 6.242874
7.7248993, -0.113723755, 6.2392883
7.760803, -0.12210083, 6.214157
7.7189026, -0.10534668, 6.2357025
7.7272797, -0.116119385, 6.1961975
7.7512207, -0.118515015, 6.210556
7.736862, -0.11730957, 6.2045746
7.6985626, -0.11253357, 6.246475
7.7260895, -0.13407898, 6.2273254
7.728485, -0.118515015, 6.200989
7.699753, -0.1304779, 6.217743
7.6937714, -0.13407898, 6.248871
7.7344666, -0.1376648, 6.250061
7.7572174, -0.12210083, 6.2440796
7.715317, -0.0909729, 6.234497
7.697357, -0.1197052, 6.214157
7.7272797, -0.1484375, 6.2081604
7.728485, -0.1484375, 6.1878204
7.739258, -0.101760864, 6.138733
7.7344666, -0.104141235, 6.194992
7.697357, -0.1257019, 6.1973877
7.697357, -0.113723755, 6.1758423
7.7380524, -0.118515015, 6.234497
7.6949615, -0.113723755, 6.253662
7.6985626, -0.123306274, 6.2596436
7.7260895, -0.14006042, 6.284775
7.7512207, -0.1376648, 6.296753
7.732071, -0.1376648, 6.272812
7.716507, -0.14125061, 6.2668304
7.7380524, -0.1376648, 6.2309113
7.7093353, -0.1197052, 6.203369
7.684189, -0.096969604, 6.174652
7.735672, -0.092178345, 6.1818237
7.70813, -0.120910645, 6.167465
7.7416534, -0.108932495, 6.1818237
7.7069397, -0.116119385, 6.2165375
7.70813, -0.1149292, 6.242874
7.7069397, -0.13407898, 6.2787933
7.7105255, -0.13287354, 6.2596436
7.716507, -0.113723755, 6.2835846
7.7021484, -0.14364624, 6.30394
7.699753, -0.116119385, 6.238098
7.7105255, -0.096969604, 6.2368927
7.699753, -0.12928772, 6.2560425
7.704544, -0.11730957, 6.2368927
7.696167, -0.101760864, 6.20697
7.7296753, -0.14006042, 6.2045746
7.736862, -0.14245605, 6.193802
7.6901703, -0.1149292, 6.203369
7.7260895, -0.13287354, 6.2285156
7.7452393, -0.108932495, 6.200989
7.7225037, -0.12808228, 6.202179
7.723694, -0.15203857, 6.229706
7.7057343, -0.113723755, 6.20697
7.6985626, -0.11013794, 6.210556
7.6937714, -0.11730957, 6.200989
7.6937714, -0.108932495, 6.194992
7.6901703, -0.10774231, 6.2368927
7.672226, -0.12210083, 6.2596436
7.6793976, -0.092178345, 6.2668304
7.721298, -0.092178345, 6.3147125
7.6746063, -0.11013794, 6.32428
7.699753, -0.1149292, 6.356598
7.6782074, -0.11013794, 6.344635
7.6746063, -0.111328125, 6.320694
7.6985626, -0.13168335, 6.325485
7.7225037, -0.104141235, 6.3194885
7.7344666, -0.1197052, 6.2752075
7.657852, -0.12928772, 6.281189
7.677002, -0.1376648, 6.2548523
7.6985626, -0.104141235, 6.183029
7.712921, -0.1304779, 6.200989
7.7069397, -0.111328125, 6.193802
7.692566, -0.1197052, 6.1638794
7.716507, -0.12449646, 6.203369
7.7033386, -0.118515015, 6.193802
7.697357, -0.12210083, 6.234497
7.6901703, -0.118515015, 6.281189
7.716507, -0.14125061, 6.277603
7.6949615, -0.10534668, 6.241684
7.7141113, -0.13287354, 6.2907715
7.716507, -0.14006042, 6.345825
7.6985626, -0.13407898, 6.3470306
7.7141113, -0.116119385, 6.3111115
7.7189026, -0.14006042, 6.3027344
7.7141113, -0.14364624, 6.264435
7.7225037, -0.1304779, 6.2512665
7.744049, -0.14125061, 6.179428
7.7452393, -0.13287354, 6.1339417
7.744049, -0.15441895, 6.161484
7.7272797, -0.14964294, 6.115982
7.7332764, -0.16160583, 6.087265
7.739258, -0.15562439, 6.087265
7.7248993, -0.12210083, 6.143524
7.7428436, -0.1257019, 6.1495056
7.775177, -0.120910645, 6.1530914
7.7380524, -0.12808228, 6.1686554
7.744049, -0.104141235, 6.200989
7.7225037, -0.12928772, 6.209366
7.7260895, -0.11253357, 6.1878204
7.7380524, -0.12449646, 6.2273254
7.6937714, -0.118515015, 6.240494
7.7093353, -0.120910645, 6.2213287
7.7189026, -0.1149292, 6.2153473
7.7296753, -0.096969604, 6.2129517
7.716507, -0.0861969, 6.2129517
7.7141113, -0.0909729, 6.210556
7.7332764, -0.10295105, 6.253662
7.7177124, -0.10295105, 6.2368927
7.680603, -0.082595825, 6.2153473
7.716507, -0.11253357, 6.241684
7.696167, -0.13526917, 6.262039
7.712921, -0.092178345, 6.242874
7.6638336, -0.099365234, 6.22493
7.6913757, -0.1149292, 6.2201385
7.697357, -0.10295105, 6.2081604
7.7021484, -0.13526917, 6.257248
7.7033386, -0.12449646, 6.222534
7.7225037, -0.13287354, 6.2081604
7.7069397, -0.111328125, 6.229706
7.7332764, -0.10295105, 6.2117615
7.7272797, -0.13287354, 6.205765
7.6985626, -0.13887024, 6.217743
7.7344666, -0.12449646, 6.24527
7.740448, -0.11253357, 6.2129517
7.720108, -0.13407898, 6.2201385
7.7177124, -0.099365234, 6.258438
7.6901703, -0.106536865, 6.214157
7.732071, -0.113723755, 6.241684
7.7500305, -0.12210083, 6.2285156
7.721298, -0.11013794, 6.2045746
7.732071, -0.13407898, 6.209366
7.7500305, -0.11730957, 6.1997833
7.7141113, -0.09336853, 6.209366
7.7105255, -0.13407898, 6.2045746
7.7272797, -0.12808228, 6.262039
7.711731, -0.104141235, 6.246475
7.70813, -0.108932495, 6.234497
7.6937714, -0.11730957, 6.2129517
7.7332764, -0.12689209, 6.248871
7.732071, -0.13407898, 6.253662
7.711731, -0.12449646, 6.246475
7.700943, -0.082595825, 6.2668304
7.699753, -0.084991455, 6.301544
7.712921, -0.10774231, 6.2309113
7.675812, -0.10295105, 6.2285156
7.700943, -0.10534668, 6.2608337
7.699753, -0.1197052, 6.2440796
7.7105255, -0.11013794, 6.217743
7.723694, -0.12210083, 6.2476654
7.6782074, -0.13287354, 6.2357025
7.700943, -0.1149292, 6.258438
7.6782074, -0.118515015, 6.2548523
7.68898, -0.12689209, 6.2321014
7.70813, -0.10774231, 6.2237244
7.736862, -0.10534668, 6.2632294
7.680603, -0.118515015, 6.214157
7.728485, -0.116119385, 6.1925964
7.7033386, -0.106536865, 6.246475
7.704544, -0.101760864, 6.253662
7.699753, -0.1197052, 6.209366
7.6937714, -0.113723755, 6.2153473
7.7141113, -0.12449646, 6.2512665
7.7093353, -0.11253357, 6.250061
7.696167, -0.10774231, 6.241684
7.699753, -0.106536865, 6.2548523
7.680603, -0.113723755, 6.3147125
7.680603, -0.12449646, 6.293152
7.7225037, -0.106536865, 6.281189
7.6913757, -0.11013794, 6.274002
7.7093353, -0.118515015, 6.274002
7.681793, -0.113723755, 6.30394
7.6865845, -0.09815979, 6.3266754
7.70813, -0.120910645, 6.3338623
7.7057343, -0.104141235, 6.30632
7.6949615, -0.092178345, 6.301544
7.7105255, -0.120910645, 6.296753
7.6949615, -0.1304779, 6.2787933
7.7105255, -0.1304779, 6.281189
7.700943, -0.106536865, 6.265625
7.7093353, -0.123306274, 6.2440796
7.715317, -0.13526917, 6.2153473
7.720108, -0.11253357, 6.234497
7.7248993, -0.12689209, 6.2309113
7.704544, -0.12449646, 6.2129517
7.696167, -0.09336853, 6.205765
7.699753, -0.106536865, 6.155487
7.7021484, -0.10774231, 6.200989
7.7141113, -0.087387085, 6.1734467
7.6985626, -0.08140564, 6.1806335
7.7093353, -0.10774231, 6.1818237
7.7189026, -0.10774231, 6.194992
7.7057343, -0.13407898, 6.202179
7.7189026, -0.1257019, 6.229706
7.739258, -0.12928772, 6.2596436
7.7536163, -0.16998291, 6.2476654
7.696167, -0.11730957, 6.246475
7.728485, -0.13887024, 6.2596436
7.684189, -0.14724731, 6.2680206
7.7260895, -0.16400146, 6.2763977
7.7057343, -0.15322876, 6.2392883
7.712921, -0.113723755, 6.240494
7.715317, -0.13287354, 6.1818237
7.736862, -0.1149292, 6.1686554
7.7308807, -0.104141235, 6.162674
7.7248993, -0.118515015, 6.22612
7.7225037, -0.14364624, 6.200989
7.7260895, -0.099365234, 6.2045746
7.7093353, -0.10534668, 6.1530914
7.7260895, -0.15562439, 6.1758423
7.721298, -0.14604187, 6.2165375
7.7620087, -0.10534668, 6.2440796
7.7488403, -0.14485168, 6.218933
7.747635, -0.1257019, 6.1806335
7.740448, -0.13287354, 6.139923
7.740448, -0.12808228, 6.143524
7.7655945, -0.12449646, 6.1686554
7.7823486, -0.13526917, 6.167465
7.7775574, -0.13168335, 6.1602783
7.736862, -0.118515015, 6.138733
7.752426, -0.10774231, 6.092041
7.736862, -0.123306274, 6.119583
7.740448, -0.123306274, 6.150711
7.744049, -0.13526917, 6.154297
7.759613, -0.116119385, 6.179428
7.7667847, -0.1257019, 6.1914062
7.7584076, -0.118515015, 6.1973877
7.7248993, -0.1484375, 6.2045746
7.7500305, -0.14964294, 6.2213287
7.7189026, -0.1376648, 6.2165375
7.7584076, -0.12449646, 6.203369
7.78714, -0.13168335, 6.193802
7.7620087, -0.120910645, 6.1519012
7.775177, -0.116119385, 6.193802
7.7584076, -0.1592102, 6.1722565
7.7452393, -0.1304779, 6.190216
7.7248993, -0.11253357, 6.1890106
7.735672, -0.13407898, 6.1423187
7.7536163, -0.116119385, 6.135147
7.739258, -0.12449646, 6.119583
7.764389, -0.11013794, 6.0980377
7.759613, -0.13887024, 6.1327515
7.7332764, -0.12689209, 6.1123962
7.7536163, -0.14006042, 6.099228
7.760803, -0.12808228, 6.1423187
7.756012, -0.15681458, 6.1734467
7.7811584, -0.14245605, 6.1423187
7.771576, -0.12210083, 6.2165375
7.747635, -0.10534668, 6.222534
7.728485, -0.10534668, 6.194992
7.7428436, -0.073028564, 6.2081604
7.7189026, -0.108932495, 6.2237244
7.7057343, -0.10534668, 6.198593
7.7452393, -0.104141235, 6.2153473
7.7452393, -0.120910645, 6.194992
7.7584076, -0.15083313, 6.1961975
7.763199, -0.15562439, 6.1842194
7.7452393, -0.12928772, 6.161484
7.7248993, -0.099365234, 6.161484
7.744049, -0.106536865, 6.115982
7.752426, -0.1197052, 6.139923
7.7428436, -0.1149292, 6.1495056
7.7416534, -0.11730957, 6.16626
7.7464447, -0.111328125, 6.174652
7.728485, -0.12449646, 6.1997833
7.7260895, -0.13407898, 6.209366
7.716507, -0.13526917, 6.1818237
7.7177124, -0.14485168, 6.218933
7.7225037, -0.113723755, 6.2309113
7.736862, -0.12210083, 6.2081604
7.7536163, -0.106536865, 6.265625
7.752426, -0.108932495, 6.248871
7.7536163, -0.10055542, 6.2129517
7.739258, -0.11730957, 6.185425
7.735672, -0.13647461, 6.1914062
7.747635, -0.1197052, 6.193802
7.723694, -0.1149292, 6.1878204
7.721298, -0.13287354, 6.1770477
7.721298, -0.120910645, 6.1818237
7.7536163, -0.10295105, 6.1770477
7.744049, -0.1149292, 6.205765
7.7488403, -0.11253357, 6.1842194
7.7488403, -0.12928772, 6.150711
7.7500305, -0.12210083, 6.202179
7.744049, -0.1304779, 6.202179
7.7332764, -0.13287354, 6.1961975
7.7727814, -0.1257019, 6.1878204
7.7500305, -0.16160583, 6.2321014
7.736862, -0.1663971, 6.1925964
7.752426, -0.10295105, 6.1758423
7.7248993, -0.11013794, 6.2153473
7.7177124, -0.092178345, 6.2201385
7.740448, -0.10534668, 6.193802
7.7225037, -0.12689209, 6.171051
7.76799, -0.12689209, 6.167465
7.775177, -0.1257019, 6.1339417
7.7272797, -0.15802002, 6.130356
7.735672, -0.16879272, 6.14711
7.76799, -0.13647461, 6.1327515
7.7536163, -0.1592102, 6.1135864
7.764389, -0.14604187, 6.139923
7.7416534, -0.12689209, 6.1566925
7.7416534, -0.12689209, 6.1339417
7.756012, -0.16281128, 6.135147
7.736862, -0.15441895, 6.1686554
7.7452393, -0.12689209, 6.1925964
7.7380524, -0.13526917, 6.20697
7.739258, -0.16400146, 6.205765
7.7332764, -0.13647461, 6.1758423
7.723694, -0.104141235, 6.171051
7.7057343, -0.123306274, 6.190216
7.7500305, -0.108932495, 6.209366
7.7260895, -0.120910645, 6.2309113
7.720108, -0.096969604, 6.194992
7.7105255, -0.1257019, 6.2129517
7.6793976, -0.0861969, 6.242874
7.7069397, -0.07901001, 6.258438
7.6913757, -0.106536865, 6.2763977
7.720108, -0.10055542, 6.284775
7.7057343, -0.10774231, 6.28598
7.6913757, -0.108932495, 6.262039
7.723694, -0.12449646, 6.2560425
7.721298, -0.15681458, 6.2524567
7.720108, -0.111328125, 6.2632294
7.739258, -0.11253357, 6.2201385
7.7272797, -0.1304779, 6.2285156
7.740448, -0.12210083, 6.2201385
7.747635, -0.118515015, 6.20697
7.711731, -0.13526917, 6.2285156
7.7105255, -0.123306274, 6.203369
7.6853943, -0.12808228, 6.242874
7.720108, -0.12449646, 6.2237244
7.6949615, -0.11730957, 6.2440796
7.6877747, -0.12928772, 6.241684
7.696167, -0.12808228, 6.264435
7.721298, -0.11013794, 6.2704163
7.704544, -0.12808228, 6.22493
7.712921, -0.13526917, 6.233307
7.6901703, -0.13647461, 6.217743
7.7225037, -0.16041565, 6.203369
7.728485, -0.14724731, 6.190216
7.7500305, -0.12449646, 6.167465
7.7380524, -0.118515015, 6.1530914
7.7069397, -0.14245605, 6.159088
7.723694, -0.13887024, 6.1267548
7.7332764, -0.13887024, 6.114792
7.7380524, -0.15203857, 6.1806335
7.7488403, -0.12808228, 6.154297
7.7380524, -0.15681458, 6.2285156
7.7512207, -0.12808228, 6.2201385
7.7536163, -0.13647461, 6.202179
7.7093353, -0.15322876, 6.2608337
7.7033386, -0.13168335, 6.2799835
7.7177124, -0.10295105, 6.258438
7.699753, -0.13647461, 6.274002
7.700943, -0.14724731, 6.2524567
7.6710205, -0.13526917, 6.253662
7.6853943, -0.1484375, 6.246475
7.732071, -0.120910645, 6.2117615
7.6853943, -0.10774231, 6.234497
7.7057343, -0.104141235, 6.2153473
7.7093353, -0.096969604, 6.2608337
7.672226, -0.11730957, 6.257248
7.704544, -0.073028564, 6.2835846
7.6865845, -0.084991455, 6.257248
7.699753, -0.10534668, 6.272812
7.6901703, -0.092178345, 6.321884
7.6913757, -0.080200195, 6.317108
7.6937714, -0.06225586, 6.3194885
7.692566, -0.07661438, 6.3422394
7.6793976, -0.08859253, 6.351822
7.692566, -0.087387085, 6.38533
7.657852, -0.11013794, 6.3589935
7.680603, -0.077804565, 6.3506165
7.6793976, -0.09815979, 6.297943
7.6949615, -0.108932495, 6.3099213
7.6829987, -0.13647461, 6.257248
7.6829987, -0.07901001, 6.238098
7.7248993, -0.120910645, 6.1973877
7.7225037, -0.15203857, 6.2213287
7.720108, -0.1257019, 6.2201385
7.7189026, -0.106536865, 6.2045746
7.7225037, -0.1376648, 6.1566925
7.7272797, -0.12928772, 6.174652
7.7488403, -0.14006042, 6.143524
7.7272797, -0.1197052, 6.1207733
7.721298, -0.12210083, 6.138733
7.7380524, -0.15322876, 6.1171875
7.747635, -0.15562439, 6.130356
7.7655945, -0.16281128, 6.1411285
7.7691803, -0.14724731, 6.111206
7.7296753, -0.14724731, 6.143524
7.759613, -0.14485168, 6.1602783
7.7620087, -0.16400146, 6.174652
7.744049, -0.15203857, 6.1650696
7.7512207, -0.13887024, 6.1291504
7.7428436, -0.15441895, 6.087265
7.7344666, -0.1304779, 6.1100006
7.7488403, -0.14604187, 6.092041
7.7703857, -0.17237854, 6.095642
7.7380524, -0.1592102, 6.1028137
7.7093353, -0.16041565, 6.111206
7.699753, -0.15083313, 6.131546
7.712921, -0.15083313, 6.104019
7.7177124, -0.13168335, 6.106415
7.712921, -0.13168335, 6.167465
7.732071, -0.12689209, 6.1363373
7.721298, -0.111328125, 6.131546
7.70813, -0.11013794, 6.1758423
7.716507, -0.108932495, 6.2213287
7.735672, -0.080200195, 6.190216
7.7296753, -0.0909729, 6.265625
7.680603, -0.080200195, 6.284775
7.7260895, -0.07901001, 6.30513
7.6901703, -0.089782715, 6.3578033
7.6626434, -0.07182312, 6.36499
7.6590576, -0.051467896, 6.396103
7.6554565, -0.08380127, 6.4212494
7.656662, -0.10055542, 6.40329
7.681793, -0.087387085, 6.4487762
7.673416, -0.084991455, 6.442795
7.6470795, -0.0861969, 6.4176636
7.6470795, -0.075424194, 6.4260406
7.661438, -0.104141235, 6.435608
7.661438, -0.101760864, 6.3829346
7.641098, -0.10534668, 6.3470306
7.6626434, -0.12210083, 6.387726
7.6590576, -0.13887024, 6.361389
7.6542664, -0.1484375, 6.320694
7.7141113, -0.14485168, 6.3182983
7.6949615, -0.113723755, 6.3266754
7.656662, -0.09336853, 6.246475
7.7021484, -0.13168335, 6.2632294
7.732071, -0.1257019, 6.2668304
7.732071, -0.13526917, 6.288376
7.70813, -0.12449646, 6.2309113
7.7380524, -0.123306274, 6.2213287
7.744049, -0.14006042, 6.190216
7.739258, -0.1376648, 6.2081604
7.740448, -0.14964294, 6.234497
7.76799, -0.1592102, 6.22493
7.739258, -0.16400146, 6.242874
7.723694, -0.13647461, 6.2153473
7.715317, -0.16281128, 6.202179
7.759613, -0.16160583, 6.1842194
7.799118, -0.14125061, 6.1806335
7.7979126, -0.16400146, 6.114792
7.800308, -0.14245605, 6.088455
7.7883453, -0.14724731, 6.0896454
7.807495, -0.12928772, 6.06691
7.823059, -0.16400146, 6.0429688
7.8015137, -0.1663971, 6.036972
7.7931213, -0.14245605, 6.025009
7.811081, -0.17118835, 5.9902954
7.7859497, -0.15083313, 6.0214233
7.78714, -0.13287354, 6.035782
7.807495, -0.1484375, 6.0142365
7.7895355, -0.15203857, 6.011841
7.8134766, -0.17358398, 5.944809
7.8326263, -0.16041565, 6.0154266
7.8326263, -0.18675232, 6.032196
7.8374176, -0.16041565, 6.040573
7.826645, -0.16160583, 5.992691
7.8218536, -0.16879272, 6.036972
7.819458, -0.17477417, 5.9819183
7.826645, -0.17837524, 5.9879
7.795517, -0.16281128, 5.9675446
7.811081, -0.106536865, 6.0106506
7.8134766, -0.15802002, 5.9974823
7.8015137, -0.16400146, 6.032196
7.7823486, -0.14964294, 6.011841
7.7967224, -0.16041565, 6.04895
7.823059, -0.14125061, 6.0381775
7.8015137, -0.116119385, 6.0417633
7.7883453, -0.14245605, 6.092041
7.775177, -0.14245605, 6.0860596
7.775177, -0.14724731, 6.0932465
7.7691803, -0.15802002, 6.1291504
7.763199, -0.16281128, 6.14592
7.7727814, -0.111328125, 6.179428
7.7967224, -0.13407898, 6.178238
7.7775574, -0.1484375, 6.186615
7.7620087, -0.1197052, 6.2045746
7.763199, -0.12808228, 6.2560425
7.771576, -0.1484375, 6.22493
7.760803, -0.12449646, 6.22612
7.760803, -0.111328125, 6.264435
7.7859497, -0.12210083, 6.257248
7.7907257, -0.12210083, 6.248871
7.7979126, -0.14125061, 6.210556
7.8122864, -0.17118835, 6.169861
7.771576, -0.1304779, 6.1423187
7.779953, -0.1257019, 6.1291504
7.778763, -0.1257019, 6.1243744
7.7859497, -0.113723755, 6.139923
7.7931213, -0.13887024, 6.123169
7.7811584, -0.1376648, 6.1447144
7.76799, -0.1592102, 6.1375427
7.735672, -0.14724731, 6.155487
7.778763, -0.14006042, 6.1806335
7.7895355, -0.15681458, 6.154297
7.7775574, -0.14485168, 6.1806335
7.8134766, -0.1376648, 6.2045746
7.7931213, -0.14724731, 6.1650696
7.7979126, -0.14964294, 6.1890106
7.807495, -0.15562439, 6.1423187
7.7739716, -0.13287354, 6.1100006
7.778763, -0.13647461, 6.075287
7.779953, -0.13526917, 6.0573273
7.76799, -0.10534668, 6.025009
7.7703857, -0.12808228, 6.0501404
7.779953, -0.1484375, 6.0261993
7.775177, -0.16520691, 6.0681
7.747635, -0.11730957, 6.0429688
7.7620087, -0.13647461, 6.080078
7.752426, -0.1771698, 6.1171875
7.7536163, -0.13407898, 6.135147
7.7488403, -0.1197052, 6.1519012
7.779953, -0.14604187, 6.1961975
7.723694, -0.1484375, 6.162674
7.7296753, -0.16041565, 6.1411285
7.7500305, -0.123306274, 6.1578827
7.775177, -0.101760864, 6.1171875
7.771576, -0.13647461, 6.135147
7.76799, -0.118515015, 6.1758423
7.8050995, -0.1257019, 6.143524
7.763199, -0.120910645, 6.1806335
7.776367, -0.11253357, 6.1770477
7.7380524, -0.15203857, 6.200989
7.752426, -0.14604187, 6.2273254
7.7308807, -0.13647461, 6.2476654
7.7452393, -0.1197052, 6.317108
7.7572174, -0.1197052, 6.308716
7.7296753, -0.106536865, 6.301544
7.7308807, -0.09576416, 6.3159027
7.7488403, -0.13887024, 6.3470306
7.740448, -0.12449646, 6.289566
7.7428436, -0.1257019, 6.296753
7.76799, -0.14964294, 6.2919617
7.7847443, -0.14245605, 6.24527
7.7500305, -0.15562439, 6.2153473
7.779953, -0.13287354, 6.2321014
7.7248993, -0.14006042, 6.2165375
7.7296753, -0.13887024, 6.1734467
7.7488403, -0.118515015, 6.185425
7.764389, -0.12449646, 6.1411285
7.7895355, -0.14245605, 6.1530914
7.7895355, -0.11730957, 6.1602783
7.7655945, -0.10774231, 6.1327515
7.7572174, -0.14006042, 6.12796
7.7811584, -0.14364624, 6.1004333
7.778763, -0.12210083, 6.0812683
7.7727814, -0.123306274, 6.104019
7.7967224, -0.14125061, 6.1183777
7.7739716, -0.14724731, 6.1243744
7.7691803, -0.118515015, 6.0824738
7.7655945, -0.14364624, 6.0740967
7.802704, -0.120910645, 6.092041
7.802704, -0.1484375, 6.087265
7.7823486, -0.16160583, 6.087265
7.78714, -0.15441895, 6.088455
7.7931213, -0.14604187, 6.071701
7.7883453, -0.123306274, 6.115982
7.8170624, -0.113723755, 6.059723
7.811081, -0.13168335, 6.016632
7.771576, -0.1376648, 6.0393677
7.803894, -0.1304779, 6.0381775
7.8062897, -0.1304779, 5.9998627
7.800308, -0.12928772, 6.009445
7.802704, -0.14964294, 6.0058594
7.7967224, -0.12928772, 6.0633087
7.7979126, -0.14485168, 5.985504
7.8290405, -0.13407898, 6.0154266
7.779953, -0.1149292, 6.051346
7.795517, -0.13287354, 6.0501404
7.7931213, -0.14245605, 6.0190277
7.8326263, -0.13168335, 6.04776
7.8134766, -0.11013794, 6.0633087
7.8146667, -0.13647461, 6.051346
7.7907257, -0.1376648, 6.0345917
7.7931213, -0.123306274, 6.0549316
7.783554, -0.1149292, 6.033386
7.799118, -0.12689209, 6.0860596
7.7823486, -0.13287354, 6.1291504
7.7811584, -0.120910645, 6.1028137
7.763199, -0.12928772, 6.1255646
7.771576, -0.1484375, 6.1088104
7.7703857, -0.15322876, 6.1722565
7.7859497, -0.13887024, 6.1997833
7.7847443, -0.118515015, 6.248871
7.7739716, -0.113723755, 6.248871
7.723694, -0.12449646, 6.2213287
7.7847443, -0.12928772, 6.209366
7.7775574, -0.12928772, 6.248871
7.7620087, -0.13287354, 6.238098
7.783554, -0.12449646, 6.1961975
7.776367, -0.1304779, 6.1530914
7.756012, -0.11730957, 6.1411285
7.752426, -0.12689209, 6.104019
7.778763, -0.15441895, 6.0776825
7.7500305, -0.12928772, 6.1602783
7.7464447, -0.13407898, 6.090851
7.7847443, -0.1484375, 6.0944366
7.795517, -0.123306274, 6.154297
7.7739716, -0.1376648, 6.1291504
7.776367, -0.14724731, 6.1495056
7.752426, -0.1304779, 6.203369
7.7488403, -0.12210083, 6.1818237
7.7452393, -0.15083313, 6.190216
7.754822, -0.14485168, 6.210556
7.7452393, -0.12689209, 6.1997833
7.754822, -0.14125061, 6.198593
7.7344666, -0.13407898, 6.1890106
7.728485, -0.13887024, 6.20697
7.7488403, -0.13887024, 6.1925964
7.7428436, -0.14604187, 6.214157
7.7260895, -0.12928772, 6.205765
7.7308807, -0.10534668, 6.1925964
7.7488403, -0.11253357, 6.200989
7.7308807, -0.13407898, 6.203369
7.7775574, -0.13407898, 6.2273254
7.7584076, -0.1376648, 6.2991486
7.7296753, -0.14724731, 6.2368927
7.7332764, -0.1149292, 6.2512665
7.735672, -0.14125061, 6.282379
7.740448, -0.13287354, 6.274002
7.760803, -0.13168335, 6.3027344
7.744049, -0.14964294, 6.2799835
7.7536163, -0.11730957, 6.3003387
7.752426, -0.094573975, 6.2943573
7.752426, -0.1304779, 6.2608337
7.756012, -0.120910645, 6.248871
7.7500305, -0.15083313, 6.238098
7.7512207, -0.10295105, 6.2045746
7.7620087, -0.11013794, 6.1734467
7.763199, -0.106536865, 6.1495056
7.7416534, -0.10055542, 6.159088
7.752426, -0.14604187, 6.1219788
7.7739716, -0.118515015, 6.131546
7.7584076, -0.104141235, 6.16626
7.7488403, -0.10774231, 6.1722565
7.752426, -0.123306274, 6.1973877
7.7667847, -0.13287354, 6.2165375
7.7620087, -0.13407898, 6.203369
7.7667847, -0.13887024, 6.1806335
7.791931, -0.14364624, 6.1602783
7.7488403, -0.13526917, 6.1339417
7.7584076, -0.1304779, 6.1171875
7.7739716, -0.120910645, 6.115982
7.7811584, -0.118515015, 6.056137
7.7703857, -0.10774231, 6.044159
7.7775574, -0.11253357, 6.0309906
7.8170624, -0.092178345, 6.0154266
7.8218536, -0.12689209, 6.0142365
7.807495, -0.13287354, 5.996277
7.7811584, -0.15441895, 6.0704956
7.7727814, -0.13647461, 6.1135864
7.8062897, -0.16998291, 6.071701
7.807495, -0.14964294, 6.1171875
7.8218536, -0.14364624, 6.162674
7.8218536, -0.16520691, 6.1602783
7.764389, -0.13647461, 6.1339417
7.7691803, -0.14724731, 6.123169
7.8170624, -0.15322876, 6.083664
7.7667847, -0.14245605, 6.0740967
7.764389, -0.16281128, 6.0860596
7.803894, -0.14364624, 6.0609283
7.807495, -0.15802002, 6.020218
7.794327, -0.14364624, 6.036972
7.827835, -0.13647461, 5.973526
7.8206635, -0.17597961, 5.9783173
7.802704, -0.1592102, 6.0070496
7.8254547, -0.16400146, 6.0034637
7.8326263, -0.16281128, 6.033386
7.826645, -0.16998291, 6.051346
7.819458, -0.17597961, 6.0501404
7.800308, -0.15203857, 6.04895
7.807495, -0.14724731, 6.1100006
7.831436, -0.16041565, 6.1291504
7.795517, -0.1663971, 6.0848694
7.78714, -0.12449646, 6.1483154
7.756012, -0.14604187, 6.143524
7.807495, -0.14724731, 6.1566925
7.783554, -0.14006042, 6.186615
7.747635, -0.15681458, 6.1423187
7.7620087, -0.17956543, 6.1375427
7.791931, -0.14006042, 6.1447144
7.8254547, -0.118515015, 6.139923
7.7823486, -0.14125061, 6.099228
7.7847443, -0.14245605, 6.1016235
7.7859497, -0.13407898, 6.1291504
7.7344666, -0.14125061, 6.1339417
7.7536163, -0.16758728, 6.162674
7.7512207, -0.1257019, 6.138733
7.76799, -0.12449646, 6.1806335
7.771576, -0.15441895, 6.2129517
7.791931, -0.14724731, 6.233307
7.7667847, -0.14604187, 6.241684
7.7691803, -0.14604187, 6.233307
7.7296753, -0.13407898, 6.265625
7.7620087, -0.106536865, 6.2716064
7.7536163, -0.113723755, 6.2165375
7.754822, -0.123306274, 6.186615
7.76799, -0.118515015, 6.1818237
7.8098907, -0.14125061, 6.14592
7.8086853, -0.13407898, 6.162674
7.76799, -0.14125061, 6.1375427
7.775177, -0.116119385, 6.072891
7.7667847, -0.14006042, 6.0944366
7.8122864, -0.14364624, 6.119583
7.8134766, -0.13887024, 6.131546
7.823059, -0.16400146, 6.114792
7.8326263, -0.14724731, 6.1123962
7.8218536, -0.1197052, 6.1243744
7.7859497, -0.1376648, 6.1842194
7.7967224, -0.14006042, 6.1339417
7.779953, -0.12449646, 6.1291504
7.7703857, -0.12928772, 6.1123962
7.8050995, -0.13168335, 6.099228
7.8098907, -0.123306274, 6.1004333
7.7979126, -0.108932495, 6.0968323
7.7907257, -0.12808228, 6.0453644
7.807495, -0.12689209, 6.0429688
7.7979126, -0.11730957, 6.0788727
7.7859497, -0.12449646, 6.06691
7.795517, -0.13287354, 6.0214233
7.8146667, -0.13168335, 6.027405
7.7775574, -0.14006042, 6.071701
7.8134766, -0.13647461, 6.0681
7.8086853, -0.14364624, 6.1123962
7.803894, -0.1304779, 6.114792
7.8134766, -0.14125061, 6.114792
7.8218536, -0.13168335, 6.1375427
7.8457947, -0.120910645, 6.1578827
7.839813, -0.118515015, 6.150711
7.8146667, -0.12808228, 6.1267548
7.8170624, -0.0861969, 6.12796
7.811081, -0.13287354, 6.1650696
7.857773, -0.16998291, 6.1961975
7.8122864, -0.15681458, 6.1878204
7.775177, -0.14364624, 6.167465
7.8290405, -0.16041565, 6.202179
7.833832, -0.15681458, 6.185425
7.819458, -0.1663971, 6.1327515
7.815872, -0.15203857, 6.1135864
7.842209, -0.14964294, 6.1327515
7.8290405, -0.16758728, 6.0944366
7.8146667, -0.16758728, 6.0585327
7.831436, -0.1592102, 6.0393677
7.8446045, -0.16041565, 6.023819
7.835022, -0.16998291, 5.9711456
7.8721313, -0.14006042, 5.9232483
7.843399, -0.14485168, 5.9280396
7.850586, -0.16400146, 5.9424133
7.8517914, -0.12928772, 5.89093
7.8410034, -0.14006042, 5.9507904
7.833832, -0.15441895, 5.9268494
7.842209, -0.16281128, 5.9184723
7.857773, -0.15681458, 5.922058
7.8889008, -0.17118835, 5.8837433
7.881714, -0.21188354, 5.870575
7.898468, -0.19752502, 5.866989
7.910446, -0.1879425, 5.8454437
7.94516, -0.1951294, 5.7664337
7.9272003, -0.16758728, 5.7496796
7.934387, -0.1663971, 5.714966
7.930786, -0.17477417, 5.738907
7.94635, -0.18435669, 5.6898193
7.917618, -0.18554688, 5.748474
7.9200134, -0.17597961, 5.7293243
7.8936768, -0.1879425, 5.7496796
7.9248047, -0.15203857, 5.779602
7.9272003, -0.15681458, 5.8250885
7.9044495, -0.15562439, 5.869385
7.879318, -0.16160583, 5.851425
7.882904, -0.17477417, 5.8957214
7.890091, -0.18435669, 5.9352264
7.857773, -0.1376648, 5.9591675
7.8565674, -0.17118835, 5.9759216
7.870941, -0.16400146, 5.977127
7.8613586, -0.1592102, 5.993881
7.878128, -0.16281128, 6.0298004
7.873337, -0.1484375, 6.0154266
7.878128, -0.14724731, 6.040573
7.8757324, -0.16879272, 6.0657043
7.8517914, -0.16041565, 6.04895
7.86734, -0.15802002, 6.075287
7.8206635, -0.1592102, 6.1100006
7.8565674, -0.16758728, 6.106415
7.826645, -0.16041565, 6.0788727
7.8493958, -0.15562439, 6.056137
7.835022, -0.14006042, 6.0621185
7.8134766, -0.16160583, 6.1016235
7.802704, -0.13287354, 6.0740967
7.8254547, -0.14604187, 6.119583
7.8242493, -0.15562439, 6.0968323
7.791931, -0.12808228, 6.0633087
7.7931213, -0.1304779, 6.0740967
7.7979126, -0.1304779, 6.0968323
7.835022, -0.15203857, 6.087265
7.8326263, -0.13526917, 6.1339417
7.826645, -0.14245605, 6.143524
7.791931, -0.1484375, 6.1806335
7.8050995, -0.1592102, 6.222534
7.760803, -0.15562439, 6.14592
7.756012, -0.113723755, 6.202179
7.779953, -0.113723755, 6.238098
7.763199, -0.1304779, 6.2285156
7.778763, -0.11730957, 6.258438
7.7691803, -0.12689209, 6.248871
7.7883453, -0.116119385, 6.22612
7.778763, -0.12928772, 6.205765
7.7620087, -0.1304779, 6.169861
7.7883453, -0.08140564, 6.2285156
7.794327, -0.11253357, 6.2117615
7.803894, -0.14485168, 6.1878204
7.778763, -0.14006042, 6.198593
7.7859497, -0.13647461, 6.1818237
7.7620087, -0.116119385, 6.1423187
7.7811584, -0.113723755, 6.1734467
7.791931, -0.11730957, 6.179428
7.7895355, -0.1304779, 6.1578827
7.7979126, -0.14724731, 6.1327515
7.8086853, -0.14604187, 6.1447144
7.7895355, -0.15322876, 6.171051
7.818268, -0.13526917, 6.1519012
7.8050995, -0.15203857, 6.1207733
7.831436, -0.14364624, 6.104019
7.7667847, -0.13526917, 6.0417633
7.7739716, -0.12449646, 6.0740967
7.8302307, -0.118515015, 6.080078
7.8134766, -0.12689209, 6.020218
7.7979126, -0.13526917, 5.9866943
7.7979126, -0.113723755, 5.9783173
7.807495, -0.14964294, 5.9902954
7.8122864, -0.17237854, 6.011841
7.8062897, -0.16041565, 6.0393677
7.8170624, -0.14604187, 6.013031
7.807495, -0.12928772, 6.028595
7.795517, -0.14006042, 6.0537415
7.7883453, -0.14604187, 6.0704956
7.795517, -0.13526917, 6.095642
7.8098907, -0.15083313, 6.088455
7.823059, -0.17358398, 6.0812683
7.833832, -0.16758728, 6.1327515
7.799118, -0.15441895, 6.1135864
7.8086853, -0.13287354, 6.1183777
7.7979126, -0.15203857, 6.0848694
7.799118, -0.14006042, 6.0824738
7.7859497, -0.120910645, 6.14592
7.7931213, -0.15203857, 6.1447144
7.811081, -0.15203857, 6.092041
7.807495, -0.1592102, 6.0693054
7.8015137, -0.14724731, 6.095642
7.779953, -0.11730957, 6.075287
7.8015137, -0.14125061, 6.0824738
7.7979126, -0.1376648, 6.064514
7.815872, -0.13526917, 6.064514
7.802704, -0.118515015, 6.0573273
7.802704, -0.13168335, 6.1123962
7.7883453, -0.15322876, 6.1052094
7.7979126, -0.13526917, 6.104019
7.8218536, -0.11253357, 6.138733
7.8098907, -0.16041565, 6.12796
7.7823486, -0.13168335, 6.111206
7.764389, -0.13168335, 6.138733
7.7907257, -0.14485168, 6.1530914
7.7967224, -0.13168335, 6.174652
7.771576, -0.113723755, 6.174652
7.7655945, -0.1376648, 6.179428
7.8122864, -0.13887024, 6.1818237
7.819458, -0.15802002, 6.1291504
7.779953, -0.14724731, 6.119583
7.8122864, -0.12808228, 6.1123962
7.811081, -0.1484375, 6.1052094
7.7883453, -0.14364624, 6.107605
7.779953, -0.13526917, 6.083664
7.823059, -0.16160583, 6.0537415
7.8050995, -0.14964294, 6.04895
7.818268, -0.14604187, 6.0896454
7.8242493, -0.16400146, 6.072891
7.8050995, -0.14125061, 6.1016235
7.791931, -0.15562439, 6.1100006
7.795517, -0.12689209, 6.0585327
7.802704, -0.1484375, 6.064514
7.8218536, -0.14006042, 6.059723
7.815872, -0.13287354, 6.080078
7.8050995, -0.14604187, 6.0812683
7.8098907, -0.15322876, 6.0980377
7.826645, -0.14245605, 6.095642
7.8050995, -0.123306274, 6.080078
7.8134766, -0.14964294, 6.090851
7.800308, -0.16998291, 6.1100006
7.8050995, -0.14485168, 6.087265
7.8134766, -0.16758728, 6.0633087
7.8015137, -0.16998291, 6.0980377
7.815872, -0.17118835, 6.0824738
7.7895355, -0.13287354, 6.0309906
7.7907257, -0.13526917, 6.023819
7.7979126, -0.15083313, 5.992691
7.7847443, -0.14724731, 5.9795227
7.8122864, -0.15802002, 5.9998627
7.827835, -0.13647461, 5.9711456
7.7931213, -0.14604187, 5.9436035
7.8098907, -0.1484375, 5.96875
7.8122864, -0.16520691, 5.972336
7.802704, -0.1376648, 6.0298004
7.783554, -0.11253357, 6.0549316
7.775177, -0.12808228, 6.0740967
7.7847443, -0.11730957, 6.1291504
7.7811584, -0.113723755, 6.1842194
7.795517, -0.113723755, 6.22493
7.7727814, -0.12210083, 6.248871
7.7847443, -0.13287354, 6.2704163
7.7727814, -0.096969604, 6.248871
7.756012, -0.12808228, 6.264435
7.7667847, -0.120910645, 6.3003387
7.7452393, -0.12449646, 6.2955475
7.759613, -0.096969604, 6.242874
7.764389, -0.092178345, 6.2632294
7.756012, -0.104141235, 6.193802
7.7512207, -0.15203857, 6.14711
7.7727814, -0.123306274, 6.143524
7.800308, -0.1257019, 6.14592
7.7895355, -0.12808228, 6.1135864
7.754822, -0.15203857, 6.119583
7.7667847, -0.16520691, 6.1100006
7.7907257, -0.12928772, 6.0944366
7.7512207, -0.1304779, 6.104019
7.7775574, -0.1304779, 6.1088104
7.778763, -0.13287354, 6.1411285
7.7691803, -0.13887024, 6.178238
7.7847443, -0.120910645, 6.14711
7.8170624, -0.17237854, 6.1135864
7.7859497, -0.16400146, 6.106415
7.7883453, -0.16758728, 6.0681
7.799118, -0.16758728, 5.96875
7.803894, -0.16041565, 5.8921356
7.7727814, -0.17237854, 5.8765717
7.756012, -0.1663971, 5.9436035
7.728485, -0.12689209, 6.013031
7.7272797, -0.14364624, 6.107605
7.7260895, -0.13407898, 6.253662
7.7536163, -0.14006042, 6.3494263
7.7655945, -0.14245605, 6.4092712
7.815872, -0.1771698, 6.4440002
7.8015137, -0.15083313, 6.420059
7.7464447, -0.15083313, 6.3338623
7.732071, -0.14364624, 6.2392883
7.6853943, -0.12689209, 6.083664
7.677002, -0.118515015, 6.001068
7.7141113, -0.113723755, 5.992691
7.740448, -0.1149292, 5.9579773
7.7512207, -0.15681458, 5.922058
7.747635, -0.1376648, 5.961563
7.7727814, -0.118515015, 6.0214233
7.776367, -0.13287354, 6.040573
7.759613, -0.123306274, 6.1016235
7.7416534, -0.089782715, 6.1052094
7.7272797, -0.10055542, 6.167465
7.6949615, -0.092178345, 6.22493
7.7655945, -0.13647461, 6.2237244
7.723694, -0.1149292, 6.24527
7.716507, -0.082595825, 6.250061
7.736862, -0.07901001, 6.308716
7.7344666, -0.077804565, 6.3506165
7.7189026, -0.087387085, 6.3578033
7.7105255, -0.082595825, 6.392517
7.7189026, -0.111328125, 6.391327
7.699753, -0.1149292, 6.400894
7.720108, -0.10774231, 6.3338623
7.700943, -0.13287354, 6.345825
7.6698303, -0.12808228, 6.3386536
7.6782074, -0.13287354, 6.282379
7.6542664, -0.1257019, 6.2153473
7.6554565, -0.09336853, 6.1722565
7.681793, -0.113723755, 6.174652
7.6590576, -0.1257019, 6.1650696
7.656662, -0.092178345, 6.238098
7.6470795, -0.10295105, 6.2608337
7.6398926, -0.101760864, 6.2524567
7.6506653, -0.12808228, 6.3338623
7.642288, -0.106536865, 6.3554077
7.636307, -0.1376648, 6.4128723
7.68898, -0.13887024, 6.459549
7.636307, -0.12449646, 6.5086365
7.6590576, -0.10534668, 6.506241
7.6782074, -0.092178345, 6.522995
7.692566, -0.13287354, 6.502655
7.6710205, -0.104141235, 6.4882812
7.6782074, -0.120910645, 6.4727173
7.6518707, -0.094573975, 6.3949127
7.6219482, -0.09815979, 6.3781586
7.6518707, -0.10055542, 6.30513
7.6877747, -0.09576416, 6.3075256
7.653061, -0.12449646, 6.284775
7.653061, -0.1257019, 6.296753
7.6387024, -0.14006042, 6.2596436
7.6710205, -0.13168335, 6.2392883
7.6638336, -0.099365234, 6.258438
7.6901703, -0.1197052, 6.2560425
7.684189, -0.14964294, 6.2560425
7.6877747, -0.1257019, 6.2560425
7.700943, -0.14724731, 6.301544
7.747635, -0.16879272, 6.367386
7.716507, -0.13526917, 6.38533
7.7189026, -0.13887024, 6.400894
7.711731, -0.1484375, 6.3745575
7.7260895, -0.13407898, 6.301544
7.6853943, -0.1376648, 6.2368927
7.696167, -0.14724731, 6.22612
7.716507, -0.12928772, 6.1566925
7.697357, -0.13647461, 6.1207733
7.696167, -0.13168335, 6.104019
7.704544, -0.10774231, 6.0465546
7.7057343, -0.108932495, 6.052536
7.6937714, -0.096969604, 6.0609283
7.680603, -0.120910645, 6.0812683
7.7464447, -0.14485168, 6.143524
7.704544, -0.123306274, 6.1363373
7.736862, -0.106536865, 6.14711
7.716507, -0.11253357, 6.14592
7.7177124, -0.10534668, 6.1734467
7.728485, -0.120910645, 6.214157
7.760803, -0.116119385, 6.2309113
7.7500305, -0.1257019, 6.234497
7.739258, -0.11253357, 6.2752075
7.7428436, -0.10534668, 6.2704163
7.7093353, -0.09815979, 6.3182983
7.697357, -0.12928772, 6.2955475
7.711731, -0.13647461, 6.2763977
7.721298, -0.101760864, 6.265625
7.7260895, -0.1304779, 6.2680206
7.736862, -0.1376648, 6.2668304
7.736862, -0.094573975, 6.242874
7.720108, -0.12689209, 6.24527
7.736862, -0.13407898, 6.24527
7.7248993, -0.12689209, 6.1890106
7.732071, -0.12808228, 6.1447144
7.7141113, -0.113723755, 6.1447144
7.6985626, -0.099365234, 6.1375427
7.700943, -0.09336853, 6.16626
7.7260895, -0.10774231, 6.2129517
7.7248993, -0.101760864, 6.262039
7.744049, -0.11013794, 6.327881
7.7332764, -0.106536865, 6.387726
7.7248993, -0.101760864, 6.38533
7.736862, -0.099365234, 6.3733673
7.721298, -0.08140564, 6.3937225
7.739258, -0.111328125, 6.367386
7.7572174, -0.10295105, 6.3494263
7.744049, -0.09815979, 6.3099213
7.716507, -0.0909729, 6.2560425
7.7225037, -0.10534668, 6.2392883
7.7069397, -0.101760864, 6.2368927
7.700943, -0.10295105, 6.1722565
7.712921, -0.116119385, 6.161484
7.7225037, -0.11730957, 6.200989
7.744049, -0.13407898, 6.16626
7.7859497, -0.13526917, 6.193802
7.736862, -0.1197052, 6.229706
7.759613, -0.13647461, 6.203369
7.803894, -0.123306274, 6.2357025
7.791931, -0.15681458, 6.16626
7.7895355, -0.14724731, 6.14592
7.8242493, -0.096969604, 6.0968323
7.8098907, -0.111328125, 6.023819
7.8410034, -0.1376648, 6.0621185
7.819458, -0.12210083, 5.9998627
7.803894, -0.116119385, 5.9711456
7.8302307, -0.12689209, 5.9866943
7.8457947, -0.13887024, 5.9879
7.831436, -0.096969604, 6.0178223
7.8302307, -0.106536865, 6.056137
7.8446045, -0.116119385, 5.9998627
7.847, -0.11730957, 6.032196
7.827835, -0.13887024, 6.04776
7.8050995, -0.15083313, 6.0022583
7.858963, -0.14125061, 5.96994
7.8565674, -0.108932495, 5.948395
7.8362274, -0.13887024, 5.8729706
7.8302307, -0.13526917, 5.917267
7.8517914, -0.108932495, 5.913681
7.8517914, -0.10534668, 5.977127
7.8493958, -0.12449646, 5.985504
7.874527, -0.13526917, 5.9879
7.873337, -0.13647461, 6.0142365
7.86734, -0.120910645, 6.04895
7.8601685, -0.123306274, 6.0609283
7.8541718, -0.12928772, 6.0693054
7.8481903, -0.120910645, 5.9974823
7.857773, -0.14245605, 5.945999
7.873337, -0.1376648, 5.9819183
7.881714, -0.14364624, 5.9029083
7.8769226, -0.12689209, 5.814316
7.9032593, -0.17118835, 5.764038
7.8769226, -0.13887024, 5.756851
7.8457947, -0.1376648, 5.759247
7.8637543, -0.118515015, 5.73291
7.8374176, -0.14364624, 5.7652435
7.8517914, -0.13526917, 5.779602
7.8936768, -0.11730957, 5.853821
7.8685455, -0.108932495, 5.953186
7.8721313, -0.12449646, 6.076477
7.886505, -0.13887024, 6.12796
7.835022, -0.118515015, 6.2201385
7.843399, -0.108932495, 6.265625
7.847, -0.10295105, 6.308716
7.831436, -0.10774231, 6.3578033
7.800308, -0.08140564, 6.3733673
7.8170624, -0.094573975, 6.375763
7.833832, -0.09815979, 6.3350525
7.835022, -0.10774231, 6.32428
7.835022, -0.1197052, 6.3386536
7.886505, -0.09576416, 6.343445
7.8685455, -0.1149292, 6.336258
7.870941, -0.123306274, 6.297943
7.855377, -0.1376648, 6.3003387
7.8852997, -0.13526917, 6.234497
7.8541718, -0.13647461, 6.1914062
7.886505, -0.13647461, 6.1650696
7.8841095, -0.11253357, 6.123169
7.882904, -0.1149292, 6.099228
7.9008636, -0.120910645, 6.064514
7.9200134, -0.16160583, 6.0070496
7.94635, -0.15802002, 5.9627533
7.9798737, -0.12808228, 5.8921356
7.993042, -0.13526917, 5.857422
7.993042, -0.15562439, 5.8526306
7.996628, -0.1197052, 5.787979
8.008606, -0.1257019, 5.7508698
8.040924, -0.10295105, 5.7341156
8.040924, -0.118515015, 5.7580566
8.032547, -0.13287354, 5.7113647
8.052902, -0.118515015, 5.738907
8.074448, -0.15083313, 5.7652435
8.080429, -0.17597961, 5.716156
8.112747, -0.17597961, 5.6826324
8.179794, -0.19392395, 5.625183
8.20253, -0.19871521, 5.55455
8.227676, -0.19392395, 5.5090637
8.214508, -0.20231628, 5.434845
8.224075, -0.15441895, 5.3498383
8.234863, -0.15322876, 5.2444916
8.238449, -0.13647461, 5.1379547
8.2612, -0.12210083, 5.0529633
8.269577, -0.1304779, 4.9152985
8.323441, -0.1484375, 4.8243103
8.353363, -0.14604187, 4.783615
8.336609, -0.16758728, 4.649536
8.353363, -0.16758728, 4.554962
8.404846, -0.18075562, 4.519058
8.406036, -0.19273376, 4.466385
8.374924, -0.19631958, 4.4065247
8.404846, -0.20948792, 4.3933563
8.406036, -0.19992065, 4.416107
8.429977, -0.19992065, 4.4651794
8.434769, -0.19871521, 4.4532166
8.43837, -0.1951294, 4.4723663
8.389282, -0.19273376, 4.5406036
8.3545685, -0.21069336, 4.5753174
8.372528, -0.16758728, 4.660309
8.377319, -0.12449646, 4.775238
8.330627, -0.16998291, 4.909317
8.28035, -0.16400146, 5.031418
8.26239, -0.1879425, 5.254074
8.283936, -0.18075562, 5.4288483
8.244431, -0.18914795, 5.6479187
8.20253, -0.18554688, 5.7819977
8.185776, -0.18554688, 5.8837433
8.200134, -0.17477417, 6.059723
8.18219, -0.1592102, 6.1207733
8.203735, -0.19273376, 6.1483154
8.157043, -0.16281128, 6.1997833
8.178589, -0.13168335, 6.233307
8.210922, -0.1376648, 6.150711
8.216904, -0.1257019, 6.161484
8.194153, -0.1197052, 6.1267548
8.192963, -0.14245605, 6.0740967
8.198944, -0.14604187, 6.052536
8.203735, -0.1663971, 6.0261993
8.20134, -0.1663971, 6.040573
8.257599, -0.16758728, 6.064514
8.274368, -0.19392395, 6.1411285
8.2612, -0.21308899, 6.0381775
8.277954, -0.20709229, 6.025009
8.374924, -0.19392395, 6.072891
8.397659, -0.20709229, 6.0621185
8.36055, -0.19392395, 6.0106506
8.367737, -0.18075562, 5.917267
8.404846, -0.17477417, 5.7652435
8.450333, -0.1951294, 5.6467285
8.475479, -0.20948792, 5.570114
8.474274, -0.22146606, 5.3498383
8.577225, -0.28849792, 5.147537
8.603561, -0.28970337, 4.9009247
8.6706085, -0.2633667, 4.6854553
8.634689, -0.29447937, 4.497513
8.61673, -0.28970337, 4.2676697
8.6706085, -0.27293396, 4.0019073
8.65863, -0.23582458, 3.8426971
8.701721, -0.2238617, 3.6655273
8.807068, -0.24780273, 3.4284973
8.866928, -0.24899292, 3.2369537
8.923187, -0.24061584, 3.0765533
8.939957, -0.26576233, 2.8838196
8.957901, -0.28251648, 2.6755219
9.018951, -0.27053833, 2.4456787
9.064453, -0.26455688, 2.2110443
9.057266, -0.2561798, 2.0374603
9.071625, -0.30047607, 1.8447266
9.130295, -0.34596252, 1.6472168
9.173386, -0.34954834, 1.4413147
9.212891, -0.38905334, 1.2389984
9.25, -0.41539, 1.0582428
9.317032, -0.4225769, 0.91578674
9.293091, -0.39743042, 0.8271942
9.245209, -0.34954834, 0.8200073
9.163803, -0.28849792, 0.826004
9.1015625, -0.2346344, 0.885849
9.082397, -0.18315125, 0.9924011
9.045288, -0.12449646, 1.1013336
8.990234, -0.061050415, 1.2761078
8.986633, -0.0023956299, 1.4999695
8.955505, 0.0143585205, 1.7202301
8.938751, 0.0287323, 1.9895782
8.882492, 0.0035858154, 2.21344
8.847778, -0.0143585205, 2.4779968
8.787918, -0.032318115, 2.7329865
8.780731, -0.092178345, 3.0023346
8.744827, -0.18315125, 3.2680817
8.696945, -0.21308899, 3.5434113
8.639481, -0.24301147, 3.8199463
8.605957, -0.28012085, 4.0414124
8.525757, -0.26576233, 4.2940063
8.508987, -0.24780273, 4.570526
8.476669, -0.26576233, 4.8087616
8.410828, -0.2346344, 5.029022
8.36055, -0.19154358, 5.2552795
8.313858, -0.20948792, 5.4503937
8.24324, -0.22625732, 5.675461
8.232468, -0.22505188, 5.778412
8.169022, -0.25019836, 5.9436035
8.165421, -0.25019836, 6.115982
8.213303, -0.24659729, 6.154297
8.20253, -0.26576233, 6.1447144
8.195358, -0.28251648, 6.1375427
8.173798, -0.20469666, 6.0549316
8.110352, -0.14125061, 6.0393677
8.027756, -0.111328125, 5.9986725
7.930786, -0.06942749, 5.98909
7.8876953, -0.0143585205, 5.985504
7.8218536, -0.025146484, 6.0381775
7.7691803, -0.015563965, 6.171051
7.739258, -0.01675415, 6.30513
7.735672, -0.03352356, 6.502655
7.7021484, -0.075424194, 6.728897
7.7177124, -0.096969604, 6.9431915
7.704544, -0.118515015, 7.2364807
7.668625, -0.1149292, 7.4387817
7.6638336, -0.09576416, 7.5716553
7.6638336, -0.053863525, 7.7572174
7.653061, -0.020355225, 7.8852997
7.6063843, -0.025146484, 8.034943
7.5357513, -0.077804565, 8.02536
7.514206, -0.15441895, 7.921219
7.589615, -0.1879425, 7.7931213
7.6674347, -0.17956543, 7.665039
7.7380524, -0.17597961, 7.4064636
7.8446045, -0.18554688, 7.0628967
7.8757324, -0.19992065, 6.8438263
7.8996735, -0.23342896, 6.5648956
7.906845, -0.25857544, 6.2596436
7.906845, -0.27174377, 5.961563
7.9319916, -0.25737, 5.683838
7.9822693, -0.25138855, 5.4252625
8.054092, -0.21548462, 5.178665
8.107971, -0.1771698, 4.948822
8.127121, -0.20231628, 4.8171387
8.155853, -0.20350647, 4.708191
8.172607, -0.17118835, 4.617218
8.194153, -0.15203857, 4.560959
8.163025, -0.1592102, 4.522644
8.170212, -0.1592102, 4.5633545
8.151062, -0.12689209, 4.636368
8.189362, -0.10774231, 4.7213593
8.200134, -0.14485168, 4.847061
8.208527, -0.15322876, 4.988312
8.166626, -0.16400146, 5.1618958
8.18219, -0.15083313, 5.352234
8.153458, -0.13407898, 5.565323
8.105576, -0.1484375, 5.708969
8.064865, -0.15562439, 5.88974
8.063675, -0.15562439, 6.0261993
8.0421295, -0.17837524, 6.143524
8.087616, -0.18435669, 6.210556
8.131912, -0.18196106, 6.238098
8.149857, -0.19752502, 6.1638794
8.169022, -0.22026062, 6.0693054
8.209717, -0.26934814, 5.834671
8.251617, -0.27772522, 5.620392
8.239639, -0.29447937, 5.391739
8.246826, -0.26576233, 5.143936
8.264786, -0.22865295, 4.8219147
8.254013, -0.20350647, 4.576523
8.248032, -0.1663971, 4.392166
8.291122, -0.16758728, 4.2521057
8.279144, -0.17358398, 4.1012726
8.309082, -0.18435669, 3.9863434
8.303085, -0.19752502, 4.027054
8.305481, -0.23103333, 3.9935303
8.317459, -0.24301147, 4.0892944
8.250412, -0.19154358, 4.1707
8.18338, -0.16281128, 4.3622284
8.143875, -0.14724731, 4.589691
8.10437, -0.09815979, 4.8793793
8.034943, -0.073028564, 5.264847
7.9583282, -0.10295105, 5.657501
7.9200134, -0.113723755, 6.0214233
7.8924866, -0.16879272, 6.375763
7.8936768, -0.21308899, 6.768402
7.902069, -0.23342896, 7.0772552
7.8852997, -0.2633667, 7.3944855
7.882904, -0.2741394, 7.5991974
7.8529816, -0.25857544, 7.6554565
7.815872, -0.2346344, 7.605179
7.800308, -0.18435669, 7.4974365
7.8015137, -0.15681458, 7.2747803
7.8086853, -0.14604187, 6.937195
7.8457947, -0.11730957, 6.5924377
7.8362274, -0.09576416, 6.32428
7.807495, -0.07421875, 6.1100006
7.8637543, -0.118515015, 5.9040985
7.941574, -0.14006042, 5.7017975
8.011002, -0.16879272, 5.542572
8.0816345, -0.14964294, 5.431244
8.107971, -0.15802002, 5.321106
8.106766, -0.14604187, 5.2564697
8.030151, -0.14485168, 5.2600555
7.984665, -0.1376648, 5.2839966
7.9595184, -0.1484375, 5.3235016
7.991852, -0.16160583, 5.422867
8.009796, -0.15681458, 5.5713043
8.049301, -0.14485168, 5.637146
8.088806, -0.15441895, 5.7448883
8.075638, -0.17118835, 5.8334656
7.9990234, -0.19631958, 5.905304
8.000229, -0.19631958, 5.875366
7.993042, -0.18075562, 5.858612
7.985855, -0.15083313, 5.7891846
7.989456, -0.16041565, 5.7269287
8.00502, -0.11013794, 5.6670685
7.9595184, -0.0861969, 5.6467285
7.9822693, -0.1149292, 5.5796814
7.972687, -0.1304779, 5.589264
7.961914, -0.111328125, 5.594055
8.009796, -0.18196106, 5.561737
8.075638, -0.21069336, 5.542572
8.063675, -0.2059021, 5.525818
8.072052, -0.17237854, 5.5162354
8.058884, -0.15322876, 5.4887085
8.044525, -0.15681458, 5.4539948
8.02536, -0.118515015, 5.4922943
7.996628, -0.15322876, 5.4767303
7.973892, -0.16998291, 5.498291
7.9750824, -0.1592102, 5.503067
7.973892, -0.17237854, 5.538986
8.00621, -0.18075562, 5.6036224
8.021774, -0.15203857, 5.669464
7.9272003, -0.11730957, 5.7305145
7.855377, -0.11730957, 5.838257
7.8685455, -0.08380127, 6.033386
7.826645, -0.07182312, 6.2165375
7.7847443, -0.061050415, 6.4416046
7.8446045, -0.106536865, 6.602005
7.8541718, -0.12210083, 6.760025
7.8852997, -0.16041565, 6.870163
7.898468, -0.19273376, 6.95636
7.894882, -0.2059021, 6.8689575
7.9200134, -0.22026062, 6.672638
7.8924866, -0.19033813, 6.5601196
7.86615, -0.1484375, 6.3075256
7.831436, -0.14006042, 6.115982
7.8326263, -0.1376648, 5.886139
7.8721313, -0.15562439, 5.71257
7.930786, -0.17597961, 5.5952454
7.977478, -0.15562439, 5.4803314
7.967911, -0.16998291, 5.4324493
7.9643097, -0.14485168, 5.467163
7.977478, -0.15203857, 5.4934998
7.9427643, -0.16758728, 5.5354004
7.94635, -0.15441895, 5.6419373
7.993042, -0.17477417, 5.714966
7.977478, -0.18315125, 5.7604523
7.953537, -0.19631958, 5.8322754
7.9906464, -0.19631958, 5.9244537
8.001419, -0.20709229, 5.917267
7.9834595, -0.17837524, 5.925644
7.9547424, -0.16400146, 5.96875
7.922409, -0.18435669, 5.954376
7.9439545, -0.16520691, 5.9424133
7.9643097, -0.17956543, 5.8945312
7.9583282, -0.18435669, 5.8921356
7.969101, -0.17597961, 5.877762
7.9511414, -0.16879272, 5.898117
7.969101, -0.15681458, 5.89093
7.996628, -0.1592102, 5.8645935
7.961914, -0.16758728, 5.827484
7.991852, -0.17118835, 5.8562164
7.967911, -0.17956543, 5.850235
7.9667053, -0.19033813, 5.81073
8.0074005, -0.17118835, 5.865799
8.038528, -0.1771698, 5.817917
8.016983, -0.21308899, 5.787979
8.028961, -0.20111084, 5.778412
8.032547, -0.16879272, 5.7616425
8.0469055, -0.17118835, 5.719742
8.031357, -0.17837524, 5.7101746
8.021774, -0.19033813, 5.685028
8.063675, -0.19154358, 5.6419373
8.087616, -0.1771698, 5.645523
8.0624695, -0.16758728, 5.6347504
8.048111, -0.16400146, 5.570114
8.067261, -0.17597961, 5.597641
8.099579, -0.20350647, 5.629959
8.038528, -0.19392395, 5.640732
8.037338, -0.15083313, 5.628769
8.076843, -0.19752502, 5.676651
8.048111, -0.21548462, 5.6670685
8.087616, -0.19752502, 5.6742554
8.095993, -0.20709229, 5.6658783
8.12114, -0.19631958, 5.691025
8.109161, -0.19154358, 5.6551056
8.106766, -0.19992065, 5.65152
8.093597, -0.20469666, 5.604828
8.1019745, -0.16998291, 5.5928497
8.072052, -0.19631958, 5.580887
8.087616, -0.19273376, 5.5449677
8.093597, -0.19033813, 5.498291
8.109161, -0.18554688, 5.501877
8.119934, -0.19154358, 5.527008
8.125916, -0.21188354, 5.4803314
8.093597, -0.1879425, 5.4970856
8.106766, -0.21069336, 5.537796
8.117538, -0.18914795, 5.5473633
8.127121, -0.16041565, 5.5473633
8.128311, -0.17477417, 5.558136
8.135498, -0.19752502, 5.5593414
8.134308, -0.19871521, 5.606018
8.116348, -0.18675232, 5.6036224
8.12233, -0.18075562, 5.604828
8.146271, -0.21786499, 5.596451
8.129517, -0.23942566, 5.6191864
8.078033, -0.21308899, 5.620392
8.100784, -0.19752502, 5.606018
8.107971, -0.18914795, 5.625183
8.124725, -0.2238617, 5.629959
8.107971, -0.18435669, 5.6467285
8.105576, -0.15083313, 5.635956
8.118744, -0.1771698, 5.629959
8.143875, -0.18075562, 5.6108093
8.117538, -0.17358398, 5.6419373
8.128311, -0.16160583, 5.6622925
8.165421, -0.16879272, 5.669464
8.095993, -0.14245605, 5.617996
8.0816345, -0.17597961, 5.620392
8.1019745, -0.16160583, 5.6000366
8.091202, -0.15681458, 5.5760956
8.087616, -0.15562439, 5.5401764
8.115143, -0.14724731, 5.506668
8.145081, -0.18914795, 5.47554
8.153458, -0.19392395, 5.438431
8.152252, -0.18315125, 5.380966
8.137894, -0.19392395, 5.3666077
8.155853, -0.20829773, 5.304352
8.185776, -0.21907043, 5.23851
8.184586, -0.20709229, 5.175064
8.189362, -0.24061584, 5.106827
8.195358, -0.23822021, 5.070923
8.165421, -0.18315125, 5.005081
8.129517, -0.1951294, 5.0218353
8.154648, -0.19154358, 5.005081
8.135498, -0.1879425, 5.0098724
8.1019745, -0.20350647, 5.0134583
8.116348, -0.1771698, 5.048172
8.091202, -0.15562439, 5.170273
8.099579, -0.16998291, 5.240906
8.066071, -0.18914795, 5.3306885
8.018188, -0.16400146, 5.419281
7.9798737, -0.16879272, 5.590454
7.961914, -0.15083313, 5.691025
7.9439545, -0.16758728, 5.8550262
7.882904, -0.17477417, 5.9579773
7.8685455, -0.17956543, 6.1123962
7.8649597, -0.17358398, 6.205765
7.8649597, -0.18196106, 6.3003387
7.8326263, -0.1771698, 6.363785
7.791931, -0.16520691, 6.4092712
7.779953, -0.16520691, 6.475113
7.7739716, -0.1663971, 6.518219
7.7488403, -0.12449646, 6.5792694
7.7584076, -0.1376648, 6.6199646
7.7428436, -0.12808228, 6.6067963
7.7464447, -0.13407898, 6.6115875
7.715317, -0.15681458, 6.64151
7.704544, -0.11253357, 6.6319427
7.6913757, -0.12689209, 6.582855
7.704544, -0.111328125, 6.5397644
7.6877747, -0.1257019, 6.487091
7.6985626, -0.15441895, 6.454773
7.699753, -0.16520691, 6.442795
7.656662, -0.12928772, 6.3937225
7.7105255, -0.12808228, 6.3302765
7.7344666, -0.14364624, 6.317108
7.721298, -0.13168335, 6.272812
7.7093353, -0.13168335, 6.214157
7.7512207, -0.1304779, 6.210556
7.70813, -0.12808228, 6.1961975
7.70813, -0.13647461, 6.1483154
7.715317, -0.13647461, 6.167465
7.7177124, -0.13168335, 6.1890106
7.711731, -0.13887024, 6.1423187
7.728485, -0.1304779, 6.1291504
7.721298, -0.16160583, 6.135147
7.7105255, -0.17597961, 6.1650696
7.7428436, -0.15203857, 6.218933
7.715317, -0.13168335, 6.218933
7.692566, -0.12928772, 6.217743
7.7069397, -0.12689209, 6.234497
7.721298, -0.12210083, 6.262039
7.7033386, -0.111328125, 6.2763977
7.7332764, -0.1304779, 6.241684
7.7380524, -0.15681458, 6.264435
7.720108, -0.12808228, 6.262039
7.7069397, -0.15681458, 6.2752075
7.7272797, -0.16281128, 6.2632294
7.7189026, -0.116119385, 6.248871
7.739258, -0.15562439, 6.22612
7.7260895, -0.16281128, 6.258438
7.6949615, -0.12210083, 6.214157
7.736862, -0.12808228, 6.24527
7.7308807, -0.13647461, 6.2129517
7.712921, -0.14006042, 6.2321014
7.68898, -0.14245605, 6.1914062
7.7260895, -0.1376648, 6.1997833
7.747635, -0.12210083, 6.200989
7.7177124, -0.1592102, 6.1973877
7.700943, -0.116119385, 6.193802
7.7272797, -0.13887024, 6.1818237
7.7093353, -0.14724731, 6.171051
7.7272797, -0.13526917, 6.167465
7.744049, -0.16879272, 6.1650696
7.754822, -0.14245605, 6.1327515
7.740448, -0.15562439, 6.111206
7.760803, -0.17358398, 6.1818237
7.7380524, -0.15802002, 6.1758423
7.711731, -0.15322876, 6.169861
7.7428436, -0.14485168, 6.1686554
7.7344666, -0.14964294, 6.1734467
7.7488403, -0.13526917, 6.193802
7.7380524, -0.13407898, 6.162674
7.721298, -0.1304779, 6.171051
7.715317, -0.1376648, 6.1914062
7.7069397, -0.13168335, 6.1530914
7.740448, -0.13407898, 6.135147
7.6937714, -0.1257019, 6.1028137
7.7057343, -0.14604187, 6.16626
7.7296753, -0.14364624, 6.1183777
7.715317, -0.13647461, 6.1016235
7.7021484, -0.13168335, 6.1566925
7.716507, -0.14125061, 6.1566925
7.7069397, -0.108932495, 6.1183777
7.6829987, -0.1149292, 6.198593
7.6782074, -0.12928772, 6.2117615
7.656662, -0.108932495, 6.1914062
7.6877747, -0.113723755, 6.2273254
7.6949615, -0.10534668, 6.2285156
7.6829987, -0.12449646, 6.2596436
7.644684, -0.1149292, 6.308716
7.649475, -0.12449646, 6.380554
7.6662292, -0.104141235, 6.4440002
7.632721, -0.094573975, 6.4823
7.648285, -0.120910645, 6.4882812
7.633911, -0.096969604, 6.521805
7.6458893, -0.12689209, 6.545746
7.613556, -0.14125061, 6.5553284
7.613556, -0.15441895, 6.5948334
7.675812, -0.14724731, 6.5277863
7.6470795, -0.12449646, 6.497864
7.6853943, -0.14006042, 6.4463806
7.677002, -0.12808228, 6.376953
7.6638336, -0.12210083, 6.3398438
7.6458893, -0.14364624, 6.348221
7.632721, -0.12808228, 6.2632294
7.656662, -0.120910645, 6.210556
7.653061, -0.089782715, 6.234497
7.6590576, -0.111328125, 6.24527
7.656662, -0.13526917, 6.2357025
7.7021484, -0.16400146, 6.262039
7.6638336, -0.14006042, 6.2943573
7.6865845, -0.11730957, 6.3182983
7.677002, -0.12928772, 6.3554077
7.6554565, -0.13287354, 6.3865356
7.661438, -0.1197052, 6.391327
7.644684, -0.111328125, 6.416458
7.6662292, -0.09815979, 6.4056854
7.6542664, -0.10534668, 6.4487762
7.632721, -0.120910645, 6.5074463
7.6506653, -0.1304779, 6.4763184
7.6458893, -0.07661438, 6.5565186
7.6303253, -0.120910645, 6.5840607
7.641098, -0.11730957, 6.6103973
7.68898, -0.104141235, 6.661865
7.661438, -0.11730957, 6.6977844
7.648285, -0.089782715, 6.7660065
7.6853943, -0.12210083, 6.7540436
7.6626434, -0.12210083, 6.8007355
7.7021484, -0.10055542, 6.834244
7.696167, -0.123306274, 6.8414307
7.7225037, -0.13526917, 6.8330536
7.735672, -0.1376648, 6.7815704
7.7225037, -0.14125061, 6.743271
7.763199, -0.17477417, 6.755234
7.8242493, -0.1592102, 6.6475067
7.8254547, -0.17477417, 6.5804596
7.8446045, -0.20829773, 6.4823
7.8769226, -0.22146606, 6.3470306
7.914032, -0.2669525, 6.159088
7.9906464, -0.25737, 6.0393677
8.003815, -0.25138855, 5.8921356
8.066071, -0.26216125, 5.6981964
8.094803, -0.25498962, 5.487503
8.169022, -0.252594, 5.2792206
8.158249, -0.24899292, 5.0505676
8.228867, -0.23223877, 4.787201
8.285141, -0.2454071, 4.552582
8.294708, -0.24301147, 4.344284
8.325836, -0.24780273, 4.107254
8.3545685, -0.2346344, 3.9396515
8.389282, -0.22744751, 3.8079834
8.428787, -0.24420166, 3.6164398
8.441956, -0.21069336, 3.4979248
8.456314, -0.20469666, 3.368637
8.440765, -0.22984314, 3.3315277
8.419205, -0.21907043, 3.329132
8.408432, -0.22265625, 3.3638458
8.414429, -0.2561798, 3.4919434
8.391678, -0.21188354, 3.5960846
8.352173, -0.18914795, 3.7205963
8.279144, -0.19273376, 3.9755707
8.28035, -0.15562439, 4.177887
8.188171, -0.12808228, 4.371811
8.115143, -0.1197052, 4.6231995
8.037338, -0.11730957, 4.9236755
8.001419, -0.1149292, 5.197815
7.9511414, -0.14364624, 5.538986
7.9116364, -0.15322876, 5.9196625
7.8912964, -0.13526917, 6.264435
7.843399, -0.14724731, 6.5948334
7.7727814, -0.1484375, 6.993469
7.704544, -0.14125061, 7.3992767
7.636307, -0.12928772, 7.739258
7.62912, -0.09336853, 8.076843
7.593216, -0.10534668, 8.3545685
7.602783, -0.11253357, 8.555679
7.60997, -0.106536865, 8.680176
7.6506653, -0.11013794, 8.69455
7.636307, -0.120910645, 8.585602
7.6039886, -0.11013794, 8.395264
7.6063843, -0.049087524, 8.12352
7.563278, -0.039505005, 7.850586
7.553711, -0.029922485, 7.5836334
7.594406, -0.051467896, 7.4148407
7.699753, -0.08859253, 7.2640076
7.7727814, -0.11013794, 7.158661
7.8410034, -0.18914795, 7.060501
7.8517914, -0.23342896, 6.95636
7.917618, -0.2753296, 6.8366394
7.937973, -0.28849792, 6.70018
7.9511414, -0.31004333, 6.4679413
8.030151, -0.30885315, 6.2321014
8.080429, -0.3543396, 5.8849487
8.137894, -0.37828064, 5.4922943
8.230072, -0.37828064, 5.0110626
8.358154, -0.37709045, 4.5645447
8.426392, -0.34477234, 4.1766815
8.488647, -0.3256073, 3.7445374
8.538925, -0.2561798, 3.3530731
8.593994, -0.23822021, 2.960434
8.625107, -0.23342896, 2.5905304
8.646652, -0.20709229, 2.285263
8.716095, -0.19752502, 2.027893
8.778336, -0.19631958, 1.7417755
8.81665, -0.20231628, 1.533493
8.868118, -0.27893066, 1.3862457
8.910019, -0.2861023, 1.2078705
8.917206, -0.34117126, 1.1276703
8.948334, -0.3435669, 1.0498505
8.902832, -0.31243896, 1.0582428
8.845383, -0.2753296, 1.074997
8.815445, -0.22146606, 1.1312561
8.718491, -0.111328125, 1.2198486
8.611938, -0.032318115, 1.356308
8.467087, 0.02394104, 1.5574341
8.367737, 0.061050415, 1.8040314
8.225281, 0.044296265, 2.151184
8.084015, 0.032318115, 2.6144714
7.9990234, -0.008377075, 3.0573883
7.8362274, -0.037109375, 3.6655273
7.7069397, -0.065841675, 4.368225
7.593216, -0.14364624, 5.1523285
7.4292145, -0.116119385, 5.9879
7.285553, -0.12808228, 6.902481
7.2077484, -0.15083313, 7.9391785
7.03656, -0.108932495, 9.154236
6.9204407, -0.08859253, 10.380066
6.8964996, -0.077804565, 11.522095
6.866577, -0.09576416, 12.449844
6.9479675, -0.14724731, 13.054382
7.0497284, -0.23942566, 13.279434
7.171829, -0.31843567, 13.214798
7.2161255, -0.33998108, 12.734756
7.1802063, -0.23822021, 11.828552
7.0904236, -0.13287354, 10.7894745
7.0102234, -0.044296265, 9.782715
6.901291, 0.06703186, 8.947128
6.9288177, 0.14006042, 8.297104
7.0509186, 0.092178345, 7.775177
7.225708, 0.0023956299, 7.4052734
7.462723, -0.13168335, 7.0377502
7.6518707, -0.23703003, 6.704956
7.760803, -0.33998108, 6.40329
7.8493958, -0.42018127, 6.059723
7.94635, -0.42138672, 5.6191864
7.993042, -0.48362732, 5.143936
8.050507, -0.4632721, 4.675873
8.135498, -0.43095398, 4.186264
8.26358, -0.39624023, 3.6930542
8.366531, -0.36032104, 3.2010498
8.506592, -0.30885315, 2.738968
8.601166, -0.23822021, 2.2984314
8.671799, -0.21308899, 1.8986053
8.723267, -0.17837524, 1.5119324
8.785522, -0.18075562, 1.1851349
8.851364, -0.19273376, 0.8894501
8.865723, -0.26216125, 0.6141052
8.965088, -0.31843567, 0.3423767
9.016571, -0.4046173, 0.03831482
9.038116, -0.45010376, -0.2238617
9.118317, -0.40940857, -0.38905334
9.1410675, -0.33758545, -0.44293213
9.054871, -0.27174377, -0.47883606
8.987839, -0.18554688, -0.4740448
8.858551, -0.10055542, -0.32202148
8.69574, -0.0023956299, -0.15083313
8.5520935, 0.08859253, 0.0909729
8.437164, 0.1376648, 0.35554504
8.285141, 0.18196106, 0.73501587
8.079239, 0.13647461, 1.1551971
7.976288, 0.05027771, 1.6460114
7.7907257, 0.0011901855, 2.1811218
7.5369415, -0.05506897, 2.8670502
7.254425, -0.15681458, 3.6990356
6.988678, -0.19033813, 4.6710815
6.7336884, -0.19154358, 5.7377014
6.5996094, -0.15562439, 6.980301
6.5553284, -0.14364624, 8.501816
6.3889313, -0.10055542, 10.178955
6.1650696, -0.03352356, 11.814194
6.036972, -0.09815979, 13.3081665
6.131546, -0.1663971, 14.561539
6.2524567, -0.22146606, 15.45697
6.5122223, -0.26216125, 15.7981415
6.8019257, -0.3136444, 15.610199
6.933609, -0.35075378, 14.751877
7.000641, -0.29089355, 13.160919
6.8761444, -0.14964294, 11.3233795
6.5888367, 0.068237305, 9.910797
6.3781586, 0.22265625, 8.795105
6.3542175, 0.29447937, 7.8326263
6.530182, 0.28730774, 7.1095886
6.8055115, 0.19033813, 6.6750336
7.1011963, 0.058654785, 6.38533
7.3657684, -0.084991455, 6.240494
7.6123657, -0.24061584, 6.139923
7.720108, -0.3435669, 5.96994
7.8122864, -0.3327942, 5.8789673
7.7655945, -0.32920837, 5.7736206
7.7584076, -0.3244171, 5.6383514
7.791931, -0.32681274, 5.444412
7.818268, -0.33638, 5.197815
7.9391785, -0.31723022, 4.838684
8.061279, -0.3256073, 4.5801086
8.185776, -0.30166626, 4.313156
8.294708, -0.26216125, 3.942047
8.396469, -0.27893066, 3.6703186
8.426392, -0.27174377, 3.3865967
8.43837, -0.25138855, 3.087326
8.459915, -0.23342896, 2.8227692
8.488647, -0.23223877, 2.6036987
8.5125885, -0.21188354, 2.3846283
8.538925, -0.2238617, 2.1954803
8.593994, -0.27053833, 2.0817566
8.614334, -0.28251648, 2.0231018
8.603561, -0.31004333, 1.964447
8.643066, -0.34117126, 1.9309235
8.599976, -0.32800293, 1.9919739
8.568848, -0.28849792, 2.110489
8.507797, -0.2238617, 2.2349854
8.386887, -0.13647461, 2.431305
8.245636, -0.073028564, 2.7030487
8.088806, -0.0047912598, 3.0346527
7.9008636, 0.01675415, 3.4380798
7.7344666, 0.013168335, 3.9300842
7.5848236, -0.013168335, 4.490326
7.4711, -0.046691895, 5.147537
7.4256134, -0.08140564, 5.9076996
7.3944855, -0.17956543, 6.703766
7.2951355, -0.20829773, 7.5668793
7.2197113, -0.18675232, 8.53772
7.143097, -0.18435669, 9.3984375
7.0892334, -0.19273376, 10.076004
7.0425415, -0.19871521, 10.637436
6.9635315, -0.15562439, 11.101913
7.0066376, -0.1663971, 11.257538
7.083252, -0.1879425, 11.148605
7.179016, -0.20111084, 10.724823
7.222107, -0.14724731, 10.086777
7.1838074, -0.027526855, 9.296692
7.059311, 0.070632935, 8.541321
6.9683228, 0.15322876, 7.9547424
6.9204407, 0.18075562, 7.5561066
6.965927, 0.14485168, 7.2675934
7.0976105, 0.06703186, 7.143097
7.2472534, -0.0023956299, 7.091629
7.4411774, -0.1149292, 7.0976105
7.5764465, -0.17956543, 7.083252
7.6279297, -0.26815796, 7.0569153
7.6279297, -0.26576233, 6.981491
7.5991974, -0.2454071, 6.8689575
7.632721, -0.25737, 6.7408752
7.60997, -0.23223877, 6.5864563
7.677002, -0.21188354, 6.4020996
7.76799, -0.22146606, 6.1914062
7.842209, -0.24780273, 5.9124756
7.9116364, -0.26097107, 5.570114
8.036133, -0.27653503, 5.2361145
8.128311, -0.31723022, 4.893753
8.204926, -0.31243896, 4.574127
8.230072, -0.28849792, 4.2556915
8.251617, -0.28970337, 3.91333
8.288727, -0.2741394, 3.6140442
8.355759, -0.23703003, 3.3147736
8.383301, -0.23942566, 3.0933075
8.432373, -0.22984314, 2.8359375
8.449142, -0.23703003, 2.6360168
8.479065, -0.24182129, 2.5175018
8.488647, -0.2561798, 2.4456787
8.470688, -0.28730774, 2.4325104
8.426392, -0.3076477, 2.5282745
8.374924, -0.28849792, 2.6419983
8.366531, -0.2849121, 2.7413635
8.249222, -0.23822021, 2.9652252
8.169022, -0.14364624, 3.2201996
8.019379, -0.0861969, 3.487152
7.9200134, -0.063446045, 3.8654327
7.752426, -0.013168335, 4.273651
7.62912, -0.046691895, 4.783615
7.554901, -0.106536865, 5.3666077
7.479492, -0.15203857, 5.948395
7.4375916, -0.15802002, 6.6702423
7.3908997, -0.1663971, 7.380127
7.323868, -0.16281128, 8.056488
7.226898, -0.1771698, 8.668213
7.1287384, -0.20111084, 9.173386
7.024582, -0.16160583, 9.60553
6.9862823, -0.13287354, 9.8688965
7.0257874, -0.14485168, 10.06163
7.067688, -0.118515015, 10.07959
7.1574707, -0.07661438, 9.912003
7.1454926, -0.05506897, 9.696518
7.1359253, -0.01675415, 9.313446
7.0940247, 0.04788208, 8.860947
7.043747, 0.07421875, 8.427597
6.9779053, 0.113723755, 8.061279
6.9288177, 0.1304779, 7.8326263
6.95636, 0.096969604, 7.728485
7.0329742, 0.02394104, 7.699753
7.1383057, -0.0287323, 7.721298
7.2556305, -0.09336853, 7.776367
7.387314, -0.13647461, 7.802704
7.407654, -0.14964294, 7.843399
7.3944855, -0.17118835, 7.855377
7.3992767, -0.17477417, 7.795517
7.407654, -0.18675232, 7.7225037
7.426819, -0.1951294, 7.5991974
7.484268, -0.2454071, 7.4328003
7.5572968, -0.27653503, 7.187393
7.6506653, -0.29089355, 6.8809357
7.7620087, -0.31604004, 6.5074463
7.894882, -0.3531494, 6.009445
7.977478, -0.4046173, 5.5401764
8.094803, -0.39743042, 5.0589447
8.171417, -0.4010315, 4.558563
8.184586, -0.33039856, 4.0940857
8.192963, -0.29328918, 3.609253
8.256409, -0.25498962, 3.166336
8.396469, -0.22984314, 2.7880554
8.465897, -0.20709229, 2.4887695
8.516174, -0.19631958, 2.1882935
8.59877, -0.2059021, 1.9297333
8.6706085, -0.23942566, 1.6627655
8.669403, -0.2849121, 1.5203247
8.689758, -0.3028717, 1.3946228
8.689758, -0.3244171, 1.2988586
8.663422, -0.31843567, 1.3395538
8.599976, -0.31723022, 1.3551178
8.605957, -0.28012085, 1.4209595
8.592789, -0.21786499, 1.5107422
8.49942, -0.13287354, 1.6735535
8.355759, -0.07182312, 1.9069824
8.157043, 0.01675415, 2.2266083
7.934387, 0.068237305, 2.6096802
7.7344666, 0.082595825, 3.0921173
7.53096, 0.053863525, 3.6870728
7.344208, -0.029922485, 4.411316
7.2412567, -0.09336853, 5.202606
7.210144, -0.13526917, 6.0944366
7.123947, -0.20709229, 7.167038
7.0329742, -0.21427917, 8.323441
6.913254, -0.18554688, 9.528915
6.8210754, -0.19631958, 10.643417
6.728897, -0.21308899, 11.54245
6.6307373, -0.19631958, 12.279861
6.6594696, -0.21427917, 12.684479
6.743271, -0.23103333, 12.674896
6.9707184, -0.2633667, 12.272675
7.1490936, -0.22625732, 11.429916
7.1454926, -0.12449646, 10.320206
7.004242, 0.013168335, 9.17218
6.8605804, 0.1197052, 8.289917
6.795944, 0.2166748, 7.632721
6.772003, 0.19273376, 7.086838
6.8964996, 0.1592102, 6.8007355
7.0221863, 0.08859253, 6.7133484
7.242462, -0.022750854, 6.7312927
7.328644, -0.09576416, 6.7815704
7.4328003, -0.16758728, 6.8641815
7.5094147, -0.22625732, 6.9790955
7.5249786, -0.25857544, 6.95874
7.545334, -0.26576233, 6.95874
7.5561066, -0.25857544, 6.890518
7.547714, -0.2346344, 6.7887573
7.5572968, -0.22984314, 6.6391144
7.6159515, -0.23703003, 6.415268
7.7093353, -0.24182129, 6.277603
7.807495, -0.27174377, 5.9914856
7.8541718, -0.26216125, 5.755661
7.929596, -0.26097107, 5.4719543
8.011002, -0.3136444, 5.127182
8.075638, -0.30166626, 4.8171387
8.10318, -0.31962585, 4.529831
8.119934, -0.28370667, 4.2305603
8.157043, -0.26216125, 3.9827576
8.171417, -0.2669525, 3.7744598
8.224075, -0.2454071, 3.573349
8.2994995, -0.22625732, 3.368637
8.295914, -0.22265625, 3.2142181
8.292313, -0.2238617, 3.1567535
8.277954, -0.25019836, 3.0849304
8.264786, -0.27174377, 3.147171
8.204926, -0.27772522, 3.265686
8.165421, -0.27293396, 3.4428558
8.149857, -0.22984314, 3.6104584
8.058884, -0.19273376, 3.870224
7.941574, -0.15681458, 4.1730957
7.873337, -0.108932495, 4.4891357
7.7572174, -0.13526917, 4.9009247
7.660248, -0.1257019, 5.357025
7.589615, -0.104141235, 5.8215027
7.4962463, -0.13287354, 6.3194885
7.447159, -0.14485168, 6.827072
7.428009, -0.17477417, 7.3346405
7.368149, -0.19273376, 7.7428436
7.332245, -0.22625732, 8.0816345
7.285553, -0.20469666, 8.414429
7.2640076, -0.17956543, 8.57962
7.2364807, -0.18435669, 8.605957
7.206543, -0.123306274, 8.584412
7.1682434, -0.080200195, 8.482651
7.1538696, -0.03591919, 8.319855
7.1694336, 0.0095825195, 8.079239
7.1574707, 0.0047912598, 7.894882
7.1885834, -0.0071868896, 7.6865845
7.2520294, -0.027526855, 7.4854736
7.2807617, -0.094573975, 7.3657684
7.2879486, -0.11013794, 7.198166
7.2987213, -0.111328125, 7.0784607
7.3118896, -0.10774231, 6.985077
7.3035126, -0.08140564, 6.969528
7.2915344, -0.084991455, 6.9790955
7.2520294, -0.070632935, 7.031769
7.2711945, -0.080200195, 7.1215515
7.27359, -0.087387085, 7.189789
7.3035126, -0.10534668, 7.269989
7.2795715, -0.1257019, 7.2867584
7.313095, -0.116119385, 7.2352753
7.3190765, -0.1149292, 7.189789
7.29274, -0.099365234, 7.103592
7.29393, -0.094573975, 7.068878
7.3035126, -0.09576416, 7.0018463
7.37294, -0.10774231, 6.945572
7.396881, -0.1304779, 6.8893127
7.4148407, -0.11730957, 6.782776
7.4531555, -0.14964294, 6.695389
7.4699097, -0.18315125, 6.6187744
7.514206, -0.19752502, 6.5206146
7.538147, -0.18554688, 6.408081
7.5956116, -0.17837524, 6.24527
7.5884247, -0.19871521, 6.099228
7.618347, -0.21308899, 6.020218
7.6303253, -0.21308899, 5.9232483
7.649475, -0.19392395, 5.7700195
7.6829987, -0.2166748, 5.683838
7.6853943, -0.2166748, 5.6323547
7.699753, -0.21188354, 5.5605316
7.7105255, -0.22146606, 5.4970856
7.699753, -0.21548462, 5.491104
7.704544, -0.21907043, 5.518631
7.6949615, -0.21427917, 5.57251
7.665039, -0.18075562, 5.6263733
7.6626434, -0.23223877, 5.717346
7.665039, -0.23703003, 5.8406525
7.6638336, -0.21188354, 5.941208
7.6315155, -0.20469666, 6.0704956
7.5968018, -0.20231628, 6.1914062
7.6267242, -0.18554688, 6.2285156
7.605179, -0.16998291, 6.3266754
7.5716553, -0.15441895, 6.3793488
7.542938, -0.16520691, 6.369766
7.5273743, -0.1376648, 6.416458
7.486664, -0.118515015, 6.4846954
7.479492, -0.118515015, 6.5648956
7.491455, -0.1304779, 6.5792694
7.4878693, -0.12210083, 6.6750336
7.45076, -0.123306274, 6.7157288
7.4543457, -0.120910645, 6.7109528
7.424423, -0.12210083, 6.739685
7.4495544, -0.116119385, 6.7935486
7.4567413, -0.13887024, 6.7935486
7.4016724, -0.1592102, 6.827072
7.4411774, -0.13407898, 6.8210754
7.420822, -0.11253357, 6.8174896
7.3932953, -0.15681458, 6.8091125
7.381317, -0.12449646, 6.8414307
7.419632, -0.10055542, 6.831848
7.363373, -0.1304779, 6.803131
7.387314, -0.116119385, 6.768402
7.396881, -0.104141235, 6.755234
7.3585815, -0.13287354, 6.7217255
7.3897095, -0.14964294, 6.743271
7.3897095, -0.14125061, 6.7612305
7.412445, -0.09576416, 6.7253113
7.395691, -0.1304779, 6.6905975
7.419632, -0.16041565, 6.7157288
7.407654, -0.116119385, 6.755234
7.4016724, -0.123306274, 6.708557
7.37294, -0.12808228, 6.7061615
7.3693542, -0.1304779, 6.728897
7.3932953, -0.14125061, 6.70018
7.380127, -0.12928772, 6.689392
7.384918, -0.108932495, 6.7097473
7.387314, -0.12928772, 6.70018
7.378937, -0.15203857, 6.664261
7.395691, -0.15441895, 6.7157288
7.3980865, -0.14964294, 6.676239
7.3980865, -0.1592102, 6.657074
7.3753357, -0.14364624, 6.6834106
7.383713, -0.1304779, 6.6870117
7.395691, -0.13168335, 6.661865
7.387314, -0.14964294, 6.6319427
7.3705444, -0.1484375, 6.64032
7.3741455, -0.14724731, 6.6391144
7.3753357, -0.11730957, 6.5792694
7.360977, -0.15441895, 6.5804596
7.3621674, -0.14724731, 6.597229
7.356186, -0.13407898, 6.576874
7.3274536, -0.14964294, 6.593628
7.332245, -0.13887024, 6.558914
7.3466034, -0.13887024, 6.576874
7.3226624, -0.16400146, 6.593628
7.3298492, -0.12689209, 6.6115875
7.363373, -0.14245605, 6.64032
7.3657684, -0.1304779, 6.6546783
7.332245, -0.14125061, 6.6283417
7.325058, -0.15203857, 6.6738434
7.3597717, -0.16041565, 6.7157288
7.345413, -0.118515015, 6.743271
7.332245, -0.123306274, 6.755234
7.317871, -0.14125061, 6.7456665
7.344208, -0.1376648, 6.7887573
7.2987213, -0.1149292, 6.783966
7.3142853, -0.118515015, 6.775589
7.3047028, -0.123306274, 6.8091125
7.2867584, -0.13287354, 6.7851715
7.3226624, -0.1484375, 6.779175
7.2987213, -0.118515015, 6.835449
7.3382263, -0.12689209, 6.830658
7.3226624, -0.15322876, 6.81868
7.3070984, -0.1304779, 6.8174896
7.2592163, -0.113723755, 6.811508
7.29274, -0.11730957, 6.807907
7.290344, -0.13647461, 6.7971344
7.2568207, -0.11730957, 6.837845
7.2867584, -0.1304779, 6.779175
7.3070984, -0.14006042, 6.79834
7.2723846, -0.14006042, 6.8126984
7.29274, -0.12449646, 6.7971344
7.284363, -0.15681458, 6.835449
7.249649, -0.14125061, 6.8210754
7.2316895, -0.15083313, 6.870163
7.2628174, -0.12210083, 6.851013
7.2628174, -0.12928772, 6.823471
7.2640076, -0.14724731, 6.830658
7.2711945, -0.12449646, 6.873749
7.2568207, -0.14364624, 6.895294
7.29274, -0.13526917, 6.8725586
7.269989, -0.118515015, 6.895294
7.258026, -0.108932495, 6.842621
7.2640076, -0.15441895, 6.846222
7.2723846, -0.14364624, 6.882126
7.2592163, -0.11013794, 6.8486176
7.266403, -0.15802002, 6.8605804
7.253235, -0.1592102, 6.835449
7.2568207, -0.11013794, 6.8258667
7.285553, -0.15562439, 6.7863617
7.317871, -0.13647461, 6.767212
7.266403, -0.116119385, 6.789963
7.2592163, -0.1197052, 6.772003
7.2568207, -0.1376648, 6.7528534
7.2675934, -0.14604187, 6.768402
7.2628174, -0.123306274, 6.72052
7.2484436, -0.15441895, 6.734894
7.2484436, -0.1304779, 6.736084
7.266403, -0.13287354, 6.7073517
7.249649, -0.12808228, 6.7336884
7.261612, -0.11730957, 6.7612305
7.29274, -0.123306274, 6.758835
7.2723846, -0.13407898, 6.7456665
7.244858, -0.12449646, 6.7815704
7.2640076, -0.14724731, 6.8174896
7.2592163, -0.12210083, 6.8162994
7.269989, -0.12210083, 6.8258667
7.2759857, -0.15681458, 6.854599
7.284363, -0.14006042, 6.851013
7.2484436, -0.13287354, 6.8689575
7.2628174, -0.13526917, 6.8414307
7.2316895, -0.1304779, 6.8881226
7.2388763, -0.104141235, 6.8988953
7.229294, -0.116119385, 6.89769
7.2233124, -0.11730957, 6.8725586
7.237671, -0.11013794, 6.8725586
7.2328796, -0.13407898, 6.890518
7.205353, -0.12928772, 6.902481
7.2556305, -0.14125061, 6.89769
7.246048, -0.1257019, 6.8881226
7.268799, -0.16160583, 6.909668
7.237671, -0.14964294, 6.87735
7.2352753, -0.13287354, 6.870163
7.2316895, -0.10774231, 6.8593903
7.21373, -0.15322876, 6.8498077
7.2328796, -0.14964294, 6.8174896
7.2400665, -0.12210083, 6.8162994
7.2233124, -0.13887024, 6.831848
7.27359, -0.16520691, 6.8174896
7.2364807, -0.16160583, 6.842621
7.237671, -0.1484375, 6.830658
7.2556305, -0.14125061, 6.7851715
7.2245026, -0.1197052, 6.8402405
7.2592163, -0.14364624, 6.811508
7.2472534, -0.1376648, 6.847412

