x : y : Z 
7.949951, -0.15322876, 5.8598022
7.961914, -0.16160583, 5.846634
7.933182, -0.16160583, 5.846634
7.9236145, -0.18914795, 5.8837433
7.9643097, -0.14485168, 5.8298798
7.9750824, -0.13526917, 5.8454437
7.981064, -0.15441895, 5.8957214
7.937973, -0.14006042, 5.8526306
7.94635, -0.13647461, 5.8298798
7.9427643, -0.15322876, 5.8645935
7.934387, -0.13526917, 5.8681946
7.976288, -0.14364624, 5.8442535
7.9080505, -0.1304779, 5.8885345
7.929596, -0.14724731, 5.857422
7.921219, -0.15681458, 5.8370667
7.92601, -0.15322876, 5.851425
7.969101, -0.1484375, 5.881363
7.965515, -0.15083313, 5.877762
7.965515, -0.17477417, 5.88974
7.9439545, -0.15083313, 5.8837433
7.970291, -0.16879272, 5.8370667
7.977478, -0.16281128, 5.8550262
7.9643097, -0.15802002, 5.881363
7.9667053, -0.14245605, 5.875366
7.949951, -0.13647461, 5.882553
7.970291, -0.16400146, 5.8945312
7.965515, -0.16281128, 5.8957214
7.9391785, -0.15681458, 5.8873444
7.9595184, -0.13647461, 5.858612
7.9403687, -0.16041565, 5.8717804
7.9355774, -0.18196106, 5.8885345
7.9547424, -0.15203857, 5.8789673
7.928406, -0.12928772, 5.8969116
7.937973, -0.1484375, 5.8969116
7.9319916, -0.16281128, 5.8598022
7.9427643, -0.123306274, 5.8550262
7.928406, -0.14125061, 5.8837433
7.949951, -0.14485168, 5.8945312
7.928406, -0.15322876, 5.865799
7.9272003, -0.14006042, 5.8969116
7.9044495, -0.14485168, 5.8610077
7.9583282, -0.14964294, 5.8478394
7.973892, -0.15681458, 5.8681946
7.9236145, -0.1376648, 5.853821
7.921219, -0.15203857, 5.8298798
7.9487457, -0.14485168, 5.8490295
7.92601, -0.14006042, 5.875366
7.9236145, -0.16281128, 5.866989
7.941574, -0.14724731, 5.8945312
7.9487457, -0.14604187, 5.862198
7.934387, -0.17118835, 5.850235
7.949951, -0.17477417, 5.862198
7.9116364, -0.1257019, 5.881363
7.9248047, -0.15681458, 5.8083344
7.9559326, -0.18554688, 5.8370667
7.9164276, -0.15203857, 5.877762
7.9475555, -0.13887024, 5.857422
7.9547424, -0.17358398, 5.8610077
7.9355774, -0.1257019, 5.881363
7.9427643, -0.14964294, 5.8442535
7.94635, -0.15562439, 5.8406525
7.9583282, -0.14125061, 5.869385
7.9547424, -0.13526917, 5.8550262
7.930786, -0.15203857, 5.8957214
7.9391785, -0.12928772, 5.901703
7.9559326, -0.1304779, 5.8993073
7.9475555, -0.15203857, 5.865799
7.957123, -0.14485168, 5.857422
7.957123, -0.14245605, 5.8849487
7.9547424, -0.16041565, 5.862198
7.94516, -0.15441895, 5.8334656
7.9870605, -0.13887024, 5.857422
7.9487457, -0.15562439, 5.8550262
7.92601, -0.15322876, 5.8717804
7.9248047, -0.1663971, 5.8801575
7.9475555, -0.16998291, 5.8837433
7.9487457, -0.15562439, 5.9040985
7.9236145, -0.13887024, 5.906494
7.9164276, -0.15083313, 5.8717804
7.965515, -0.16160583, 5.8969116
7.9475555, -0.15441895, 5.906494
7.961914, -0.16281128, 5.875366
7.941574, -0.16041565, 5.8598022
7.9547424, -0.16281128, 5.8562164
7.936783, -0.1663971, 5.8286896
7.9391785, -0.15802002, 5.8478394
7.94635, -0.15083313, 5.8394623
7.9355774, -0.13526917, 5.8155212
7.953537, -0.16160583, 5.8322754
7.934387, -0.16520691, 5.8394623
7.930786, -0.14964294, 5.8645935
7.936783, -0.14724731, 5.869385
7.921219, -0.15203857, 5.8645935
7.906845, -0.15203857, 5.870575
7.9583282, -0.15083313, 5.874176
7.961914, -0.15441895, 5.9280396
7.934387, -0.1592102, 5.8993073
7.9248047, -0.15441895, 5.874176
7.9475555, -0.14006042, 5.9112854
7.9487457, -0.15083313, 5.870575
7.917618, -0.1257019, 5.8885345
7.941574, -0.13287354, 5.886139
7.9319916, -0.15681458, 5.8945312
7.930786, -0.14724731, 5.8610077
7.917618, -0.16160583, 5.901703
7.9152374, -0.16160583, 5.8610077
7.9008636, -0.17358398, 5.877762
7.936783, -0.15681458, 5.881363
7.9439545, -0.18435669, 5.8550262
7.933182, -0.14125061, 5.8717804
7.9439545, -0.15083313, 5.8969116
7.969101, -0.15203857, 5.866989
7.910446, -0.1376648, 5.846634
7.922409, -0.1376648, 5.9112854
7.949951, -0.16160583, 5.875366
7.9152374, -0.1663971, 5.8490295
7.94635, -0.1484375, 5.914871
7.928406, -0.1484375, 5.8945312
7.9032593, -0.18075562, 5.8610077
7.92601, -0.16520691, 5.8945312
7.9188232, -0.16041565, 5.905304
7.9475555, -0.16879272, 5.853821
7.917618, -0.16758728, 5.851425
7.92601, -0.16758728, 5.875366
7.9643097, -0.14485168, 5.893326
7.9547424, -0.14364624, 5.857422
7.917618, -0.12928772, 5.8789673
7.914032, -0.14964294, 5.8478394
7.8936768, -0.14724731, 5.881363
7.9511414, -0.12210083, 5.8598022
7.941574, -0.14724731, 5.869385
7.9116364, -0.15322876, 5.8789673
7.937973, -0.16041565, 5.8969116
7.967911, -0.13168335, 5.917267
7.9643097, -0.14724731, 5.949585
7.8852997, -0.14485168, 5.91008
7.92601, -0.104141235, 5.920868
7.9116364, -0.14125061, 5.90889
7.8889008, -0.16879272, 5.906494
7.9032593, -0.1484375, 5.914871
7.921219, -0.14485168, 5.898117
7.9008636, -0.16520691, 5.8849487
7.9547424, -0.16160583, 5.8717804
7.9164276, -0.16281128, 5.905304
7.9092407, -0.13647461, 5.881363
7.9319916, -0.111328125, 5.9076996
7.917618, -0.1376648, 5.8873444
7.9511414, -0.17118835, 5.88974
7.9164276, -0.13887024, 5.869385
7.9200134, -0.13168335, 5.8885345
7.9248047, -0.123306274, 5.945999
7.9116364, -0.14364624, 5.945999
7.9248047, -0.14125061, 5.913681
7.890091, -0.13287354, 5.9268494
7.881714, -0.13407898, 5.9040985
7.9092407, -0.14245605, 5.9160767
7.9152374, -0.14964294, 5.9388123
7.9044495, -0.1484375, 5.941208
7.8996735, -0.1484375, 5.91008
7.917618, -0.14724731, 5.8993073
7.922409, -0.17118835, 5.9029083
7.930786, -0.16879272, 5.9184723
7.9092407, -0.16041565, 5.932831
7.912842, -0.13526917, 5.91008
7.9044495, -0.15802002, 5.877762
7.914032, -0.15322876, 5.9579773
7.897278, -0.15441895, 5.9472046
7.9164276, -0.1376648, 5.9268494
7.929596, -0.15562439, 5.9472046
7.9427643, -0.16520691, 5.9424133
7.9164276, -0.16998291, 5.9675446
7.8960724, -0.15441895, 5.9902954
7.92601, -0.16758728, 5.9519806
7.921219, -0.16041565, 5.941208
7.9487457, -0.14964294, 5.9280396
7.9164276, -0.13168335, 5.929245
7.9236145, -0.13647461, 5.917267
7.9319916, -0.14964294, 5.9232483
7.934387, -0.14485168, 5.8957214
7.922409, -0.16160583, 5.91008
7.9152374, -0.14604187, 5.8945312
7.8936768, -0.12449646, 5.858612
7.8936768, -0.12808228, 5.851425
7.936783, -0.15322876, 5.8645935
7.94516, -0.1484375, 5.841858
7.9080505, -0.16400146, 5.8645935
7.8936768, -0.14006042, 5.9340363
7.914032, -0.14125061, 5.8837433
7.9319916, -0.18435669, 5.8370667
7.9559326, -0.16520691, 5.8681946
7.937973, -0.16041565, 5.91008
7.9272003, -0.1592102, 5.8717804
7.94635, -0.13647461, 5.8562164
7.9116364, -0.15203857, 5.8322754
7.9355774, -0.16520691, 5.817917
7.969101, -0.12808228, 5.835861
7.94516, -0.14364624, 5.796356
7.934387, -0.14245605, 5.850235
7.9236145, -0.1376648, 5.835861
7.929596, -0.16758728, 5.8478394
7.9487457, -0.14604187, 5.8478394
7.967911, -0.1484375, 5.8645935
7.9643097, -0.13287354, 5.8562164
7.969101, -0.1376648, 5.881363
7.9583282, -0.15681458, 5.8610077
7.965515, -0.1663971, 5.835861
7.936783, -0.13526917, 5.826294
7.936783, -0.1484375, 5.8131256
7.9391785, -0.14245605, 5.8215027
7.917618, -0.18435669, 5.8406525
7.937973, -0.1663971, 5.8059387
7.928406, -0.16041565, 5.841858
7.94516, -0.15203857, 5.853821
7.905655, -0.14245605, 5.857422
7.922409, -0.13647461, 5.870575
7.94516, -0.15802002, 5.8969116
7.94635, -0.1592102, 5.8765717
7.936783, -0.13168335, 5.874176
7.930786, -0.14364624, 5.89093
7.905655, -0.14364624, 5.913681
7.9032593, -0.13407898, 5.932831
7.9080505, -0.13168335, 5.8969116
7.949951, -0.14604187, 5.920868
7.9188232, -0.13887024, 5.920868
7.921219, -0.14485168, 5.8885345
7.94516, -0.14485168, 5.901703
7.9080505, -0.120910645, 5.9005127
7.9272003, -0.15203857, 5.9160767
7.8996735, -0.17477417, 5.901703
7.8876953, -0.16281128, 5.913681
7.8960724, -0.1304779, 5.917267
7.922409, -0.14006042, 5.917267
7.912842, -0.118515015, 5.929245
7.9116364, -0.1197052, 5.9352264
7.898468, -0.14724731, 5.893326
7.905655, -0.1376648, 5.9364166
7.905655, -0.12808228, 5.9388123
7.8996735, -0.14964294, 5.96875
7.9248047, -0.15322876, 5.930435
7.9200134, -0.15562439, 5.898117
7.9032593, -0.1257019, 5.9555817
7.9092407, -0.13407898, 5.9472046
7.9439545, -0.15441895, 5.945999
7.9248047, -0.15441895, 5.937622
7.912842, -0.15203857, 5.949585
7.8924866, -0.1663971, 5.956772
7.8852997, -0.14964294, 5.91008
7.906845, -0.15203857, 5.9400177
7.9164276, -0.15083313, 5.944809
7.9319916, -0.12689209, 5.9029083
7.882904, -0.14724731, 5.9400177
7.9236145, -0.14604187, 5.901703
7.910446, -0.16160583, 5.9124756
7.930786, -0.15203857, 5.9112854
7.9032593, -0.1376648, 5.9352264
7.9008636, -0.15681458, 5.9268494
7.8852997, -0.14245605, 5.9184723
7.898468, -0.13887024, 5.917267
7.9272003, -0.15083313, 5.954376
7.878128, -0.118515015, 5.965149
7.912842, -0.12449646, 5.9783173
7.94516, -0.13526917, 5.9627533
7.912842, -0.16041565, 5.972336
7.928406, -0.13407898, 5.9747314
7.9116364, -0.14364624, 5.9914856
7.922409, -0.16160583, 5.965149
7.9152374, -0.14125061, 5.941208
7.9152374, -0.12210083, 5.9029083
7.9008636, -0.15441895, 5.9244537
7.9008636, -0.14364624, 5.920868
7.9439545, -0.14364624, 5.8993073
7.934387, -0.14364624, 5.8849487
7.9439545, -0.1304779, 5.925644
7.933182, -0.16520691, 5.91008
7.9319916, -0.15681458, 5.9364166
7.917618, -0.11253357, 5.917267
7.9092407, -0.106536865, 5.956772
7.906845, -0.12808228, 5.96994
7.914032, -0.15802002, 5.9603577
7.9152374, -0.14724731, 5.949585
7.912842, -0.13887024, 5.9759216
7.9008636, -0.14364624, 5.977127
7.9044495, -0.14364624, 5.96994
7.897278, -0.15441895, 5.905304
7.9200134, -0.12808228, 5.9029083
7.9272003, -0.13647461, 5.9112854
7.9272003, -0.16998291, 5.90889
7.928406, -0.15441895, 5.932831
7.9403687, -0.14364624, 5.858612
7.9092407, -0.15203857, 5.9112854
7.897278, -0.13287354, 5.9029083
7.952347, -0.1304779, 5.8765717
7.936783, -0.17597961, 5.8957214
7.9248047, -0.14485168, 5.8957214
7.949951, -0.1304779, 5.8526306
7.921219, -0.14724731, 5.814316
7.9403687, -0.15203857, 5.826294
7.910446, -0.1484375, 5.8215027
7.92601, -0.11730957, 5.803543
7.929596, -0.1304779, 5.850235
7.9116364, -0.1376648, 5.8011475
7.9044495, -0.13647461, 5.8167114
7.9152374, -0.14245605, 5.862198
7.92601, -0.15083313, 5.8478394
7.928406, -0.14485168, 5.8634033
7.9248047, -0.1257019, 5.853821
7.934387, -0.14964294, 5.843048
7.953537, -0.1592102, 5.858612
7.9714966, -0.14724731, 5.8849487
7.952347, -0.16041565, 5.877762
7.9559326, -0.13407898, 5.8562164
7.941574, -0.13647461, 5.8598022
7.9236145, -0.14006042, 5.8610077
7.94635, -0.1484375, 5.8550262
7.961914, -0.12210083, 5.851425
7.9355774, -0.1149292, 5.870575
7.929596, -0.1197052, 5.843048
7.9439545, -0.15441895, 5.9112854
7.952347, -0.14364624, 5.893326
7.9403687, -0.13647461, 5.901703
7.9164276, -0.14485168, 5.8562164
7.94516, -0.16160583, 5.89093
7.9272003, -0.14245605, 5.8957214
7.9355774, -0.13287354, 5.857422
7.9475555, -0.14964294, 5.862198
7.922409, -0.106536865, 5.851425
7.930786, -0.12689209, 5.8298798
7.921219, -0.1484375, 5.881363
7.910446, -0.14006042, 5.90889
7.928406, -0.14964294, 5.9364166
7.921219, -0.14006042, 5.9316406
7.882904, -0.15562439, 5.9244537
7.9511414, -0.1484375, 5.9436035
7.9487457, -0.13287354, 5.945999
7.905655, -0.12449646, 5.90889
7.8936768, -0.14485168, 5.9029083
7.905655, -0.15802002, 5.905304
7.9583282, -0.123306274, 5.913681
7.928406, -0.1376648, 5.91008
7.9032593, -0.123306274, 5.906494
7.912842, -0.123306274, 5.9591675
7.9200134, -0.113723755, 5.954376
7.879318, -0.13407898, 5.972336
7.8960724, -0.1376648, 5.9591675
7.878128, -0.1197052, 5.9902954
7.8805084, -0.13287354, 6.0034637
7.882904, -0.1149292, 6.0549316
7.9044495, -0.13526917, 6.0657043
7.86734, -0.1376648, 6.080078
7.858963, -0.13647461, 6.114792
7.8924866, -0.14604187, 6.076477
7.914032, -0.13287354, 6.0142365
7.9152374, -0.118515015, 6.0214233
7.878128, -0.13168335, 5.984314
7.905655, -0.1304779, 5.9675446
7.934387, -0.120910645, 5.9352264
7.9403687, -0.1484375, 5.9280396
7.8996735, -0.12210083, 5.9352264
7.897278, -0.13887024, 5.9340363
7.9487457, -0.13287354, 5.9160767
7.9248047, -0.13407898, 5.9244537
7.890091, -0.12689209, 5.9579773
7.930786, -0.14245605, 5.9603577
7.94516, -0.13287354, 5.9436035
7.94635, -0.111328125, 5.9759216
7.9391785, -0.13647461, 5.9879
7.9236145, -0.12808228, 5.9424133
7.933182, -0.1376648, 5.9783173
7.933182, -0.120910645, 5.992691
7.9559326, -0.11253357, 5.956772
7.965515, -0.13407898, 5.9507904
7.929596, -0.16998291, 5.886139
7.9475555, -0.16281128, 5.862198
7.973892, -0.16758728, 5.8550262
7.991852, -0.14485168, 5.8059387
7.976288, -0.14125061, 5.7736206
7.9786835, -0.15562439, 5.747284
7.9870605, -0.20350647, 5.723343
7.9798737, -0.17837524, 5.700592
8.001419, -0.16400146, 5.6742554
8.037338, -0.1592102, 5.6479187
8.016983, -0.20829773, 5.625183
7.9954376, -0.15562439, 5.6323547
8.016983, -0.15562439, 5.6072235
8.050507, -0.18196106, 5.590454
8.036133, -0.17837524, 5.561737
8.032547, -0.15083313, 5.5641174
8.032547, -0.17358398, 5.577286
8.066071, -0.17837524, 5.5880737
8.049301, -0.17358398, 5.5737
8.063675, -0.16879272, 5.582077
8.060074, -0.15681458, 5.6144104
8.068466, -0.18075562, 5.625183
8.051697, -0.15802002, 5.6323547
8.032547, -0.15681458, 5.645523
8.064865, -0.16400146, 5.688629
8.073242, -0.16520691, 5.683838
8.048111, -0.16758728, 5.6862335
8.054092, -0.17477417, 5.6898193
8.021774, -0.13887024, 5.73172
8.037338, -0.15681458, 5.7652435
8.04332, -0.1484375, 5.7209473
8.060074, -0.1484375, 5.7532654
8.026566, -0.14964294, 5.759247
8.02536, -0.13887024, 5.708969
8.039734, -0.1376648, 5.7029877
8.020569, -0.1304779, 5.699402
8.012192, -0.15441895, 5.6981964
8.0074005, -0.14245605, 5.7053833
8.034943, -0.15083313, 5.723343
8.051697, -0.16758728, 5.7113647
8.048111, -0.17237854, 5.748474
8.038528, -0.15203857, 5.764038
8.036133, -0.15322876, 5.783188
8.036133, -0.1592102, 5.762848
8.038528, -0.15203857, 5.7700195
8.027756, -0.1484375, 5.772415
8.013397, -0.1771698, 5.7448883
8.032547, -0.14604187, 5.7616425
8.032547, -0.14364624, 5.707779
8.045715, -0.1663971, 5.7377014
8.04332, -0.16281128, 5.7269287
8.014587, -0.14724731, 5.7257385
8.013397, -0.15562439, 5.73172
8.075638, -0.17118835, 5.7341156
8.039734, -0.15562439, 5.738907
8.0421295, -0.16879272, 5.759247
8.018188, -0.17597961, 5.7604523
8.0074005, -0.17237854, 5.723343
8.020569, -0.19992065, 5.736511
8.009796, -0.18914795, 5.756851
8.031357, -0.18315125, 5.7855835
8.051697, -0.18196106, 5.8011475
8.030151, -0.18315125, 5.802353
8.019379, -0.19752502, 5.7580566
8.001419, -0.18315125, 5.7927704
8.04332, -0.20350647, 5.8322754
8.036133, -0.19154358, 5.803543
8.027756, -0.15441895, 5.7891846
8.039734, -0.19154358, 5.803543
8.027756, -0.1951294, 5.787979
8.040924, -0.19871521, 5.764038
8.030151, -0.19033813, 5.7209473
8.018188, -0.15802002, 5.717346
8.054092, -0.20231628, 5.704193
8.037338, -0.17837524, 5.6622925
8.034943, -0.14245605, 5.6814423
8.027756, -0.15203857, 5.6826324
8.031357, -0.17118835, 5.669464
8.013397, -0.17118835, 5.6826324
8.055298, -0.16400146, 5.6981964
8.030151, -0.14125061, 5.7185516
8.02536, -0.16281128, 5.719742
7.996628, -0.18196106, 5.738907
8.001419, -0.16160583, 5.7688293
8.012192, -0.1484375, 5.8011475
8.011002, -0.16041565, 5.822693
8.003815, -0.1304779, 5.8334656
8.0074005, -0.14364624, 5.831085
7.996628, -0.15083313, 5.857422
7.9834595, -0.14604187, 5.851425
8.00621, -0.14604187, 5.8598022
8.015793, -0.15322876, 5.857422
7.981064, -0.15322876, 5.8334656
7.9978333, -0.1376648, 5.8167114
7.996628, -0.16281128, 5.786789
7.965515, -0.13647461, 5.772415
7.9631195, -0.1376648, 5.7903748
7.985855, -0.14964294, 5.787979
7.977478, -0.14125061, 5.748474
8.008606, -0.13647461, 5.7604523
7.994232, -0.13526917, 5.7604523
8.008606, -0.17477417, 5.764038
7.9786835, -0.20111084, 5.736511
7.9906464, -0.1879425, 5.7065735
8.039734, -0.1879425, 5.7017975
8.00502, -0.14364624, 5.73172
8.0074005, -0.19273376, 5.740097
8.012192, -0.17597961, 5.7065735
8.008606, -0.1663971, 5.6586914
8.011002, -0.15322876, 5.7053833
8.0026245, -0.14364624, 5.7377014
8.0026245, -0.14006042, 5.7532654
7.9822693, -0.16400146, 5.7221375
8.009796, -0.17237854, 5.7257385
8.026566, -0.1879425, 5.7305145
7.9978333, -0.16160583, 5.7293243
7.981064, -0.18554688, 5.7448883
7.981064, -0.1879425, 5.719742
7.9822693, -0.17237854, 5.6981964
7.973892, -0.14604187, 5.752075
7.977478, -0.1663971, 5.7903748
7.9595184, -0.16520691, 5.779602
7.929596, -0.19392395, 5.7975616
7.9511414, -0.15681458, 5.817917
7.9595184, -0.13647461, 5.8131256
7.941574, -0.15802002, 5.850235
7.9559326, -0.15441895, 5.8634033
7.9643097, -0.15562439, 5.8526306
7.9319916, -0.17118835, 5.869385
7.9080505, -0.15203857, 5.866989
7.9032593, -0.16281128, 5.8969116
7.9164276, -0.16400146, 5.9340363
7.934387, -0.16520691, 5.9711456
7.8912964, -0.15203857, 5.973526
7.886505, -0.113723755, 6.008255
7.8889008, -0.116119385, 6.023819
7.8601685, -0.15802002, 6.033386
7.878128, -0.14006042, 6.071701
7.870941, -0.15083313, 6.0944366
7.9044495, -0.15322876, 6.0980377
7.886505, -0.16160583, 6.0681
7.8936768, -0.15802002, 6.064514
7.8805084, -0.14125061, 6.0465546
7.882904, -0.15083313, 6.020218
7.922409, -0.14006042, 5.9879
7.933182, -0.1257019, 5.996277
7.9092407, -0.13287354, 5.972336
7.886505, -0.14604187, 5.980713
7.905655, -0.15441895, 5.977127
7.8805084, -0.15083313, 5.965149
7.905655, -0.15322876, 5.9879
7.9080505, -0.1484375, 5.9627533
7.873337, -0.15203857, 5.965149
7.879318, -0.14006042, 6.020218
7.9080505, -0.14964294, 6.016632
7.9188232, -0.13526917, 5.9902954
7.8960724, -0.13407898, 5.9986725
7.897278, -0.1484375, 5.96875
7.9116364, -0.17358398, 5.9507904
7.8996735, -0.15562439, 5.9436035
7.906845, -0.1592102, 5.9400177
7.929596, -0.1879425, 5.88974
7.8841095, -0.17237854, 5.88974
7.890091, -0.19752502, 5.9005127
7.941574, -0.17237854, 5.8394623
7.9200134, -0.16041565, 5.79158
7.914032, -0.16758728, 5.7975616
7.977478, -0.15681458, 5.772415
7.9631195, -0.14964294, 5.764038
7.976288, -0.17477417, 5.738907
7.917618, -0.16400146, 5.747284
7.965515, -0.1592102, 5.728134
7.970291, -0.17358398, 5.7137604
7.934387, -0.18075562, 5.7496796
7.917618, -0.15203857, 5.7413025
7.934387, -0.15681458, 5.822693
7.928406, -0.1879425, 5.822693
7.972687, -0.1592102, 5.8095245
7.9236145, -0.1771698, 5.8155212
7.9188232, -0.19631958, 5.795166
7.917618, -0.19273376, 5.7891846
7.9272003, -0.16758728, 5.7975616
7.9032593, -0.1484375, 5.7975616
7.9559326, -0.1376648, 5.79158
7.906845, -0.15203857, 5.7939606
7.8960724, -0.15802002, 5.772415
7.910446, -0.11253357, 5.7808075
7.906845, -0.1197052, 5.8238983
7.9032593, -0.14006042, 5.834671
7.857773, -0.14245605, 5.9040985
7.835022, -0.1257019, 5.9639587
7.8529816, -0.1376648, 5.9986725
7.818268, -0.1376648, 6.032196
7.8302307, -0.12808228, 6.0896454
7.807495, -0.12928772, 6.1183777
7.823059, -0.14364624, 6.1519012
7.802704, -0.106536865, 6.16626
7.7967224, -0.116119385, 6.178238
7.763199, -0.118515015, 6.2117615
7.752426, -0.09815979, 6.2680206
7.759613, -0.092178345, 6.2763977
7.7332764, -0.10295105, 6.2907715
7.721298, -0.11730957, 6.345825
7.747635, -0.120910645, 6.3817444
7.7536163, -0.120910645, 6.38414
7.7536163, -0.092178345, 6.423645
7.7093353, -0.11013794, 6.4607544
7.739258, -0.1149292, 6.4823
7.7033386, -0.1376648, 6.4858856
7.7464447, -0.111328125, 6.4619446
7.7416534, -0.12808228, 6.4296265
7.7105255, -0.116119385, 6.4212494
7.776367, -0.123306274, 6.3937225
7.7667847, -0.1149292, 6.3075256
7.775177, -0.14125061, 6.2512665
7.7727814, -0.13287354, 6.209366
7.7464447, -0.13168335, 6.14592
7.7895355, -0.12928772, 6.1327515
7.8170624, -0.116119385, 6.1183777
7.8493958, -0.14604187, 6.0812683
7.823059, -0.15203857, 6.0693054
7.835022, -0.13647461, 5.9795227
7.835022, -0.16758728, 6.001068
7.8457947, -0.14724731, 5.9783173
7.838623, -0.15802002, 5.973526
7.8601685, -0.14485168, 5.9747314
7.8769226, -0.14245605, 5.965149
7.8769226, -0.15441895, 5.954376
7.86615, -0.15562439, 5.961563
7.8721313, -0.1592102, 5.980713
7.8685455, -0.16998291, 6.004654
7.881714, -0.15802002, 5.96875
7.9152374, -0.15681458, 5.948395
7.898468, -0.16520691, 5.9268494
7.910446, -0.15322876, 5.858612
7.9200134, -0.16041565, 5.841858
7.9080505, -0.17477417, 5.817917
7.912842, -0.1592102, 5.759247
7.917618, -0.16281128, 5.719742
7.941574, -0.14364624, 5.6539
7.9403687, -0.1592102, 5.6347504
7.933182, -0.17358398, 5.645523
7.965515, -0.15802002, 5.6275635
7.921219, -0.15681458, 5.6323547
7.921219, -0.1771698, 5.661087
7.9272003, -0.19631958, 5.693405
7.898468, -0.19631958, 5.759247
7.8912964, -0.17837524, 5.787979
7.8912964, -0.16041565, 5.851425
7.8912964, -0.16879272, 5.827484
7.8805084, -0.18914795, 5.838257
7.8769226, -0.18315125, 5.874176
7.8805084, -0.1592102, 5.882553
7.897278, -0.13168335, 5.8849487
7.878128, -0.17597961, 5.8957214
7.86734, -0.16400146, 5.905304
7.8601685, -0.14964294, 5.913681
7.878128, -0.15802002, 5.9747314
7.862564, -0.13647461, 5.9795227
7.8446045, -0.1376648, 6.023819
7.850586, -0.12928772, 6.0824738
7.8410034, -0.1484375, 6.0633087
7.833832, -0.12449646, 6.1291504
7.815872, -0.13287354, 6.1758423
7.803894, -0.12210083, 6.178238
7.8170624, -0.12210083, 6.22493
7.815872, -0.12808228, 6.210556
7.7739716, -0.13407898, 6.2117615
7.7739716, -0.118515015, 6.257248
7.8015137, -0.13526917, 6.2716064
7.803894, -0.15203857, 6.2392883
7.800308, -0.15441895, 6.2560425
7.7775574, -0.12449646, 6.277603
7.7883453, -0.10534668, 6.2596436
7.783554, -0.1376648, 6.269211
7.7775574, -0.0909729, 6.2357025
7.7847443, -0.12210083, 6.2704163
7.760803, -0.10055542, 6.250061
7.764389, -0.12808228, 6.1878204
7.783554, -0.1257019, 6.2440796
7.8062897, -0.12808228, 6.217743
7.7703857, -0.108932495, 6.1973877
7.760803, -0.120910645, 6.186615
7.818268, -0.123306274, 6.1734467
7.791931, -0.14006042, 6.1770477
7.776367, -0.1149292, 6.16626
7.7859497, -0.080200195, 6.143524
7.791931, -0.113723755, 6.1255646
7.794327, -0.108932495, 6.095642
7.8062897, -0.1257019, 6.0657043
7.800308, -0.15802002, 6.052536
7.7883453, -0.15802002, 6.0549316
7.835022, -0.14364624, 6.0896454
7.826645, -0.1304779, 6.064514
7.842209, -0.1376648, 6.0776825
7.827835, -0.14364624, 6.0429688
7.8601685, -0.15322876, 5.9998627
7.850586, -0.13526917, 6.0393677
7.842209, -0.15083313, 6.0298004
7.8697357, -0.14604187, 5.9795227
7.86615, -0.120910645, 5.9639587
7.8601685, -0.15203857, 5.937622
7.878128, -0.17477417, 5.920868
7.86734, -0.14964294, 5.905304
7.8446045, -0.15802002, 5.898117
7.8446045, -0.16879272, 5.9232483
7.8457947, -0.16281128, 5.898117
7.8493958, -0.17237854, 5.9160767
7.835022, -0.13887024, 5.9472046
7.86615, -0.14006042, 5.925644
7.8601685, -0.14724731, 5.954376
7.850586, -0.16998291, 5.980713
7.8410034, -0.17477417, 5.9747314
7.8326263, -0.15562439, 6.013031
7.838623, -0.13647461, 5.9603577
7.8481903, -0.16758728, 5.9424133
7.862564, -0.13887024, 5.9232483
7.858963, -0.14485168, 5.9579773
7.8457947, -0.14364624, 5.937622
7.8493958, -0.14724731, 5.96875
7.8218536, -0.14485168, 5.9555817
7.818268, -0.15322876, 5.9914856
7.823059, -0.13647461, 5.949585
7.8218536, -0.14485168, 5.9819183
7.8242493, -0.15562439, 6.044159
7.8170624, -0.13647461, 6.009445
7.8541718, -0.16160583, 6.0298004
7.8134766, -0.17956543, 6.064514
7.8374176, -0.16041565, 6.0693054
7.8374176, -0.14485168, 6.0824738
7.826645, -0.16998291, 6.0621185
7.819458, -0.18196106, 6.0501404
7.8218536, -0.15562439, 6.092041
7.827835, -0.12689209, 6.0824738
7.815872, -0.13168335, 6.0896454
7.819458, -0.14964294, 6.076477
7.7859497, -0.15083313, 6.0896454
7.7883453, -0.13526917, 6.135147
7.8122864, -0.15562439, 6.1411285
7.827835, -0.13287354, 6.1650696
7.807495, -0.12210083, 6.218933
7.78714, -0.113723755, 6.190216
7.7691803, -0.1149292, 6.218933
7.783554, -0.1376648, 6.214157
7.779953, -0.116119385, 6.2524567
7.78714, -0.12808228, 6.2632294
7.763199, -0.15681458, 6.2560425
7.7823486, -0.10774231, 6.2835846
7.7775574, -0.111328125, 6.2596436
7.791931, -0.12449646, 6.241684
7.759613, -0.12928772, 6.22493
7.791931, -0.118515015, 6.238098
7.776367, -0.09576416, 6.257248
7.771576, -0.12808228, 6.258438
7.7847443, -0.13647461, 6.178238
7.802704, -0.1304779, 6.169861
7.7907257, -0.13407898, 6.198593
7.7859497, -0.13526917, 6.1519012
7.78714, -0.14125061, 6.1207733
7.811081, -0.1376648, 6.1339417
7.7823486, -0.15441895, 6.076477
7.794327, -0.15083313, 6.0609283
7.8015137, -0.1376648, 6.044159
7.838623, -0.16160583, 6.020218
7.831436, -0.13526917, 6.0190277
7.827835, -0.12928772, 5.9902954
7.8410034, -0.16281128, 5.965149
7.8086853, -0.15562439, 5.9711456
7.819458, -0.13168335, 5.980713
7.839813, -0.14245605, 5.944809
7.874527, -0.16520691, 5.977127
7.858963, -0.14964294, 5.9998627
7.850586, -0.16400146, 5.9914856
7.8960724, -0.1771698, 5.920868
7.8446045, -0.15441895, 5.944809
7.8362274, -0.12808228, 5.9555817
7.8374176, -0.1592102, 5.9160767
7.8410034, -0.14724731, 5.937622
7.842209, -0.14604187, 5.913681
7.8374176, -0.15802002, 5.932831
7.86615, -0.17358398, 5.930435
7.8565674, -0.15681458, 5.90889
7.8721313, -0.14364624, 5.944809
7.9092407, -0.12210083, 5.9268494
7.894882, -0.15203857, 5.920868
7.881714, -0.13647461, 5.9591675
7.8912964, -0.15681458, 5.929245
7.8601685, -0.18196106, 5.925644
7.879318, -0.14604187, 5.9783173
7.8529816, -0.14125061, 5.985504
7.8565674, -0.15203857, 5.953186
7.8565674, -0.13287354, 5.9663544
7.8517914, -0.13168335, 5.89093
7.850586, -0.15802002, 5.914871
7.8601685, -0.14485168, 5.9388123
7.843399, -0.13168335, 5.9268494
7.8481903, -0.19392395, 5.972336
7.874527, -0.111328125, 5.914871
7.890091, -0.13647461, 5.9603577
7.842209, -0.1304779, 5.9914856
7.831436, -0.15681458, 6.016632
7.8362274, -0.15802002, 6.04776
7.835022, -0.13887024, 6.0776825
7.8493958, -0.13287354, 6.1004333
7.8493958, -0.1149292, 6.1327515
7.8146667, -0.13526917, 6.1447144
7.823059, -0.14724731, 6.190216
7.7895355, -0.12689209, 6.167465
7.8122864, -0.16758728, 6.222534
7.811081, -0.15802002, 6.2392883
7.815872, -0.14964294, 6.1997833
7.819458, -0.14245605, 6.139923
7.8242493, -0.1376648, 6.1243744
7.833832, -0.16400146, 6.1207733
7.8374176, -0.14006042, 6.1100006
7.823059, -0.118515015, 6.087265
7.7931213, -0.13887024, 6.0681
7.800308, -0.1304779, 6.095642
7.803894, -0.120910645, 6.0537415
7.799118, -0.15083313, 6.0621185
7.799118, -0.15681458, 6.0824738
7.8146667, -0.14485168, 6.1219788
7.8170624, -0.15441895, 6.12796
7.7967224, -0.15681458, 6.16626
7.799118, -0.1592102, 6.1183777
7.8086853, -0.1663971, 6.1495056
7.842209, -0.14964294, 6.1519012
7.8206635, -0.1663971, 6.115982
7.835022, -0.17837524, 6.1243744
7.8122864, -0.15203857, 6.1171875
7.811081, -0.14245605, 6.1016235
7.831436, -0.13407898, 6.0681
7.839813, -0.15802002, 6.0788727
7.811081, -0.17118835, 6.0501404
7.843399, -0.1484375, 5.9950867
7.8601685, -0.15441895, 6.008255
7.8637543, -0.13887024, 5.992691
7.8457947, -0.15681458, 5.9424133
7.8410034, -0.19033813, 5.9591675
7.8565674, -0.1484375, 5.9663544
7.8242493, -0.15681458, 5.925644
7.8481903, -0.18554688, 5.956772
7.847, -0.14964294, 5.913681
7.842209, -0.14485168, 5.9076996
7.850586, -0.18554688, 5.8993073
7.847, -0.16160583, 5.882553
7.8697357, -0.16998291, 5.8993073
7.8326263, -0.15322876, 5.9232483
7.838623, -0.15322876, 5.9400177
7.8326263, -0.14964294, 5.949585
7.855377, -0.17837524, 5.9974823
7.874527, -0.17358398, 5.973526
7.873337, -0.17597961, 5.9759216
7.838623, -0.13887024, 5.9819183
7.8362274, -0.16879272, 5.9603577
7.8170624, -0.1663971, 5.9747314
7.842209, -0.14964294, 5.9902954
7.847, -0.16041565, 5.985504
7.8410034, -0.15322876, 6.0226135
7.8410034, -0.15441895, 6.051346
7.8254547, -0.14364624, 6.056137
7.8613586, -0.16400146, 6.0453644
7.857773, -0.15083313, 6.1028137
7.826645, -0.12689209, 6.1327515
7.811081, -0.13168335, 6.143524
7.818268, -0.15562439, 6.159088
7.819458, -0.14364624, 6.1375427
7.8062897, -0.15802002, 6.139923
7.799118, -0.13407898, 6.130356
7.7979126, -0.12808228, 6.1423187
7.7727814, -0.1304779, 6.174652
7.7883453, -0.11730957, 6.193802
7.794327, -0.113723755, 6.1339417
7.764389, -0.14245605, 6.150711
7.7931213, -0.16520691, 6.1375427
7.811081, -0.14364624, 6.161484
7.763199, -0.13407898, 6.1411285
7.8086853, -0.13647461, 6.143524
7.8086853, -0.14485168, 6.115982
7.783554, -0.15681458, 6.1327515
7.791931, -0.13407898, 6.1183777
7.7811584, -0.104141235, 6.1243744
7.7859497, -0.13647461, 6.150711
7.7967224, -0.12689209, 6.169861
7.8134766, -0.13887024, 6.186615
7.8015137, -0.15441895, 6.2392883
7.800308, -0.111328125, 6.2440796
7.799118, -0.14485168, 6.222534
7.8086853, -0.1376648, 6.205765
7.7967224, -0.11253357, 6.162674
7.7931213, -0.1197052, 6.12796
7.802704, -0.13526917, 6.0848694
7.826645, -0.1257019, 6.0154266
7.8481903, -0.12210083, 6.0070496
7.873337, -0.14724731, 6.0178223
7.8242493, -0.14724731, 6.0154266
7.8218536, -0.15083313, 6.020218
7.8649597, -0.15681458, 6.0261993
7.839813, -0.15203857, 6.0298004
7.839813, -0.1663971, 6.004654
7.8517914, -0.17358398, 6.0453644
7.8912964, -0.1592102, 6.0573273
7.8685455, -0.15441895, 6.0417633
7.858963, -0.16041565, 5.980713
7.8697357, -0.15083313, 6.001068
7.8685455, -0.16160583, 5.9436035
7.8302307, -0.12449646, 5.925644
7.858963, -0.15681458, 5.9160767
7.8541718, -0.16520691, 5.893326
7.855377, -0.17956543, 5.8957214
7.8362274, -0.16998291, 5.881363
7.8410034, -0.15802002, 5.914871
7.858963, -0.11013794, 5.917267
7.8697357, -0.14724731, 5.906494
7.839813, -0.14964294, 5.977127
7.8493958, -0.14125061, 5.9986725
7.8757324, -0.17118835, 6.0214233
7.86734, -0.17118835, 6.033386
7.8457947, -0.13168335, 6.0453644
7.838623, -0.12928772, 6.071701
7.835022, -0.15203857, 6.080078
7.847, -0.1484375, 6.025009
7.8517914, -0.15681458, 5.993881
7.857773, -0.16041565, 5.9998627
7.86615, -0.15802002, 5.944809
7.8889008, -0.16281128, 5.9364166
7.8601685, -0.16520691, 5.948395
7.8841095, -0.14245605, 5.954376
7.8721313, -0.1484375, 5.949585
7.858963, -0.13887024, 5.8969116
7.8649597, -0.16160583, 5.8873444
7.873337, -0.15681458, 5.9986725
7.8805084, -0.15322876, 5.9795227
7.862564, -0.1304779, 5.9759216
7.8529816, -0.1257019, 5.9711456
7.8721313, -0.15083313, 6.032196
7.86734, -0.14964294, 6.056137
7.8805084, -0.13168335, 6.033386
7.8924866, -0.15802002, 6.051346
7.894882, -0.1663971, 6.040573
7.8912964, -0.18315125, 6.040573
7.890091, -0.16400146, 6.0453644
7.862564, -0.15083313, 6.027405
7.86734, -0.16400146, 6.008255
7.8517914, -0.14724731, 6.0190277
7.8457947, -0.17358398, 6.0214233
7.850586, -0.1663971, 6.0501404
7.858963, -0.14364624, 6.0178223
7.8697357, -0.15802002, 6.020218
7.86615, -0.18075562, 6.04776
7.882904, -0.15083313, 6.0070496
7.905655, -0.16998291, 5.9627533
7.9044495, -0.17956543, 5.9759216
7.933182, -0.16758728, 5.965149
7.914032, -0.1771698, 5.932831
7.9152374, -0.18315125, 5.8789673
7.9355774, -0.16758728, 5.865799
7.9319916, -0.16998291, 5.831085
7.94635, -0.16041565, 5.802353
7.9092407, -0.16041565, 5.8394623
7.894882, -0.16998291, 5.764038
7.933182, -0.17358398, 5.7819977
7.9834595, -0.1879425, 5.7927704
7.9439545, -0.19631958, 5.764038
7.9559326, -0.20231628, 5.756851
7.9631195, -0.20829773, 5.7604523
7.9355774, -0.17358398, 5.7664337
7.933182, -0.16758728, 5.7460785
7.9236145, -0.17237854, 5.762848
7.936783, -0.14964294, 5.7424927
7.9236145, -0.18435669, 5.748474
7.94516, -0.15562439, 5.7137604
7.928406, -0.16160583, 5.7377014
7.934387, -0.16998291, 5.759247
7.910446, -0.16758728, 5.7209473
7.941574, -0.17358398, 5.755661
7.9355774, -0.1879425, 5.7700195
7.905655, -0.16879272, 5.7532654
7.9272003, -0.15083313, 5.7891846
7.9439545, -0.13526917, 5.8442535
7.9044495, -0.15083313, 5.858612
7.8960724, -0.16160583, 5.8969116
7.8852997, -0.15802002, 5.949585
7.870941, -0.16400146, 5.9316406
7.8889008, -0.13647461, 5.977127
7.862564, -0.14006042, 6.001068
7.8613586, -0.16160583, 6.001068
7.8601685, -0.15322876, 6.025009
7.838623, -0.13407898, 6.0226135
7.842209, -0.14364624, 5.98909
7.8601685, -0.14724731, 5.977127
7.8565674, -0.17956543, 5.9795227
7.839813, -0.15681458, 5.9866943
7.818268, -0.16160583, 5.96994
7.8290405, -0.13887024, 6.0106506
7.8493958, -0.13526917, 6.0465546
7.7931213, -0.15203857, 6.0585327
7.8374176, -0.14364624, 6.0609283
7.7775574, -0.123306274, 6.1207733
7.78714, -0.123306274, 6.130356
7.815872, -0.12210083, 6.1914062
7.8015137, -0.12689209, 6.218933
7.7907257, -0.1304779, 6.2237244
7.763199, -0.13647461, 6.2919617
7.7739716, -0.14485168, 6.297943
7.7967224, -0.14125061, 6.293152
7.8098907, -0.123306274, 6.32428
7.8170624, -0.123306274, 6.30513
7.7895355, -0.1197052, 6.262039
7.78714, -0.11013794, 6.284775
7.791931, -0.111328125, 6.272812
7.7727814, -0.11730957, 6.242874
7.7452393, -0.123306274, 6.202179
7.7859497, -0.10295105, 6.1842194
7.7883453, -0.1257019, 6.241684
7.794327, -0.123306274, 6.202179
7.7931213, -0.118515015, 6.1818237
7.795517, -0.12928772, 6.22612
7.8098907, -0.120910645, 6.1925964
7.815872, -0.11730957, 6.16626
7.803894, -0.106536865, 6.162674
7.7823486, -0.1376648, 6.16626
7.7895355, -0.15083313, 6.1519012
7.791931, -0.12928772, 6.1088104
7.7967224, -0.13526917, 6.0704956
7.839813, -0.15441895, 6.052536
7.811081, -0.14485168, 6.0106506
7.819458, -0.16160583, 6.0154266
7.862564, -0.14006042, 5.9675446
7.8601685, -0.1592102, 5.9424133
7.8086853, -0.18435669, 5.9627533
7.8457947, -0.18435669, 5.945999
7.839813, -0.16758728, 5.9388123
7.827835, -0.16400146, 5.91008
7.86615, -0.16520691, 5.9352264
7.8889008, -0.15681458, 5.930435
7.878128, -0.14964294, 5.9340363
7.8805084, -0.16879272, 5.949585
7.9080505, -0.16879272, 5.9040985
7.9008636, -0.15441895, 5.8921356
7.8876953, -0.15083313, 5.89093
7.878128, -0.14724731, 5.9268494
7.8960724, -0.16998291, 5.9184723
7.9200134, -0.15681458, 5.954376
7.9044495, -0.16281128, 5.9364166
7.8889008, -0.16879272, 5.9436035
7.9080505, -0.1663971, 5.972336
7.92601, -0.20469666, 5.953186
7.886505, -0.19992065, 5.9029083
7.890091, -0.17477417, 5.8801575
7.8960724, -0.15322876, 5.841858
7.858963, -0.16879272, 5.8202972
7.886505, -0.1663971, 5.803543
7.855377, -0.16041565, 5.796356
7.898468, -0.15203857, 5.8394623
7.8889008, -0.13887024, 5.8095245
7.894882, -0.14604187, 5.822693
7.874527, -0.17477417, 5.81192
7.86615, -0.15562439, 5.831085
7.8649597, -0.14604187, 5.8610077
7.894882, -0.15802002, 5.866989
7.882904, -0.1257019, 5.945999
7.857773, -0.13887024, 5.953186
7.8374176, -0.15203857, 5.949585
7.838623, -0.16758728, 5.9819183
7.8613586, -0.14125061, 6.0070496
7.827835, -0.15203857, 6.0381775
7.8134766, -0.1484375, 6.092041
7.8290405, -0.14604187, 6.0704956
7.8098907, -0.16400146, 6.0681
7.8290405, -0.17597961, 6.0704956
7.8410034, -0.15441895, 6.0848694
7.8326263, -0.101760864, 6.059723
7.811081, -0.12210083, 6.080078
7.818268, -0.12928772, 6.104019
7.795517, -0.1257019, 6.162674
7.7859497, -0.106536865, 6.1734467
7.8242493, -0.1304779, 6.2524567
7.819458, -0.16879272, 6.2955475
7.783554, -0.14006042, 6.3470306
7.7584076, -0.12210083, 6.3506165
7.802704, -0.1376648, 6.392517
7.76799, -0.13887024, 6.4332275
7.7655945, -0.120910645, 6.4020996
7.756012, -0.14485168, 6.3829346
7.776367, -0.13647461, 6.3147125
7.819458, -0.1197052, 6.2716064
7.800308, -0.1592102, 6.2237244
7.795517, -0.11730957, 6.1973877
7.7859497, -0.15203857, 6.143524
7.8146667, -0.12689209, 6.072891
7.8565674, -0.118515015, 6.0345917
7.847, -0.13647461, 6.008255
7.8302307, -0.14364624, 5.993881
7.842209, -0.15322876, 5.9819183
7.8493958, -0.12449646, 5.972336
7.8529816, -0.099365234, 5.9902954
7.8290405, -0.11730957, 5.9879
7.8326263, -0.118515015, 6.0154266
7.843399, -0.16400146, 6.016632
7.8697357, -0.17118835, 5.9998627
7.8757324, -0.18196106, 6.0106506
7.86734, -0.17118835, 5.9639587
7.910446, -0.1592102, 5.88974
7.8912964, -0.16400146, 5.8729706
7.8936768, -0.16758728, 5.803543
7.906845, -0.16160583, 5.787979
7.9032593, -0.14964294, 5.783188
7.9248047, -0.15203857, 5.7508698
7.874527, -0.15441895, 5.7508698
7.9032593, -0.17597961, 5.7664337
7.9152374, -0.16520691, 5.8011475
7.882904, -0.17837524, 5.8394623
7.8805084, -0.15802002, 5.8789673
7.8685455, -0.19631958, 5.9591675
7.8446045, -0.1663971, 5.973526
7.873337, -0.16520691, 5.9902954
7.878128, -0.16400146, 6.0609283
7.886505, -0.14604187, 6.020218
7.9272003, -0.15322876, 6.025009
7.890091, -0.1592102, 6.0261993
7.8721313, -0.13647461, 6.001068
7.874527, -0.1376648, 5.9950867
7.855377, -0.116119385, 6.0178223
7.8517914, -0.1304779, 6.0214233
7.8410034, -0.13287354, 6.0776825
7.8493958, -0.12210083, 6.090851
7.8637543, -0.15203857, 6.1052094
7.8721313, -0.15441895, 6.135147
7.8649597, -0.16281128, 6.200989
7.8529816, -0.1592102, 6.210556
7.8374176, -0.17358398, 6.1914062
7.842209, -0.16520691, 6.1734467
7.862564, -0.16998291, 6.1578827
7.8613586, -0.16400146, 6.111206
7.8924866, -0.19752502, 6.04776
7.873337, -0.15681458, 5.984314
7.9152374, -0.1663971, 5.932831
7.92601, -0.18554688, 5.9040985
7.930786, -0.17597961, 5.886139
7.9248047, -0.18315125, 5.851425
7.921219, -0.19392395, 5.866989
7.965515, -0.1663971, 5.866989
7.9272003, -0.17597961, 5.8789673
7.922409, -0.16160583, 5.8957214
7.972687, -0.16160583, 5.9507904
7.984665, -0.14364624, 5.948395
7.9092407, -0.15322876, 5.9591675
7.9439545, -0.17237854, 5.993881
7.965515, -0.16400146, 5.9424133
7.9511414, -0.17237854, 5.8873444
8.000229, -0.19392395, 5.8645935
8.013397, -0.18315125, 5.8083344
7.991852, -0.21786499, 5.716156
8.008606, -0.20111084, 5.704193
7.991852, -0.16879272, 5.6431274
7.989456, -0.22625732, 5.5401764
8.036133, -0.20231628, 5.538986
8.012192, -0.21069336, 5.4695587
8.009796, -0.22026062, 5.422867
8.033737, -0.20350647, 5.3821716
8.027756, -0.18554688, 5.380966
8.012192, -0.17956543, 5.4264526
7.989456, -0.18075562, 5.498291
8.011002, -0.17358398, 5.5533447
8.021774, -0.19033813, 5.5928497
8.015793, -0.18435669, 5.669464
8.031357, -0.21786499, 5.756851
8.021774, -0.21907043, 5.8322754
7.9750824, -0.22984314, 5.881363
8.0074005, -0.21786499, 5.9316406
7.994232, -0.22505188, 5.9005127
7.991852, -0.24420166, 5.9029083
8.015793, -0.22984314, 5.8849487
7.996628, -0.2346344, 5.8286896
7.9786835, -0.20709229, 5.786789
7.9906464, -0.20469666, 5.7101746
7.9786835, -0.18675232, 5.669464
7.94635, -0.16160583, 5.6347504
7.9403687, -0.15802002, 5.659897
7.9643097, -0.15203857, 5.6539
7.9559326, -0.14006042, 5.707779
7.897278, -0.14964294, 5.8047485
7.8936768, -0.1484375, 5.8634033
7.9439545, -0.14364624, 5.965149
7.873337, -0.15083313, 6.0740967
7.857773, -0.15802002, 6.130356
7.8637543, -0.15441895, 6.2153473
7.855377, -0.15802002, 6.246475
7.8374176, -0.13526917, 6.312317
7.8410034, -0.15441895, 6.3398438
7.8446045, -0.15562439, 6.289566
7.843399, -0.1304779, 6.264435
7.8218536, -0.1197052, 6.2608337
7.838623, -0.120910645, 6.1842194
7.874527, -0.12689209, 6.0896454
7.838623, -0.13887024, 6.0465546
7.8410034, -0.1304779, 5.9866943
7.897278, -0.12689209, 5.9388123
7.894882, -0.1484375, 5.925644
7.8769226, -0.14964294, 5.96875
7.855377, -0.1376648, 5.9472046
7.850586, -0.15681458, 5.9998627
7.858963, -0.18675232, 6.075287
7.894882, -0.20231628, 6.092041
7.9008636, -0.18914795, 6.0740967
7.9008636, -0.19392395, 6.025009
7.914032, -0.18075562, 5.944809
7.9116364, -0.18675232, 5.9244537
7.881714, -0.17597961, 5.8717804
7.9200134, -0.16879272, 5.803543
7.934387, -0.16281128, 5.7652435
7.930786, -0.1663971, 5.728134
7.9547424, -0.17358398, 5.71257
7.9631195, -0.13887024, 5.7113647
7.9643097, -0.14006042, 5.73291
7.92601, -0.16041565, 5.795166
7.92601, -0.17358398, 5.8598022
7.8924866, -0.16041565, 5.893326
7.9164276, -0.1592102, 5.9400177
7.902069, -0.13647461, 5.949585
7.9427643, -0.17358398, 6.0106506
7.92601, -0.17477417, 6.032196
7.8924866, -0.14964294, 6.0058594
7.894882, -0.15802002, 5.9232483
7.886505, -0.17358398, 5.948395
7.8960724, -0.17597961, 5.953186
7.894882, -0.19392395, 5.932831
7.9044495, -0.16998291, 5.9124756
7.9427643, -0.15802002, 5.874176
7.9595184, -0.16998291, 5.8250885
7.928406, -0.14604187, 5.8298798
7.937973, -0.15203857, 5.8322754
7.910446, -0.15441895, 5.796356
7.9008636, -0.16400146, 5.7855835
7.905655, -0.16400146, 5.7939606
7.886505, -0.15083313, 5.8095245
7.9092407, -0.16281128, 5.8442535
7.910446, -0.1663971, 5.9124756
7.897278, -0.1771698, 5.944809
7.897278, -0.16281128, 5.9352264
7.9391785, -0.15681458, 5.9663544
7.921219, -0.15322876, 5.9819183
7.8805084, -0.16400146, 6.032196
7.905655, -0.1376648, 6.001068
7.8996735, -0.15203857, 5.977127
7.898468, -0.15083313, 6.004654
7.9272003, -0.17237854, 5.9879
7.9236145, -0.15441895, 5.954376
7.912842, -0.16758728, 5.948395
7.921219, -0.17956543, 5.948395
7.8936768, -0.15681458, 5.954376
7.890091, -0.15322876, 5.9268494
7.922409, -0.1663971, 5.9364166
7.8876953, -0.15681458, 5.9639587
7.8721313, -0.16520691, 5.9639587
7.8841095, -0.14485168, 5.98909
7.874527, -0.16520691, 5.9879
7.8769226, -0.17237854, 5.985504
7.8912964, -0.14964294, 5.9759216
7.9248047, -0.17118835, 5.965149
7.9044495, -0.17358398, 5.9783173
7.9008636, -0.1951294, 6.001068
7.9355774, -0.18075562, 5.941208
7.9044495, -0.16520691, 5.9184723
7.8852997, -0.19154358, 5.917267
7.910446, -0.18554688, 5.886139
7.9032593, -0.18675232, 5.850235
7.917618, -0.18914795, 5.81073
7.9547424, -0.20231628, 5.822693
7.9248047, -0.16281128, 5.796356
7.9391785, -0.17956543, 5.7975616
7.9164276, -0.19392395, 5.7772064
7.9044495, -0.17837524, 5.8394623
7.917618, -0.16758728, 5.858612
7.912842, -0.17358398, 5.9005127
7.928406, -0.17837524, 5.893326
7.9152374, -0.14964294, 5.948395
7.906845, -0.17597961, 6.016632
7.92601, -0.1592102, 6.020218
7.9487457, -0.14964294, 6.025009
7.912842, -0.18914795, 6.023819
7.9080505, -0.15441895, 6.0298004
7.967911, -0.1771698, 5.993881
7.92601, -0.16400146, 5.949585
7.902069, -0.12808228, 5.9280396
7.914032, -0.1592102, 5.9029083
7.8769226, -0.1257019, 5.835861
7.8924866, -0.14245605, 5.8131256
7.910446, -0.17837524, 5.8047485
7.930786, -0.18075562, 5.787979
7.9559326, -0.14604187, 5.7496796
7.92601, -0.16758728, 5.7185516
7.9248047, -0.19154358, 5.719742
7.941574, -0.15802002, 5.7604523
7.9092407, -0.15441895, 5.7819977
7.94516, -0.15681458, 5.8442535
7.9236145, -0.14485168, 5.8478394
7.9152374, -0.18315125, 5.88974
7.8852997, -0.19631958, 5.9639587
7.878128, -0.17956543, 5.9627533
7.9152374, -0.19273376, 5.992691
7.92601, -0.16160583, 5.984314
7.9080505, -0.17837524, 5.98909
7.9032593, -0.2059021, 5.949585
7.9080505, -0.16400146, 5.9112854
7.928406, -0.15203857, 5.920868
7.9391785, -0.15681458, 5.8610077
7.886505, -0.17837524, 5.8717804
7.8960724, -0.1592102, 5.9232483
7.9188232, -0.12449646, 5.9196625
7.894882, -0.14364624, 5.9579773
7.8996735, -0.116119385, 6.0034637
7.8852997, -0.123306274, 6.052536
7.8529816, -0.12928772, 6.119583
7.847, -0.13526917, 6.1602783
7.807495, -0.12928772, 6.246475
7.7907257, -0.12928772, 6.2632294
7.800308, -0.15322876, 6.234497
7.847, -0.12449646, 6.229706
7.937973, -0.12689209, 6.183029
7.9990234, -0.09336853, 6.088455
8.009796, -0.11730957, 6.0058594
8.0074005, -0.16520691, 5.9998627
7.9643097, -0.16520691, 5.941208
7.886505, -0.1304779, 5.881363
7.818268, -0.11730957, 5.906494
7.855377, -0.13887024, 5.913681
7.902069, -0.17477417, 5.9124756
7.953537, -0.19871521, 5.945999
7.972687, -0.24780273, 5.9831085
7.9834595, -0.2454071, 5.984314
7.9750824, -0.2561798, 5.9950867
7.921219, -0.2669525, 5.954376
7.890091, -0.22744751, 5.8789673
7.8889008, -0.21786499, 5.8155212
7.9355774, -0.23103333, 5.7101746
7.970291, -0.23582458, 5.65271
7.984665, -0.20709229, 5.5880737
8.0074005, -0.21308899, 5.537796
8.031357, -0.25976562, 5.4815216
8.02417, -0.2561798, 5.41568
8.064865, -0.25378418, 5.3701935
8.087616, -0.24899292, 5.3354797
8.078033, -0.21308899, 5.3630066
8.070847, -0.23942566, 5.3498383
8.097183, -0.23942566, 5.355835
8.087616, -0.20948792, 5.3929443
8.052902, -0.18554688, 5.4168854
8.066071, -0.17237854, 5.4527893
8.070847, -0.20350647, 5.517441
8.04332, -0.18914795, 5.5916595
8.014587, -0.19992065, 5.644333
8.026566, -0.21069336, 5.664688
8.000229, -0.19033813, 5.708969
7.972687, -0.17358398, 5.8155212
7.9643097, -0.17118835, 5.874176
7.9475555, -0.16879272, 5.9160767
7.897278, -0.17837524, 5.9579773
7.8805084, -0.12449646, 6.004654
7.8841095, -0.11013794, 6.076477
7.8721313, -0.14364624, 6.111206
7.857773, -0.12449646, 6.1447144
7.842209, -0.14485168, 6.222534
7.8134766, -0.15322876, 6.2548523
7.8326263, -0.1484375, 6.2787933
7.8362274, -0.13887024, 6.2835846
7.8302307, -0.1197052, 6.258438
7.807495, -0.12449646, 6.281189
7.800308, -0.116119385, 6.218933
7.802704, -0.1376648, 6.155487
7.8326263, -0.1376648, 6.104019
7.8062897, -0.12928772, 6.095642
7.802704, -0.14125061, 6.0309906
7.843399, -0.14604187, 6.016632
7.838623, -0.1592102, 5.9998627
7.833832, -0.19154358, 5.9627533
7.8146667, -0.16400146, 5.9639587
7.800308, -0.14724731, 5.937622
7.7931213, -0.13647461, 5.941208
7.835022, -0.16281128, 5.9914856
7.8362274, -0.13168335, 6.044159
7.8146667, -0.12449646, 6.0681
7.815872, -0.0909729, 6.1207733
7.764389, -0.104141235, 6.1255646
7.740448, -0.116119385, 6.1842194
7.783554, -0.16281128, 6.288376
7.8170624, -0.13526917, 6.329071
7.819458, -0.16998291, 6.3159027
7.847, -0.15441895, 6.369766
7.835022, -0.15441895, 6.376953
7.8086853, -0.13647461, 6.360199
7.8098907, -0.15203857, 6.327881
7.799118, -0.13647461, 6.3350525
7.759613, -0.1304779, 6.2608337
7.8122864, -0.14485168, 6.2309113
7.839813, -0.13647461, 6.218933
7.833832, -0.15441895, 6.198593
7.847, -0.17956543, 6.162674
7.8481903, -0.17118835, 6.0740967
7.8649597, -0.16400146, 6.0381775
7.858963, -0.1879425, 6.0034637
7.8769226, -0.1663971, 6.0345917
7.879318, -0.15802002, 5.9998627
7.890091, -0.17597961, 5.961563
7.873337, -0.1592102, 5.925644
7.910446, -0.15802002, 5.96994
7.9236145, -0.14724731, 5.9627533
7.9092407, -0.18315125, 5.9639587
7.9164276, -0.1771698, 5.9436035
7.9786835, -0.18196106, 5.8969116
7.92601, -0.16520691, 5.9316406
7.941574, -0.15562439, 5.882553
7.92601, -0.18554688, 5.8155212
7.92601, -0.20111084, 5.759247
7.9427643, -0.20231628, 5.7305145
7.9667053, -0.2059021, 5.65271
7.9714966, -0.20829773, 5.6347504
7.996628, -0.20829773, 5.5557404
8.018188, -0.21786499, 5.501877
8.008606, -0.1879425, 5.446808
8.012192, -0.15203857, 5.462372
8.021774, -0.17118835, 5.427658
8.037338, -0.17237854, 5.424057
8.028961, -0.18554688, 5.4168854
8.018188, -0.17237854, 5.4480133
8.032547, -0.20111084, 5.487503
8.026566, -0.20111084, 5.6024323
8.039734, -0.2059021, 5.649124
8.018188, -0.20350647, 5.691025
8.000229, -0.1951294, 5.752075
7.9990234, -0.19154358, 5.7843933
7.991852, -0.19752502, 5.866989
7.9188232, -0.19631958, 5.9160767
7.961914, -0.20111084, 5.874176
7.921219, -0.19752502, 5.906494
7.9272003, -0.18315125, 5.8873444
7.94516, -0.21188354, 5.8885345
7.914032, -0.17237854, 5.8873444
7.92601, -0.1663971, 5.8645935
7.9116364, -0.15441895, 5.875366
7.882904, -0.1484375, 5.866989
7.8960724, -0.13887024, 5.8645935
7.9044495, -0.16281128, 5.9388123
7.917618, -0.16879272, 5.96875
7.905655, -0.17118835, 6.06691
7.874527, -0.16758728, 6.0657043
7.8649597, -0.1484375, 6.0345917
7.886505, -0.1592102, 6.12796
7.8852997, -0.18315125, 6.138733
7.873337, -0.16400146, 6.155487
7.86734, -0.15441895, 6.1411285
7.827835, -0.16520691, 6.111206
7.86734, -0.18675232, 6.1495056
7.882904, -0.16758728, 6.033386
7.8912964, -0.15681458, 6.020218
7.8996735, -0.18435669, 6.04895
7.8637543, -0.14724731, 6.0022583
7.905655, -0.13887024, 6.0190277
7.905655, -0.120910645, 6.0070496
7.8912964, -0.16281128, 6.033386
7.86615, -0.17837524, 6.009445
7.8613586, -0.14125061, 6.0465546
7.894882, -0.15441895, 6.0693054
7.933182, -0.17837524, 6.0345917
7.881714, -0.18315125, 6.04895
7.879318, -0.16400146, 6.0453644
7.8889008, -0.14604187, 6.0154266
7.8769226, -0.15322876, 6.0549316
7.8685455, -0.18075562, 6.0549316
7.8960724, -0.1663971, 6.001068
7.894882, -0.20231628, 5.9711456
7.9092407, -0.20948792, 5.9555817
7.9439545, -0.18914795, 5.9639587
7.9092407, -0.15441895, 5.9424133
7.881714, -0.17237854, 5.882553
7.929596, -0.17837524, 5.8921356
7.9319916, -0.16758728, 5.841858
7.9044495, -0.15681458, 5.8095245
7.9032593, -0.16879272, 5.7819977
7.949951, -0.1771698, 5.8131256
7.9475555, -0.17358398, 5.7975616
7.937973, -0.18914795, 5.8131256
7.9164276, -0.17837524, 5.8215027
7.914032, -0.16400146, 5.8155212
7.912842, -0.16281128, 5.817917
7.9236145, -0.16998291, 5.8801575
7.934387, -0.18196106, 5.869385
7.9152374, -0.18196106, 5.91008
7.9547424, -0.17118835, 5.8717804
7.8960724, -0.17597961, 5.882553
7.8924866, -0.14964294, 5.941208
7.9008636, -0.1663971, 5.8765717
7.8912964, -0.14724731, 5.9280396
7.8960724, -0.12808228, 5.9232483
7.906845, -0.15802002, 5.9364166
7.9164276, -0.15562439, 5.9196625
7.9164276, -0.1879425, 5.9747314
7.9092407, -0.18075562, 5.965149
7.9391785, -0.17118835, 5.941208
7.9272003, -0.17237854, 5.9579773
7.8876953, -0.16520691, 5.9112854
7.8841095, -0.15802002, 5.9352264
7.912842, -0.16041565, 5.9424133
7.8889008, -0.14604187, 5.9268494
7.8721313, -0.16281128, 5.9974823
7.8852997, -0.17477417, 6.0142365
7.92601, -0.21786499, 6.0154266
7.9008636, -0.20709229, 6.036972
7.9248047, -0.19392395, 6.027405
7.890091, -0.20111084, 6.0776825
7.9032593, -0.19392395, 6.0453644
7.94635, -0.1951294, 6.0058594
7.8960724, -0.16998291, 5.9507904
7.9248047, -0.1879425, 5.9005127
7.936783, -0.17956543, 5.853821
7.910446, -0.1663971, 5.814316
7.921219, -0.1592102, 5.772415
7.9487457, -0.14964294, 5.8131256
7.9487457, -0.17956543, 5.8155212
7.94516, -0.14604187, 5.835861
7.902069, -0.16400146, 5.898117
7.9092407, -0.1592102, 5.984314
7.9248047, -0.1879425, 6.0058594
7.9559326, -0.20111084, 6.0190277
7.9583282, -0.19752502, 6.04895
7.9583282, -0.1951294, 6.0154266
7.9475555, -0.1879425, 6.0034637
7.960724, -0.19631958, 5.9400177
7.9559326, -0.16520691, 5.8454437
7.952347, -0.16879272, 5.803543
7.9236145, -0.1771698, 5.7508698
7.9439545, -0.18435669, 5.6742554
7.9882507, -0.15681458, 5.6778564
7.991852, -0.15203857, 5.657501
7.9714966, -0.1771698, 5.656296
8.0074005, -0.19033813, 5.6467285
7.9798737, -0.18075562, 5.675461
7.989456, -0.14604187, 5.699402
7.960724, -0.18196106, 5.754471
7.9595184, -0.20709229, 5.831085
7.9427643, -0.16758728, 5.858612
7.969101, -0.15802002, 5.906494
7.965515, -0.20469666, 5.9819183
7.967911, -0.17237854, 5.9914856
7.989456, -0.16998291, 6.004654
7.9882507, -0.18554688, 6.013031
7.967911, -0.17956543, 6.013031
7.941574, -0.16879272, 5.9866943
7.949951, -0.18675232, 5.98909
7.9786835, -0.18196106, 5.9268494
8.0074005, -0.18435669, 5.9040985
7.965515, -0.17358398, 5.8645935
7.9822693, -0.17597961, 5.834671
7.9786835, -0.17597961, 5.783188
8.0074005, -0.16758728, 5.802353
8.001419, -0.19992065, 5.748474
7.969101, -0.19154358, 5.736511
7.977478, -0.17597961, 5.7377014
7.9978333, -0.1879425, 5.736511
7.9714966, -0.18196106, 5.693405
7.994232, -0.18196106, 5.7017975
7.9882507, -0.21548462, 5.7293243
7.9750824, -0.17837524, 5.747284
8.012192, -0.16520691, 5.7652435
8.012192, -0.1951294, 5.798752
8.014587, -0.1771698, 5.795166
7.973892, -0.17237854, 5.7891846
8.003815, -0.18075562, 5.8202972
8.0074005, -0.22026062, 5.8322754
8.026566, -0.20948792, 5.7819977
8.027756, -0.19631958, 5.7772064
8.000229, -0.21427917, 5.7664337
8.016983, -0.19033813, 5.764038
8.012192, -0.19273376, 5.7257385
8.00621, -0.2059021, 5.707779
8.040924, -0.1879425, 5.724533
8.0469055, -0.19392395, 5.695801
8.038528, -0.17597961, 5.656296
8.052902, -0.19992065, 5.669464
8.027756, -0.1771698, 5.6586914
8.012192, -0.17118835, 5.6706696
8.039734, -0.19752502, 5.7101746
8.02536, -0.19871521, 5.6981964
8.0421295, -0.1879425, 5.723343
8.0421295, -0.1951294, 5.723343
8.049301, -0.1879425, 5.723343
8.02417, -0.19631958, 5.795166
7.9990234, -0.18315125, 5.7903748
8.030151, -0.16041565, 5.7903748
8.014587, -0.17358398, 5.8083344
8.0026245, -0.17597961, 5.783188
8.001419, -0.2059021, 5.7604523
8.013397, -0.20111084, 5.7927704
7.9954376, -0.20231628, 5.7616425
8.02536, -0.19154358, 5.754471
8.036133, -0.20350647, 5.73291
8.00621, -0.18196106, 5.724533
8.021774, -0.19631958, 5.699402
8.030151, -0.18914795, 5.699402
8.021774, -0.18315125, 5.7269287
8.018188, -0.16998291, 5.668274
8.027756, -0.19752502, 5.6898193
8.011002, -0.18315125, 5.6946106
8.0229645, -0.20829773, 5.699402
8.04332, -0.20829773, 5.717346
8.016983, -0.18435669, 5.6946106
8.013397, -0.17837524, 5.7341156
8.012192, -0.21427917, 5.776016
8.008606, -0.1879425, 5.7341156
8.0421295, -0.19871521, 5.759247
8.02536, -0.2166748, 5.7808075
8.0469055, -0.23582458, 5.81073
8.02417, -0.22505188, 5.7903748
8.000229, -0.16758728, 5.771225
8.0074005, -0.17358398, 5.759247
8.0074005, -0.1879425, 5.7305145
8.030151, -0.16160583, 5.6946106
8.020569, -0.18075562, 5.673065
8.014587, -0.18075562, 5.673065
8.012192, -0.18554688, 5.691025
8.044525, -0.19033813, 5.6742554
8.019379, -0.20350647, 5.659897
8.019379, -0.19154358, 5.6778564
8.02417, -0.17358398, 5.738907
8.001419, -0.17118835, 5.7508698
7.9798737, -0.18196106, 5.803543
8.013397, -0.18315125, 5.850235
7.976288, -0.16758728, 5.8645935
8.020569, -0.14485168, 5.914871
7.984665, -0.17118835, 5.865799
7.977478, -0.17837524, 5.8957214
7.9990234, -0.18075562, 5.8945312
7.973892, -0.19273376, 5.8789673
7.9954376, -0.19631958, 5.8322754
7.9870605, -0.19992065, 5.807129
7.9667053, -0.17477417, 5.8490295
7.949951, -0.19273376, 5.7975616
7.9559326, -0.18075562, 5.8011475
7.9427643, -0.16281128, 5.8322754
7.9391785, -0.15322876, 5.8490295
7.941574, -0.14964294, 5.826294
7.9882507, -0.17358398, 5.862198
7.960724, -0.18196106, 5.9005127
7.9547424, -0.21907043, 5.8945312
7.94516, -0.21308899, 5.930435
7.961914, -0.19871521, 5.937622
7.9595184, -0.17837524, 5.9184723
7.941574, -0.17358398, 5.905304
7.972687, -0.15802002, 5.8490295
7.993042, -0.18675232, 5.8442535
7.996628, -0.15681458, 5.858612
7.960724, -0.17358398, 5.7700195
7.9391785, -0.16160583, 5.7664337
7.9631195, -0.19273376, 5.795166
7.9822693, -0.16758728, 5.7891846
7.9834595, -0.17237854, 5.831085
7.9750824, -0.18554688, 5.8370667
7.9750824, -0.16879272, 5.8969116
7.961914, -0.1771698, 5.917267
7.936783, -0.16041565, 5.949585
7.973892, -0.18675232, 5.9352264
7.953537, -0.1951294, 5.9029083
7.934387, -0.18435669, 5.886139
7.9750824, -0.20469666, 5.886139
7.9248047, -0.19871521, 5.901703
7.967911, -0.19631958, 5.8442535
7.9870605, -0.21548462, 5.8334656
7.9786835, -0.22026062, 5.802353
7.9786835, -0.19392395, 5.8334656
8.001419, -0.18554688, 5.7688293
7.981064, -0.18554688, 5.7616425
7.994232, -0.18675232, 5.7257385
7.9990234, -0.18914795, 5.7688293
8.020569, -0.17118835, 5.7808075
8.037338, -0.21188354, 5.748474
7.9822693, -0.19273376, 5.764038
8.012192, -0.20231628, 5.728134
8.021774, -0.19273376, 5.7053833
8.033737, -0.1879425, 5.6898193
8.016983, -0.20231628, 5.697006
8.02417, -0.19752502, 5.700592
8.031357, -0.19033813, 5.6658783
8.031357, -0.16998291, 5.7257385
8.016983, -0.1771698, 5.735306
7.994232, -0.16520691, 5.73291
7.993042, -0.1484375, 5.786789
7.984665, -0.16400146, 5.786789
8.001419, -0.16041565, 5.807129
7.984665, -0.16400146, 5.8155212
7.991852, -0.1879425, 5.803543
8.0229645, -0.18196106, 5.8442535
7.9954376, -0.1663971, 5.822693
7.9954376, -0.17956543, 5.778412
7.9631195, -0.16998291, 5.835861
7.930786, -0.18435669, 5.850235
7.969101, -0.16281128, 5.831085
7.957123, -0.17118835, 5.7903748
7.9427643, -0.16281128, 5.8047485
7.9391785, -0.17837524, 5.7736206
7.965515, -0.1663971, 5.7808075
7.934387, -0.19033813, 5.755661
7.976288, -0.18075562, 5.7448883
7.961914, -0.19154358, 5.7413025
7.9954376, -0.19992065, 5.73172
8.0074005, -0.18554688, 5.7460785
7.996628, -0.21308899, 5.7736206
7.9750824, -0.1879425, 5.795166
7.976288, -0.16758728, 5.796356
7.9667053, -0.19154358, 5.81073
7.9750824, -0.19154358, 5.7891846
7.9511414, -0.16400146, 5.8238983
7.9583282, -0.17597961, 5.8645935
7.949951, -0.1257019, 5.8765717
7.933182, -0.1592102, 5.913681
7.94635, -0.18075562, 5.9950867
7.921219, -0.19631958, 6.0190277
7.9439545, -0.16520691, 6.0309906
7.905655, -0.17837524, 6.0345917
7.9319916, -0.17837524, 6.071701
7.9152374, -0.19752502, 6.04776
7.930786, -0.1663971, 6.0429688
7.94516, -0.16998291, 5.985504
7.9272003, -0.1771698, 5.9639587
7.9391785, -0.16400146, 5.9663544
7.9583282, -0.15083313, 5.929245
7.957123, -0.15441895, 5.8993073
7.973892, -0.17956543, 5.8921356
7.952347, -0.16400146, 5.901703
7.965515, -0.18196106, 5.9005127
7.957123, -0.19752502, 5.9112854
7.94516, -0.16281128, 5.917267
7.94516, -0.16520691, 5.865799
7.960724, -0.17956543, 5.901703
7.9595184, -0.15322876, 5.874176
8.018188, -0.15802002, 5.8490295
7.9870605, -0.16758728, 5.835861
7.977478, -0.18196106, 5.807129
7.9870605, -0.1771698, 5.834671
8.009796, -0.17956543, 5.7664337
8.013397, -0.18435669, 5.7496796
8.000229, -0.1951294, 5.743683
8.016983, -0.18675232, 5.680237
8.015793, -0.19392395, 5.685028
8.028961, -0.18554688, 5.6383514
8.051697, -0.17237854, 5.625183
8.045715, -0.20469666, 5.597641
8.015793, -0.21188354, 5.5629272
8.020569, -0.20111084, 5.549759
8.0074005, -0.21069336, 5.541382
8.036133, -0.20111084, 5.5485687
8.030151, -0.18315125, 5.5605316
8.019379, -0.20829773, 5.561737
8.018188, -0.17837524, 5.6156006
8.026566, -0.16879272, 5.594055
8.031357, -0.2059021, 5.661087
8.036133, -0.20469666, 5.669464
8.0469055, -0.20469666, 5.6778564
8.034943, -0.18315125, 5.7185516
8.026566, -0.20469666, 5.7664337
7.970291, -0.17837524, 5.8047485
7.9882507, -0.16998291, 5.8083344
7.9631195, -0.18435669, 5.846634
7.9355774, -0.15322876, 5.882553
7.965515, -0.14964294, 5.901703
7.970291, -0.15681458, 5.906494
7.972687, -0.18196106, 5.941208
7.961914, -0.19752502, 5.96875
7.9631195, -0.18075562, 5.980713
7.977478, -0.1879425, 5.944809
7.949951, -0.1663971, 5.929245
7.9714966, -0.13407898, 5.874176
7.9116364, -0.15322876, 5.8634033
7.914032, -0.15562439, 5.8322754
7.9511414, -0.12808228, 5.8155212
7.934387, -0.15083313, 5.851425
7.967911, -0.14724731, 5.89093
7.984665, -0.14364624, 5.89093
7.933182, -0.16160583, 5.9819183
7.94516, -0.16281128, 5.98909
7.937973, -0.18075562, 6.0393677
7.9403687, -0.17477417, 6.04895
7.994232, -0.1771698, 6.0142365
7.9439545, -0.17837524, 5.9998627
7.9750824, -0.18554688, 5.954376
7.9583282, -0.17597961, 5.9124756
7.94635, -0.18196106, 5.91008
7.934387, -0.16879272, 5.8681946
7.965515, -0.1663971, 5.8394623
7.9547424, -0.16758728, 5.834671
7.952347, -0.18435669, 5.8550262
8.016983, -0.19631958, 5.8526306
8.003815, -0.18315125, 5.8562164
7.993042, -0.18315125, 5.8406525
8.001419, -0.18435669, 5.817917
7.9750824, -0.17237854, 5.8370667
8.0026245, -0.17237854, 5.81073
8.008606, -0.15562439, 5.7700195
8.001419, -0.14964294, 5.714966
8.02417, -0.15203857, 5.6634827
8.032547, -0.17118835, 5.6000366
8.051697, -0.18554688, 5.5760956
8.057678, -0.18914795, 5.5629272
8.051697, -0.17837524, 5.5210266
8.060074, -0.18675232, 5.522232
8.050507, -0.23342896, 5.5090637
8.064865, -0.20469666, 5.4767303
8.082825, -0.19273376, 5.518631
8.064865, -0.20469666, 5.542572
8.072052, -0.22625732, 5.5114594
8.061279, -0.22505188, 5.55455
8.054092, -0.20469666, 5.565323
8.039734, -0.21188354, 5.612015
8.028961, -0.21548462, 5.644333
8.049301, -0.20829773, 5.673065
8.036133, -0.2238617, 5.6586914
8.026566, -0.21188354, 5.707779
8.013397, -0.22265625, 5.752075
8.001419, -0.21308899, 5.7616425
7.965515, -0.19871521, 5.767639
8.001419, -0.16998291, 5.814316
7.989456, -0.16998291, 5.8957214
7.949951, -0.19154358, 5.906494
7.94516, -0.17597961, 5.9244537
7.9487457, -0.19154358, 5.965149
7.949951, -0.17597961, 5.984314
7.922409, -0.15203857, 5.956772
7.969101, -0.16400146, 6.0106506
7.961914, -0.15802002, 6.023819
7.973892, -0.17358398, 6.0453644
7.9475555, -0.16758728, 6.072891
7.965515, -0.16998291, 6.027405
7.930786, -0.15802002, 6.0549316
7.94516, -0.15203857, 6.025009
7.9427643, -0.17477417, 6.0214233
7.9044495, -0.15322876, 5.984314
7.94516, -0.15562439, 5.9866943
7.9355774, -0.1663971, 5.9579773
7.969101, -0.16998291, 5.9831085
7.94635, -0.15203857, 5.973526
7.9403687, -0.14485168, 5.9196625
7.930786, -0.14604187, 5.886139
7.894882, -0.14125061, 5.8801575
7.8996735, -0.16400146, 5.869385
7.934387, -0.14724731, 5.8921356
7.941574, -0.16758728, 5.8454437
7.928406, -0.16400146, 5.826294
7.9319916, -0.17477417, 5.827484
7.936783, -0.16758728, 5.8238983
7.9583282, -0.18675232, 5.7975616
8.0026245, -0.18435669, 5.79158
8.028961, -0.16281128, 5.7053833
8.038528, -0.20948792, 5.7496796
8.045715, -0.20469666, 5.719742
8.016983, -0.18196106, 5.728134
8.027756, -0.21069336, 5.699402
8.014587, -0.19154358, 5.6658783
7.9990234, -0.20231628, 5.700592
7.9990234, -0.18554688, 5.6539
7.994232, -0.19871521, 5.656296
8.011002, -0.17597961, 5.661087
8.0026245, -0.17956543, 5.65271
8.026566, -0.22505188, 5.6347504
8.050507, -0.21308899, 5.616791
8.0624695, -0.21427917, 5.6634827
8.015793, -0.16879272, 5.693405
8.016983, -0.1951294, 5.673065
8.009796, -0.20350647, 5.6395416
8.052902, -0.15802002, 5.735306
8.00502, -0.17597961, 5.73172
7.972687, -0.17237854, 5.7341156
7.9547424, -0.17837524, 5.7927704
7.977478, -0.18914795, 5.8238983
7.972687, -0.20111084, 5.8394623
7.9403687, -0.1879425, 5.8634033
7.969101, -0.16281128, 5.937622
7.953537, -0.18554688, 5.920868
7.9714966, -0.19154358, 5.9603577
7.952347, -0.1951294, 6.0190277
7.9547424, -0.16879272, 5.9974823
7.9200134, -0.1484375, 5.984314
7.94516, -0.16400146, 5.9759216
7.9319916, -0.14724731, 5.9472046
7.977478, -0.13647461, 5.937622
7.9487457, -0.14006042, 5.906494
7.94635, -0.17118835, 5.866989
7.9750824, -0.1592102, 5.8370667
7.9487457, -0.1663971, 5.817917
7.949951, -0.17477417, 5.807129
7.949951, -0.17837524, 5.8083344
7.936783, -0.15441895, 5.8478394
7.937973, -0.15681458, 5.795166
7.912842, -0.18435669, 5.835861
7.922409, -0.17837524, 5.8250885
7.953537, -0.17597961, 5.8442535
7.928406, -0.17237854, 5.8837433
7.970291, -0.17837524, 5.8921356
7.972687, -0.18435669, 5.881363
7.9439545, -0.17956543, 5.8837433
7.967911, -0.16041565, 5.8681946
7.973892, -0.18675232, 5.8598022
7.9954376, -0.16879272, 5.8849487
7.9954376, -0.15203857, 5.8610077
7.985855, -0.16758728, 5.865799
7.9786835, -0.16758728, 5.9076996
7.984665, -0.17956543, 5.9005127
8.0074005, -0.16281128, 5.8849487
7.9667053, -0.20469666, 5.956772
7.94516, -0.2238617, 5.9352264
7.984665, -0.20469666, 5.930435
7.984665, -0.1663971, 5.90889
7.989456, -0.20231628, 5.8837433
7.9798737, -0.19992065, 5.862198
7.9990234, -0.2059021, 5.7975616
8.015793, -0.22026062, 5.743683
7.9906464, -0.20111084, 5.6826324
7.9882507, -0.19273376, 5.6551056
8.019379, -0.1592102, 5.65152
7.9786835, -0.12808228, 5.6323547
7.9870605, -0.14125061, 5.6347504
8.00621, -0.16758728, 5.6383514
8.011002, -0.16879272, 5.6467285
8.003815, -0.17358398, 5.7053833
7.985855, -0.18075562, 5.7460785
7.970291, -0.17956543, 5.752075
7.9870605, -0.16879272, 5.7819977
7.9882507, -0.15203857, 5.827484
7.969101, -0.16160583, 5.7927704
7.9786835, -0.17477417, 5.807129
8.027756, -0.17118835, 5.787979
7.985855, -0.16520691, 5.786789
7.9822693, -0.16281128, 5.81073
8.037338, -0.17956543, 5.8322754
8.021774, -0.17237854, 5.8238983
7.9786835, -0.16998291, 5.8155212
8.0026245, -0.16998291, 5.834671
7.9798737, -0.1663971, 5.8286896
7.9954376, -0.18315125, 5.850235
7.977478, -0.18675232, 5.8765717
8.00621, -0.18196106, 5.8645935
8.027756, -0.16879272, 5.8729706
8.026566, -0.18675232, 5.857422
8.034943, -0.1879425, 5.8562164
7.9954376, -0.19154358, 5.8490295
8.001419, -0.18914795, 5.831085
8.057678, -0.16758728, 5.759247
8.02417, -0.18914795, 5.772415
8.032547, -0.22505188, 5.7413025
8.015793, -0.18914795, 5.724533
8.040924, -0.19631958, 5.7137604
8.084015, -0.26455688, 5.6946106
8.068466, -0.23103333, 5.6622925
8.072052, -0.252594, 5.6383514
8.090012, -0.23103333, 5.5880737
8.090012, -0.26216125, 5.561737
8.057678, -0.23822021, 5.5294037
8.093597, -0.24780273, 5.4408264
8.08522, -0.21308899, 5.4420166
8.061279, -0.18435669, 5.4180756
8.075638, -0.19273376, 5.439621
8.082825, -0.20829773, 5.3773804
8.115143, -0.22625732, 5.39653
8.08522, -0.19871521, 5.403717
8.097183, -0.23103333, 5.3929443
8.10437, -0.25378418, 5.458786
8.095993, -0.21188354, 5.4611816
8.119934, -0.2166748, 5.462372
8.127121, -0.2238617, 5.541382
8.091202, -0.21427917, 5.5832825
8.090012, -0.17597961, 5.578491
8.012192, -0.16160583, 5.6191864
7.9954376, -0.15441895, 5.597641
7.9822693, -0.12928772, 5.6227875
7.970291, -0.14604187, 5.685028
7.9750824, -0.14964294, 5.7496796
7.9870605, -0.17237854, 5.7855835
8.012192, -0.19392395, 5.798752
7.972687, -0.21907043, 5.827484
7.941574, -0.21786499, 5.853821
7.9272003, -0.19992065, 5.920868
7.9080505, -0.14724731, 5.948395
7.8852997, -0.12928772, 5.973526
7.857773, -0.10534668, 6.001068
7.8649597, -0.13168335, 6.0848694
7.862564, -0.108932495, 6.154297
7.819458, -0.104141235, 6.272812
7.8302307, -0.1197052, 6.3230896
7.833832, -0.10534668, 6.3589935
7.843399, -0.12689209, 6.406891
7.8697357, -0.16041565, 6.4487762
7.8721313, -0.15322876, 6.4212494
7.870941, -0.1592102, 6.372162
7.862564, -0.15441895, 6.2991486
7.857773, -0.14364624, 6.1997833
7.8457947, -0.14964294, 6.052536
7.858963, -0.1376648, 5.9232483
7.881714, -0.14724731, 5.786789
7.882904, -0.17118835, 5.65271
7.898468, -0.16160583, 5.577286
7.929596, -0.1592102, 5.538986
7.917618, -0.17118835, 5.5354004
7.8841095, -0.15562439, 5.6347504
7.8601685, -0.13407898, 5.755661
7.8374176, -0.111328125, 5.881363
7.86615, -0.13287354, 6.064514
7.8757324, -0.12928772, 6.159088
7.8649597, -0.16041565, 6.3003387
7.86615, -0.16758728, 6.40329
7.847, -0.17358398, 6.420059
7.8697357, -0.16281128, 6.458359
7.8481903, -0.17956543, 6.4846954
7.8481903, -0.1771698, 6.4140625
7.839813, -0.15562439, 6.332657
7.839813, -0.1304779, 6.2213287
7.8565674, -0.16998291, 6.1028137
7.8649597, -0.17237854, 6.0309906
7.8936768, -0.20469666, 5.9040985
7.905655, -0.18075562, 5.831085
7.9391785, -0.17477417, 5.736511
7.9319916, -0.19752502, 5.640732
7.9355774, -0.20231628, 5.5916595
7.9391785, -0.1951294, 5.525818
7.9583282, -0.1879425, 5.5437775
7.996628, -0.19992065, 5.5354004
7.991852, -0.20231628, 5.537796
8.014587, -0.17118835, 5.565323
7.9978333, -0.18075562, 5.6144104
8.00502, -0.19033813, 5.661087
7.9786835, -0.15441895, 5.693405
7.934387, -0.16400146, 5.756851
7.960724, -0.13526917, 5.807129
7.9487457, -0.16281128, 5.8837433
7.965515, -0.17597961, 5.89093
7.9487457, -0.18315125, 5.8921356
7.906845, -0.16400146, 5.8957214
7.9116364, -0.18675232, 5.953186
7.928406, -0.16879272, 5.9184723
7.9319916, -0.18554688, 5.9400177
7.905655, -0.17237854, 5.91008
7.905655, -0.17237854, 5.965149
7.8805084, -0.1879425, 5.9831085
7.922409, -0.15562439, 6.011841
7.9080505, -0.15802002, 6.0549316
7.8805084, -0.15322876, 6.0106506
7.8996735, -0.17237854, 6.001068
7.9248047, -0.14604187, 6.001068
7.9008636, -0.15441895, 6.0034637
7.9200134, -0.13287354, 5.9579773
7.882904, -0.13287354, 5.932831
7.9044495, -0.16400146, 5.905304
7.9200134, -0.17118835, 5.901703
7.9248047, -0.14964294, 5.9388123
7.9152374, -0.14604187, 5.9196625
7.929596, -0.13887024, 5.9663544
7.9044495, -0.13407898, 5.9950867
7.878128, -0.13526917, 6.0537415
7.9164276, -0.1376648, 6.0417633
7.881714, -0.1663971, 6.0681
7.9044495, -0.14485168, 6.071701
7.882904, -0.16998291, 6.051346
7.9236145, -0.17597961, 6.0429688
7.922409, -0.15562439, 5.9950867
7.906845, -0.16998291, 5.973526
7.9044495, -0.16879272, 5.9519806
7.902069, -0.1592102, 5.8969116
7.910446, -0.14724731, 5.841858
7.9032593, -0.15802002, 5.834671
7.8996735, -0.15441895, 5.8550262
7.912842, -0.1771698, 5.835861
7.921219, -0.17597961, 5.843048
7.929596, -0.17956543, 5.841858
7.9427643, -0.2059021, 5.838257
7.9248047, -0.21548462, 5.814316
7.9032593, -0.23942566, 5.81073
7.92601, -0.21188354, 5.778412
7.9595184, -0.22505188, 5.7413025
7.949951, -0.21548462, 5.7017975
7.981064, -0.20350647, 5.673065
8.012192, -0.21548462, 5.63356
8.015793, -0.20829773, 5.538986
8.034943, -0.2166748, 5.5629272
8.028961, -0.20231628, 5.5006714
8.015793, -0.20829773, 5.462372
8.018188, -0.20350647, 5.462372
8.026566, -0.1951294, 5.4420166
8.037338, -0.20948792, 5.4563904
8.039734, -0.20469666, 5.4851227
8.038528, -0.19631958, 5.537796
8.001419, -0.19752502, 5.57251
7.9954376, -0.16879272, 5.6670685
7.985855, -0.16281128, 5.7700195
7.9391785, -0.17956543, 5.858612
7.921219, -0.19392395, 5.9639587
7.906845, -0.1592102, 6.075287
7.898468, -0.15681458, 6.111206
7.874527, -0.18315125, 6.130356
7.8290405, -0.14485168, 6.2129517
7.855377, -0.1304779, 6.1997833
7.826645, -0.1304779, 6.1914062
7.8446045, -0.14604187, 6.1578827
7.827835, -0.12449646, 6.1997833
7.8374176, -0.1197052, 6.150711
7.8302307, -0.12928772, 6.115982
7.8254547, -0.16041565, 6.0968323
7.8086853, -0.13526917, 6.106415
7.847, -0.12808228, 6.111206
7.8302307, -0.1484375, 6.0848694
7.8086853, -0.13407898, 6.0812683
7.819458, -0.15802002, 6.1243744
7.815872, -0.14604187, 6.0788727
7.8242493, -0.14125061, 6.1255646
7.8086853, -0.14245605, 6.0812683
7.7811584, -0.123306274, 6.1483154
7.799118, -0.12210083, 6.167465
7.763199, -0.1149292, 6.1638794
7.7727814, -0.12689209, 6.1483154
7.791931, -0.15203857, 6.162674
7.8086853, -0.15681458, 6.1650696
7.8134766, -0.17956543, 6.1578827
7.7979126, -0.17118835, 6.1806335
7.807495, -0.15562439, 6.1650696
7.8062897, -0.15681458, 6.130356
7.8242493, -0.12928772, 6.1734467
7.791931, -0.12689209, 6.190216
7.7979126, -0.113723755, 6.1878204
7.799118, -0.101760864, 6.238098
7.7895355, -0.080200195, 6.274002
7.78714, -0.13168335, 6.3147125
7.7931213, -0.14125061, 6.289566
7.803894, -0.16041565, 6.3075256
7.818268, -0.14245605, 6.313507
7.779953, -0.14724731, 6.3230896
7.800308, -0.14006042, 6.2907715
7.827835, -0.15441895, 6.3111115
7.795517, -0.16041565, 6.272812
7.795517, -0.1484375, 6.238098
7.8410034, -0.16041565, 6.1734467
7.8721313, -0.16758728, 6.0788727
7.850586, -0.14724731, 6.032196
7.8697357, -0.17597961, 5.9747314
7.873337, -0.16879272, 5.9280396
7.9188232, -0.16041565, 5.8957214
7.9092407, -0.16041565, 5.835861
7.933182, -0.16281128, 5.778412
7.897278, -0.15802002, 5.736511
7.870941, -0.15083313, 5.7137604
7.898468, -0.14724731, 5.704193
7.934387, -0.1376648, 5.63356
7.9487457, -0.17358398, 5.6431274
7.9822693, -0.16998291, 5.649124
7.9714966, -0.1771698, 5.657501
7.936783, -0.16281128, 5.609619
7.94635, -0.2166748, 5.6263733
7.957123, -0.17956543, 5.6311646
7.9643097, -0.14125061, 5.645523
7.9583282, -0.17837524, 5.693405
7.981064, -0.1879425, 5.708969
7.9667053, -0.20350647, 5.7065735
7.9750824, -0.21548462, 5.747284
7.949951, -0.22265625, 5.7855835
7.9391785, -0.20350647, 5.8322754
7.949951, -0.19392395, 5.814316
7.967911, -0.15322876, 5.8442535
7.9487457, -0.16520691, 5.853821
7.9152374, -0.18675232, 5.8837433
7.894882, -0.16520691, 5.948395
7.9092407, -0.18914795, 5.9603577
7.878128, -0.21069336, 5.954376
7.9272003, -0.16879272, 5.9795227
7.898468, -0.18315125, 6.013031
7.9032593, -0.20948792, 6.011841
7.922409, -0.19033813, 6.0465546
7.8960724, -0.1879425, 6.0693054
7.8876953, -0.1771698, 6.032196
7.910446, -0.14245605, 6.04895
7.9319916, -0.15083313, 6.0537415
7.9319916, -0.17237854, 6.0309906
7.910446, -0.16998291, 6.04895
7.8876953, -0.13168335, 6.023819
7.8721313, -0.1376648, 6.0058594
7.879318, -0.13526917, 5.965149
7.898468, -0.16400146, 5.953186
7.8697357, -0.17956543, 5.9388123
7.9032593, -0.17237854, 5.9029083
7.898468, -0.18196106, 5.89093
7.857773, -0.17237854, 5.9364166
7.8362274, -0.14604187, 5.9268494
7.8529816, -0.1592102, 5.9124756
7.823059, -0.1663971, 5.937622
7.842209, -0.13168335, 5.9879
7.8481903, -0.13526917, 5.9950867
7.8218536, -0.1663971, 6.044159
7.835022, -0.14604187, 6.104019
7.8122864, -0.16281128, 6.107605
7.8326263, -0.1592102, 6.114792
7.8565674, -0.15322876, 6.1100006
7.862564, -0.16160583, 6.1219788
7.898468, -0.17837524, 6.106415
7.8721313, -0.14364624, 6.076477
7.8481903, -0.14125061, 6.090851
7.8996735, -0.16879272, 6.0633087
7.905655, -0.1484375, 5.993881
7.898468, -0.15441895, 6.040573
7.879318, -0.17358398, 5.9795227
7.8697357, -0.19992065, 5.9795227
7.897278, -0.16400146, 5.953186
7.917618, -0.17358398, 5.9759216
7.928406, -0.18675232, 5.9627533
7.929596, -0.17118835, 5.932831
7.94516, -0.17477417, 5.9316406
7.930786, -0.2059021, 5.905304
7.9319916, -0.18675232, 5.8969116
7.9547424, -0.18435669, 5.877762
7.9355774, -0.18435669, 5.8370667
7.937973, -0.17358398, 5.870575
7.921219, -0.15203857, 5.8801575
7.9272003, -0.14245605, 5.8322754
7.961914, -0.16160583, 5.8490295
7.936783, -0.14964294, 5.8550262
7.92601, -0.1484375, 5.8215027
7.9750824, -0.18675232, 5.8083344
8.018188, -0.19992065, 5.819107
8.021774, -0.19752502, 5.8011475
8.02536, -0.21427917, 5.7604523
7.991852, -0.2166748, 5.71257
7.9822693, -0.18914795, 5.697006
7.973892, -0.16281128, 5.675461
7.952347, -0.16400146, 5.656296
7.972687, -0.16998291, 5.65152
7.9834595, -0.1771698, 5.637146
8.014587, -0.18675232, 5.661087
8.0469055, -0.18675232, 5.695801
8.031357, -0.21188354, 5.7101746
8.027756, -0.2166748, 5.669464
8.033737, -0.2166748, 5.6981964
8.061279, -0.19154358, 5.7029877
8.030151, -0.20709229, 5.6479187
8.014587, -0.2059021, 5.6790466
8.00621, -0.21907043, 5.680237
8.00502, -0.19392395, 5.683838
7.996628, -0.21907043, 5.657501
8.014587, -0.2166748, 5.628769
8.020569, -0.21548462, 5.6383514
7.9906464, -0.22984314, 5.6311646
8.014587, -0.21907043, 5.6084137
8.001419, -0.22744751, 5.6718597
7.9822693, -0.19631958, 5.65152
7.9870605, -0.17597961, 5.6862335
7.957123, -0.18196106, 5.7305145
7.937973, -0.16041565, 5.7975616
7.9236145, -0.14964294, 5.841858
7.937973, -0.123306274, 5.857422
7.9475555, -0.14724731, 5.961563
7.9152374, -0.15441895, 6.0214233
7.873337, -0.1376648, 6.0154266
7.882904, -0.14604187, 6.1255646
7.9044495, -0.15802002, 6.1423187
7.878128, -0.1771698, 6.150711
7.8374176, -0.16520691, 6.1578827
7.8565674, -0.14485168, 6.171051
7.823059, -0.123306274, 6.1363373
7.819458, -0.13526917, 6.1339417
7.850586, -0.13407898, 6.1495056
7.850586, -0.13287354, 6.0704956
7.8769226, -0.14364624, 6.0298004
7.8805084, -0.14245605, 6.052536
7.847, -0.14964294, 6.009445
7.857773, -0.14006042, 5.972336
7.8757324, -0.13647461, 6.0178223
7.8326263, -0.13168335, 6.023819
7.858963, -0.12210083, 6.040573
7.8924866, -0.16520691, 6.0657043
7.8852997, -0.16998291, 6.0848694
7.8757324, -0.17597961, 6.0932465
7.86734, -0.15322876, 6.111206
7.878128, -0.15083313, 6.1339417
7.8541718, -0.15802002, 6.1363373
7.8721313, -0.16758728, 6.1650696
7.8362274, -0.16400146, 6.1566925
7.858963, -0.15203857, 6.139923
7.8769226, -0.16998291, 6.072891
7.8541718, -0.16400146, 6.0693054
7.855377, -0.16879272, 6.027405
7.8924866, -0.18315125, 6.0226135
7.8936768, -0.17956543, 5.9914856
7.890091, -0.20948792, 5.9759216
7.878128, -0.17837524, 5.9124756
7.9188232, -0.16281128, 5.9040985
7.878128, -0.13647461, 5.9364166
7.882904, -0.15083313, 5.9244537
7.905655, -0.17477417, 5.9196625
7.8889008, -0.18196106, 5.9160767
7.8852997, -0.17956543, 5.972336
7.928406, -0.17237854, 5.9124756
7.9032593, -0.17956543, 5.91008
7.9008636, -0.18435669, 5.906494
7.928406, -0.19273376, 5.90889
7.9236145, -0.17118835, 5.9316406
7.9032593, -0.16160583, 5.9244537
7.9152374, -0.16281128, 5.91008
7.9248047, -0.17597961, 5.8837433
7.937973, -0.17118835, 5.869385
7.9164276, -0.16041565, 5.8717804
7.936783, -0.1879425, 5.841858
7.921219, -0.1879425, 5.853821
7.8889008, -0.16400146, 5.8550262
7.878128, -0.1592102, 5.8370667
7.8912964, -0.15083313, 5.8442535
7.8960724, -0.16758728, 5.9005127
7.8876953, -0.17477417, 5.914871
7.906845, -0.16160583, 5.925644
7.9164276, -0.16879272, 5.956772
7.9439545, -0.17956543, 5.945999
7.9164276, -0.17597961, 5.9424133
7.8936768, -0.15802002, 6.001068
7.9403687, -0.15802002, 5.973526
7.9272003, -0.15562439, 6.001068
7.8924866, -0.17237854, 5.9627533
7.912842, -0.1879425, 5.9902954
7.902069, -0.1663971, 5.9340363
7.890091, -0.1484375, 5.945999
7.8889008, -0.15203857, 5.9519806
7.873337, -0.16400146, 5.9579773
7.890091, -0.15802002, 5.996277
7.92601, -0.14364624, 5.9507904
7.881714, -0.16879272, 5.929245
7.8852997, -0.14006042, 5.9268494
7.9164276, -0.16041565, 5.898117
7.8685455, -0.15681458, 5.9627533
7.8936768, -0.16041565, 5.917267
7.92601, -0.17956543, 5.8969116
7.8996735, -0.17358398, 5.90889
7.8889008, -0.17956543, 5.893326
7.9092407, -0.19752502, 5.8717804
7.8841095, -0.15322876, 5.8921356
7.906845, -0.17237854, 5.8610077
7.8852997, -0.19631958, 5.831085
7.8876953, -0.15441895, 5.8298798
7.910446, -0.16879272, 5.819107
7.8960724, -0.17358398, 5.843048
7.905655, -0.16879272, 5.8322754
7.905655, -0.16281128, 5.853821
7.9080505, -0.16879272, 5.8837433
7.8936768, -0.17956543, 5.8849487
7.858963, -0.16998291, 5.870575
7.8996735, -0.16879272, 5.9029083
7.8889008, -0.15562439, 5.90889
7.881714, -0.17837524, 5.906494
7.9008636, -0.17956543, 5.9232483
7.8685455, -0.1484375, 5.973526
7.8912964, -0.1663971, 5.9316406
7.8685455, -0.15203857, 5.9603577
7.878128, -0.16160583, 5.9974823
7.870941, -0.14604187, 5.9795227
7.8374176, -0.15441895, 6.0106506
7.8805084, -0.1663971, 5.9795227
7.8924866, -0.1663971, 5.996277
7.857773, -0.16520691, 6.009445
7.8697357, -0.14125061, 6.036972
7.905655, -0.16160583, 6.0693054
7.890091, -0.14964294, 6.0633087
7.8493958, -0.1376648, 6.0393677
7.858963, -0.14006042, 6.1004333
7.8446045, -0.14485168, 6.1171875
7.839813, -0.13526917, 6.104019
7.8697357, -0.13887024, 6.115982
7.8769226, -0.16160583, 6.1016235
7.8757324, -0.14006042, 6.123169
7.8757324, -0.14364624, 6.076477
7.8649597, -0.1484375, 6.131546
7.838623, -0.16879272, 6.131546
7.8637543, -0.17597961, 6.056137
7.8242493, -0.15203857, 6.023819
7.8529816, -0.1663971, 6.036972
7.8529816, -0.1951294, 5.977127
7.827835, -0.15802002, 5.9388123
7.857773, -0.15802002, 5.9424133
7.857773, -0.15441895, 5.9472046
7.8852997, -0.15681458, 5.9352264
7.906845, -0.16281128, 5.9196625
7.857773, -0.1879425, 5.922058
7.8697357, -0.16520691, 5.9472046
7.890091, -0.14964294, 5.9196625
7.882904, -0.15441895, 5.945999
7.8446045, -0.15562439, 5.980713
7.86615, -0.14964294, 6.023819
7.8565674, -0.16520691, 6.071701
7.855377, -0.15203857, 6.0621185
7.8362274, -0.15681458, 6.1052094
7.870941, -0.18315125, 6.087265
7.8769226, -0.18675232, 6.0621185
7.8493958, -0.1771698, 6.099228
7.8529816, -0.16520691, 6.111206
7.86734, -0.1771698, 6.06691
7.8924866, -0.16160583, 6.0693054
7.8529816, -0.15203857, 6.0944366
7.8912964, -0.14724731, 6.04895
7.8996735, -0.16400146, 6.040573
7.879318, -0.16160583, 6.072891
7.839813, -0.14604187, 6.0681
7.8493958, -0.15681458, 6.0142365
7.8841095, -0.18196106, 5.9759216
7.878128, -0.16041565, 5.96994
7.881714, -0.16160583, 5.9472046
7.8685455, -0.16758728, 5.914871
7.8565674, -0.1592102, 5.954376
7.873337, -0.16758728, 5.8969116
7.9116364, -0.19154358, 5.881363
7.8721313, -0.16160583, 5.91008
7.902069, -0.13887024, 5.850235
7.8924866, -0.14964294, 5.841858
7.8601685, -0.16041565, 5.8550262
7.879318, -0.15083313, 5.857422
7.878128, -0.15802002, 5.838257
7.8876953, -0.16400146, 5.8729706
7.9200134, -0.15802002, 5.886139
7.8805084, -0.15322876, 5.9029083
7.8805084, -0.18196106, 5.8873444
7.8637543, -0.16160583, 5.9184723
7.8637543, -0.14964294, 5.917267
7.894882, -0.1592102, 5.9424133
7.8601685, -0.14485168, 6.0022583
7.8374176, -0.17358398, 5.9974823
7.855377, -0.1484375, 5.9747314
7.8649597, -0.1484375, 5.996277
7.8637543, -0.14006042, 5.9663544
7.8457947, -0.1376648, 5.9747314
7.8493958, -0.10295105, 5.96875
7.847, -0.13887024, 5.992691
7.823059, -0.13647461, 5.9998627
7.8218536, -0.15322876, 6.036972
7.8254547, -0.14125061, 6.035782
7.835022, -0.1149292, 6.0465546
7.7931213, -0.13168335, 6.080078
7.747635, -0.24301147, 6.025009
7.8996735, -0.16998291, 6.076477
7.8302307, -0.099365234, 6.242874
7.794327, -0.1771698, 6.0621185
7.8697357, -0.18914795, 6.04895
7.8757324, -0.108932495, 6.1914062
7.835022, -0.120910645, 6.0932465
7.8326263, -0.16400146, 6.0226135
7.8601685, -0.116119385, 6.1171875
7.842209, -0.13168335, 6.1135864
7.8565674, -0.16758728, 5.9950867
7.850586, -0.15441895, 6.009445
7.8565674, -0.15562439, 6.1016235
7.86615, -0.17597961, 6.0657043
7.8912964, -0.17956543, 6.0298004
7.9080505, -0.16281128, 6.0693054
7.890091, -0.15203857, 6.0896454
7.8481903, -0.1484375, 6.0693054
7.855377, -0.14604187, 6.028595
7.8936768, -0.14125061, 6.0261993
7.9116364, -0.20350647, 5.9974823
7.9008636, -0.19992065, 5.9819183
7.914032, -0.14364624, 5.9831085
7.8852997, -0.17956543, 5.929245
7.9164276, -0.17837524, 5.8681946
7.906845, -0.16160583, 5.866989
7.8769226, -0.18435669, 5.8286896
7.9032593, -0.18196106, 5.7975616
7.897278, -0.16879272, 5.8526306
7.879318, -0.18554688, 5.81192
7.894882, -0.17358398, 5.8155212
7.969101, -0.16758728, 5.831085
7.914032, -0.17358398, 5.8406525
7.9188232, -0.1592102, 5.8095245
7.9032593, -0.13287354, 5.814316
7.881714, -0.15681458, 5.8681946
7.8996735, -0.18554688, 5.906494
7.8924866, -0.17837524, 5.870575
7.8912964, -0.18554688, 5.9040985
7.873337, -0.17237854, 5.9029083
7.8960724, -0.13887024, 5.906494
7.9032593, -0.16041565, 5.8945312
7.8912964, -0.18196106, 5.898117
7.873337, -0.15802002, 5.89093
7.857773, -0.16998291, 5.9364166
7.8601685, -0.1879425, 5.954376
7.882904, -0.1663971, 5.9388123
7.8841095, -0.12928772, 5.9639587
7.8637543, -0.14125061, 5.9591675
7.9008636, -0.17597961, 5.96875
7.898468, -0.15562439, 5.965149
7.9116364, -0.1484375, 6.004654
7.9032593, -0.17358398, 5.980713
7.902069, -0.16281128, 6.0034637
7.886505, -0.13287354, 6.0022583
7.8481903, -0.13287354, 6.0501404
7.870941, -0.14006042, 6.072891
7.874527, -0.14964294, 6.083664
7.874527, -0.15203857, 6.0704956
7.8889008, -0.1257019, 6.0740967
7.879318, -0.15322876, 6.104019
7.8876953, -0.15322876, 6.083664
7.870941, -0.15562439, 6.0980377
7.8541718, -0.15802002, 6.1028137
7.8565674, -0.17237854, 6.090851
7.8805084, -0.16160583, 6.0573273
7.8565674, -0.15802002, 6.0573273
7.873337, -0.14604187, 6.028595
7.873337, -0.14964294, 5.992691
7.881714, -0.1484375, 5.9124756
7.9164276, -0.15083313, 5.9352264
7.881714, -0.14604187, 5.944809
7.8841095, -0.18075562, 5.9340363
7.870941, -0.14964294, 5.88974
7.906845, -0.15802002, 5.8801575
7.8912964, -0.14604187, 5.932831
7.86615, -0.16041565, 5.9579773
7.8769226, -0.14604187, 5.9675446
7.8529816, -0.1257019, 5.9340363
7.86615, -0.15322876, 5.961563
7.881714, -0.16520691, 5.949585
7.8649597, -0.16758728, 5.9591675
7.8805084, -0.15681458, 5.944809
7.9044495, -0.15322876, 5.9124756
7.8960724, -0.17477417, 5.9472046
7.8876953, -0.14964294, 5.913681
7.8996735, -0.1663971, 5.9076996
7.847, -0.1592102, 5.901703
7.9116364, -0.17118835, 5.91008
7.912842, -0.16520691, 5.886139
7.890091, -0.16160583, 5.905304
7.905655, -0.16041565, 5.8849487
7.879318, -0.15441895, 5.870575
7.886505, -0.18554688, 5.870575
7.8912964, -0.16281128, 5.898117
7.8769226, -0.17237854, 5.8789673
7.917618, -0.16281128, 5.8550262
7.9116364, -0.1663971, 5.8993073
7.941574, -0.14364624, 5.9244537
7.9200134, -0.15802002, 5.8837433
7.8912964, -0.1484375, 5.886139
7.890091, -0.1592102, 5.8957214
7.8912964, -0.15203857, 5.8562164
7.8936768, -0.1663971, 5.8873444
7.8936768, -0.15441895, 5.8634033
7.882904, -0.1663971, 5.882553
7.8852997, -0.16160583, 5.944809
7.9044495, -0.16520691, 5.9675446
7.86734, -0.14006042, 6.025009
7.850586, -0.1663971, 5.96994
7.8302307, -0.16281128, 6.0154266
7.8170624, -0.15681458, 6.06691
7.8529816, -0.16160583, 6.056137
7.86734, -0.15322876, 6.035782
7.857773, -0.15322876, 6.0681
7.835022, -0.13887024, 6.107605
7.8374176, -0.15203857, 6.0980377
7.850586, -0.13168335, 6.0812683
7.833832, -0.14604187, 6.06691
7.879318, -0.15681458, 6.0633087
7.870941, -0.123306274, 6.1123962
7.8649597, -0.1484375, 6.080078
7.8757324, -0.16281128, 6.1327515
7.862564, -0.1951294, 6.1327515
7.8769226, -0.15681458, 6.1004333
7.8912964, -0.17597961, 6.0681
7.8852997, -0.15441895, 6.0633087
7.862564, -0.14006042, 6.0848694
7.894882, -0.16520691, 6.0860596
7.9032593, -0.16041565, 6.056137
7.9092407, -0.17837524, 6.028595
7.906845, -0.15681458, 5.9879
7.894882, -0.16160583, 5.9879
7.914032, -0.1592102, 5.965149
7.8924866, -0.16281128, 5.9998627
7.9032593, -0.1951294, 5.956772
7.9032593, -0.17956543, 5.9232483
7.9200134, -0.16281128, 5.930435
7.9236145, -0.1771698, 5.9400177
7.937973, -0.18675232, 5.8849487
7.9164276, -0.18196106, 5.8442535
7.8996735, -0.1951294, 5.8406525
7.936783, -0.17597961, 5.822693
7.936783, -0.15083313, 5.7819977
7.9547424, -0.16758728, 5.7772064
7.984665, -0.16041565, 5.8095245
7.9714966, -0.15322876, 5.7843933
7.9798737, -0.16520691, 5.7508698
7.9427643, -0.1592102, 5.783188
7.929596, -0.16281128, 5.779602
7.933182, -0.17237854, 5.786789
7.934387, -0.16998291, 5.786789
7.9200134, -0.17956543, 5.8059387
7.9714966, -0.19273376, 5.771225
7.9798737, -0.21069336, 5.8059387
7.9511414, -0.18554688, 5.8286896
7.9643097, -0.20350647, 5.771225
7.9487457, -0.18315125, 5.7819977
7.937973, -0.19631958, 5.7448883
7.9487457, -0.19752502, 5.772415
7.976288, -0.17237854, 5.7580566
7.985855, -0.16758728, 5.714966
7.9391785, -0.18675232, 5.7137604
7.936783, -0.1771698, 5.7424927
7.976288, -0.18315125, 5.7700195
7.9595184, -0.1879425, 5.7939606
7.957123, -0.14724731, 5.814316
7.9439545, -0.13168335, 5.8645935
7.912842, -0.1663971, 5.9005127
7.936783, -0.16400146, 5.922058
7.9188232, -0.1771698, 5.9639587
7.9044495, -0.16400146, 5.9747314
7.905655, -0.16520691, 5.9591675
7.882904, -0.14245605, 5.9950867
7.890091, -0.17237854, 6.075287
7.8841095, -0.14964294, 6.0657043
7.874527, -0.14964294, 6.0693054
7.8805084, -0.16520691, 6.0968323

