x : y : Z 
9.44632, -0.28849792, 1.5167236
9.434357, -0.28849792, 1.5418701
9.406815, -0.28012085, 1.5598297
9.399643, -0.2741394, 1.572998
9.421188, -0.26455688, 1.5825653
9.410416, -0.28370667, 1.5957336
9.406815, -0.26934814, 1.5753784
9.399643, -0.25138855, 1.5789795
9.414001, -0.25857544, 1.5969391
9.424774, -0.2861023, 1.5789795
9.457092, -0.2561798, 1.5873566
9.451111, -0.27772522, 1.5550385
9.423584, -0.2813263, 1.5753784
9.434357, -0.27174377, 1.6112976
9.472656, -0.2741394, 1.6017151
9.421188, -0.24899292, 1.5813751
9.399643, -0.27653503, 1.6400299
9.423584, -0.28370667, 1.6029205
9.423584, -0.28012085, 1.6148834
9.406815, -0.2669525, 1.6412201
9.44632, -0.26815796, 1.5981293
9.422379, -0.25019836, 1.5921478
9.416397, -0.28251648, 1.5873566
9.4379425, -0.2849121, 1.5897522
9.42836, -0.25737, 1.6472168
9.396042, -0.25976562, 1.6017151
9.394852, -0.24659729, 1.6017151
9.403229, -0.24061584, 1.593338
9.421188, -0.2861023, 1.6220703
9.40802, -0.28370667, 1.6292572
9.403229, -0.26934814, 1.6412201
9.412811, -0.28012085, 1.6220703
9.418793, -0.25498962, 1.6508026
9.443924, -0.26815796, 1.6783295
9.441528, -0.2741394, 1.6807251
9.405624, -0.28849792, 1.6795349
9.422379, -0.30047607, 1.6771393
9.442734, -0.2669525, 1.687912
9.440338, -0.2861023, 1.6807251
9.42836, -0.27293396, 1.6519928
9.406815, -0.30885315, 1.6112976
9.42836, -0.30166626, 1.6304474
9.418793, -0.292099, 1.5921478
9.40921, -0.29927063, 1.5909424
9.399643, -0.2669525, 1.5969391
9.388855, -0.23822021, 1.5837708
9.368515, -0.25737, 1.593338
9.394852, -0.26576233, 1.5885468
9.421188, -0.24899292, 1.6543884
9.414001, -0.24899292, 1.6843262
9.42836, -0.2561798, 1.6914978
9.422379, -0.22984314, 1.7633362
9.443924, -0.25976562, 1.8435364
9.475052, -0.25857544, 1.8674774
9.46907, -0.2813263, 1.9021912
9.44632, -0.28730774, 1.9261322
9.452301, -0.27174377, 1.924942
9.430756, -0.3244171, 1.8890228
9.431961, -0.30047607, 1.8531189
9.436752, -0.27893066, 1.7645264
9.40921, -0.28970337, 1.7501678
9.396042, -0.30885315, 1.6531982
9.404419, -0.30526733, 1.6184845
9.416397, -0.2861023, 1.5969391
9.402023, -0.2956848, 1.5287018
9.422379, -0.31962585, 1.5167236
9.422379, -0.30166626, 1.4975739
9.402023, -0.2669525, 1.4568787
9.386475, -0.29089355, 1.4784241
9.411606, -0.29447937, 1.4915924
9.385269, -0.25138855, 1.450882
9.388855, -0.25378418, 1.5059509
9.40921, -0.2753296, 1.4868011
9.416397, -0.292099, 1.4820099
9.404419, -0.26934814, 1.569397
9.422379, -0.25857544, 1.5897522
9.4379425, -0.29808044, 1.5921478
9.442734, -0.28730774, 1.6615753
9.44632, -0.27053833, 1.7286072
9.457092, -0.28370667, 1.7154388
9.465469, -0.26576233, 1.7621307
9.464279, -0.26455688, 1.8076172
9.442734, -0.2669525, 1.7441711
9.42717, -0.2669525, 1.7322083
9.399643, -0.26576233, 1.6914978
9.412811, -0.26216125, 1.6543884
9.422379, -0.27293396, 1.5873566
9.374496, -0.31124878, 1.4640503
9.412811, -0.30526733, 1.4556732
9.39006, -0.3136444, 1.3287811
9.416397, -0.35075378, 1.2102661
9.429565, -0.3423767, 1.1635895
9.388855, -0.33518982, 1.1061249
9.381683, -0.30885315, 1.0426788
9.391251, -0.29927063, 1.0402832
9.405624, -0.25857544, 1.1192932
9.417587, -0.2561798, 1.1887207
9.402023, -0.22984314, 1.3024445
9.404419, -0.22505188, 1.4029999
9.440338, -0.2346344, 1.4820099
9.436752, -0.26934814, 1.5801697
9.422379, -0.296875, 1.6316528
9.454697, -0.296875, 1.6795349
9.459488, -0.292099, 1.7250214
9.485825, -0.33398438, 1.7417755
9.467865, -0.31843567, 1.7561493
9.461884, -0.331604, 1.711853
9.4379425, -0.32321167, 1.6412201
9.404419, -0.28012085, 1.6208801
9.412811, -0.25857544, 1.5741882
9.42598, -0.26216125, 1.4796143
9.394852, -0.24780273, 1.411377
9.39006, -0.2741394, 1.3647003
9.405624, -0.2741394, 1.3239899
9.405624, -0.28370667, 1.3431396
9.417587, -0.25138855, 1.3790588
9.414001, -0.26216125, 1.4125824
9.42598, -0.28251648, 1.4556732
9.422379, -0.26216125, 1.5346832
9.441528, -0.25019836, 1.617279
9.433151, -0.27653503, 1.711853
9.442734, -0.28730774, 1.7752991
9.414001, -0.26576233, 1.8112183
9.392456, -0.27653503, 1.821991
9.457092, -0.30047607, 1.8519135
9.459488, -0.2753296, 1.845932
9.439133, -0.28012085, 1.8387451
9.44632, -0.28012085, 1.806427
9.42836, -0.25857544, 1.7645264
9.384079, -0.2238617, 1.7453766
9.396042, -0.2346344, 1.7046661
9.370911, -0.2633667, 1.7082672
9.411606, -0.26455688, 1.6591797
9.411606, -0.26216125, 1.632843
9.380478, -0.28251648, 1.6340485
9.40921, -0.25857544, 1.5981293
9.435547, -0.27893066, 1.5945435
9.40802, -0.2741394, 1.553833
9.394852, -0.24061584, 1.5478516
9.397247, -0.25138855, 1.6340485
9.402023, -0.25378418, 1.6519928
9.419983, -0.21069336, 1.7322083
9.403229, -0.18675232, 1.8052216
9.394852, -0.17956543, 1.8399506
9.405624, -0.22865295, 1.9536743
9.406815, -0.2238617, 1.9476776
9.402023, -0.25976562, 1.9201508
9.458298, -0.331604, 1.8363495
9.471466, -0.39982605, 1.7585449
9.48703, -0.4189911, 1.5825653
9.479843, -0.42736816, 1.4437103
9.4774475, -0.41419983, 1.335968
9.39006, -0.3256073, 1.2449799
9.337387, -0.24780273, 1.217453
9.30986, -0.18435669, 1.2366028
9.233246, -0.14245605, 1.2952576
9.26796, -0.11013794, 1.4281464
9.370911, -0.16879272, 1.5586243
9.439133, -0.2454071, 1.7022705
9.504974, -0.30047607, 1.8387451
9.472656, -0.31843567, 1.9069824
9.471466, -0.34835815, 1.9883881
9.430756, -0.31723022, 1.9728241
9.39006, -0.252594, 1.9524689
9.391251, -0.25138855, 1.9704285
9.40802, -0.24061584, 1.8890228
9.440338, -0.25498962, 1.8124084
9.445129, -0.30166626, 1.7585449
9.478638, -0.31962585, 1.6998901
9.466675, -0.31124878, 1.6699524
9.455902, -0.33039856, 1.5753784
9.406815, -0.29089355, 1.5011597
9.396042, -0.25378418, 1.5131378
9.352951, -0.25498962, 1.5310974
9.39006, -0.22984314, 1.5227051
9.381683, -0.23342896, 1.498764
9.360138, -0.2753296, 1.5035553
9.410416, -0.27653503, 1.5346832
9.405624, -0.29447937, 1.5526428
9.412811, -0.2956848, 1.5478516
9.422379, -0.29927063, 1.569397
9.436752, -0.292099, 1.5945435
9.434357, -0.28012085, 1.6196747
9.400833, -0.29927063, 1.5897522
9.385269, -0.26097107, 1.5765839
9.379288, -0.26455688, 1.5921478
9.418793, -0.27174377, 1.6496124
9.441528, -0.27653503, 1.6065063
9.436752, -0.28730774, 1.608902
9.441528, -0.25857544, 1.6112976
9.402023, -0.24301147, 1.6543884
9.406815, -0.2633667, 1.648407
9.419983, -0.26934814, 1.6412201
9.430756, -0.2669525, 1.6711578
9.442734, -0.28730774, 1.6855164
9.434357, -0.28012085, 1.6807251
9.380478, -0.27293396, 1.6543884
9.387665, -0.25498962, 1.663971
9.42598, -0.26576233, 1.6424255
9.391251, -0.2633667, 1.6053162
9.412811, -0.27893066, 1.6101074
9.400833, -0.24182129, 1.5993195
9.399643, -0.23703003, 1.6065063
9.397247, -0.28251648, 1.5634155
9.411606, -0.2753296, 1.572998
9.42836, -0.28370667, 1.5909424
9.423584, -0.2669525, 1.5813751
9.403229, -0.29447937, 1.617279
9.414001, -0.28970337, 1.6112976
9.442734, -0.29447937, 1.6292572
9.40921, -0.2561798, 1.5885468
9.373306, -0.26216125, 1.6292572
9.372101, -0.26576233, 1.6424255
9.387665, -0.24061584, 1.6579895
9.386475, -0.25976562, 1.6783295
9.40802, -0.23942566, 1.6531982
9.430756, -0.2346344, 1.6687622
9.42836, -0.25138855, 1.6867218
9.434357, -0.26576233, 1.6927032
9.4379425, -0.2753296, 1.7178345
9.458298, -0.2561798, 1.7453766
9.429565, -0.25857544, 1.7310028
9.399643, -0.27293396, 1.7788849
9.416397, -0.2669525, 1.7621307
9.39006, -0.252594, 1.742981
9.352951, -0.24301147, 1.7154388
9.378082, -0.23223877, 1.7214355
9.376892, -0.20829773, 1.6591797
9.400833, -0.22744751, 1.6615753
9.4379425, -0.2633667, 1.624466
9.449921, -0.24301147, 1.5957336
9.459488, -0.25737, 1.5753784
9.464279, -0.30166626, 1.5622101
9.449921, -0.3040619, 1.5873566
9.410416, -0.2813263, 1.6101074
9.418793, -0.25857544, 1.5993195
9.381683, -0.28251648, 1.6292572
9.399643, -0.25138855, 1.5969391
9.396042, -0.25138855, 1.5873566
9.373306, -0.27053833, 1.5981293
9.42717, -0.27772522, 1.6017151
9.40921, -0.27174377, 1.5885468
9.397247, -0.24899292, 1.5837708
9.433151, -0.26216125, 1.5789795
9.418793, -0.24182129, 1.6148834
9.419983, -0.296875, 1.5562286
9.440338, -0.27053833, 1.5646057
9.419983, -0.26216125, 1.5981293
9.411606, -0.27653503, 1.5825653
9.379288, -0.26097107, 1.5478516
9.436752, -0.27174377, 1.5873566
9.472656, -0.27772522, 1.6029205
9.455902, -0.296875, 1.6053162
9.424774, -0.3148346, 1.6340485
9.423584, -0.29808044, 1.5981293
9.422379, -0.25737, 1.5981293
9.405624, -0.29927063, 1.608902
9.388855, -0.27053833, 1.6029205
9.372101, -0.25976562, 1.5418701
9.397247, -0.2741394, 1.553833
9.396042, -0.25019836, 1.553833
9.415192, -0.27053833, 1.5741882
9.445129, -0.2861023, 1.5789795
9.42836, -0.26815796, 1.5873566
9.449921, -0.2454071, 1.5945435
9.433151, -0.26576233, 1.572998
9.411606, -0.24659729, 1.6292572
9.423584, -0.23822021, 1.6196747
9.402023, -0.2633667, 1.6627655
9.423584, -0.26216125, 1.6436157
9.40921, -0.2561798, 1.6962891
9.435547, -0.27653503, 1.672348
9.40921, -0.29089355, 1.6795349
9.40921, -0.2956848, 1.6711578
9.440338, -0.29927063, 1.6986847
9.416397, -0.27293396, 1.6974945
9.421188, -0.252594, 1.7154388
9.439133, -0.23822021, 1.672348
9.40921, -0.22744751, 1.6938934
9.42836, -0.26815796, 1.6962891
9.449921, -0.30526733, 1.6436157
9.418793, -0.29447937, 1.6376343
9.392456, -0.2849121, 1.6615753
9.419983, -0.28970337, 1.6124878
9.419983, -0.25857544, 1.5634155
9.405624, -0.2861023, 1.5873566
9.403229, -0.27772522, 1.538269
9.417587, -0.25737, 1.5717926
9.424774, -0.2454071, 1.6029205
9.440338, -0.25976562, 1.6053162
9.436752, -0.2753296, 1.632843
9.415192, -0.26455688, 1.656784
9.400833, -0.2561798, 1.6220703
9.430756, -0.2753296, 1.6783295
9.419983, -0.25737, 1.6950989
9.447525, -0.2633667, 1.6651611
9.424774, -0.25976562, 1.6783295
9.412811, -0.24420166, 1.6807251
9.423584, -0.25857544, 1.6519928
9.385269, -0.25976562, 1.6783295
9.42836, -0.29089355, 1.6376343
9.405624, -0.27174377, 1.5957336
9.40802, -0.2346344, 1.5897522
9.416397, -0.27293396, 1.6005249
9.42717, -0.27653503, 1.6268616
9.429565, -0.2753296, 1.5897522
9.419983, -0.28370667, 1.5825653
9.402023, -0.28370667, 1.5765839
9.411606, -0.26576233, 1.5789795
9.410416, -0.2669525, 1.6077118
9.423584, -0.27772522, 1.5765839
9.415192, -0.26576233, 1.6101074
9.42717, -0.2753296, 1.5825653
9.40802, -0.252594, 1.5981293
9.412811, -0.252594, 1.5885468
9.414001, -0.23103333, 1.6029205
9.433151, -0.23942566, 1.5993195
9.42717, -0.2669525, 1.5957336
9.440338, -0.25378418, 1.6412201
9.445129, -0.24899292, 1.6352386
9.42836, -0.2753296, 1.6112976
9.416397, -0.26576233, 1.6196747
9.431961, -0.2633667, 1.6124878
9.402023, -0.26097107, 1.6124878
9.400833, -0.25378418, 1.5765839
9.447525, -0.2454071, 1.5849609
9.430756, -0.252594, 1.5801697
9.397247, -0.2633667, 1.5646057
9.418793, -0.25498962, 1.5646057
9.42598, -0.2561798, 1.6124878
9.42717, -0.2753296, 1.5981293
9.397247, -0.2561798, 1.5837708
9.402023, -0.2741394, 1.5610199
9.439133, -0.27174377, 1.5789795
9.423584, -0.27772522, 1.6124878
9.439133, -0.26934814, 1.6460114
9.442734, -0.26815796, 1.5849609
9.40921, -0.25737, 1.6292572
9.393646, -0.26455688, 1.6460114
9.374496, -0.25857544, 1.5993195
9.403229, -0.2561798, 1.6041107
9.406815, -0.26934814, 1.6112976
9.39006, -0.26576233, 1.5909424
9.422379, -0.2741394, 1.6196747
9.423584, -0.252594, 1.6160889
9.431961, -0.27293396, 1.6412201
9.384079, -0.24420166, 1.6795349
9.412811, -0.26815796, 1.6579895
9.417587, -0.2561798, 1.648407
9.410416, -0.27174377, 1.6519928
9.42836, -0.26097107, 1.6400299
9.419983, -0.26216125, 1.632843
9.410416, -0.26455688, 1.6472168
9.441528, -0.25498962, 1.608902
9.457092, -0.27293396, 1.624466
9.423584, -0.26097107, 1.5897522
9.417587, -0.28251648, 1.6388245
9.433151, -0.2669525, 1.6508026
9.435547, -0.24780273, 1.593338
9.417587, -0.2753296, 1.632843
9.410416, -0.27174377, 1.6460114
9.416397, -0.24301147, 1.6400299
9.419983, -0.23223877, 1.6436157
9.400833, -0.24659729, 1.6460114
9.400833, -0.2669525, 1.6519928
9.410416, -0.2753296, 1.6364441
9.418793, -0.2753296, 1.6819305
9.403229, -0.26815796, 1.7046661
9.404419, -0.24182129, 1.711853
9.403229, -0.25378418, 1.6819305
9.457092, -0.2633667, 1.7070618
9.440338, -0.252594, 1.727417
9.429565, -0.25498962, 1.6807251
9.442734, -0.26934814, 1.6519928
9.452301, -0.26216125, 1.6268616
9.434357, -0.25857544, 1.617279
9.405624, -0.28849792, 1.6005249
9.418793, -0.26097107, 1.5634155
9.385269, -0.2454071, 1.5706024
9.342178, -0.25857544, 1.533493
9.381683, -0.22625732, 1.5550385
9.404419, -0.27174377, 1.5682068
9.39006, -0.25378418, 1.6112976
9.416397, -0.23582458, 1.6388245
9.436752, -0.24301147, 1.6747437
9.42717, -0.25737, 1.6508026
9.416397, -0.2633667, 1.6986847
9.392456, -0.25857544, 1.7705078
9.412811, -0.27174377, 1.7310028
9.396042, -0.28370667, 1.6807251
9.3984375, -0.28370667, 1.648407
9.399643, -0.26934814, 1.6496124
9.415192, -0.25138855, 1.6436157
9.434357, -0.25138855, 1.6412201
9.443924, -0.26455688, 1.6316528
9.418793, -0.25976562, 1.6388245
9.439133, -0.24780273, 1.6519928
9.440338, -0.27893066, 1.6400299
9.443924, -0.2861023, 1.6531982
9.445129, -0.28730774, 1.6950989
9.441528, -0.24182129, 1.7022705
9.418793, -0.27772522, 1.632843
9.40921, -0.27893066, 1.6759338
9.400833, -0.26097107, 1.6460114
9.439133, -0.28012085, 1.6017151
9.442734, -0.24780273, 1.572998
9.422379, -0.252594, 1.5550385
9.414001, -0.2753296, 1.5514374
9.411606, -0.25138855, 1.5454559
9.394852, -0.22625732, 1.5514374
9.412811, -0.25019836, 1.5717926
9.424774, -0.24061584, 1.6005249
9.422379, -0.2633667, 1.6160889
9.4379425, -0.28012085, 1.6508026
9.424774, -0.2669525, 1.6759338
9.417587, -0.27174377, 1.703476
9.393646, -0.28970337, 1.7369995
9.454697, -0.28970337, 1.6855164
9.443924, -0.2813263, 1.6364441
9.417587, -0.26934814, 1.6232758
9.373306, -0.25138855, 1.6077118
9.382874, -0.2346344, 1.5610199
9.393646, -0.25737, 1.5598297
9.388855, -0.23822021, 1.5322876
9.385269, -0.24899292, 1.5454559
9.423584, -0.24182129, 1.5825653
9.42598, -0.26934814, 1.6077118
9.424774, -0.26934814, 1.5861511
9.430756, -0.2669525, 1.6184845
9.410416, -0.28370667, 1.6615753
9.392456, -0.252594, 1.6519928
9.403229, -0.25857544, 1.648407
9.394852, -0.25857544, 1.648407
9.396042, -0.24659729, 1.6843262
9.397247, -0.25857544, 1.7022705
9.387665, -0.25857544, 1.6591797
9.393646, -0.27893066, 1.6184845
9.388855, -0.27653503, 1.6352386
9.39006, -0.2561798, 1.6591797
9.414001, -0.24659729, 1.656784
9.42717, -0.2669525, 1.6974945
9.405624, -0.26576233, 1.703476
9.439133, -0.25737, 1.6747437
9.400833, -0.26216125, 1.7178345
9.434357, -0.26815796, 1.7010803
9.419983, -0.26097107, 1.6974945
9.399643, -0.26216125, 1.6699524
9.402023, -0.2741394, 1.6627655
9.435547, -0.296875, 1.6591797
9.422379, -0.27174377, 1.6519928
9.434357, -0.26097107, 1.6041107
9.40802, -0.27053833, 1.5909424
9.394852, -0.26216125, 1.5622101
9.416397, -0.28012085, 1.533493
9.439133, -0.27653503, 1.5478516
9.414001, -0.2753296, 1.5514374
9.40921, -0.26097107, 1.5825653
9.410416, -0.23223877, 1.6017151
9.416397, -0.25737, 1.5981293
9.419983, -0.27174377, 1.6340485
9.441528, -0.3076477, 1.6591797
9.430756, -0.26216125, 1.6316528
9.417587, -0.24899292, 1.6436157
9.406815, -0.26097107, 1.6376343
9.40802, -0.24420166, 1.6124878
9.391251, -0.26934814, 1.5813751
9.3984375, -0.27053833, 1.6364441
9.392456, -0.2561798, 1.608902
9.382874, -0.25019836, 1.5466614
9.40921, -0.252594, 1.5897522
9.393646, -0.25857544, 1.6148834
9.442734, -0.25019836, 1.6041107
9.442734, -0.25019836, 1.6747437
9.434357, -0.26216125, 1.6759338
9.42717, -0.26576233, 1.7190399
9.421188, -0.24420166, 1.7333984
9.423584, -0.25498962, 1.7094574
9.423584, -0.27772522, 1.7190399
9.388855, -0.25138855, 1.742981
9.40802, -0.27053833, 1.7154388
9.393646, -0.26455688, 1.7070618
9.40802, -0.25976562, 1.6903076
9.416397, -0.252594, 1.6735535
9.410416, -0.2849121, 1.6292572
9.399643, -0.27293396, 1.6292572
9.435547, -0.26455688, 1.6472168
9.412811, -0.25976562, 1.6388245
9.39006, -0.2346344, 1.6412201
9.412811, -0.25976562, 1.6388245
9.419983, -0.26815796, 1.6136932
9.429565, -0.2238617, 1.672348
9.417587, -0.26216125, 1.6962891
9.396042, -0.26815796, 1.6771393
9.405624, -0.27053833, 1.7094574
9.410416, -0.24899292, 1.7298126
9.418793, -0.24420166, 1.7166443
9.421188, -0.23582458, 1.7022705
9.3984375, -0.27293396, 1.6699524
9.386475, -0.29089355, 1.6783295
9.410416, -0.25498962, 1.7286072
9.402023, -0.27053833, 1.6950989
9.387665, -0.25498962, 1.6675568
9.380478, -0.23942566, 1.617279
9.380478, -0.22984314, 1.6112976
9.373306, -0.22505188, 1.6280518
9.391251, -0.27653503, 1.593338
9.394852, -0.23942566, 1.6124878
9.416397, -0.24420166, 1.6029205
9.431961, -0.27293396, 1.6352386
9.417587, -0.25976562, 1.6543884
9.379288, -0.2741394, 1.6256561
9.396042, -0.2861023, 1.6627655
9.439133, -0.25857544, 1.6891022
9.42717, -0.30526733, 1.672348
9.399643, -0.26576233, 1.656784
9.396042, -0.24301147, 1.6579895
9.411606, -0.28730774, 1.6831207
9.411606, -0.28370667, 1.6843262
9.42717, -0.26576233, 1.6508026
9.384079, -0.28251648, 1.624466
9.40802, -0.26934814, 1.6364441
9.405624, -0.2633667, 1.6304474
9.397247, -0.25498962, 1.6400299
9.424774, -0.2561798, 1.656784
9.419983, -0.26216125, 1.6555939
9.392456, -0.29328918, 1.6220703
9.422379, -0.28012085, 1.648407
9.406815, -0.27174377, 1.663971
9.42717, -0.2813263, 1.6711578
9.414001, -0.2753296, 1.6292572
9.400833, -0.26097107, 1.6304474
9.440338, -0.28012085, 1.6496124
9.447525, -0.29328918, 1.6041107
9.421188, -0.2813263, 1.6196747
9.433151, -0.2741394, 1.6460114
9.441528, -0.27053833, 1.6543884
9.4379425, -0.26455688, 1.6531982
9.457092, -0.2849121, 1.6819305
9.42598, -0.2861023, 1.6759338
9.4379425, -0.25737, 1.6651611
9.42598, -0.28251648, 1.6412201
9.423584, -0.26576233, 1.6627655
9.435547, -0.27653503, 1.6400299
9.42836, -0.2861023, 1.6651611
9.399643, -0.2669525, 1.6256561
9.431961, -0.26576233, 1.632843
9.410416, -0.25138855, 1.6591797
9.396042, -0.25019836, 1.6017151
9.404419, -0.28012085, 1.6232758
9.411606, -0.27174377, 1.5909424
9.382874, -0.29328918, 1.6256561
9.415192, -0.26815796, 1.6053162
9.445129, -0.23223877, 1.6388245
9.411606, -0.24182129, 1.6053162
9.393646, -0.27053833, 1.6388245
9.422379, -0.23103333, 1.7082672
9.42836, -0.22265625, 1.6927032
9.463089, -0.26576233, 1.6747437
9.411606, -0.252594, 1.6519928
9.40921, -0.2633667, 1.6232758
9.40921, -0.29808044, 1.5921478
9.441528, -0.26576233, 1.5849609
9.429565, -0.26455688, 1.5454559
9.394852, -0.27293396, 1.5346832
9.39006, -0.2633667, 1.5095367
9.430756, -0.2669525, 1.4784241
9.424774, -0.26576233, 1.5167236
9.44632, -0.25138855, 1.5418701
9.449921, -0.22625732, 1.5574341
9.445129, -0.25019836, 1.5897522
9.429565, -0.22744751, 1.5993195
9.419983, -0.23103333, 1.6053162
9.387665, -0.24182129, 1.6519928
9.418793, -0.23342896, 1.6675568
9.42598, -0.23942566, 1.6759338
9.419983, -0.28370667, 1.6531982
9.42836, -0.29808044, 1.648407
9.451111, -0.2753296, 1.6424255
9.443924, -0.26576233, 1.6807251
9.419983, -0.24420166, 1.6555939
9.445129, -0.22865295, 1.6663666
9.416397, -0.22625732, 1.6903076
9.421188, -0.25498962, 1.6807251
9.42836, -0.24182129, 1.6519928
9.453506, -0.2633667, 1.6519928
9.430756, -0.26097107, 1.6867218
9.42598, -0.23582458, 1.6543884
9.42717, -0.2633667, 1.656784
9.396042, -0.2753296, 1.617279
9.394852, -0.28012085, 1.593338
9.385269, -0.2454071, 1.577774
9.391251, -0.24061584, 1.577774
9.414001, -0.26576233, 1.5131378
9.3984375, -0.28370667, 1.490387
9.400833, -0.24899292, 1.4855957
9.40802, -0.23822021, 1.5083466
9.429565, -0.23103333, 1.4879913
9.40921, -0.22865295, 1.5047607
9.4379425, -0.22265625, 1.5550385
9.417587, -0.24182129, 1.6124878
9.441528, -0.26455688, 1.608902
9.402023, -0.23103333, 1.6519928
9.400833, -0.26815796, 1.6938934
9.454697, -0.2861023, 1.7010803
9.460693, -0.292099, 1.6747437
9.449921, -0.26097107, 1.6663666
9.419983, -0.27653503, 1.6687622
9.421188, -0.27053833, 1.656784
9.396042, -0.27053833, 1.6352386
9.430756, -0.24301147, 1.5801697
9.405624, -0.2166748, 1.5478516
9.4379425, -0.23342896, 1.5418701
9.458298, -0.24659729, 1.5682068
9.419983, -0.26216125, 1.5813751
9.405624, -0.28012085, 1.5969391
9.436752, -0.2849121, 1.5622101
9.442734, -0.30526733, 1.5957336
9.415192, -0.3040619, 1.6256561
9.440338, -0.28730774, 1.6519928
9.416397, -0.28730774, 1.663971
9.421188, -0.2633667, 1.656784
9.445129, -0.26815796, 1.6531982
9.453506, -0.27174377, 1.6627655
9.436752, -0.28849792, 1.6496124
9.433151, -0.26576233, 1.6376343
9.430756, -0.2861023, 1.6340485
9.441528, -0.28370667, 1.6340485
9.415192, -0.28012085, 1.6065063
9.419983, -0.26576233, 1.5849609
9.400833, -0.25976562, 1.5945435
9.40921, -0.26216125, 1.6268616
9.424774, -0.28012085, 1.6184845
9.399643, -0.2861023, 1.6148834
9.396042, -0.27772522, 1.6053162
9.419983, -0.26216125, 1.5801697
9.416397, -0.27893066, 1.5490417
9.430756, -0.26216125, 1.5921478
9.419983, -0.25498962, 1.593338
9.382874, -0.27653503, 1.5430603
9.429565, -0.2669525, 1.6065063
9.39006, -0.3040619, 1.5909424
9.429565, -0.29328918, 1.5885468
9.42836, -0.26216125, 1.5837708
9.394852, -0.2633667, 1.624466
9.402023, -0.24899292, 1.6304474
9.429565, -0.2849121, 1.6627655
9.436752, -0.27893066, 1.6519928
9.40921, -0.26455688, 1.6579895
9.433151, -0.26934814, 1.6615753
9.411606, -0.296875, 1.6400299
9.40802, -0.28251648, 1.6555939
9.435547, -0.25737, 1.6699524
9.436752, -0.2753296, 1.6699524
9.433151, -0.28730774, 1.6843262
9.419983, -0.2861023, 1.663971
9.42836, -0.28251648, 1.6364441
9.433151, -0.25138855, 1.5993195
9.44632, -0.28012085, 1.6208801
9.393646, -0.26815796, 1.5885468
9.391251, -0.2561798, 1.5969391
9.433151, -0.26097107, 1.6148834
9.418793, -0.2633667, 1.648407
9.421188, -0.24780273, 1.6424255
9.412811, -0.2753296, 1.6615753
9.416397, -0.24899292, 1.7166443
9.419983, -0.25857544, 1.7286072
9.424774, -0.30526733, 1.6831207
9.400833, -0.28012085, 1.6974945
9.42598, -0.26576233, 1.6603851
9.442734, -0.26216125, 1.7082672
9.433151, -0.27293396, 1.6974945
9.403229, -0.2753296, 1.6986847
9.396042, -0.25976562, 1.6711578
9.412811, -0.23942566, 1.6891022
9.386475, -0.2346344, 1.6603851
9.416397, -0.24780273, 1.6579895
9.42598, -0.27772522, 1.6364441
9.40921, -0.28251648, 1.6340485
9.42836, -0.2741394, 1.6543884
9.435547, -0.2753296, 1.6304474
9.419983, -0.27053833, 1.6579895
9.412811, -0.2813263, 1.6053162
9.42717, -0.28730774, 1.6136932
9.400833, -0.29089355, 1.5981293
9.417587, -0.2669525, 1.6017151
9.411606, -0.26216125, 1.5837708
9.402023, -0.29328918, 1.6053162
9.42836, -0.26097107, 1.648407
9.416397, -0.23582458, 1.5909424
9.418793, -0.2561798, 1.5861511
9.39006, -0.27893066, 1.5646057
9.424774, -0.292099, 1.6388245
9.412811, -0.25976562, 1.6280518
9.386475, -0.23703003, 1.6496124
9.405624, -0.2561798, 1.6771393
9.416397, -0.2741394, 1.6759338
9.416397, -0.25138855, 1.6519928
9.42836, -0.27174377, 1.624466
9.415192, -0.28849792, 1.6292572
9.405624, -0.28730774, 1.577774
9.410416, -0.29808044, 1.5430603
9.406815, -0.27893066, 1.553833
9.381683, -0.296875, 1.5035553
9.412811, -0.2561798, 1.5179291
9.424774, -0.24659729, 1.5717926
9.422379, -0.23582458, 1.529892
9.403229, -0.24182129, 1.538269
9.384079, -0.25138855, 1.5550385
9.378082, -0.22865295, 1.5430603
9.388855, -0.22146606, 1.5873566
9.382874, -0.25138855, 1.617279
9.406815, -0.25019836, 1.6041107
9.4379425, -0.23582458, 1.6735535
9.472656, -0.26097107, 1.7190399
9.498993, -0.2849121, 1.7262268
9.4774475, -0.296875, 1.7884674
9.479843, -0.2849121, 1.8052216
9.454697, -0.2753296, 1.8243866
9.404419, -0.26576233, 1.8195953
9.392456, -0.25019836, 1.8100128
9.391251, -0.22505188, 1.790863
9.361328, -0.24659729, 1.7393951
9.373306, -0.2741394, 1.7058716
9.403229, -0.25498962, 1.6591797
9.44632, -0.27174377, 1.672348
9.4379425, -0.29927063, 1.632843
9.460693, -0.3028717, 1.5682068
9.445129, -0.29089355, 1.5885468
9.435547, -0.28012085, 1.5586243
9.415192, -0.2741394, 1.6041107
9.430756, -0.27772522, 1.6053162
9.396042, -0.2753296, 1.5753784
9.40921, -0.26934814, 1.5789795
9.397247, -0.2166748, 1.6208801
9.406815, -0.21786499, 1.6268616
9.391251, -0.22026062, 1.6220703
9.399643, -0.23703003, 1.6663666
9.441528, -0.22984314, 1.663971
9.421188, -0.23223877, 1.6651611
9.435547, -0.26455688, 1.7202301
9.433151, -0.26455688, 1.7393951
9.442734, -0.29808044, 1.7310028
9.42836, -0.31124878, 1.7465668
9.434357, -0.29927063, 1.7441711
9.436752, -0.24899292, 1.7489624
9.421188, -0.23582458, 1.6771393
9.374496, -0.24182129, 1.6555939
9.39006, -0.23703003, 1.6376343
9.387665, -0.252594, 1.6220703
9.381683, -0.21188354, 1.5957336
9.380478, -0.252594, 1.5885468
9.385269, -0.2753296, 1.6065063
9.410416, -0.28012085, 1.5993195
9.448715, -0.292099, 1.5897522
9.447525, -0.29328918, 1.6388245
9.460693, -0.28970337, 1.6352386
9.439133, -0.26097107, 1.6759338
9.42598, -0.26455688, 1.6974945
9.405624, -0.25737, 1.7058716
9.414001, -0.26934814, 1.7453766
9.423584, -0.24420166, 1.7417755
9.422379, -0.22865295, 1.7346039
9.452301, -0.24899292, 1.7010803
9.436752, -0.27293396, 1.7381897
9.42836, -0.2454071, 1.7214355
9.449921, -0.26455688, 1.6831207
9.42717, -0.25737, 1.6651611
9.418793, -0.2753296, 1.6364441
9.3984375, -0.28012085, 1.6292572
9.423584, -0.28849792, 1.5945435
9.422379, -0.27653503, 1.617279
9.404419, -0.24061584, 1.6124878
9.392456, -0.25498962, 1.5526428
9.396042, -0.24899292, 1.538269
9.40802, -0.26097107, 1.5418701
9.42717, -0.26576233, 1.533493
9.418793, -0.26216125, 1.5610199
9.415192, -0.27174377, 1.5682068
9.424774, -0.25498962, 1.608902
9.40802, -0.23223877, 1.5873566
9.414001, -0.24899292, 1.6017151
9.443924, -0.23103333, 1.6448212
9.421188, -0.22625732, 1.6304474
9.385269, -0.25019836, 1.6472168
9.402023, -0.26576233, 1.648407
9.39006, -0.26097107, 1.6579895
9.405624, -0.25378418, 1.6280518
9.392456, -0.252594, 1.6388245
9.42836, -0.25737, 1.5981293
9.422379, -0.28251648, 1.6160889
9.403229, -0.25378418, 1.6208801
9.42836, -0.24301147, 1.5322876
9.439133, -0.22505188, 1.5873566
9.410416, -0.24420166, 1.6101074
9.39006, -0.2633667, 1.6077118
9.442734, -0.2741394, 1.6460114
9.418793, -0.27893066, 1.6627655
9.417587, -0.2956848, 1.6938934
9.414001, -0.2753296, 1.6974945
9.421188, -0.26097107, 1.6771393
9.421188, -0.27174377, 1.6974945
9.421188, -0.28370667, 1.672348
9.402023, -0.24780273, 1.6508026
9.403229, -0.25378418, 1.6699524
9.42717, -0.24780273, 1.6448212
9.42598, -0.24659729, 1.6735535
9.430756, -0.26815796, 1.703476
9.410416, -0.2669525, 1.6687622
9.40802, -0.2561798, 1.6352386
9.391251, -0.27772522, 1.6496124
9.410416, -0.24659729, 1.6771393
9.406815, -0.23342896, 1.6807251
9.392456, -0.252594, 1.6855164
9.417587, -0.23223877, 1.6268616
9.430756, -0.21188354, 1.6376343
9.418793, -0.26216125, 1.5801697
9.440338, -0.27653503, 1.5837708
9.452301, -0.23822021, 1.6124878
9.430756, -0.27053833, 1.6136932
9.416397, -0.26815796, 1.6112976
9.440338, -0.2561798, 1.6579895
9.439133, -0.26097107, 1.6436157
9.430756, -0.24301147, 1.6675568
9.414001, -0.2346344, 1.6651611
9.418793, -0.26576233, 1.624466
9.415192, -0.252594, 1.6268616
9.396042, -0.24061584, 1.5478516
9.397247, -0.2561798, 1.5622101
9.399643, -0.25976562, 1.5586243
9.414001, -0.26216125, 1.569397
9.441528, -0.26455688, 1.538269
9.422379, -0.26815796, 1.5646057
9.416397, -0.2454071, 1.5993195
9.394852, -0.2633667, 1.6184845
9.403229, -0.2669525, 1.6531982
9.422379, -0.26097107, 1.6747437
9.400833, -0.25857544, 1.6436157
9.394852, -0.26097107, 1.6615753
9.391251, -0.24182129, 1.6831207
9.434357, -0.24780273, 1.6795349
9.397247, -0.2346344, 1.7010803
9.430756, -0.24899292, 1.6903076
9.411606, -0.25138855, 1.648407
9.415192, -0.25976562, 1.6292572
9.406815, -0.24659729, 1.6699524
9.40802, -0.2669525, 1.648407
9.393646, -0.28012085, 1.6364441
9.417587, -0.24182129, 1.6304474
9.400833, -0.24061584, 1.6508026
9.411606, -0.2741394, 1.6472168
9.430756, -0.26216125, 1.6603851
9.42836, -0.2861023, 1.6867218
9.40921, -0.28012085, 1.6747437
9.410416, -0.252594, 1.672348
9.418793, -0.2741394, 1.7405853
9.394852, -0.26934814, 1.7190399
9.400833, -0.22744751, 1.6831207
9.3984375, -0.26934814, 1.7166443
9.402023, -0.24659729, 1.6831207
9.40921, -0.24780273, 1.6747437
9.400833, -0.2669525, 1.6771393
9.430756, -0.26216125, 1.6543884
9.419983, -0.26815796, 1.672348
9.421188, -0.27772522, 1.6508026
9.403229, -0.26934814, 1.6543884
9.415192, -0.26934814, 1.6591797
9.405624, -0.2561798, 1.6651611
9.414001, -0.26097107, 1.6687622
9.40802, -0.252594, 1.6986847
9.378082, -0.2454071, 1.6843262
9.412811, -0.24780273, 1.6831207
9.424774, -0.27653503, 1.6496124
9.404419, -0.26815796, 1.703476
9.424774, -0.23103333, 1.687912
9.435547, -0.2669525, 1.7154388
9.397247, -0.27053833, 1.6771393
9.423584, -0.27053833, 1.6759338
9.44632, -0.26934814, 1.6747437
9.434357, -0.24780273, 1.6807251
9.42717, -0.25019836, 1.7178345
9.405624, -0.25857544, 1.7082672
9.397247, -0.2849121, 1.6855164
9.402023, -0.2561798, 1.6819305
9.381683, -0.2956848, 1.7010803
9.3984375, -0.27293396, 1.7202301
9.42598, -0.2669525, 1.6962891
9.434357, -0.26097107, 1.7190399
9.392456, -0.252594, 1.7525482
9.388855, -0.28012085, 1.6831207
9.419983, -0.28970337, 1.6711578
9.400833, -0.292099, 1.6927032
9.396042, -0.2346344, 1.7082672
9.419983, -0.20948792, 1.7082672
9.416397, -0.2669525, 1.6831207
9.415192, -0.2561798, 1.6508026
9.411606, -0.2861023, 1.6711578
9.419983, -0.24061584, 1.6783295
9.42836, -0.26097107, 1.6699524
9.414001, -0.28012085, 1.672348
9.421188, -0.25737, 1.6220703
9.402023, -0.26576233, 1.6591797
9.399643, -0.26216125, 1.6508026
9.415192, -0.23703003, 1.6579895
9.423584, -0.22984314, 1.7310028
9.380478, -0.23103333, 1.7453766
9.36731, -0.22625732, 1.7633362
9.404419, -0.23942566, 1.751358
9.411606, -0.23942566, 1.7549438
9.440338, -0.25976562, 1.7788849
9.451111, -0.27653503, 1.7657166
9.421188, -0.2813263, 1.7573395
9.40802, -0.2861023, 1.6927032
9.447525, -0.28970337, 1.6783295
9.42717, -0.25857544, 1.6400299
9.402023, -0.2454071, 1.6927032
9.385269, -0.23822021, 1.703476
9.384079, -0.1951294, 1.7190399
9.387665, -0.21069336, 1.6735535
9.366119, -0.2238617, 1.6914978
9.412811, -0.22265625, 1.6903076
9.405624, -0.24780273, 1.7238312
9.418793, -0.27293396, 1.7226257
9.443924, -0.28370667, 1.7226257
9.416397, -0.28849792, 1.7573395
9.412811, -0.2813263, 1.7717133
9.400833, -0.24899292, 1.790863
9.397247, -0.28849792, 1.7932587
9.405624, -0.27772522, 1.7836761
9.40802, -0.23223877, 1.7693176
9.391251, -0.2238617, 1.8052216
9.388855, -0.22865295, 1.7681122
9.361328, -0.24420166, 1.7776947
9.372101, -0.23342896, 1.7920532
9.340973, -0.25138855, 1.782486
9.369705, -0.252594, 1.7788849
9.362518, -0.26216125, 1.751358
9.392456, -0.25138855, 1.7812805
9.382874, -0.2813263, 1.7717133
9.404419, -0.30047607, 1.7405853
9.4379425, -0.29089355, 1.7573395
9.424774, -0.28012085, 1.8076172
9.435547, -0.26216125, 1.7633362
9.415192, -0.29447937, 1.7860718
9.429565, -0.25976562, 1.7980499
9.405624, -0.252594, 1.7980499
9.362518, -0.25737, 1.8255768
9.363724, -0.23942566, 1.8016357
9.379288, -0.24780273, 1.8602905
9.362518, -0.26576233, 1.8638916
9.381683, -0.2346344, 1.8662872
9.382874, -0.23103333, 1.9045868
9.403229, -0.25857544, 1.9189453
9.391251, -0.24182129, 1.9536743
9.392456, -0.27174377, 1.9859924
9.405624, -0.252594, 1.9728241
9.411606, -0.25138855, 1.9943695
9.3984375, -0.25378418, 1.984787
9.40802, -0.25019836, 1.9632416
9.429565, -0.2741394, 1.945282
9.410416, -0.28012085, 1.921341
9.429565, -0.28370667, 1.8471222
9.424774, -0.26576233, 1.8351593
9.414001, -0.2753296, 1.8016357
9.40921, -0.25976562, 1.7465668
9.404419, -0.2561798, 1.727417
9.369705, -0.24061584, 1.6579895
9.354141, -0.25138855, 1.648407
9.355347, -0.2346344, 1.5945435
9.32901, -0.22625732, 1.6005249
9.339783, -0.25498962, 1.5466614
9.368515, -0.24061584, 1.5610199
9.42836, -0.25378418, 1.572998
9.42598, -0.2956848, 1.5825653
9.394852, -0.2956848, 1.5801697
9.411606, -0.30047607, 1.6160889
9.439133, -0.25498962, 1.6759338
9.433151, -0.2669525, 1.7357941
9.417587, -0.26455688, 1.7872772
9.402023, -0.27053833, 1.7920532
9.410416, -0.27772522, 1.8315582
9.445129, -0.26934814, 1.8543091
9.439133, -0.2741394, 1.8375549
9.412811, -0.31004333, 1.8183899
9.422379, -0.28251648, 1.8052216
9.418793, -0.2849121, 1.7381897
9.399643, -0.2633667, 1.6795349
9.387665, -0.28970337, 1.6627655
9.372101, -0.28730774, 1.6220703
9.381683, -0.2633667, 1.5706024
9.394852, -0.28012085, 1.5406647
9.415192, -0.292099, 1.4820099
9.3984375, -0.28849792, 1.5263062
9.442734, -0.31843567, 1.4915924
9.434357, -0.3148346, 1.5011597
9.417587, -0.31723022, 1.4963837
9.419983, -0.28730774, 1.553833
9.431961, -0.27893066, 1.5706024
9.441528, -0.2849121, 1.6065063
9.415192, -0.26576233, 1.6388245
9.405624, -0.2669525, 1.6783295
9.441528, -0.25737, 1.6891022
9.417587, -0.26216125, 1.6903076
9.414001, -0.26815796, 1.7681122
9.406815, -0.2561798, 1.7645264
9.376892, -0.27653503, 1.7465668
9.385269, -0.27893066, 1.7645264
9.397247, -0.26934814, 1.7381897
9.405624, -0.24899292, 1.7381897
9.406815, -0.25857544, 1.7489624
9.417587, -0.25737, 1.6962891
9.436752, -0.25378418, 1.6699524
9.435547, -0.25976562, 1.6627655
9.415192, -0.2741394, 1.6579895
9.40921, -0.2849121, 1.656784
9.42717, -0.26815796, 1.6268616
9.40802, -0.25378418, 1.6412201
9.380478, -0.25378418, 1.632843
9.403229, -0.28012085, 1.6699524
9.399643, -0.21069336, 1.6412201
9.399643, -0.21786499, 1.7082672
9.406815, -0.23582458, 1.7238312
9.410416, -0.25138855, 1.7238312
9.391251, -0.24182129, 1.8160095
9.40921, -0.2669525, 1.806427
9.429565, -0.2633667, 1.8195953
9.406815, -0.2669525, 1.8124084
9.387665, -0.25498962, 1.7765045
9.382874, -0.26815796, 1.7848816
9.402023, -0.29447937, 1.7836761
9.394852, -0.28251648, 1.742981
9.42598, -0.26216125, 1.7956543
9.404419, -0.25138855, 1.7609406
9.42598, -0.2813263, 1.7346039
9.417587, -0.252594, 1.7417755
9.410416, -0.25138855, 1.7549438
9.415192, -0.24182129, 1.7549438
9.417587, -0.24899292, 1.7693176
9.376892, -0.25976562, 1.845932
9.384079, -0.28012085, 1.8148041
9.411606, -0.27893066, 1.8483276
9.424774, -0.26455688, 1.8243866
9.384079, -0.26815796, 1.8375549
9.385269, -0.2753296, 1.8531189
9.394852, -0.28730774, 1.8363495
9.397247, -0.25378418, 1.8100128
9.393646, -0.26815796, 1.8351593
9.414001, -0.25498962, 1.7585449
9.405624, -0.22265625, 1.7549438
9.369705, -0.22744751, 1.7765045
9.379288, -0.23103333, 1.7393951
9.42598, -0.22026062, 1.7501678
9.443924, -0.23582458, 1.7944489
9.394852, -0.2454071, 1.7752991
9.416397, -0.24899292, 1.7525482
9.42598, -0.23703003, 1.7944489
9.414001, -0.24420166, 1.7968445
9.392456, -0.2956848, 1.8171997
9.387665, -0.26815796, 1.8531189
9.421188, -0.26216125, 1.7968445
9.412811, -0.24182129, 1.8100128
9.376892, -0.2741394, 1.782486
9.397247, -0.28370667, 1.7573395
9.414001, -0.27893066, 1.7525482
9.421188, -0.26576233, 1.6962891
9.40921, -0.26216125, 1.7070618
9.402023, -0.25019836, 1.6579895
9.381683, -0.25138855, 1.6280518
9.404419, -0.23582458, 1.6352386
9.394852, -0.23822021, 1.6843262
9.386475, -0.26815796, 1.7142487
9.412811, -0.26216125, 1.7070618
9.406815, -0.25976562, 1.711853
9.4379425, -0.30885315, 1.7537537
9.415192, -0.28251648, 1.7501678
9.403229, -0.26216125, 1.8052216
9.418793, -0.29328918, 1.8351593
9.414001, -0.30166626, 1.8016357
9.416397, -0.29328918, 1.7752991
9.455902, -0.29328918, 1.7250214
9.423584, -0.28370667, 1.6938934
9.3984375, -0.27772522, 1.6938934
9.419983, -0.28251648, 1.663971
9.394852, -0.26934814, 1.6687622
9.415192, -0.29089355, 1.6819305
9.430756, -0.292099, 1.656784
9.445129, -0.26815796, 1.6531982
9.397247, -0.26097107, 1.6675568
9.441528, -0.23582458, 1.6735535
9.40921, -0.25019836, 1.7633362
9.370911, -0.22146606, 1.7369995
9.381683, -0.25976562, 1.7154388
9.376892, -0.29089355, 1.7202301
9.379288, -0.28370667, 1.6747437
9.393646, -0.2561798, 1.6208801
9.396042, -0.26576233, 1.5897522
9.40802, -0.25737, 1.577774
9.40921, -0.2633667, 1.6112976
9.441528, -0.27293396, 1.6184845
9.465469, -0.24061584, 1.6675568
9.461884, -0.26216125, 1.7142487
9.454697, -0.26455688, 1.7381897
9.442734, -0.27293396, 1.7369995
9.453506, -0.28370667, 1.7238312
9.441528, -0.25019836, 1.7262268
9.411606, -0.25857544, 1.7381897
9.39006, -0.26576233, 1.7262268
9.386475, -0.23342896, 1.7549438
9.349365, -0.22146606, 1.7381897
9.369705, -0.19992065, 1.7262268
9.382874, -0.19752502, 1.7333984
9.384079, -0.22265625, 1.7465668
9.404419, -0.24182129, 1.7214355
9.402023, -0.21308899, 1.687912
9.360138, -0.23223877, 1.7142487
9.386475, -0.24301147, 1.7525482
9.387665, -0.21308899, 1.6938934
9.396042, -0.2454071, 1.6783295
9.374496, -0.25498962, 1.7046661
9.424774, -0.27053833, 1.7082672
9.419983, -0.2669525, 1.7310028
9.436752, -0.25019836, 1.7250214
9.406815, -0.23223877, 1.7022705
9.384079, -0.22865295, 1.7501678
9.382874, -0.23942566, 1.742981
9.402023, -0.22026062, 1.7333984
9.419983, -0.24659729, 1.7477722
9.415192, -0.26576233, 1.7357941
9.452301, -0.25976562, 1.7501678
9.4379425, -0.25498962, 1.7573395
9.405624, -0.2454071, 1.7298126
9.411606, -0.27293396, 1.7106628
9.42717, -0.24780273, 1.7154388
9.439133, -0.25857544, 1.7417755
9.40921, -0.25737, 1.7058716
9.414001, -0.26455688, 1.6579895
9.40802, -0.2454071, 1.6651611
9.400833, -0.24659729, 1.632843
9.402023, -0.27893066, 1.6424255
9.362518, -0.2633667, 1.6101074
9.396042, -0.26815796, 1.608902
9.414001, -0.25019836, 1.6603851
9.406815, -0.25378418, 1.5909424
9.386475, -0.23942566, 1.6292572
9.393646, -0.23103333, 1.6280518
9.3984375, -0.23223877, 1.6627655
9.362518, -0.23822021, 1.6747437
9.419983, -0.2813263, 1.7010803
9.434357, -0.25498962, 1.7238312
9.424774, -0.2813263, 1.7238312
9.419983, -0.2669525, 1.7346039
9.423584, -0.26216125, 1.7010803
9.412811, -0.24899292, 1.6927032
9.442734, -0.22865295, 1.6687622
9.403229, -0.23223877, 1.6591797
9.404419, -0.22984314, 1.6651611
9.429565, -0.26097107, 1.6531982
9.39006, -0.22026062, 1.6424255
9.379288, -0.23582458, 1.6436157
9.404419, -0.25019836, 1.6077118
9.402023, -0.30047607, 1.6065063
9.416397, -0.2633667, 1.5753784
9.424774, -0.30166626, 1.577774
9.414001, -0.31124878, 1.6005249
9.435547, -0.2849121, 1.624466
9.455902, -0.28849792, 1.5981293
9.430756, -0.27174377, 1.6340485
9.424774, -0.26576233, 1.6711578
9.458298, -0.25737, 1.6603851
9.439133, -0.25857544, 1.6771393
9.423584, -0.2633667, 1.7226257
9.3984375, -0.23582458, 1.7190399
9.404419, -0.23103333, 1.7561493
9.429565, -0.22744751, 1.7226257
9.385269, -0.23822021, 1.6950989
9.366119, -0.2454071, 1.6914978
9.399643, -0.24899292, 1.6807251
9.376892, -0.2454071, 1.6771393
9.374496, -0.26097107, 1.6496124
9.412811, -0.2753296, 1.608902
9.399643, -0.27653503, 1.5789795
9.375687, -0.25378418, 1.577774
9.393646, -0.2861023, 1.569397
9.42836, -0.28849792, 1.5598297
9.42598, -0.26097107, 1.5610199
9.40921, -0.25737, 1.5586243
9.441528, -0.26097107, 1.5658112
9.452301, -0.28012085, 1.6292572
9.452301, -0.26934814, 1.6543884
9.431961, -0.25737, 1.6986847
9.436752, -0.24182129, 1.6627655
9.440338, -0.2454071, 1.703476
9.430756, -0.22865295, 1.7525482
9.424774, -0.24420166, 1.766922
9.405624, -0.252594, 1.7645264
9.404419, -0.23342896, 1.7381897
9.414001, -0.24301147, 1.7549438
9.402023, -0.25737, 1.7597351
9.36731, -0.2166748, 1.7178345
9.419983, -0.25498962, 1.7381897
9.410416, -0.27772522, 1.7441711
9.380478, -0.27653503, 1.7046661
9.366119, -0.24182129, 1.6938934
9.392456, -0.25976562, 1.656784
9.400833, -0.25138855, 1.6148834
9.422379, -0.24301147, 1.632843
9.40921, -0.24420166, 1.5969391
9.418793, -0.27053833, 1.6005249
9.42717, -0.27653503, 1.6208801
9.418793, -0.26576233, 1.6220703
9.442734, -0.24061584, 1.6316528
9.445129, -0.25857544, 1.6292572
9.415192, -0.23942566, 1.6903076
9.414001, -0.20948792, 1.6663666
9.419983, -0.1951294, 1.7142487
9.387665, -0.24061584, 1.7812805
9.418793, -0.24182129, 1.7537537
9.415192, -0.2561798, 1.7705078
9.394852, -0.22265625, 1.751358
9.403229, -0.26097107, 1.7788849
9.3984375, -0.25857544, 1.7932587
9.423584, -0.25378418, 1.7992401
9.42836, -0.22265625, 1.7381897
9.385269, -0.23822021, 1.7369995
9.378082, -0.22146606, 1.7166443
9.375687, -0.19992065, 1.7238312
9.393646, -0.20350647, 1.648407
9.3589325, -0.21786499, 1.6496124
9.376892, -0.23582458, 1.6184845
9.404419, -0.27772522, 1.569397
9.400833, -0.2669525, 1.5562286
9.375687, -0.25138855, 1.5083466
9.3589325, -0.23223877, 1.5083466
9.388855, -0.23942566, 1.4652557
9.414001, -0.252594, 1.5478516
9.421188, -0.24899292, 1.6400299
9.421188, -0.2454071, 1.7010803
9.457092, -0.2849121, 1.7681122
9.439133, -0.27174377, 1.790863
9.503784, -0.28730774, 1.8950043
9.527725, -0.30166626, 1.9345093
9.536102, -0.31004333, 1.8986053
9.472656, -0.3148346, 1.9045868
9.388855, -0.29447937, 1.8554993
9.36731, -0.23223877, 1.790863
9.361328, -0.18435669, 1.7633362
9.3194275, -0.15802002, 1.7250214
9.31105, -0.18075562, 1.6687622
9.354141, -0.22865295, 1.6543884
9.349365, -0.22505188, 1.6364441
9.385269, -0.21188354, 1.5741882
9.376892, -0.27772522, 1.6292572
9.397247, -0.27893066, 1.6041107
9.403229, -0.2561798, 1.6017151
9.417587, -0.2813263, 1.6579895
9.459488, -0.25378418, 1.6855164
9.435547, -0.24182129, 1.7154388
9.424774, -0.2669525, 1.7417755
9.417587, -0.25976562, 1.7501678
9.419983, -0.25019836, 1.7741089
9.397247, -0.2166748, 1.8148041
9.378082, -0.2166748, 1.8662872
9.384079, -0.23103333, 1.8423309
9.42598, -0.23223877, 1.8136139
9.442734, -0.20948792, 1.8638916
9.42836, -0.23223877, 1.869873
9.4379425, -0.2454071, 1.8554993
9.421188, -0.2741394, 1.8471222
9.404419, -0.28970337, 1.821991
9.422379, -0.292099, 1.7992401
9.434357, -0.28730774, 1.7717133
9.411606, -0.2669525, 1.7932587
9.417587, -0.26576233, 1.7717133
9.418793, -0.26576233, 1.7142487
9.436752, -0.26455688, 1.7082672
9.440338, -0.24780273, 1.6867218
9.400833, -0.27772522, 1.6364441
9.406815, -0.25737, 1.6005249
9.405624, -0.23582458, 1.572998
9.40921, -0.22265625, 1.6472168
9.374496, -0.20829773, 1.6663666
9.354141, -0.25378418, 1.6735535
9.42717, -0.2741394, 1.7357941
9.418793, -0.25498962, 1.7357941
9.3984375, -0.27174377, 1.7729034
9.435547, -0.29089355, 1.8255768
9.439133, -0.28730774, 1.8375549
9.40802, -0.27772522, 1.8100128
9.40802, -0.24659729, 1.8160095
9.406815, -0.23942566, 1.7633362
9.3589325, -0.23942566, 1.7537537
9.361328, -0.2561798, 1.6986847
9.380478, -0.2454071, 1.7214355
9.405624, -0.1951294, 1.6699524
9.394852, -0.25019836, 1.6340485
9.376892, -0.27653503, 1.624466
9.422379, -0.26934814, 1.6077118
9.42598, -0.26576233, 1.6280518
9.424774, -0.24780273, 1.6496124
9.429565, -0.25019836, 1.6268616
9.433151, -0.27174377, 1.624466
9.397247, -0.292099, 1.6807251
9.419983, -0.27174377, 1.7154388
9.448715, -0.25857544, 1.7202301
9.424774, -0.28251648, 1.7333984
9.40921, -0.27893066, 1.7190399
9.417587, -0.26815796, 1.766922
9.42598, -0.25138855, 1.7788849
9.451111, -0.24780273, 1.7752991
9.424774, -0.27653503, 1.7525482
9.418793, -0.27293396, 1.7681122
9.385269, -0.22744751, 1.7333984
9.424774, -0.23822021, 1.7453766
9.399643, -0.25737, 1.7573395
9.415192, -0.26097107, 1.766922
9.397247, -0.23703003, 1.727417
9.396042, -0.20709229, 1.7693176
9.418793, -0.2238617, 1.7609406
9.42598, -0.28012085, 1.7346039
9.419983, -0.27772522, 1.7968445
9.422379, -0.25857544, 1.7178345
9.397247, -0.2561798, 1.7238312
9.403229, -0.24182129, 1.7238312
9.406815, -0.20350647, 1.7489624
9.42717, -0.2346344, 1.7369995
9.40802, -0.23822021, 1.7106628
9.381683, -0.21427917, 1.7106628
9.384079, -0.2346344, 1.7298126
9.380478, -0.25737, 1.7250214
9.416397, -0.24182129, 1.7477722
9.418793, -0.25498962, 1.7573395
9.415192, -0.27053833, 1.782486
9.40921, -0.252594, 1.7465668
9.42717, -0.22625732, 1.7884674
9.430756, -0.24061584, 1.7872772
9.39006, -0.23582458, 1.821991
9.382874, -0.22744751, 1.8112183
9.430756, -0.21069336, 1.7932587
9.410416, -0.24182129, 1.7729034
9.384079, -0.2166748, 1.7992401
9.392456, -0.22865295, 1.830368
9.400833, -0.2346344, 1.8004456
9.400833, -0.20709229, 1.7932587
9.380478, -0.25498962, 1.8136139
9.397247, -0.24061584, 1.7369995
9.392456, -0.2059021, 1.7226257
9.394852, -0.25019836, 1.7346039
9.392456, -0.22984314, 1.711853
9.419983, -0.26097107, 1.6938934
9.447525, -0.23703003, 1.6974945
9.388855, -0.25019836, 1.6855164
9.379288, -0.21786499, 1.687912
9.406815, -0.24061584, 1.6903076
9.403229, -0.2166748, 1.6699524
9.412811, -0.24301147, 1.6867218
9.421188, -0.25857544, 1.7142487
9.3984375, -0.24182129, 1.6831207
9.419983, -0.2454071, 1.7250214
9.412811, -0.23223877, 1.7286072
9.419983, -0.25857544, 1.7405853
9.404419, -0.24061584, 1.7381897
9.376892, -0.23342896, 1.7369995
9.382874, -0.22984314, 1.7525482
9.406815, -0.23703003, 1.7489624
9.40921, -0.21786499, 1.7357941
9.40921, -0.21548462, 1.7465668
9.406815, -0.24182129, 1.782486
9.417587, -0.2454071, 1.7645264
9.402023, -0.24899292, 1.7537537
9.40921, -0.25019836, 1.7729034
9.418793, -0.24899292, 1.751358
9.414001, -0.24899292, 1.7094574
9.423584, -0.2561798, 1.7250214
9.40921, -0.23223877, 1.7525482
9.42598, -0.24780273, 1.7286072
9.393646, -0.24899292, 1.7250214
9.403229, -0.24899292, 1.6927032
9.391251, -0.25378418, 1.7130585
9.40921, -0.252594, 1.7226257
9.440338, -0.2166748, 1.6759338
9.417587, -0.21308899, 1.703476
9.3984375, -0.24301147, 1.7214355
9.405624, -0.23703003, 1.7226257
9.391251, -0.24182129, 1.711853
9.39006, -0.20829773, 1.7549438
9.40921, -0.22146606, 1.7501678
9.404419, -0.23703003, 1.8195953
9.391251, -0.23703003, 1.8088226
9.396042, -0.23103333, 1.7920532
9.397247, -0.252594, 1.8004456
9.423584, -0.24182129, 1.8183899
9.418793, -0.22026062, 1.7812805
9.376892, -0.23822021, 1.7932587
9.39006, -0.24420166, 1.7717133
9.381683, -0.252594, 1.7573395
9.431961, -0.23582458, 1.7752991
9.404419, -0.21188354, 1.7621307
9.399643, -0.22984314, 1.6986847
9.406815, -0.25138855, 1.7250214
9.405624, -0.23703003, 1.7489624
9.392456, -0.24899292, 1.7178345
9.396042, -0.25019836, 1.7298126
9.415192, -0.24301147, 1.7286072
9.419983, -0.23822021, 1.7262268
9.404419, -0.24420166, 1.7154388
9.384079, -0.26216125, 1.7621307
9.386475, -0.25498962, 1.782486
9.360138, -0.24659729, 1.742981
9.361328, -0.23582458, 1.7872772
9.366119, -0.20469666, 1.8375549
9.366119, -0.21427917, 1.8183899
9.382874, -0.23342896, 1.7741089
9.394852, -0.21548462, 1.7381897
9.388855, -0.24182129, 1.7417755
9.379288, -0.23342896, 1.7022705
9.366119, -0.2238617, 1.7154388
9.382874, -0.25138855, 1.6531982
9.42717, -0.26576233, 1.7010803
9.435547, -0.296875, 1.6950989
9.452301, -0.3028717, 1.6867218
9.459488, -0.35194397, 1.7142487
9.466675, -0.331604, 1.6735535
9.4774475, -0.31723022, 1.6843262
9.467865, -0.2741394, 1.7214355
9.451111, -0.26455688, 1.6938934
9.411606, -0.23703003, 1.6903076
9.376892, -0.21188354, 1.7154388
9.342178, -0.17118835, 1.7693176
9.321823, -0.17837524, 1.7705078
9.336197, -0.18914795, 1.8076172
9.405624, -0.21786499, 1.7944489
9.3984375, -0.22744751, 1.8411407
9.368515, -0.22625732, 1.8375549
9.39006, -0.23703003, 1.821991
9.392456, -0.26576233, 1.8291626
9.388855, -0.2633667, 1.7992401
9.435547, -0.27174377, 1.7681122
9.449921, -0.2561798, 1.7322083
9.417587, -0.296875, 1.7046661
9.44632, -0.3040619, 1.711853
9.436752, -0.25976562, 1.6831207
9.391251, -0.24301147, 1.6998901
9.393646, -0.22984314, 1.6938934
9.397247, -0.21427917, 1.7477722
9.379288, -0.2059021, 1.7872772
9.391251, -0.22984314, 1.7884674
9.417587, -0.21907043, 1.7920532
9.422379, -0.22026062, 1.845932
9.403229, -0.25378418, 1.8447266
9.421188, -0.26815796, 1.8315582
9.423584, -0.27174377, 1.8734589
9.403229, -0.26097107, 1.8231812
9.405624, -0.26455688, 1.8267822
9.382874, -0.25498962, 1.821991
9.3589325, -0.26455688, 1.7561493
9.375687, -0.2861023, 1.7717133
9.403229, -0.2741394, 1.7298126
9.399643, -0.26455688, 1.6496124
9.412811, -0.27053833, 1.6591797
9.440338, -0.2561798, 1.6412201
9.416397, -0.25857544, 1.632843
9.40921, -0.25498962, 1.632843
9.386475, -0.24659729, 1.6531982
9.393646, -0.22744751, 1.6675568
9.414001, -0.23703003, 1.7082672
9.429565, -0.24420166, 1.7549438
9.440338, -0.2861023, 1.7717133
9.439133, -0.30166626, 1.7956543
9.431961, -0.26815796, 1.8363495
9.421188, -0.26815796, 1.821991
9.42836, -0.24182129, 1.8327637
9.406815, -0.26097107, 1.8327637
9.382874, -0.252594, 1.7932587
9.40802, -0.22265625, 1.7489624
9.381683, -0.22026062, 1.703476
9.361328, -0.25019836, 1.6675568
9.39006, -0.25737, 1.6388245
9.399643, -0.25737, 1.6124878
9.392456, -0.28012085, 1.6124878
9.414001, -0.28730774, 1.5909424
9.42598, -0.26216125, 1.6196747
9.393646, -0.26934814, 1.6424255
9.435547, -0.2454071, 1.663971
9.422379, -0.26216125, 1.6591797
9.423584, -0.27174377, 1.7070618
9.40802, -0.24301147, 1.7681122
9.418793, -0.27893066, 1.742981
9.429565, -0.28730774, 1.8291626
9.42836, -0.24420166, 1.8770599
9.434357, -0.2813263, 1.8758545
9.441528, -0.24182129, 1.8758545
9.422379, -0.22625732, 1.8782501
9.424774, -0.2454071, 1.8890228
9.422379, -0.23342896, 1.8591003
9.396042, -0.21188354, 1.8543091
9.400833, -0.24061584, 1.7980499
9.402023, -0.23942566, 1.7681122
9.375687, -0.22146606, 1.7465668
9.378082, -0.23223877, 1.6950989
9.391251, -0.21548462, 1.6591797
9.369705, -0.24301147, 1.6005249
9.378082, -0.22146606, 1.6196747
9.388855, -0.24061584, 1.6148834
9.376892, -0.2633667, 1.577774
9.368515, -0.25857544, 1.5765839
9.392456, -0.23223877, 1.608902
9.404419, -0.23342896, 1.6555939
9.40802, -0.24899292, 1.6352386
9.440338, -0.23822021, 1.7166443
9.421188, -0.23582458, 1.7776947
9.424774, -0.27653503, 1.790863
9.405624, -0.25498962, 1.8195953
9.436752, -0.23342896, 1.8890228
9.443924, -0.2238617, 1.8842316
9.391251, -0.20709229, 1.8830414
9.384079, -0.23582458, 1.8926239
9.394852, -0.25019836, 1.8926239
9.415192, -0.24182129, 1.8686676
9.385269, -0.22625732, 1.8136139
9.424774, -0.2454071, 1.8363495
9.3589325, -0.23582458, 1.7884674
9.343369, -0.23582458, 1.7765045
9.372101, -0.20948792, 1.7070618
9.379288, -0.19871521, 1.7082672
9.364914, -0.21427917, 1.6962891
9.378082, -0.20709229, 1.6543884
9.370911, -0.19392395, 1.6651611
9.361328, -0.22984314, 1.6340485
9.36731, -0.22026062, 1.7154388
9.402023, -0.22984314, 1.7298126
9.440338, -0.26576233, 1.7693176
9.44632, -0.3076477, 1.7441711
9.463089, -0.35554504, 1.7441711
9.494202, -0.331604, 1.8004456
9.483429, -0.3136444, 1.8160095
9.445129, -0.296875, 1.7741089
9.461884, -0.28251648, 1.790863
9.416397, -0.23223877, 1.7381897
9.382874, -0.19871521, 1.7776947
9.360138, -0.17477417, 1.7932587
9.362518, -0.18075562, 1.8112183
9.34697, -0.16520691, 1.8255768
9.372101, -0.18196106, 1.8950043
9.3984375, -0.20350647, 1.9177551
9.384079, -0.24061584, 1.8567047
9.403229, -0.24061584, 1.8878326
9.393646, -0.25976562, 1.905777
9.364914, -0.26934814, 1.8543091
9.355347, -0.2561798, 1.8160095
9.376892, -0.2669525, 1.7729034
9.386475, -0.24301147, 1.742981
9.40802, -0.26576233, 1.7166443
9.417587, -0.26576233, 1.6627655
9.415192, -0.25498962, 1.6903076
9.448715, -0.24061584, 1.7058716
9.423584, -0.2454071, 1.7022705
9.40921, -0.23582458, 1.7298126
9.378082, -0.23582458, 1.806427
9.386475, -0.21548462, 1.8351593
9.42836, -0.2454071, 1.8602905
9.433151, -0.24659729, 1.8806458
9.431961, -0.2669525, 1.8890228
9.448715, -0.2669525, 1.9045868
9.42836, -0.27293396, 1.905777
9.424774, -0.27174377, 1.8914185
9.403229, -0.2669525, 1.8710632
9.381683, -0.2753296, 1.8207855
9.364914, -0.24780273, 1.7681122
9.361328, -0.23942566, 1.6974945
9.380478, -0.26455688, 1.6352386
9.384079, -0.25737, 1.6053162
9.374496, -0.24182129, 1.5765839
9.40921, -0.25857544, 1.5741882
9.411606, -0.2454071, 1.6005249
9.410416, -0.22984314, 1.593338
9.396042, -0.21308899, 1.6196747
9.388855, -0.22744751, 1.6627655
9.411606, -0.2813263, 1.6950989
9.418793, -0.27293396, 1.7393951
9.44632, -0.2669525, 1.7812805
9.431961, -0.26097107, 1.7741089
9.418793, -0.27772522, 1.7609406
9.423584, -0.24420166, 1.7776947
9.412811, -0.29927063, 1.7238312
9.417587, -0.27772522, 1.6855164
9.391251, -0.22265625, 1.6747437
9.364914, -0.21069336, 1.6543884
9.375687, -0.252594, 1.6005249
9.391251, -0.252594, 1.5945435
9.397247, -0.25378418, 1.5622101
9.405624, -0.25378418, 1.5274963
9.400833, -0.2741394, 1.5454559
9.419983, -0.2633667, 1.5717926
9.423584, -0.3028717, 1.5981293
9.414001, -0.28849792, 1.6184845
9.40921, -0.26455688, 1.6938934
9.435547, -0.27893066, 1.6998901
9.42598, -0.252594, 1.7322083
9.418793, -0.24420166, 1.7872772
9.416397, -0.20948792, 1.7968445
9.380478, -0.23582458, 1.8136139
9.415192, -0.2741394, 1.8315582
9.421188, -0.24899292, 1.8363495
9.419983, -0.2561798, 1.8148041
9.433151, -0.2669525, 1.8602905
9.419983, -0.25737, 1.8495178
9.441528, -0.25138855, 1.8519135
9.410416, -0.26216125, 1.8818359
9.397247, -0.23822021, 1.8291626
9.361328, -0.22265625, 1.8076172
9.352951, -0.23703003, 1.8076172
9.388855, -0.23582458, 1.790863
9.355347, -0.21188354, 1.7788849
9.370911, -0.19752502, 1.7609406
9.381683, -0.22265625, 1.6998901
9.384079, -0.25498962, 1.7250214
9.39006, -0.27174377, 1.7226257
9.392456, -0.2454071, 1.6855164
9.404419, -0.21069336, 1.7238312
9.410416, -0.22744751, 1.7298126
9.431961, -0.27653503, 1.742981
9.417587, -0.28012085, 1.7333984
9.396042, -0.252594, 1.7525482
9.414001, -0.23223877, 1.7765045
9.42836, -0.252594, 1.7848816
9.412811, -0.24780273, 1.7932587
9.39006, -0.20829773, 1.8136139
9.387665, -0.23342896, 1.8171997
9.387665, -0.22984314, 1.7980499
9.379288, -0.21188354, 1.7992401
9.366119, -0.25019836, 1.7848816
9.382874, -0.24899292, 1.782486
9.394852, -0.25138855, 1.766922
9.431961, -0.23342896, 1.7405853
9.402023, -0.24659729, 1.7070618
9.400833, -0.24061584, 1.727417
9.3984375, -0.2454071, 1.7154388
9.380478, -0.23703003, 1.7202301
9.384079, -0.2454071, 1.6974945
9.382874, -0.24301147, 1.6831207
9.402023, -0.22265625, 1.7010803
9.442734, -0.24182129, 1.7130585
9.417587, -0.23703003, 1.7070618
9.384079, -0.25498962, 1.7597351
9.418793, -0.23223877, 1.7166443
9.384079, -0.21786499, 1.7333984
9.363724, -0.20111084, 1.7417755
9.385269, -0.19752502, 1.7537537
9.34816, -0.22026062, 1.7752991
9.355347, -0.19631958, 1.782486
9.342178, -0.20829773, 1.7693176
9.379288, -0.22744751, 1.8136139
9.379288, -0.21308899, 1.7932587
9.435547, -0.23703003, 1.7585449
9.435547, -0.25857544, 1.7645264
9.490616, -0.30885315, 1.7262268
9.537308, -0.3531494, 1.7178345
9.50737, -0.33758545, 1.6663666
9.466675, -0.3423767, 1.6160889
9.44632, -0.32321167, 1.5670013
9.396042, -0.2813263, 1.5358734
9.375687, -0.22984314, 1.5418701
9.354141, -0.19273376, 1.5670013
9.338577, -0.16281128, 1.6136932
9.340973, -0.13887024, 1.6747437
9.369705, -0.1484375, 1.7357941
9.370911, -0.17837524, 1.8363495
9.418793, -0.20709229, 1.9177551
9.42836, -0.2238617, 1.948883
9.410416, -0.2633667, 1.9752197
9.410416, -0.28730774, 2.015915
9.405624, -0.25019836, 1.9907837
9.366119, -0.27653503, 1.9584503
9.357742, -0.26934814, 1.9596558
9.403229, -0.25857544, 1.8626862
9.414001, -0.26455688, 1.7573395
9.42598, -0.27053833, 1.7357941
9.431961, -0.26455688, 1.7202301
9.40921, -0.21786499, 1.6424255
9.42717, -0.22625732, 1.6256561
9.42836, -0.21308899, 1.6508026
9.40802, -0.22146606, 1.6615753
9.3984375, -0.21907043, 1.6579895
9.397247, -0.22984314, 1.711853
9.4379425, -0.2454071, 1.7836761
9.433151, -0.25498962, 1.790863
9.418793, -0.2813263, 1.7752991
9.429565, -0.26097107, 1.830368
9.411606, -0.24659729, 1.8339539
9.399643, -0.28970337, 1.8411407
9.379288, -0.25019836, 1.8052216
9.394852, -0.25019836, 1.7848816
9.386475, -0.25976562, 1.742981
9.380478, -0.19752502, 1.7346039
9.404419, -0.2166748, 1.7190399
9.40921, -0.22744751, 1.6795349
9.433151, -0.23703003, 1.7381897
9.443924, -0.2454071, 1.6998901
9.42836, -0.24182129, 1.6974945
9.396042, -0.27174377, 1.7214355
9.406815, -0.23703003, 1.7190399
9.3984375, -0.22865295, 1.806427
9.414001, -0.27053833, 1.8207855
9.399643, -0.26934814, 1.8160095
9.403229, -0.26097107, 1.8591003
9.42836, -0.25976562, 1.8351593
9.410416, -0.25976562, 1.7944489
9.411606, -0.252594, 1.751358
9.381683, -0.292099, 1.7142487
9.386475, -0.2561798, 1.6855164
9.424774, -0.2669525, 1.6065063
9.42598, -0.25019836, 1.5765839
9.387665, -0.25498962, 1.572998
9.410416, -0.28970337, 1.5813751
9.439133, -0.29328918, 1.5861511
9.421188, -0.29328918, 1.5849609
9.416397, -0.252594, 1.5562286
9.435547, -0.2753296, 1.6292572
9.423584, -0.27293396, 1.6472168
9.416397, -0.23703003, 1.6867218
9.418793, -0.2561798, 1.7693176
9.42717, -0.23223877, 1.7800903
9.439133, -0.23822021, 1.8650818
9.430756, -0.24659729, 1.8914185
9.400833, -0.22146606, 1.8842316
9.387665, -0.24899292, 1.909378
9.39006, -0.25019836, 1.9033966
9.405624, -0.24899292, 1.8638916
9.375687, -0.22865295, 1.8124084
9.361328, -0.20829773, 1.7765045
9.385269, -0.23103333, 1.7489624
9.360138, -0.23582458, 1.6962891
9.375687, -0.23822021, 1.6579895
9.410416, -0.23822021, 1.6208801
9.411606, -0.24899292, 1.6160889
9.385269, -0.23942566, 1.5921478
9.422379, -0.25019836, 1.6196747
9.442734, -0.23103333, 1.6124878
9.460693, -0.24061584, 1.656784
9.402023, -0.23103333, 1.7058716
9.415192, -0.23822021, 1.7214355
9.418793, -0.2346344, 1.7322083
9.392456, -0.23103333, 1.7836761
9.391251, -0.22505188, 1.8327637
9.418793, -0.23942566, 1.8363495
9.436752, -0.21069336, 1.8016357
9.40802, -0.22265625, 1.8195953
9.387665, -0.2346344, 1.8243866
9.391251, -0.22026062, 1.8052216
9.40921, -0.22744751, 1.7800903
9.370911, -0.24899292, 1.8171997
9.388855, -0.22984314, 1.7944489
9.380478, -0.2346344, 1.7346039
9.379288, -0.2561798, 1.7357941
9.366119, -0.252594, 1.7405853
9.364914, -0.24420166, 1.7058716
9.375687, -0.27053833, 1.6651611
9.416397, -0.24061584, 1.6388245
9.451111, -0.24420166, 1.6591797
9.403229, -0.24061584, 1.6543884
9.411606, -0.24182129, 1.6938934
9.44632, -0.21786499, 1.656784
9.406815, -0.24061584, 1.6962891
9.386475, -0.23942566, 1.7357941
9.412811, -0.2166748, 1.7310028
9.373306, -0.22865295, 1.766922
9.382874, -0.2346344, 1.7884674
9.421188, -0.19992065, 1.830368
9.391251, -0.24182129, 1.8279724
9.40802, -0.26097107, 1.8447266
9.411606, -0.23223877, 1.830368
9.410416, -0.24301147, 1.8148041
9.411606, -0.28012085, 1.8243866
9.42717, -0.26815796, 1.7956543
9.411606, -0.23942566, 1.7453766
9.397247, -0.23582458, 1.7453766
9.385269, -0.24182129, 1.7369995
9.362518, -0.20350647, 1.7286072
9.392456, -0.23103333, 1.6903076
9.382874, -0.21786499, 1.6974945
9.396042, -0.2166748, 1.7310028
9.397247, -0.20709229, 1.7381897
9.376892, -0.2166748, 1.7717133
9.391251, -0.24899292, 1.7322083
9.391251, -0.22744751, 1.7441711
9.391251, -0.22146606, 1.7884674
9.361328, -0.22865295, 1.7932587
9.403229, -0.252594, 1.7836761
9.439133, -0.28012085, 1.7920532
9.434357, -0.32202148, 1.7597351
9.467865, -0.31962585, 1.7597351
9.459488, -0.35673523, 1.7094574
9.467865, -0.34117126, 1.6867218
9.440338, -0.30526733, 1.6627655
9.473862, -0.26815796, 1.624466
9.434357, -0.24899292, 1.632843
9.3984375, -0.16879272, 1.6472168
9.393646, -0.13287354, 1.6579895
9.34816, -0.13407898, 1.7070618
9.344574, -0.13647461, 1.7238312
9.36731, -0.15681458, 1.7944489
9.39006, -0.19871521, 1.8507233
9.381683, -0.25857544, 1.8986053
9.42717, -0.28370667, 1.9225464
9.416397, -0.29808044, 1.9033966
9.412811, -0.28730774, 1.8638916
9.404419, -0.2633667, 1.8638916
9.403229, -0.27293396, 1.7968445
9.381683, -0.25378418, 1.751358
9.384079, -0.24301147, 1.672348
9.441528, -0.25498962, 1.624466
9.449921, -0.23822021, 1.6280518
9.440338, -0.24780273, 1.6208801
9.424774, -0.23342896, 1.648407
9.400833, -0.21786499, 1.6292572
9.391251, -0.21188354, 1.6615753
9.386475, -0.19871521, 1.7238312
9.397247, -0.2166748, 1.7776947
9.421188, -0.22625732, 1.8100128
9.393646, -0.22744751, 1.8758545
9.418793, -0.22625732, 1.9105682
9.424774, -0.2454071, 1.940506
9.40802, -0.27174377, 1.9393005
9.375687, -0.23942566, 1.924942
9.391251, -0.2633667, 1.9033966
9.402023, -0.27053833, 1.8842316
9.385269, -0.252594, 1.806427
9.394852, -0.26455688, 1.7621307
9.393646, -0.26934814, 1.7166443
9.403229, -0.21548462, 1.7298126
9.40921, -0.25857544, 1.7178345
9.391251, -0.2454071, 1.7130585
9.430756, -0.22984314, 1.687912
9.417587, -0.24780273, 1.7369995
9.412811, -0.23342896, 1.7322083
9.396042, -0.21786499, 1.7369995
9.406815, -0.24659729, 1.7788849
9.410416, -0.26097107, 1.8279724
9.375687, -0.24899292, 1.8291626
9.404419, -0.22146606, 1.8136139
9.433151, -0.25857544, 1.8183899
9.42598, -0.26815796, 1.7681122
9.411606, -0.252594, 1.7453766
9.402023, -0.24420166, 1.7346039
9.39006, -0.27772522, 1.6795349
9.40802, -0.2633667, 1.6615753
9.402023, -0.24659729, 1.6196747
9.405624, -0.2633667, 1.5861511
9.412811, -0.27053833, 1.593338
9.392456, -0.24301147, 1.5837708
9.412811, -0.27174377, 1.5969391
9.4379425, -0.22865295, 1.6831207
9.414001, -0.22026062, 1.7022705
9.3984375, -0.23223877, 1.7621307
9.411606, -0.24780273, 1.8100128
9.4379425, -0.23703003, 1.7776947
9.414001, -0.2561798, 1.8148041
9.397247, -0.24659729, 1.8734589
9.391251, -0.23342896, 1.8710632
9.391251, -0.25019836, 1.7956543
9.374496, -0.2561798, 1.7705078
9.361328, -0.23822021, 1.7477722
9.405624, -0.24659729, 1.6807251
9.384079, -0.25737, 1.5957336
9.380478, -0.2454071, 1.5167236
9.400833, -0.21907043, 1.5203247
9.378082, -0.2346344, 1.5059509
9.400833, -0.26934814, 1.5083466
9.449921, -0.24899292, 1.5071564
9.442734, -0.24061584, 1.5706024
9.412811, -0.25498962, 1.572998
9.458298, -0.2633667, 1.6340485
9.447525, -0.23342896, 1.7142487
9.40921, -0.24899292, 1.7453766
9.40802, -0.24182129, 1.8136139
9.40921, -0.2238617, 1.8543091
9.404419, -0.22146606, 1.909378
9.403229, -0.23342896, 1.9333191
9.410416, -0.25737, 1.9620514
9.369705, -0.2454071, 1.9500732
9.386475, -0.23822021, 1.9369049
9.380478, -0.24899292, 1.9237366
9.396042, -0.22265625, 1.8830414
9.399643, -0.22026062, 1.9105682
9.388855, -0.24659729, 1.8746643
9.391251, -0.22505188, 1.782486
9.42836, -0.2454071, 1.7800903
9.406815, -0.24420166, 1.7333984
9.417587, -0.2166748, 1.7022705
9.452301, -0.24780273, 1.6986847
9.415192, -0.26934814, 1.6519928
9.410416, -0.26216125, 1.6699524
9.40802, -0.23822021, 1.663971
9.391251, -0.23942566, 1.7190399
9.391251, -0.21308899, 1.6986847
9.422379, -0.2238617, 1.6962891
9.416397, -0.22505188, 1.7381897
9.391251, -0.23103333, 1.7561493
9.399643, -0.24780273, 1.8028412
9.436752, -0.1951294, 1.8016357
9.445129, -0.20829773, 1.8052216
9.412811, -0.22505188, 1.8004456
9.381683, -0.25857544, 1.8507233
9.393646, -0.22265625, 1.806427
9.391251, -0.22984314, 1.7717133
9.396042, -0.22026062, 1.8171997
9.357742, -0.21069336, 1.8040314
9.384079, -0.23223877, 1.7561493
9.393646, -0.2346344, 1.782486
9.430756, -0.20948792, 1.7920532
9.415192, -0.21427917, 1.7453766
9.410416, -0.22026062, 1.7226257
9.391251, -0.26216125, 1.7357941
9.391251, -0.24061584, 1.7369995
9.402023, -0.22744751, 1.7094574
9.419983, -0.23942566, 1.7657166
9.429565, -0.24182129, 1.7992401
9.431961, -0.24899292, 1.8088226
9.439133, -0.24780273, 1.7836761
9.442734, -0.2633667, 1.8136139
9.442734, -0.26576233, 1.8028412
9.4379425, -0.2633667, 1.8088226
9.431961, -0.23582458, 1.8052216
9.404419, -0.22026062, 1.7369995
9.384079, -0.21069336, 1.7693176
9.388855, -0.22146606, 1.7561493
9.363724, -0.22744751, 1.7788849
9.382874, -0.2059021, 1.7465668
9.373306, -0.20111084, 1.7214355
9.380478, -0.19273376, 1.7166443
9.399643, -0.26097107, 1.7022705
9.418793, -0.24420166, 1.7262268
9.423584, -0.22984314, 1.7154388
9.439133, -0.23942566, 1.7393951
9.419983, -0.25498962, 1.727417
9.421188, -0.24301147, 1.7154388
9.405624, -0.22744751, 1.7465668
9.406815, -0.20829773, 1.7633362
9.411606, -0.21548462, 1.7717133
9.399643, -0.20111084, 1.7776947
9.404419, -0.21069336, 1.8195953
9.393646, -0.21427917, 1.8387451
9.417587, -0.21069336, 1.905777
9.384079, -0.19631958, 1.9764099
9.379288, -0.17118835, 1.9716187
9.36731, -0.16520691, 1.9859924
9.3302, -0.20709229, 2.0147247
9.400833, -0.24182129, 2.012329
9.419983, -0.25498962, 2.000351
9.410416, -0.23822021, 2.008728
9.424774, -0.26216125, 1.9381104
9.415192, -0.28012085, 1.9129639
9.397247, -0.29328918, 1.8914185
9.44632, -0.28012085, 1.7525482
9.439133, -0.26934814, 1.6711578
9.42717, -0.29328918, 1.572998
9.417587, -0.25498962, 1.414978
9.449921, -0.23223877, 1.2976532
9.399643, -0.23582458, 1.1707611
9.382874, -0.23342896, 1.0606384
9.433151, -0.2561798, 0.99479675
9.430756, -0.2633667, 0.87867737
9.445129, -0.25378418, 0.8140259
9.445129, -0.24182129, 0.6979065
9.471466, -0.252594, 0.7146759
9.447525, -0.24182129, 0.6691742
9.412811, -0.21786499, 0.66319275
9.373306, -0.21069336, 0.7517853
9.39006, -0.21548462, 0.76734924
9.378082, -0.15203857, 0.86550903
9.393646, -0.1149292, 0.96606445
9.434357, -0.13287354, 1.1204834
9.453506, -0.14604187, 1.2354126
9.453506, -0.18435669, 1.3766632
9.473862, -0.22146606, 1.4832153
9.484634, -0.24659729, 1.6208801
9.473862, -0.29927063, 1.7142487
9.442734, -0.3040619, 1.7884674
9.435547, -0.3136444, 1.8423309
9.419983, -0.2861023, 1.8686676
9.40802, -0.25138855, 1.8842316
9.404419, -0.24182129, 1.8973999
9.412811, -0.23223877, 1.8327637
9.416397, -0.19992065, 1.7693176
9.42836, -0.21907043, 1.7082672
9.419983, -0.20948792, 1.6017151
9.453506, -0.24780273, 1.5011597
9.436752, -0.22865295, 1.4269409
9.436752, -0.23942566, 1.3694763
9.422379, -0.2346344, 1.3168182
9.423584, -0.22744751, 1.2701263
9.406815, -0.24899292, 1.2449799
9.411606, -0.23942566, 1.2354126
9.429565, -0.23342896, 1.2509766
9.39006, -0.22505188, 1.2629395
9.431961, -0.24061584, 1.3144226
9.467865, -0.22625732, 1.3694763
9.464279, -0.25019836, 1.450882
9.470261, -0.21188354, 1.5131378
9.473862, -0.23342896, 1.5502472
9.472656, -0.25737, 1.6053162
9.458298, -0.2753296, 1.6364441
9.452301, -0.26576233, 1.687912
9.458298, -0.26934814, 1.7178345
9.441528, -0.26216125, 1.7381897
9.423584, -0.24061584, 1.7776947
9.404419, -0.2753296, 1.7968445
9.435547, -0.27053833, 1.7489624
9.467865, -0.2669525, 1.7561493
9.435547, -0.26815796, 1.7585449
9.454697, -0.24182129, 1.6962891
9.433151, -0.25737, 1.6891022
9.400833, -0.2741394, 1.6496124
9.42717, -0.26097107, 1.5837708
9.414001, -0.22744751, 1.5514374
9.419983, -0.30166626, 1.5191193
9.539703, -0.45010376, 1.5059509
9.662994, -0.48483276, 1.3527222
9.546875, -0.31723022, 1.2138672
9.20929, 0.020355225, 1.241394
9.078812, 0.22505188, 1.3000488
9.186554, 0.046691895, 1.459259
9.490616, -0.19154358, 1.6124878
9.530121, -0.18914795, 1.529892
9.394852, -0.1257019, 1.5406647
9.349365, -0.1663971, 1.6101074
9.422379, -0.27772522, 1.7046661
9.443924, -0.331604, 1.703476
11.153381, -2.5115204, 2.3331451
9.396042, -2.276886, 6.831848
8.724472, -0.2059021, 8.656235
9.898834, 0.4812317, 7.6638336
9.96228, 1.1360474, 5.6503143
9.059662, 1.1300659, 3.0885162
8.165421, 0.74938965, 0.65600586
8.111557, 0.5698242, -1.2689209
8.441956, 0.35075378, -2.8000183
8.678986, -0.063446045, -4.0928802
8.947128, -0.39505005, -5.007477
9.494202, -0.55426025, -5.1774597
9.907211, -0.6428375, -4.2640686
9.896439, -0.47166443, -2.2709045
9.637863, -0.0861969, 0.05986023
9.622299, 0.05986023, 1.8124084
9.443924, 0.35794067, 2.4325104
9.070435, 0.683548, 2.0925293
8.683777, 0.70150757, 0.7398071
8.4216, 0.14604187, 1.4173737
8.432373, -0.25378418, 2.6946716
9.045288, -0.23822021, 2.6467896
9.667786, -0.252594, 1.5981293
9.890442, -0.40222168, 0.43693542
9.992203, -0.47525024, -0.48841858
10.016144, -0.40582275, -0.8643036
9.860519, -0.37469482, -0.91578674
9.560043, -0.292099, -0.8056488
9.380478, -0.32681274, -0.70988464
9.352951, -0.2956848, -0.45370483
9.405624, -0.33758545, 0.07182312
9.496597, -0.41778564, 0.73143005
9.655823, -0.5135498, 1.3623047
9.888046, -0.67277527, 1.5131378
10.013748, -0.8032532, 1.1504211
9.994598, -0.9864044, 0.43095398
9.983826, -0.95648193, -0.022750854
9.957489, -0.8307953, -0.15562439
9.799469, -0.86550903, -0.101760864
9.645035, -1.0091553, 0.14364624
9.5720215, -1.1432343, 0.4632721
9.659409, -1.1456299, 0.7254486
9.670181, -0.88345337, 0.9636688
9.356537, -0.69911194, 1.1647797
9.136276, -0.5710144, 1.3766632
9.211685, -0.50756836, 1.572998
9.378082, -0.49919128, 1.6914978
9.445129, -0.55426025, 1.687912
9.538498, -0.5674286, 1.7250214
9.753983, -0.76374817, 1.6232758
9.957489, -1.2389984, 1.2282257
9.795883, -1.0534515, 0.8044586
9.46907, -0.70150757, 0.6141052
8.592789, -0.19273376, 0.6033325
8.908829, 0.2166748, 0.9816284
9.349365, 0.50398254, 1.5825653
9.179367, 0.7565613, 1.8602905
9.160217, 0.6967163, 1.7980499
9.125504, 0.6177063, 1.0881653
9.273941, 0.4980011, 0.33518982
9.326614, 0.21786499, 0.08140564
9.382874, -0.1149292, 0.27893066
9.606735, -0.51834106, 0.45010376
9.84137, -0.91218567, 0.4728546
9.968262, -0.99838257, 0.3902588
9.779114, -0.6967163, 0.19033813
9.4774475, -0.35794067, -0.015563965
9.573212, -0.5410919, -0.11730957
9.504974, -0.5351105, -0.099365234
9.399643, -0.30047607, 0.0011901855
9.315842, -0.03591919, -0.113723755
9.182968, 0.26455688, -0.20829773
9.096771, 0.2956848, 0.0047912598
9.625885, -0.15681458, 0.31124878
10.226837, -0.118515015, 0.29447937
9.570816, -0.068237305, 0.051467896
9.093185, -0.2956848, 0.16281128
9.187744, -0.28970337, 0.1951294
9.429565, -0.099365234, 0.841568
9.68335, 0.05986023, 0.72184753
9.443924, -0.23342896, -0.10774231
8.939957, -0.76734924, -0.37348938
9.023743, -1.2928619, 0.91578674
9.34697, -1.2988586, 2.2325897
9.917984, -0.59495544, 1.0953522
9.758759, -0.16520691, -0.26815796
9.318237, -0.020355225, 0.25976562
9.481033, 0.108932495, 1.1300659
9.619904, 0.27653503, 0.85832214
9.459488, 0.2633667, 0.5207367
9.561249, 0.11013794, 0.6584015
9.5564575, 0.11013794, 0.8152313
9.40921, 0.15203857, 0.8774719
9.48822, 0.046691895, 1.0019684
9.374496, 0.04309082, 0.84994507
9.442734, -0.19871521, 1.2437897
9.354141, -0.14964294, 1.2222443
9.522934, -0.18675232, 1.4808197
9.86171, 0.2741394, 1.6268616
10.413574, 0.21786499, -0.4728546
8.567657, -0.72065735, 0.49440002
9.306259, -0.6320648, 2.0027466
10.278305, -0.04309082, 1.6962891
9.895233, 0.28849792, 0.48841858
9.544479, 0.13168335, 0.49320984
9.393646, 0.17597961, 0.65600586
9.840164, 0.027526855, 0.93014526
9.399643, 0.010772705, 0.85832214
9.271545, 0.03831482, 0.5315094
9.411606, -0.28012085, 0.9528961
9.402023, -0.19992065, 1.1192932
9.387665, 0.022750854, 0.73143005
9.144653, 0.058654785, 1.098938
9.3302, 0.108932495, 1.0307007
9.4379425, 0.22146606, 0.9576874
9.708481, 0.33398438, 0.6464386
9.983826, 0.3615265, 0.6691742
9.667786, 0.089782715, 0.71347046
9.199722, -0.0035858154, 1.4879913
9.458298, 0.23582458, 1.193512
9.900024, 0.36871338, 0.81044006
9.485825, 0.051467896, 1.2856903
9.352951, -0.0047912598, 1.2246399
9.8138275, 0.108932495, 1.074997
9.90361, -0.099365234, 1.4161682
9.68335, -0.20111084, 1.5047607
9.7300415, -0.0909729, 1.1204834
9.719269, -0.15441895, 1.2006989
9.660599, 0.02394104, 1.1863251
9.58519, 0.17597961, 1.0486603
9.934738, 0.04069519, 1.1803436
9.844955, 0.0287323, 0.95887756
9.828201, 0.056259155, 0.6320648
9.986221, -0.04309082, 0.71347046
9.949112, -0.02633667, 0.5973511
9.834183, 0.27772522, 0.5087738
9.689331, 0.28730774, 0.83677673
9.512161, 0.30526733, 0.9744415
9.07402, 0.37109375, 1.043869
8.643066, 0.33039856, 1.0211334
8.706512, 0.5602417, 0.93014526
8.785522, 0.77212524, 0.86909485
8.823837, 0.8355713, 0.87268066
8.979446, 0.77812195, 0.8355713
9.200912, 0.44891357, 0.7577667
9.054871, 0.10295105, 1.1923065
9.362518, 0.07182312, 0.8247986
9.68454, 0.2346344, 0.7182617
9.914383, 0.24780273, 0.78170776
9.88446, 0.17237854, 0.5279236
9.720459, 0.0059814453, 0.7182617
9.870102, 0.046691895, 0.76734924
9.819824, 0.2238617, 0.7912903
9.678558, 0.22146606, 0.53630066
9.713272, 0.26097107, 0.49679565
9.39006, 0.42138672, 0.53271484
9.392456, 0.252594, 0.5398865
9.40921, 0.23942566, 0.47764587
9.203308, 0.3938446, 0.38546753
9.084793, 0.2633667, 0.45489502
9.117126, 0.5063782, 0.6500244
9.071625, 0.61291504, 0.4189911
9.62709, 0.48602295, 0.068237305
9.059662, 0.7553711, 0.47525024
9.160217, 1.0115509, 0.6751709
9.05368, 1.3227997, 1.2354126
9.197327, 1.2389984, 1.0414734
9.038116, 1.0307007, 1.4077911
10.031708, 0.31843567, 1.1180878
9.965866, 0.14245605, 1.1109161
9.001007, 0.3651123, 1.2940674
9.25119, 0.45729065, 1.1599884
9.891647, -0.02154541, 1.6699524
9.536102, -0.2633667, 1.7489624
9.652222, -0.32321167, 1.1994934
10.388443, -0.53271484, 1.0211334
10.172958, -0.41659546, 1.0714111
9.943115, -0.2238617, 0.99479675
10.2400055, -0.116119385, 0.5195465
9.788696, -0.48841858, 0.26097107
9.31105, -0.9612732, 1.2102661
9.385269, -0.094573975, 1.9141693
9.616318, 0.82240295, 2.0985107
9.642654, 1.5011597, 2.2733002
8.947128, 2.079361, 2.225418
8.226471, 2.1368256, 1.8890228
8.371323, 1.8650818, 1.4760284
8.274368, 1.3694763, 1.359909
8.61673, 0.7841034, 1.2198486
8.765167, 0.44651794, 1.3778687
8.735245, 0.19631958, 1.498764
8.956711, 0.070632935, 1.4724274
9.3589325, -0.053863525, 1.6519928
9.410416, -0.10534668, 1.5322876
9.3589325, 0.06942749, 1.5490417
9.081207, 0.19871521, 1.5849609
9.038116, 0.051467896, 1.2138672
9.402023, -0.1304779, 1.470047
9.625885, -0.30166626, 1.9357147
9.530121, -0.40821838, 1.8866272
9.476257, -0.33398438, 1.2880859
9.46907, -0.1592102, 1.074997
9.40802, 0.03831482, 1.1216888
9.15303, 0.2346344, 1.2078705
8.935165, 0.15203857, 1.1611938
9.531311, 0.30526733, 1.9189453
9.363724, 0.4118042, 2.0099335
8.996216, 0.5386963, 1.7106628
8.865723, 0.70150757, 1.5813751
8.847778, 0.72065735, 1.5634155
8.937561, 0.62249756, 1.9464874
9.083603, 0.50398254, 1.9177551
9.09198, 0.38546753, 2.2170258
9.17099, 0.19631958, 2.8682556
9.088394, 0.099365234, 3.3159637
8.984238, -0.18315125, 3.9037476
8.960297, -0.5877838, 4.299988
9.191345, -1.0211334, 4.2676697
9.415192, -1.4089813, 3.9995117
9.945511, -1.7393951, 4.299988
10.320206, -1.9931793, 4.8195343
10.459076, -2.158371, 4.703415
10.520126, -2.2756958, 4.3753967
10.59314, -2.2517395, 3.8139648
9.90242, -1.8171997, 3.3027954
8.989029, -0.7517853, 2.5151062
8.53772, 0.053863525, 2.1392212
8.464706, 0.26455688, 2.1021118
8.384491, 0.16281128, 2.553421
8.304291, -0.14125061, 2.9819794
8.234863, -0.85113525, 3.087326
7.879318, -1.5191193, 2.7880554
7.364563, -1.711853, 1.8327637
7.4339905, -1.9500732, 0.084991455
8.204926, -2.1643524, 0.0287323
8.604767, -1.8363495, 1.2892761
8.149857, -1.5706024, 1.7585449
8.137894, -1.9548645, 1.9907837
8.777145, -2.525879, 2.1487885
9.66539, -2.7174225, 1.9907837
10.04248, -2.3223724, 2.2230225
10.394424, -1.924942, 2.5438385
10.546463, -1.6651611, 2.70784
10.55484, -1.5753784, 3.0777435
10.250778, -1.6268616, 3.2752686
9.46907, -1.742981, 3.0681763
8.493423, -1.8842316, 2.6348114
7.764389, -2.0650024, 2.0027466
7.261612, -2.1871033, 1.5502472
6.573288, -2.2661133, 1.572998
6.107605, -2.379837, 2.000351
6.886917, -3.0681763, 2.5785522
8.837006, -3.9707794, 2.9819794
10.235214, -4.256897, 3.2956238
10.784683, -3.9600067, 3.7193909
10.674545, -3.5948944, 4.234146
10.447098, -3.312378, 4.620804
10.168167, -3.0226746, 4.8997345
9.901215, -2.7305908, 4.9799347
9.745605, -2.410965, 4.74411
9.497803, -2.1535797, 4.3574524
9.245209, -2.0542297, 3.9827576
8.8094635, -2.111679, 3.7636871
8.558075, -2.3906097, 3.4608154
8.516174, -2.6180573, 3.391388
8.293518, -2.7760773, 3.4296875
6.052536, -4.2700653, 5.972336
4.440048, -5.5449677, 5.5760956
4.9404297, -4.8482513, 3.739746
5.483917, -4.222168, 2.3379364
6.415268, -3.4656067, 0.04309082
7.673416, -2.8000183, -0.5386963
8.9279785, -1.9309235, 0.51116943
9.973053, -1.3539276, 2.771286
10.849319, -1.4556732, 4.6902466
11.389221, -1.7154388, 5.534195
11.727997, -2.185913, 5.616791
11.398788, -2.3810272, 4.9990997
9.916779, -1.5550385, 4.0485992
9.636658, -2.5594025, 2.94487
8.99501, -3.4883575, 2.1248474
8.637085, -4.3670197, 1.4449005
8.878891, -5.245697, 1.0857697
9.260773, -5.9711456, 1.0163422
9.659409, -6.7456665, 1.1551971
9.757568, -7.1814117, 1.5969391
9.782715, -7.490265, 1.5622101
9.655823, -7.060501, 1.1743622
9.5169525, -6.013031, 1.8279724
9.501389, -5.202606, 2.9149475
9.455902, -4.4376526, 3.91333
9.334991, -4.0019073, 4.497513
9.203308, -4.086899, 4.857834
8.440765, -5.0350037, 4.6112366
7.764389, -6.025009, 3.3255463
8.688553, -5.697006, 3.9504395
9.797073, -5.3187256, 4.989517
10.728424, -4.9009247, 5.477936
10.8684845, -4.217392, 6.0417633
10.236404, -3.7182007, 6.4846954
9.272736, -3.7565002, 5.7257385
8.20253, -4.155136, 5.1140137
7.5608826, -4.6279907, 5.2349243
5.5952454, -5.906494, 5.735306
4.653137, -5.7341156, 5.9974823
4.6423645, -4.526245, 5.5749054
4.596863, -3.77565, 5.1966095
4.8590393, -3.5924988, 4.7405243
4.914093, -3.7804413, 3.5637665
5.240906, -4.2305603, 3.4141388
5.5365906, -4.5477905, 3.2154083
5.5042725, -4.6615143, 3.0801392
5.787979, -4.510681, 3.2321777
6.372162, -4.1563416, 3.4931335
6.8174896, -3.8199463, 3.6942596
6.8964996, -3.6511536, 3.894165
7.028183, -3.6308136, 4.108444
7.378937, -3.660736, 4.3107605
7.969101, -3.6894684, 4.522644
8.605957, -3.818756, 4.8135376
8.838196, -4.134781, 5.072113
8.568848, -4.1599274, 4.9631805
8.0074005, -4.066559, 4.941635
7.783554, -4.052185, 4.885376
8.467087, -4.0905, 4.814743
9.369705, -4.124008, 4.6124268
9.84137, -4.028244, 4.1335907
9.910797, -3.7050323, 3.6511536
9.870102, -3.296814, 3.3111877
10.090363, -3.0490112, 2.9783936
10.546463, -2.9149475, 2.8610687
10.97023, -2.8143768, 3.0119019
11.44548, -2.9029694, 3.0178986
11.474213, -2.659958, 3.336319
11.349716, -2.4995422, 3.5865173
11.335342, -2.874237, 3.447647
11.014526, -3.1531677, 3.1435852
10.826584, -3.1100616, 2.6635437
11.121063, -2.817978, 2.5629883
11.353302, -2.3104095, 2.9101562
11.432312, -1.8973999, 3.2082367
11.312607, -1.861496, 3.3315277
11.291061, -2.190689, 3.1651306
11.1653595, -2.565384, 2.8718414
11.145004, -2.8479004, 2.5953217
11.241974, -3.0334473, 2.434906
11.1091, -2.9831696, 2.3295593
10.527298, -2.8323364, 2.4480743
10.059235, -2.810791, 2.6946716
9.728836, -2.7760773, 2.874237
9.696518, -2.8311462, 3.157959
9.642654, -2.9017792, 3.5290527
9.510971, -2.7617188, 3.8367157
9.194931, -2.5869293, 4.289215
8.814255, -2.6396027, 4.8566437
9.063248, -3.0119019, 4.736923
9.354141, -3.2776642, 4.4484253
9.125504, -3.0909119, 4.5825043
8.732849, -2.9161377, 5.0038757
8.761581, -3.162735, 5.0062714
8.73764, -3.2992096, 5.182251
8.57962, -3.3650513, 5.596451
8.191757, -3.190277, 5.9914856
7.6123657, -2.841919, 6.509842
7.1730347, -2.6647491, 7.1562653
7.0545197, -2.8886108, 7.6626434
6.9826965, -3.0741577, 8.178589
6.605606, -2.850296, 8.899246
5.9555817, -2.2565308, 9.624695
5.3618164, -1.9189453, 10.125076
5.0577545, -2.1404114, 10.170563
4.736923, -2.4373016, 9.7743225
4.416107, -2.5725708, 9.105148
4.1575317, -2.6072845, 8.222885
4.2305603, -2.5558167, 7.0413513
5.048172, -2.4971466, 5.882553
8.494629, -3.1819, 3.9659882
13.753494, -3.6798859, 1.6651611
11.421539, -1.7046661, 2.024292
7.842209, -0.35794067, 2.328354
6.471527, -0.40222168, 2.4696198
6.0034637, -1.0091553, 2.644394
6.083664, -1.5909424, 2.7341766
6.514618, -1.8710632, 2.9113464
6.8522034, -1.8986053, 3.0454254
6.906082, -1.9285278, 3.3650513
6.6858063, -1.9812012, 3.918106
6.2907715, -2.0745697, 4.510681
5.7305145, -2.2756958, 5.2085876
5.0457764, -2.364273, 6.0429688
4.6076355, -2.419342, 7.064087
4.531021, -2.47081, 8.129517
4.6543274, -2.4061737, 9.078812
4.7261505, -2.2038574, 9.799469
4.7884064, -1.940506, 10.222046
4.874588, -1.6663666, 10.290283
5.0194397, -1.3766632, 9.983826
5.2959747, -1.0259094, 9.410416
5.5760956, -0.54467773, 8.589203
5.5677185, -0.058654785, 8.049301
5.5749054, 0.24659729, 7.378937
5.570114, 0.70988464, 6.600815
5.3857574, 1.5011597, 5.9819183
5.142746, 2.3762512, 5.5198364
4.9859314, 2.8993835, 5.103241
4.8135376, 3.126831, 4.849457
4.5046844, 3.0526123, 4.9152985
4.0414124, 2.7437592, 5.1918335
3.3865967, 2.446869, 5.5629272
2.977188, 2.2230225, 6.027405
3.0980988, 1.9692383, 6.5397644
3.4739838, 1.6627655, 7.067688
3.7253723, 1.490387, 7.6518707
3.8654327, 1.5155334, 8.400055
3.7804413, 1.6795349, 8.997406
3.4895477, 1.9871826, 9.759964
3.3171692, 2.328354, 10.641037
3.3542786, 2.3989868, 11.495758
3.4811707, 2.3139954, 12.222397
3.6355896, 2.0937347, 12.668915
3.782837, 1.861496, 12.84729
3.9468384, 1.6735535, 12.886795
4.213791, 1.4772186, 12.990936
4.4568024, 1.2485809, 12.952637
4.673477, 1.0330963, 12.793411
4.8015747, 0.9624634, 12.524063
4.8015747, 0.9505005, 12.106277
4.735733, 0.98521423, 11.7938385
4.5956726, 1.0103607, 11.538849
4.514267, 1.035492, 11.2838745
4.4220886, 1.0414734, 10.89003
4.368225, 1.0738068, 10.499771
4.266464, 1.1204834, 10.1214905
4.2245636, 1.1264648, 9.698914
4.187454, 1.1659698, 9.2799225
4.165909, 1.0917511, 8.948334
4.139572, 0.9636688, 8.640671
4.029434, 0.77931213, 8.40126
1.8997955, -0.51116943, 8.238449
1.450882, -0.6212921, 8.45752
4.2832336, 0.47166443, 8.2599945
8.20134, 0.17956543, 9.56842
7.1215515, 1.0558472, 10.632645
4.768051, 1.2557526, 9.174576
3.4165192, 0.62727356, 8.450333
3.3315277, -0.070632935, 9.039307
4.016266, -0.44891357, 9.716873
3.861847, -0.9864044, 10.023331
3.564972, -1.1683655, 10.327393
4.5908813, -0.37109375, 10.228027
5.675461, 0.23103333, 10.182541
5.293579, -0.03352356, 10.459076
4.4651794, -0.4692688, 10.029312
4.4208984, -0.58299255, 9.168594
4.897339, -0.5410919, 8.720886
4.791992, -0.77212524, 8.833405
4.0545807, -1.1396332, 8.795105
3.4057465, -1.2629395, 8.559265
3.1088715, -1.1647797, 8.511383
2.8000183, -1.0474701, 8.815445
2.410965, -0.98760986, 9.058456
1.6436157, -1.4341278, 9.010574
1.2916718, -1.5227051, 9.006989
1.687912, -1.3802643, 9.063248
2.6467896, -1.8770599, 9.192535
4.2401276, -3.1675262, 9.791092
3.1675262, -2.1966858, 10.049667
2.0841522, -1.3946228, 9.080017
2.094925, -1.4951782, 8.5520935
2.2409668, -1.4915924, 8.723267
2.5917206, -1.3311768, 8.385696
2.953247, -1.1049194, 7.9798737
2.9113464, -1.2425842, 7.783554
2.4528656, -1.3946228, 7.6470795
2.8538818, -0.86190796, 6.8366394
3.7936096, 0.0095825195, 6.3865356
4.1515503, 0.19752502, 6.487091
3.916916, -0.21427917, 6.5708923
3.3662415, -0.25019836, 6.312317
3.549408, -0.27053833, 5.9819183
3.8822021, -0.18196106, 6.155487
4.2389374, -0.3902588, 6.665451
4.130005, -0.4620819, 6.933609
4.0545807, -0.64404297, 6.7181244
3.8762054, -0.70150757, 6.6199646
3.6343994, -0.64404297, 6.4607544
3.384201, -0.56144714, 6.4020996
3.114853, -0.3148346, 6.458359
3.2118225, -0.14006042, 6.5529327
3.3889923, -0.02633667, 7.092819
3.9157104, -0.3256073, 7.9643097
4.600464, -0.9516907, 9.089584
5.185837, -1.5526428, 10.268738
5.6263733, -1.8758545, 11.391617
5.9555817, -1.9716187, 12.3038025
6.1483154, -1.9548645, 12.920303
6.30513, -1.9429016, 12.882004
6.143524, -1.8447266, 12.698853
5.5234222, -1.742981, 12.78624
4.850647, -1.5873566, 12.580338
4.198227, -1.4472961, 12.386398
3.4584198, -1.1240845, 12.288239
2.724594, -0.7841034, 12.257111
2.2948456, -0.7733307, 12.313385
2.1140747, -0.98402405, 12.496536
1.572998, -0.9229584, 12.764679
1.0295105, -0.9720459, 12.841293
0.5985565, -1.1432343, 12.882004
0.16998291, -1.193512, 12.94664
-0.2956848, -1.1013336, 12.831726
-0.82240295, -0.9516907, 12.458221
-1.1599884, -0.7565613, 12.077545
-1.1240845, -0.52911377, 11.658569
-0.6979065, -0.5458832, 11.335342
0.02154541, -0.7876892, 11.206055
0.68473816, -1.0570374, 11.133041
1.1504211, -1.1420288, 11.034882
1.296463, -0.9684601, 10.967834
1.2114716, -0.68115234, 10.972626
1.1659698, -0.3830719, 10.933121
1.0570374, -0.16998291, 10.784683
0.92655945, -0.0011901855, 10.624268
0.9289551, 0.104141235, 10.612305
1.0941467, 0.23342896, 10.777496
1.2844849, 0.22865295, 10.997772
1.4796143, 0.17837524, 11.0672
1.5717926, 0.0059814453, 11.004944
0.65600586, -0.5506592, 10.596741
-0.041900635, -0.746994, 10.641037
-0.058654785, -0.40582275, 10.758347
0.22265625, -0.12210083, 10.856506
0.4620819, 0.010772705, 11.045654
0.6320648, 0.0574646, 11.016922
0.8271942, 0.082595825, 10.931931
1.0690155, 0.14485168, 10.856506
1.3299866, 0.101760864, 10.8684845
1.498764, 0.1304779, 10.886429
1.5358734, 0.28370667, 10.995377
1.4209595, 0.43933105, 10.9079895
1.2665253, 0.41659546, 10.63385
1.0247192, 0.3256073, 10.295074
0.8152313, 0.2753296, 9.932343
0.7050934, 0.252594, 9.56723
0.71347046, 0.25138855, 9.397247
0.8343811, 0.18196106, 9.400833
1.0175323, 0.068237305, 9.483429
1.2270355, -0.01675415, 9.595963
1.459259, -0.034713745, 9.718063
1.6400299, -0.008377075, 9.749191
1.8291626, 0.049087524, 9.84137
1.9895782, 0.044296265, 9.92157
2.1475983, 0.073028564, 10.1586
2.1763306, 0.01914978, 10.309433
2.146408, -0.077804565, 10.37767
2.0602112, -0.077804565, 10.521317
1.984787, -0.034713745, 10.7332
1.8818359, -0.0287323, 10.846924
1.7477722, -0.1304779, 10.7894745
1.6041107, -0.21786499, 10.630249
1.4712372, -0.15322876, 10.433929
1.3419495, -0.08380127, 10.201691
1.2378082, -0.056259155, 10.006561
1.2234344, 0.058654785, 9.855728
1.2641449, 0.087387085, 9.617508
1.2509766, -0.015563965, 9.484634
1.3048401, -0.0574646, 9.374496
1.3527222, -0.073028564, 9.258377
1.2425842, -0.23942566, 9.417587
1.1396332, -0.47644043, 9.84137
1.0606384, -0.5458832, 10.143036
0.98880005, -0.4297638, 10.400406
0.90859985, -0.27053833, 10.449493
0.9540863, -0.22265625, 10.433929
1.2246399, -0.4189911, 10.359711
1.4772186, -0.48841858, 10.234009
1.6160889, -0.3327942, 10.133453
1.5801697, -0.14125061, 10.016144
1.5574341, -0.011978149, 9.877274
1.5717926, -0.07182312, 9.76355
1.5801697, -0.118515015, 9.757568

