x : y : Z 
9.01297, -0.2813263, -2.8610687
8.97467, -0.30645752, -2.8730469
8.990234, -0.292099, -2.8443146
8.996216, -0.30047607, -2.8311462
9.005783, -0.28251648, -2.8251648
8.962692, -0.25976562, -2.8143768
8.961502, -0.24780273, -2.755722
8.965088, -0.25019836, -2.755722
8.987839, -0.21427917, -2.7222137
8.977066, -0.22744751, -2.6898804
8.981842, -0.2346344, -2.6120758
8.960297, -0.19871521, -2.6024933
8.966278, -0.21308899, -2.5797577
8.972275, -0.21308899, -2.5079193
8.961502, -0.20350647, -2.5282745
8.984238, -0.20948792, -2.537857
8.973465, -0.18914795, -2.5175018
8.963898, -0.19154358, -2.5402527
8.95192, -0.18914795, -2.5390472
8.975861, -0.18675232, -2.5210876
8.99501, -0.17597961, -2.5522156
8.989029, -0.19752502, -2.6036987
8.997406, -0.21548462, -2.5761566
8.97467, -0.19033813, -2.6072845
8.942337, -0.20350647, -2.6300354
8.950729, -0.19392395, -2.6072845
8.986633, -0.19631958, -2.5869293
8.954315, -0.20948792, -2.6120758
8.9435425, -0.1879425, -2.5821533
8.968674, -0.1879425, -2.589325
8.942337, -0.16281128, -2.558197
8.921997, -0.17237854, -2.5570068
8.971069, -0.17477417, -2.601303
8.962692, -0.17956543, -2.5665894
8.9435425, -0.18075562, -2.573761
8.93396, -0.16281128, -2.5570068
8.918396, -0.15083313, -2.5797577
8.942337, -0.17237854, -2.5965118
8.938751, -0.19273376, -2.6024933
8.9279785, -0.18675232, -2.6000977
8.93396, -0.18554688, -2.6336212
8.921997, -0.16758728, -2.6539764
8.924393, -0.16041565, -2.6455994
8.905228, -0.15802002, -2.6096802
8.945938, -0.15562439, -2.6036987
8.9435425, -0.18435669, -2.6336212
8.93396, -0.1771698, -2.60849
8.924393, -0.16758728, -2.6000977
8.966278, -0.18196106, -2.6180573
8.95311, -0.18675232, -2.6539764
8.9435425, -0.21427917, -2.6180573
8.950729, -0.19752502, -2.656372
8.948334, -0.16520691, -2.6695404
8.925583, -0.21907043, -2.6910858
8.921997, -0.2454071, -2.7102356
8.969879, -0.2166748, -2.7545319
8.948334, -0.2238617, -2.7569275
8.945938, -0.20829773, -2.747345
8.977066, -0.21907043, -2.7054443
8.9674835, -0.21069336, -2.719818
8.986633, -0.22625732, -2.7138214
8.957901, -0.20829773, -2.7138214
8.937561, -0.21308899, -2.6779175
8.938751, -0.21188354, -2.700653
8.912415, -0.22146606, -2.7102356
8.956711, -0.24301147, -2.6743164
8.955505, -0.22146606, -2.700653
8.954315, -0.20709229, -2.7030487
8.95311, -0.17956543, -2.6815033
8.978256, -0.20829773, -2.7293854
8.973465, -0.20829773, -2.7090454
8.959106, -0.22744751, -2.699463
8.924393, -0.19631958, -2.661148
8.949524, -0.20709229, -2.6874847
8.963898, -0.18914795, -2.6743164
8.968674, -0.18435669, -2.6755219
8.971069, -0.20350647, -2.6575623
8.986633, -0.22865295, -2.6695404
8.985443, -0.22146606, -2.668335
8.950729, -0.20469666, -2.5989075
8.911224, -0.17237854, -2.6192627
8.938751, -0.18914795, -2.5905304
8.93277, -0.19392395, -2.6108704
8.945938, -0.17477417, -2.5713654
8.95311, -0.17956543, -2.5641937
8.963898, -0.18675232, -2.54982
8.972275, -0.16520691, -2.6108704
8.938751, -0.19273376, -2.5677795
8.97467, -0.21188354, -2.6036987
8.938751, -0.21427917, -2.5426483
8.9674835, -0.17956543, -2.5234833
8.97467, -0.16400146, -2.5198975
8.975861, -0.16758728, -2.510315
8.965088, -0.16879272, -2.513916
8.985443, -0.14364624, -2.5175018
8.954315, -0.16041565, -2.5175018
8.9674835, -0.17597961, -2.5318756
8.960297, -0.18675232, -2.5546112
8.93396, -0.16998291, -2.5043335
8.966278, -0.15802002, -2.5390472
8.979446, -0.17118835, -2.565384
8.969879, -0.1879425, -2.545044
8.947128, -0.18914795, -2.5330658
8.975861, -0.16998291, -2.522293
8.9830475, -0.1879425, -2.5402527
8.965088, -0.18914795, -2.5246887
8.963898, -0.18675232, -2.568985
8.966278, -0.17597961, -2.5845337
8.973465, -0.1879425, -2.5629883
8.980652, -0.1879425, -2.5594025
9.002197, -0.19033813, -2.5546112
8.987839, -0.18435669, -2.553421
8.956711, -0.17956543, -2.573761
9.01297, -0.19631958, -2.5833435
8.996216, -0.2238617, -2.5510254
9.008179, -0.21427917, -2.5749664
8.991425, -0.23942566, -2.5857391
9.015366, -0.23822021, -2.568985
8.999802, -0.2059021, -2.561798
8.989029, -0.2166748, -2.5725708
8.969879, -0.20350647, -2.5785522
8.977066, -0.17597961, -2.5665894
8.9674835, -0.19033813, -2.54982
8.971069, -0.20948792, -2.5665894
8.997406, -0.2346344, -2.604889
9.004593, -0.22505188, -2.597702
9.003403, -0.24182129, -2.597702
9.038116, -0.24899292, -2.6432037
9.009384, -0.23822021, -2.6336212
8.99382, -0.24659729, -2.6623535
9.006989, -0.22505188, -2.6491852
8.985443, -0.22146606, -2.6743164
8.980652, -0.20111084, -2.6731262
8.966278, -0.20350647, -2.6419983
8.949524, -0.19871521, -2.6252441
8.938751, -0.19273376, -2.659958
8.9830475, -0.19154358, -2.6491852
8.972275, -0.19992065, -2.6216583
8.95192, -0.21786499, -2.6300354
8.955505, -0.23103333, -2.652771
8.985443, -0.20948792, -2.661148
9.010574, -0.22505188, -2.6144714
8.973465, -0.22744751, -2.6060944
8.979446, -0.22026062, -2.6096802
8.963898, -0.21188354, -2.6072845
8.949524, -0.16041565, -2.6276398
8.975861, -0.18315125, -2.6515808
8.99382, -0.17956543, -2.6419983
8.95311, -0.17837524, -2.6156616
8.939957, -0.1879425, -2.6216583
8.980652, -0.1771698, -2.5989075
8.947128, -0.19752502, -2.5797577
8.984238, -0.19752502, -2.5965118
8.978256, -0.19752502, -2.54982
8.962692, -0.17477417, -2.5725708
8.992615, -0.20350647, -2.5785522
8.981842, -0.17477417, -2.6072845
8.965088, -0.17237854, -2.592926
8.961502, -0.18315125, -2.5749664
8.965088, -0.17358398, -2.6096802
8.960297, -0.15681458, -2.5953217
8.948334, -0.17237854, -2.5857391
8.97467, -0.16400146, -2.6036987
8.979446, -0.17597961, -2.5857391
8.955505, -0.17837524, -2.589325
8.949524, -0.15802002, -2.5953217
8.954315, -0.1592102, -2.5821533
8.971069, -0.1879425, -2.601303
8.975861, -0.20111084, -2.592926
8.97467, -0.17358398, -2.5833435
8.949524, -0.1771698, -2.537857
8.950729, -0.18315125, -2.5414429
8.985443, -0.18435669, -2.5462341
8.972275, -0.17237854, -2.5091248
8.961502, -0.16758728, -2.5187073
8.939957, -0.14125061, -2.5366516
8.93396, -0.15083313, -2.565384
8.957901, -0.17956543, -2.568985
8.944733, -0.15203857, -2.5749664
8.962692, -0.16998291, -2.5701752
8.954315, -0.15203857, -2.577362
8.955505, -0.1484375, -2.5306702
8.959106, -0.16758728, -2.5522156
8.980652, -0.16879272, -2.5749664
8.97467, -0.18196106, -2.6024933
8.975861, -0.18435669, -2.6300354
8.949524, -0.16041565, -2.5749664
8.93277, -0.1592102, -2.5845337
8.961502, -0.15441895, -2.6024933
8.957901, -0.15203857, -2.5809479
8.9674835, -0.1592102, -2.597702
8.972275, -0.20469666, -2.5989075
8.9830475, -0.17837524, -2.5845337
8.9674835, -0.17956543, -2.597702
8.981842, -0.16520691, -2.604889
9.001007, -0.19273376, -2.5965118
8.965088, -0.1879425, -2.6156616
8.979446, -0.16400146, -2.6096802
8.947128, -0.21188354, -2.6360168
8.955505, -0.20231628, -2.604889
8.957901, -0.16879272, -2.6671448
8.969879, -0.18675232, -2.613266
8.979446, -0.17956543, -2.637207
8.957901, -0.18196106, -2.5869293
8.987839, -0.18075562, -2.568985
8.977066, -0.18554688, -2.5917206
9.005783, -0.1663971, -2.5677795
8.959106, -0.15562439, -2.5869293
8.95192, -0.16758728, -2.5797577
8.947128, -0.13407898, -2.5869293
8.95192, -0.15203857, -2.60849
8.950729, -0.17477417, -2.5306702
8.984238, -0.1879425, -2.534256
8.97467, -0.18675232, -2.6072845
8.986633, -0.15083313, -2.592926
8.996216, -0.18675232, -2.573761
8.984238, -0.20231628, -2.6156616
9.010574, -0.19273376, -2.5594025
8.986633, -0.19752502, -2.5857391
8.962692, -0.17358398, -2.5833435
8.961502, -0.15203857, -2.545044
8.955505, -0.17237854, -2.5115204
8.960297, -0.17358398, -2.5414429
8.968674, -0.15681458, -2.5546112
8.9830475, -0.17477417, -2.4815826
8.977066, -0.16400146, -2.5558167
8.973465, -0.16400146, -2.561798
8.989029, -0.18554688, -2.5546112
9.001007, -0.20231628, -2.5414429
8.990234, -0.16879272, -2.5091248
8.975861, -0.1663971, -2.5330658
8.997406, -0.15681458, -2.5522156
9.006989, -0.16041565, -2.5677795
9.003403, -0.19631958, -2.54982
9.009384, -0.20231628, -2.5558167
9.008179, -0.18675232, -2.577362
8.996216, -0.19871521, -2.5438385
9.03212, -0.2059021, -2.5390472
8.996216, -0.17477417, -2.5486298
8.97467, -0.16520691, -2.5354614
8.9674835, -0.14364624, -2.5007477
8.944733, -0.14604187, -2.5234833
8.963898, -0.14604187, -2.4911652
8.971069, -0.15562439, -2.4875793
8.99382, -0.1376648, -2.5187073
9.01297, -0.14604187, -2.4923706
9.008179, -0.15802002, -2.5151062
9.026138, -0.16041565, -2.5198975
8.972275, -0.1592102, -2.5318756
9.01297, -0.15441895, -2.5115204
9.006989, -0.14724731, -2.4768066
8.975861, -0.15562439, -2.482788
8.957901, -0.1484375, -2.5246887
8.9674835, -0.14604187, -2.5163116
8.971069, -0.13526917, -2.537857
8.973465, -0.15203857, -2.534256
8.985443, -0.14604187, -2.537857
8.965088, -0.16160583, -2.5510254
8.957901, -0.15681458, -2.5522156
8.981842, -0.14604187, -2.5187073
9.03093, -0.15322876, -2.5198975
8.991425, -0.15562439, -2.513916
9.023743, -0.1376648, -2.5175018
9.004593, -0.16400146, -2.54982
8.990234, -0.13647461, -2.52948
8.999802, -0.13407898, -2.5282745
8.989029, -0.16041565, -2.4851837
8.955505, -0.15203857, -2.5007477
8.959106, -0.15322876, -2.5175018
8.986633, -0.15322876, -2.522293
8.990234, -0.17118835, -2.5127106
8.944733, -0.1484375, -2.534256
8.968674, -0.15322876, -2.5558167
8.962692, -0.16160583, -2.5486298
8.930374, -0.17118835, -2.5558167
8.963898, -0.1484375, -2.558197
8.979446, -0.13287354, -2.5270844
8.972275, -0.1376648, -2.5677795
8.978256, -0.17237854, -2.5474243
8.998611, -0.16041565, -2.5641937
9.010574, -0.17237854, -2.5821533
8.980652, -0.14604187, -2.525879
8.97467, -0.15203857, -2.5665894
9.01178, -0.1484375, -2.5510254
8.998611, -0.17358398, -2.5605927
8.991425, -0.18554688, -2.561798
8.980652, -0.16160583, -2.5462341
8.9830475, -0.17118835, -2.5701752
8.9674835, -0.17597961, -2.5845337
8.985443, -0.16281128, -2.561798
8.966278, -0.15562439, -2.5881348
8.9830475, -0.16520691, -2.5701752
8.980652, -0.17358398, -2.5462341
8.999802, -0.18196106, -2.5510254
8.9674835, -0.15802002, -2.616867
8.966278, -0.14485168, -2.5761566
8.997406, -0.16520691, -2.5510254
9.001007, -0.16281128, -2.5198975
9.005783, -0.16400146, -2.54982
8.991425, -0.16281128, -2.5605927
8.990234, -0.17237854, -2.505539
9.005783, -0.1771698, -2.5246887
9.004593, -0.17837524, -2.5198975
9.034515, -0.18075562, -2.5019379
9.0225525, -0.16041565, -2.5390472
8.990234, -0.16400146, -2.5234833
9.003403, -0.17477417, -2.4779968
9.002197, -0.16520691, -2.4672241
8.989029, -0.14724731, -2.47081
8.992615, -0.1592102, -2.489975
9.021347, -0.15322876, -2.4959564
8.99501, -0.13526917, -2.4911652
8.989029, -0.16041565, -2.486374
8.99382, -0.15562439, -2.4624329
8.99501, -0.13168335, -2.4564514
8.992615, -0.13526917, -2.4732056
9.014175, -0.1197052, -2.4756012
9.008179, -0.14125061, -2.4995422
9.008179, -0.14364624, -2.489975
9.021347, -0.16281128, -2.4684296
9.002197, -0.14724731, -2.5354614
8.990234, -0.15802002, -2.5198975
8.981842, -0.15203857, -2.4971466
8.996216, -0.1771698, -2.498352
8.990234, -0.15441895, -2.522293
9.008179, -0.13647461, -2.5115204
8.999802, -0.14485168, -2.534256
8.998611, -0.15322876, -2.5270844
8.996216, -0.14724731, -2.52948
8.977066, -0.1197052, -2.5007477
8.969879, -0.12449646, -2.4779968
8.9674835, -0.1197052, -2.4851837
8.97467, -0.14125061, -2.5187073
8.979446, -0.16998291, -2.5031433
8.979446, -0.14006042, -2.486374
9.021347, -0.14245605, -2.5031433
9.006989, -0.15802002, -2.5115204
8.985443, -0.1484375, -2.4887695
8.984238, -0.14604187, -2.5187073
8.997406, -0.1376648, -2.4768066
8.978256, -0.14364624, -2.4792023
8.975861, -0.15203857, -2.5163116
8.965088, -0.14006042, -2.5366516
8.971069, -0.1304779, -2.513916
9.009384, -0.14245605, -2.5187073
9.0225525, -0.15083313, -2.4756012
8.998611, -0.1376648, -2.4911652
8.9830475, -0.13647461, -2.486374
9.005783, -0.13887024, -2.489975
9.006989, -0.14485168, -2.522293
9.004593, -0.14364624, -2.5091248
9.010574, -0.12808228, -2.510315
9.003403, -0.118515015, -2.5151062
8.97467, -0.13887024, -2.498352
8.969879, -0.15203857, -2.5414429
8.969879, -0.19631958, -2.5510254
9.006989, -0.15322876, -2.5462341
9.027344, -0.15802002, -2.5474243
9.003403, -0.16160583, -2.5725708
9.016571, -0.2059021, -2.5558167
9.057266, -0.17597961, -2.522293
9.026138, -0.14125061, -2.5594025
9.027344, -0.16281128, -2.5713654
9.047684, -0.1771698, -2.5605927
9.057266, -0.13287354, -2.561798
9.05368, -0.15441895, -2.5234833
9.03093, -0.14964294, -2.5007477
9.01297, -0.1592102, -2.4720154
9.008179, -0.15681458, -2.4923706
9.004593, -0.12808228, -2.419342
8.987839, -0.12928772, -2.4013824
8.999802, -0.12928772, -2.4145508
9.010574, -0.15562439, -2.4013824
9.001007, -0.16160583, -2.355896
8.997406, -0.15203857, -2.3834229
8.998611, -0.12928772, -2.3535004
9.03093, -0.12210083, -2.3774414
9.024948, -0.13407898, -2.3786469
8.990234, -0.14006042, -2.3738556
8.984238, -0.123306274, -2.387024
9.009384, -0.1257019, -2.4253235
9.004593, -0.1197052, -2.4337006
9.024948, -0.14364624, -2.446869
9.017761, -0.16758728, -2.4444733
9.027344, -0.15203857, -2.4337006
8.977066, -0.1484375, -2.4456787
9.006989, -0.10774231, -2.4528656
9.020157, -0.113723755, -2.4373016
9.014175, -0.118515015, -2.4253235
9.029724, -0.1149292, -2.4157562
9.054871, -0.14125061, -2.4133606
9.044098, -0.15083313, -2.3822327
9.020157, -0.14604187, -2.4061737
9.026138, -0.16041565, -2.4217377
9.020157, -0.12689209, -2.3786469
9.029724, -0.14964294, -2.364273
9.047684, -0.17118835, -2.4360962
9.014175, -0.14485168, -2.4600372
9.028534, -0.15562439, -2.482788
9.005783, -0.123306274, -2.4768066
8.97467, -0.10055542, -2.434906
8.997406, -0.1257019, -2.4552612
8.9830475, -0.118515015, -2.458847
8.997406, -0.13168335, -2.442093
9.021347, -0.120910645, -2.4325104
9.03093, -0.12808228, -2.4408875
9.029724, -0.13647461, -2.426529
9.044098, -0.14604187, -2.403778
9.082397, -0.14006042, -2.4325104
9.047684, -0.16400146, -2.4576416
9.059662, -0.16160583, -2.4492645
9.040512, -0.16758728, -2.4384918
9.034515, -0.13887024, -2.4097595
9.001007, -0.15083313, -2.4672241
9.018951, -0.15441895, -2.4768066
8.99501, -0.15322876, -2.4923706
8.998611, -0.15322876, -2.4839783
9.029724, -0.13407898, -2.4720154
9.010574, -0.1304779, -2.443283
9.021347, -0.14245605, -2.4696198
9.023743, -0.16281128, -2.474411
8.996216, -0.14964294, -2.4444733
9.023743, -0.14245605, -2.4337006
9.0225525, -0.16400146, -2.4576416
8.99382, -0.14006042, -2.47081
9.03212, -0.13887024, -2.4732056
9.039307, -0.16520691, -2.4564514
9.03093, -0.14724731, -2.4636383
8.998611, -0.16160583, -2.489975
8.990234, -0.13887024, -2.525879
9.010574, -0.15441895, -2.4971466
9.015366, -0.118515015, -2.4732056
9.024948, -0.16041565, -2.494751
9.038116, -0.15322876, -2.4935608
9.048889, -0.15203857, -2.4576416
9.001007, -0.14006042, -2.494751
9.009384, -0.1376648, -2.4636383
9.027344, -0.13287354, -2.434906
8.99501, -0.1376648, -2.4373016
9.014175, -0.13407898, -2.4241333
9.03093, -0.1376648, -2.4779968
9.009384, -0.15681458, -2.4564514
8.986633, -0.14724731, -2.419342
9.001007, -0.15802002, -2.45047
9.001007, -0.14125061, -2.4253235
8.979446, -0.1257019, -2.4289246
8.9674835, -0.13526917, -2.4756012
8.992615, -0.13526917, -2.4612427
9.009384, -0.13647461, -2.442093
8.991425, -0.13887024, -2.431305
8.987839, -0.14006042, -2.446869
9.004593, -0.1304779, -2.4564514
8.99382, -0.14604187, -2.4516602
9.01297, -0.1592102, -2.426529
9.023743, -0.15083313, -2.4492645
9.050079, -0.16400146, -2.4205322
9.041702, -0.1592102, -2.443283
9.01297, -0.1484375, -2.4636383
9.045288, -0.120910645, -2.4301147
8.996216, -0.14364624, -2.4492645
8.99382, -0.13168335, -2.4576416
9.005783, -0.12808228, -2.4337006
8.998611, -0.13887024, -2.4373016
9.016571, -0.14125061, -2.458847
9.018951, -0.1257019, -2.4648285
8.991425, -0.13526917, -2.4492645
9.014175, -0.116119385, -2.434906
8.998611, -0.14125061, -2.4145508
9.005783, -0.14964294, -2.4373016
9.03212, -0.16160583, -2.4396973
9.026138, -0.15802002, -2.4564514
9.03093, -0.16520691, -2.4516602
9.005783, -0.15322876, -2.442093
9.017761, -0.14604187, -2.4480743
9.018951, -0.14245605, -2.4732056
9.03212, -0.12928772, -2.4684296
9.029724, -0.15322876, -2.4935608
9.03093, -0.15083313, -2.5187073
8.996216, -0.15322876, -2.4408875
9.015366, -0.14245605, -2.4540558
8.987839, -0.17477417, -2.4480743
9.0225525, -0.16281128, -2.431305
9.038116, -0.13526917, -2.4384918
9.035721, -0.15802002, -2.446869
9.018951, -0.13887024, -2.4612427
9.026138, -0.15083313, -2.458847
9.009384, -0.14964294, -2.47081
9.039307, -0.1663971, -2.4779968
9.024948, -0.14604187, -2.5246887
9.015366, -0.17358398, -2.4768066
9.014175, -0.16041565, -2.4851837
8.991425, -0.13168335, -2.4779968
9.034515, -0.14245605, -2.4995422
9.018951, -0.1484375, -2.4815826
9.0225525, -0.1484375, -2.4768066
9.026138, -0.1663971, -2.505539
9.004593, -0.16998291, -2.4815826
9.010574, -0.16879272, -2.4480743
9.01178, -0.16281128, -2.498352
9.01178, -0.15083313, -2.486374
8.991425, -0.11013794, -2.5067291
9.009384, -0.12928772, -2.5246887
8.984238, -0.14006042, -2.5151062
9.010574, -0.14485168, -2.446869
9.024948, -0.14604187, -2.458847
9.024948, -0.14006042, -2.4875793
9.035721, -0.1663971, -2.494751
9.036911, -0.16520691, -2.4839783
9.03093, -0.14724731, -2.5043335
9.015366, -0.14724731, -2.4851837
9.016571, -0.13887024, -2.466034
9.016571, -0.13168335, -2.4373016
9.014175, -0.13647461, -2.45047
8.999802, -0.15441895, -2.4516602
8.997406, -0.16758728, -2.4552612
9.018951, -0.17237854, -2.489975
9.017761, -0.13887024, -2.4803925
9.021347, -0.14604187, -2.4636383
9.01297, -0.13168335, -2.4564514
9.015366, -0.13287354, -2.4696198
9.002197, -0.16160583, -2.4408875
8.99382, -0.12689209, -2.4684296
9.008179, -0.14485168, -2.4145508
9.029724, -0.14125061, -2.442093
8.998611, -0.13647461, -2.442093
9.027344, -0.1484375, -2.442093
9.005783, -0.13526917, -2.4408875
9.005783, -0.13407898, -2.4325104
9.015366, -0.1257019, -2.4301147
9.021347, -0.14245605, -2.434906
8.996216, -0.14125061, -2.443283
9.038116, -0.12210083, -2.4205322
9.014175, -0.13526917, -2.4157562
9.014175, -0.1304779, -2.4121552
9.016571, -0.14724731, -2.4145508
9.006989, -0.1376648, -2.4636383
9.03212, -0.15083313, -2.4576416
9.021347, -0.120910645, -2.4528656
8.99501, -0.1197052, -2.4301147
9.014175, -0.1304779, -2.4408875
9.016571, -0.15203857, -2.4097595
8.998611, -0.16041565, -2.4444733
9.034515, -0.13647461, -2.45047
9.001007, -0.13526917, -2.4696198
9.01178, -0.12210083, -2.4217377
9.029724, -0.14006042, -2.4516602
9.005783, -0.14364624, -2.47081
9.028534, -0.13887024, -2.4408875
9.041702, -0.10295105, -2.4396973
9.018951, -0.106536865, -2.4636383
9.026138, -0.11253357, -2.4624329
9.010574, -0.120910645, -2.4396973
9.023743, -0.14604187, -2.4205322
9.057266, -0.15681458, -2.4289246
9.046494, -0.16281128, -2.4217377
9.016571, -0.16041565, -2.431305
9.005783, -0.15802002, -2.4337006
8.984238, -0.15083313, -2.4097595
8.977066, -0.1149292, -2.4301147
8.980652, -0.09576416, -2.4289246
8.980652, -0.123306274, -2.4217377
9.002197, -0.12808228, -2.3941956
8.984238, -0.1376648, -2.45047
9.002197, -0.1149292, -2.4229279
9.03212, -0.1257019, -2.4205322
9.054871, -0.13287354, -2.446869
9.047684, -0.13887024, -2.4540558
9.042892, -0.14604187, -2.4301147
9.047684, -0.13526917, -2.4145508
9.042892, -0.14006042, -2.4229279
9.03212, -0.14125061, -2.4229279
9.01178, -0.16160583, -2.4384918
9.001007, -0.1592102, -2.442093
9.023743, -0.16041565, -2.4636383
9.042892, -0.14485168, -2.4720154
9.017761, -0.15802002, -2.4720154
9.002197, -0.13647461, -2.4696198
9.035721, -0.16041565, -2.4815826
9.040512, -0.14724731, -2.4492645
9.05368, -0.13887024, -2.426529
9.041702, -0.15083313, -2.4528656
9.036911, -0.14604187, -2.4241333
9.040512, -0.13287354, -2.4540558
9.044098, -0.15083313, -2.4061737
9.006989, -0.13526917, -2.3906097
9.024948, -0.14245605, -2.3930054
9.048889, -0.14964294, -2.4085693
9.036911, -0.12449646, -2.3822327
9.003403, -0.1197052, -2.4205322
9.038116, -0.111328125, -2.379837
9.03212, -0.13887024, -2.3977966
8.997406, -0.14964294, -2.4301147
9.027344, -0.12689209, -2.4337006
9.027344, -0.13647461, -2.45047
9.006989, -0.14485168, -2.4480743
9.046494, -0.12928772, -2.387024
9.028534, -0.16281128, -2.3918
9.039307, -0.13526917, -2.4408875
9.077621, -0.13407898, -2.4085693
9.05368, -0.15441895, -2.427719
9.059662, -0.14604187, -2.4384918
9.070435, -0.16998291, -2.402588
9.047684, -0.15802002, -2.4229279
9.063248, -0.1663971, -2.3810272
9.046494, -0.17237854, -2.3618774
9.066849, -0.15441895, -2.3834229
9.038116, -0.15802002, -2.379837
9.03212, -0.15441895, -2.3941956
9.033325, -0.17237854, -2.4181366
9.042892, -0.14125061, -2.4181366
9.054871, -0.14125061, -2.431305
9.042892, -0.14006042, -2.4049683
9.005783, -0.14006042, -2.4241333
8.991425, -0.11013794, -2.3977966
8.978256, -0.11730957, -2.407364
9.003403, -0.118515015, -2.4408875
9.009384, -0.1197052, -2.4492645
8.986633, -0.070632935, -2.4085693
8.969879, -0.11013794, -2.4337006
8.973465, -0.12928772, -2.4229279
8.997406, -0.15322876, -2.4360962
9.03093, -0.14724731, -2.410965
9.046494, -0.12808228, -2.4085693
9.044098, -0.12928772, -2.4145508
9.020157, -0.15441895, -2.431305
9.045288, -0.1663971, -2.4396973
9.004593, -0.1592102, -2.431305
9.021347, -0.1592102, -2.443283
9.014175, -0.14485168, -2.4492645
9.024948, -0.14364624, -2.4492645
9.015366, -0.13887024, -2.4049683
9.046494, -0.10774231, -2.4169464
9.041702, -0.101760864, -2.4181366
9.016571, -0.13526917, -2.4540558
9.033325, -0.13168335, -2.3786469
9.051285, -0.10055542, -2.3535004
9.065643, -0.101760864, -2.3666687
9.027344, -0.123306274, -2.3822327
9.026138, -0.106536865, -2.3295593
9.020157, -0.123306274, -2.3391418
9.006989, -0.1197052, -2.3594818
9.021347, -0.12808228, -2.347519
9.027344, -0.11253357, -2.3570862
9.010574, -0.113723755, -2.3858185
9.023743, -0.13887024, -2.379837
9.065643, -0.120910645, -2.37146
9.059662, -0.104141235, -2.3774414
9.041702, -0.10534668, -2.3930054
9.084793, -0.1376648, -2.3894196
9.038116, -0.14245605, -2.3965912
9.033325, -0.13407898, -2.4241333
9.054871, -0.106536865, -2.4085693
9.033325, -0.113723755, -2.348709
8.998611, -0.09815979, -2.348709
8.991425, -0.113723755, -2.3666687
9.003403, -0.075424194, -2.3259735
9.0225525, -0.101760864, -2.3367462
9.014175, -0.13887024, -2.3427277
9.029724, -0.118515015, -2.3606873
9.036911, -0.13287354, -2.387024
9.058456, -0.12210083, -2.4085693
9.0620575, -0.10534668, -2.3989868
9.0225525, -0.11730957, -2.4001923
9.01297, -0.1149292, -2.4516602
9.002197, -0.15681458, -2.442093
8.985443, -0.15083313, -2.4360962
9.033325, -0.14964294, -2.4636383
9.010574, -0.15802002, -2.4241333
9.01297, -0.1484375, -2.4875793
9.029724, -0.16041565, -2.4935608
9.0225525, -0.16041565, -2.486374
9.035721, -0.15562439, -2.4756012
9.035721, -0.14724731, -2.4684296
9.03212, -0.14485168, -2.4253235
8.987839, -0.15083313, -2.4600372
8.980652, -0.17118835, -2.4732056
8.997406, -0.16998291, -2.4935608
9.03212, -0.17237854, -2.5043335
9.03212, -0.14964294, -2.5198975
9.027344, -0.17597961, -2.522293
8.999802, -0.1592102, -2.4887695
9.056061, -0.18196106, -2.5270844
9.03093, -0.15441895, -2.5402527
9.005783, -0.18914795, -2.54982
9.03093, -0.18196106, -2.498352
9.035721, -0.16400146, -2.489975
9.039307, -0.16400146, -2.4684296
9.041702, -0.19631958, -2.4396973
9.034515, -0.16998291, -2.4576416
9.023743, -0.16879272, -2.4253235
9.002197, -0.17837524, -2.387024
8.985443, -0.17358398, -2.3918
9.005783, -0.15802002, -2.4013824
9.03093, -0.13887024, -2.4157562
9.033325, -0.1484375, -2.403778
9.028534, -0.1304779, -2.4384918
9.024948, -0.12210083, -2.4636383
9.044098, -0.120910645, -2.4576416
9.01297, -0.118515015, -2.427719
8.997406, -0.12808228, -2.3846283
9.041702, -0.1197052, -2.3690643
9.034515, -0.096969604, -2.4013824
9.020157, -0.12449646, -2.4049683
9.041702, -0.13168335, -2.387024
9.040512, -0.1484375, -2.3463135
9.038116, -0.118515015, -2.348709
9.058456, -0.14245605, -2.3762512
9.034515, -0.15203857, -2.3750458
8.985443, -0.113723755, -2.3666687
9.041702, -0.10774231, -2.3259735
9.017761, -0.09815979, -2.3187866
8.999802, -0.104141235, -2.3427277
9.027344, -0.10295105, -2.364273
8.999802, -0.10774231, -2.364273
9.018951, -0.11253357, -2.363083
9.07283, -0.14245605, -2.3726501
9.070435, -0.16160583, -2.387024
9.042892, -0.15083313, -2.3726501
9.066849, -0.15322876, -2.3858185
9.026138, -0.13168335, -2.3894196
9.027344, -0.1376648, -2.3834229
9.048889, -0.15681458, -2.3606873
9.040512, -0.14364624, -2.3846283
9.015366, -0.15322876, -2.4013824
9.024948, -0.14006042, -2.3941956
9.01178, -0.17358398, -2.4121552
9.050079, -0.16041565, -2.4241333
9.010574, -0.13647461, -2.4121552
9.017761, -0.16041565, -2.4229279
9.035721, -0.17118835, -2.489975
9.021347, -0.14245605, -2.4157562
9.050079, -0.1376648, -2.4396973
9.046494, -0.13407898, -2.4576416
9.033325, -0.116119385, -2.4301147
9.015366, -0.1304779, -2.4337006
8.997406, -0.13287354, -2.4289246
9.03093, -0.13647461, -2.4121552
9.064453, -0.13407898, -2.4253235
9.0225525, -0.14125061, -2.402588
9.004593, -0.13168335, -2.4013824
9.005783, -0.15322876, -2.410965
9.018951, -0.15083313, -2.4540558
9.010574, -0.13287354, -2.4408875
9.009384, -0.14245605, -2.4600372
8.985443, -0.13526917, -2.4851837
9.002197, -0.116119385, -2.4995422
8.99382, -0.116119385, -2.5031433
9.004593, -0.123306274, -2.5067291
9.03212, -0.1304779, -2.5127106
8.992615, -0.14604187, -2.5067291
9.006989, -0.13647461, -2.4672241
9.010574, -0.15083313, -2.4516602
9.01297, -0.15441895, -2.4540558
9.014175, -0.13526917, -2.505539
9.006989, -0.15083313, -2.474411
9.026138, -0.16520691, -2.4444733
9.017761, -0.14604187, -2.4384918
8.997406, -0.14964294, -2.431305
8.999802, -0.16041565, -2.4732056
9.009384, -0.13647461, -2.4851837
8.992615, -0.111328125, -2.427719
8.997406, -0.1376648, -2.4337006
9.005783, -0.14964294, -2.4768066
9.041702, -0.14245605, -2.4528656
9.020157, -0.14724731, -2.4480743
9.035721, -0.1197052, -2.4444733
9.080017, -0.14724731, -2.4408875
9.076416, -0.16160583, -2.4576416
9.063248, -0.16160583, -2.4815826
9.039307, -0.10774231, -2.410965
9.020157, -0.13526917, -2.443283
9.003403, -0.120910645, -2.4444733
9.0225525, -0.101760864, -2.4205322
9.020157, -0.10055542, -2.4564514
9.035721, -0.12449646, -2.3989868
9.039307, -0.1197052, -2.3523102
9.01297, -0.11013794, -2.367859
9.052475, -0.13887024, -2.4408875
9.03212, -0.1304779, -2.4133606
9.016571, -0.10534668, -2.3894196
9.01178, -0.13287354, -2.3834229
9.009384, -0.123306274, -2.3989868
8.992615, -0.106536865, -2.3726501
8.997406, -0.09815979, -2.387024
9.020157, -0.116119385, -2.3618774
9.016571, -0.14364624, -2.3726501
9.016571, -0.111328125, -2.3930054
9.05368, -0.15083313, -2.37146
9.047684, -0.13647461, -2.3906097
9.048889, -0.120910645, -2.3858185
9.050079, -0.14006042, -2.379837
9.05368, -0.14964294, -2.364273
9.054871, -0.12449646, -2.3463135
9.041702, -0.1304779, -2.3822327
9.03212, -0.113723755, -2.3439178
9.01297, -0.113723755, -2.3810272
8.996216, -0.111328125, -2.4205322
9.003403, -0.11013794, -2.407364
9.001007, -0.13526917, -2.387024
9.017761, -0.1197052, -2.4360962
9.033325, -0.120910645, -2.4085693
9.024948, -0.15083313, -2.4624329
9.027344, -0.16879272, -2.442093
9.014175, -0.15083313, -2.434906
9.027344, -0.14964294, -2.434906
9.058456, -0.1149292, -2.4373016
9.029724, -0.120910645, -2.446869
9.023743, -0.12808228, -2.426529
9.014175, -0.13168335, -2.4480743
9.016571, -0.13407898, -2.45047
9.034515, -0.14364624, -2.4636383
9.029724, -0.14245605, -2.4636383
9.026138, -0.15203857, -2.505539
9.040512, -0.15083313, -2.4779968
9.03093, -0.16281128, -2.4887695
9.008179, -0.17597961, -2.4792023
9.033325, -0.16041565, -2.4480743
9.026138, -0.12928772, -2.4624329
9.0225525, -0.16758728, -2.4684296
9.03212, -0.15681458, -2.4768066
9.009384, -0.15562439, -2.4815826
8.998611, -0.12808228, -2.522293
9.046494, -0.15203857, -2.5115204
9.050079, -0.17358398, -2.510315
9.006989, -0.13287354, -2.458847
9.027344, -0.1197052, -2.45047
9.036911, -0.14364624, -2.4672241
9.033325, -0.13647461, -2.4815826
9.0225525, -0.1304779, -2.4564514
9.046494, -0.1197052, -2.4552612
8.992615, -0.15441895, -2.410965
9.008179, -0.14364624, -2.4301147
9.006989, -0.15562439, -2.426529
8.990234, -0.16041565, -2.426529
9.008179, -0.16520691, -2.4600372
9.010574, -0.1257019, -2.4396973
9.045288, -0.14125061, -2.427719
9.048889, -0.14604187, -2.458847
9.020157, -0.14125061, -2.4971466
9.035721, -0.14364624, -2.45047
9.050079, -0.14125061, -2.4600372
9.009384, -0.12689209, -2.4624329
9.002197, -0.14604187, -2.434906
8.998611, -0.1257019, -2.4205322
8.997406, -0.15441895, -2.4229279
9.016571, -0.12808228, -2.403778
9.010574, -0.111328125, -2.4325104
9.038116, -0.108932495, -2.4133606
9.029724, -0.123306274, -2.407364
9.0225525, -0.13287354, -2.3810272
9.003403, -0.15322876, -2.3977966
9.017761, -0.1376648, -2.4049683
9.009384, -0.11253357, -2.4217377
9.002197, -0.08859253, -2.407364
9.041702, -0.10774231, -2.4205322
9.001007, -0.12210083, -2.4157562
9.03212, -0.13287354, -2.4241333
9.020157, -0.13526917, -2.4301147
9.028534, -0.14006042, -2.4325104
9.063248, -0.12449646, -2.4289246
9.041702, -0.14485168, -2.4289246
9.021347, -0.14364624, -2.4085693
9.01178, -0.118515015, -2.4229279
8.997406, -0.14964294, -2.4408875
8.978256, -0.1149292, -2.3810272
9.002197, -0.1257019, -2.3810272
8.97467, -0.120910645, -2.4229279
9.01178, -0.12449646, -2.3762512
8.998611, -0.10295105, -2.363083
9.0225525, -0.14485168, -2.426529
9.016571, -0.15203857, -2.3654785
9.01297, -0.1149292, -2.4085693
9.039307, -0.12928772, -2.4480743
9.028534, -0.13168335, -2.4384918
9.03212, -0.13526917, -2.4337006
9.034515, -0.14964294, -2.458847
8.996216, -0.1484375, -2.4241333
9.03093, -0.16520691, -2.4241333
9.027344, -0.18315125, -2.4325104
8.992615, -0.14604187, -2.4648285
9.034515, -0.15441895, -2.4576416
8.975861, -0.1663971, -2.3977966
9.010574, -0.14604187, -2.442093
9.029724, -0.1376648, -2.4145508
9.024948, -0.14125061, -2.3989868
9.045288, -0.1304779, -2.427719
9.060852, -0.16281128, -2.4289246
9.082397, -0.18315125, -2.4576416
9.087189, -0.17837524, -2.4373016
9.058456, -0.16998291, -2.4636383
9.021347, -0.17237854, -2.4803925
9.036911, -0.14724731, -2.486374
9.028534, -0.17477417, -2.5019379
9.039307, -0.15802002, -2.4803925
9.018951, -0.1376648, -2.5354614
9.018951, -0.14006042, -2.510315
9.010574, -0.15083313, -2.5007477
9.038116, -0.14964294, -2.5127106
9.058456, -0.17118835, -2.5330658
9.047684, -0.14964294, -2.5031433
9.026138, -0.15802002, -2.5115204
9.03212, -0.16281128, -2.4624329
9.046494, -0.1376648, -2.4540558
9.015366, -0.14724731, -2.4384918
9.046494, -0.12808228, -2.426529
9.056061, -0.13168335, -2.4217377
9.051285, -0.116119385, -2.4648285
9.01178, -0.14364624, -2.4384918
9.006989, -0.13647461, -2.443283
8.998611, -0.11253357, -2.4492645
9.01297, -0.1257019, -2.4408875
9.041702, -0.11730957, -2.4373016
9.023743, -0.099365234, -2.4444733
9.004593, -0.13647461, -2.4528656
9.005783, -0.14724731, -2.4360962
9.01178, -0.14245605, -2.45047
8.99382, -0.12928772, -2.4516602
9.010574, -0.12449646, -2.4408875
9.026138, -0.12689209, -2.4803925
9.016571, -0.13887024, -2.4325104
9.010574, -0.116119385, -2.410965
9.004593, -0.12928772, -2.426529
9.039307, -0.14604187, -2.419342
9.044098, -0.12449646, -2.4181366
9.054871, -0.111328125, -2.4049683
9.060852, -0.11730957, -2.4169464
9.0225525, -0.1197052, -2.4049683
8.991425, -0.12689209, -2.3415222
8.977066, -0.10534668, -2.3738556
9.036911, -0.11013794, -2.3977966
9.016571, -0.089782715, -2.3906097
9.029724, -0.116119385, -2.3690643
8.986633, -0.11013794, -2.403778
9.010574, -0.111328125, -2.3894196
9.038116, -0.12928772, -2.3726501
9.038116, -0.1257019, -2.4444733
9.026138, -0.14125061, -2.4540558
9.024948, -0.11013794, -2.4576416
9.024948, -0.14125061, -2.4684296
9.036911, -0.13647461, -2.4959564
9.03093, -0.1257019, -2.4360962
9.0225525, -0.120910645, -2.4217377
9.010574, -0.13287354, -2.4289246
9.020157, -0.12808228, -2.4289246
9.016571, -0.1304779, -2.4480743
8.990234, -0.15203857, -2.4480743
9.01297, -0.1376648, -2.4337006
9.026138, -0.13526917, -2.4061737
9.034515, -0.1197052, -2.3762512
9.040512, -0.096969604, -2.3965912
9.017761, -0.14245605, -2.3786469
9.017761, -0.12210083, -2.3786469
9.045288, -0.12210083, -2.3906097
9.03212, -0.1257019, -2.4253235
9.01178, -0.14125061, -2.4049683
9.034515, -0.1376648, -2.4241333
9.03093, -0.1376648, -2.4229279
9.015366, -0.14964294, -2.4492645
8.99501, -0.14245605, -2.4576416
9.017761, -0.16160583, -2.4923706
8.992615, -0.13526917, -2.5187073
9.002197, -0.116119385, -2.5234833
9.023743, -0.13407898, -2.4720154
9.026138, -0.1376648, -2.4756012
9.026138, -0.14964294, -2.4696198
9.01178, -0.1376648, -2.466034
9.027344, -0.15203857, -2.4492645
9.017761, -0.17597961, -2.4325104
9.029724, -0.14604187, -2.4768066
9.034515, -0.14724731, -2.4720154
9.048889, -0.14964294, -2.4456787
9.021347, -0.12928772, -2.4564514
9.0225525, -0.14724731, -2.4169464
9.017761, -0.1376648, -2.4169464
9.01178, -0.14964294, -2.427719
9.042892, -0.14964294, -2.4157562
9.051285, -0.15802002, -2.4205322
9.0225525, -0.15441895, -2.4492645
9.036911, -0.13647461, -2.4001923
9.056061, -0.1304779, -2.4097595
9.03093, -0.092178345, -2.4049683
9.021347, -0.14006042, -2.4229279
9.033325, -0.120910645, -2.4169464
9.0225525, -0.1197052, -2.4241333
9.038116, -0.11013794, -2.3989868
9.042892, -0.12689209, -2.3810272
9.029724, -0.14485168, -2.4097595
9.054871, -0.1484375, -2.4181366
9.057266, -0.1484375, -2.4229279
9.039307, -0.13526917, -2.3965912
9.027344, -0.12808228, -2.3965912
9.044098, -0.12808228, -2.3738556
9.0225525, -0.14125061, -2.3786469
9.021347, -0.14724731, -2.387024
9.056061, -0.13287354, -2.363083
9.066849, -0.14125061, -2.3965912
9.027344, -0.14724731, -2.3463135
9.047684, -0.11013794, -2.4013824
9.03212, -0.12210083, -2.402588
9.035721, -0.13168335, -2.402588
9.029724, -0.11253357, -2.3786469
9.024948, -0.1257019, -2.3702545
9.01178, -0.12449646, -2.4181366
8.99501, -0.1304779, -2.419342
9.03212, -0.11730957, -2.3977966
9.027344, -0.120910645, -2.3774414
9.033325, -0.13407898, -2.367859
9.080017, -0.13407898, -2.4013824
9.046494, -0.106536865, -2.3977966
9.064453, -0.094573975, -2.4085693
9.03093, -0.120910645, -2.4373016
9.05368, -0.10534668, -2.4241333
9.024948, -0.096969604, -2.4097595
9.014175, -0.1304779, -2.4169464
9.028534, -0.1304779, -2.4181366
9.041702, -0.13526917, -2.387024
9.039307, -0.1149292, -2.3977966
9.040512, -0.16160583, -2.431305
9.054871, -0.15203857, -2.410965
9.021347, -0.13887024, -2.3810272
9.024948, -0.13887024, -2.395401
9.028534, -0.12449646, -2.3846283
9.016571, -0.12449646, -2.3774414
9.03212, -0.094573975, -2.3858185
8.999802, -0.1149292, -2.4049683
8.97467, -0.10295105, -2.3989868
8.996216, -0.12449646, -2.3894196
9.016571, -0.1149292, -2.403778
9.018951, -0.116119385, -2.4576416
9.03093, -0.13407898, -2.410965
9.024948, -0.1592102, -2.4384918
9.041702, -0.16281128, -2.4456787
9.040512, -0.14364624, -2.4325104
9.023743, -0.14485168, -2.407364
9.027344, -0.15562439, -2.4157562
9.015366, -0.13887024, -2.4085693
9.010574, -0.1257019, -2.3941956
9.001007, -0.120910645, -2.3834229
9.029724, -0.120910645, -2.4325104
9.023743, -0.13887024, -2.4301147
9.01178, -0.14006042, -2.4085693
8.980652, -0.14364624, -2.4013824
9.033325, -0.1484375, -2.379837
9.060852, -0.13526917, -2.4061737
9.027344, -0.15562439, -2.395401
9.035721, -0.14485168, -2.4013824
9.054871, -0.14604187, -2.419342
9.0620575, -0.18196106, -2.4289246
9.029724, -0.13647461, -2.4636383
9.042892, -0.15322876, -2.4552612
9.058456, -0.120910645, -2.4337006
9.03093, -0.1304779, -2.4636383
9.014175, -0.16160583, -2.4373016
8.99501, -0.1592102, -2.4480743
8.986633, -0.15083313, -2.4049683
9.016571, -0.15681458, -2.3989868
9.041702, -0.15203857, -2.3941956
9.044098, -0.1257019, -2.3786469
9.039307, -0.14125061, -2.4169464
9.040512, -0.1484375, -2.4049683
9.033325, -0.14125061, -2.419342
9.029724, -0.14125061, -2.4384918
9.029724, -0.14245605, -2.466034
9.03093, -0.16879272, -2.434906
9.027344, -0.14245605, -2.4624329
9.041702, -0.1592102, -2.4792023
9.027344, -0.14724731, -2.4337006
9.024948, -0.13407898, -2.3834229
9.020157, -0.14604187, -2.4061737
9.03212, -0.13168335, -2.434906
9.017761, -0.120910645, -2.4121552
9.0225525, -0.13526917, -2.4241333
9.010574, -0.1376648, -2.3834229
9.089584, -0.118515015, -2.4097595
9.064453, -0.094573975, -2.3977966
9.029724, -0.1197052, -2.3834229
9.041702, -0.16520691, -2.4205322
9.035721, -0.14724731, -2.4408875
9.039307, -0.15441895, -2.419342
9.040512, -0.14245605, -2.4229279
9.033325, -0.15322876, -2.3989868
9.03093, -0.15562439, -2.45047
9.027344, -0.14964294, -2.419342
9.021347, -0.13526917, -2.3786469
9.039307, -0.12808228, -2.407364
9.046494, -0.14485168, -2.3834229
9.057266, -0.15681458, -2.3989868
9.048889, -0.14964294, -2.3822327
9.027344, -0.14006042, -2.4241333
9.048889, -0.14364624, -2.4301147
9.03212, -0.13887024, -2.3918
9.026138, -0.1304779, -2.3810272
9.014175, -0.13168335, -2.407364
9.0225525, -0.13407898, -2.3834229
9.051285, -0.13647461, -2.3977966
9.020157, -0.13287354, -2.3977966
9.026138, -0.15203857, -2.4001923
9.03212, -0.118515015, -2.3858185
9.038116, -0.13168335, -2.3822327
9.039307, -0.16041565, -2.363083
9.0225525, -0.1376648, -2.3906097
9.028534, -0.118515015, -2.3989868
9.01178, -0.15562439, -2.395401
9.016571, -0.120910645, -2.367859
8.991425, -0.13407898, -2.379837
9.004593, -0.13407898, -2.3989868
9.01178, -0.1257019, -2.4241333
8.9830475, -0.11730957, -2.4181366
9.015366, -0.13647461, -2.4121552
9.033325, -0.13407898, -2.407364
9.034515, -0.120910645, -2.3846283
9.021347, -0.13168335, -2.4205322
9.033325, -0.1376648, -2.431305
9.068039, -0.14724731, -2.434906
9.021347, -0.13887024, -2.4241333
9.023743, -0.1484375, -2.4169464
9.040512, -0.13647461, -2.3834229
9.016571, -0.12449646, -2.4325104
8.992615, -0.12928772, -2.4444733
8.996216, -0.12928772, -2.4145508
9.044098, -0.12808228, -2.4911652
9.036911, -0.18914795, -2.4528656
9.0225525, -0.15441895, -2.4456787
9.045288, -0.11013794, -2.442093
9.009384, -0.15322876, -2.4325104
9.03212, -0.16281128, -2.4217377
9.033325, -0.120910645, -2.4049683
9.005783, -0.13407898, -2.4516602
9.020157, -0.13526917, -2.4061737
9.040512, -0.14724731, -2.4049683
9.021347, -0.116119385, -2.4157562
9.0225525, -0.12449646, -2.4396973
9.01297, -0.14245605, -2.4408875
9.040512, -0.16400146, -2.4516602
9.026138, -0.17597961, -2.4408875
9.015366, -0.1879425, -2.427719
9.039307, -0.16879272, -2.446869
9.059662, -0.15441895, -2.4325104
9.014175, -0.13647461, -2.4564514
9.024948, -0.15322876, -2.4684296
9.033325, -0.15681458, -2.4408875
9.034515, -0.14604187, -2.4337006
9.042892, -0.1376648, -2.387024
8.99382, -0.118515015, -2.4360962
9.034515, -0.14125061, -2.434906
9.052475, -0.14245605, -2.4241333
9.01297, -0.16041565, -2.4360962
9.034515, -0.13887024, -2.4624329
9.029724, -0.16281128, -2.4373016
9.023743, -0.1771698, -2.4600372
9.023743, -0.16520691, -2.4971466
9.003403, -0.1771698, -2.4696198
9.028534, -0.16998291, -2.442093
9.046494, -0.13526917, -2.4444733
9.036911, -0.1257019, -2.4384918
8.999802, -0.1484375, -2.4289246
9.005783, -0.1376648, -2.3989868
9.046494, -0.1304779, -2.3822327
9.048889, -0.14604187, -2.403778
9.047684, -0.1592102, -2.45047
9.056061, -0.16520691, -2.4337006
9.017761, -0.13887024, -2.4480743
9.034515, -0.12808228, -2.442093
9.03212, -0.12808228, -2.4624329
8.989029, -0.12449646, -2.4516602
9.01297, -0.1376648, -2.427719
9.023743, -0.15203857, -2.4181366
9.046494, -0.1484375, -2.443283
9.07283, -0.17358398, -2.4217377
9.071625, -0.15441895, -2.419342
9.047684, -0.14364624, -2.427719
9.036911, -0.16160583, -2.4253235
9.046494, -0.15441895, -2.402588
9.034515, -0.12928772, -2.4384918
8.992615, -0.15322876, -2.4576416
8.989029, -0.13287354, -2.395401
8.992615, -0.10774231, -2.388214
9.006989, -0.10774231, -2.3930054
8.99382, -0.14364624, -2.4145508
9.014175, -0.13407898, -2.4229279
9.050079, -0.118515015, -2.4384918
9.040512, -0.1376648, -2.395401
9.040512, -0.15083313, -2.3918
9.040512, -0.16400146, -2.4528656
9.020157, -0.16520691, -2.4396973
9.018951, -0.11730957, -2.4360962
9.051285, -0.13887024, -2.45047
9.033325, -0.1376648, -2.4408875
9.039307, -0.15203857, -2.4145508
9.002197, -0.1376648, -2.443283
9.014175, -0.14125061, -2.443283
9.01178, -0.12928772, -2.4648285
9.001007, -0.1771698, -2.4624329
9.014175, -0.14964294, -2.443283
9.010574, -0.1257019, -2.419342
9.010574, -0.16400146, -2.4253235
9.050079, -0.1376648, -2.434906
9.027344, -0.13287354, -2.4444733
9.038116, -0.14245605, -2.4133606
9.03093, -0.1257019, -2.4049683
9.015366, -0.13407898, -2.3965912
9.014175, -0.12210083, -2.410965
9.03093, -0.13287354, -2.4253235
9.006989, -0.15083313, -2.4337006
8.975861, -0.15802002, -2.4480743
8.996216, -0.12689209, -2.4408875
9.010574, -0.15083313, -2.443283
9.027344, -0.15441895, -2.4720154
9.033325, -0.1304779, -2.4636383
9.021347, -0.11253357, -2.4456787
9.020157, -0.15441895, -2.4516602
9.045288, -0.17597961, -2.4301147
9.023743, -0.16879272, -2.4720154
9.024948, -0.14125061, -2.427719
9.020157, -0.13407898, -2.4612427
9.016571, -0.14245605, -2.4636383
9.052475, -0.15441895, -2.4253235
9.046494, -0.116119385, -2.395401
9.029724, -0.14006042, -2.4085693
9.023743, -0.1304779, -2.4145508
9.018951, -0.14125061, -2.403778
9.041702, -0.1484375, -2.4133606
9.01297, -0.14724731, -2.4241333
9.021347, -0.12928772, -2.4241333
8.975861, -0.13287354, -2.442093
9.020157, -0.12210083, -2.4672241
9.046494, -0.113723755, -2.4803925
8.998611, -0.14006042, -2.4935608
9.021347, -0.16281128, -2.466034
9.010574, -0.14125061, -2.4516602
9.010574, -0.14245605, -2.4360962
9.065643, -0.118515015, -2.4121552
9.014175, -0.13647461, -2.427719
9.015366, -0.12928772, -2.402588
9.03212, -0.14604187, -2.431305
9.03093, -0.14964294, -2.4169464
9.01297, -0.14724731, -2.442093
9.016571, -0.15322876, -2.442093
9.040512, -0.14724731, -2.45047
9.042892, -0.15083313, -2.4672241
9.029724, -0.14485168, -2.4229279
8.990234, -0.14485168, -2.434906
9.004593, -0.12808228, -2.4301147
9.0225525, -0.1257019, -2.4145508
9.027344, -0.1257019, -2.4229279
9.026138, -0.14604187, -2.4145508
9.027344, -0.14724731, -2.419342
9.041702, -0.14964294, -2.4145508
9.046494, -0.14125061, -2.426529
9.052475, -0.16281128, -2.431305
9.052475, -0.14364624, -2.4325104
9.045288, -0.18315125, -2.4133606
9.026138, -0.15083313, -2.431305
9.029724, -0.14245605, -2.45047
9.024948, -0.1663971, -2.4696198
9.01178, -0.18675232, -2.434906
9.001007, -0.15681458, -2.4325104
9.027344, -0.1663971, -2.4289246
8.989029, -0.15681458, -2.4612427
9.01178, -0.1149292, -2.4648285
9.017761, -0.12928772, -2.4636383
9.01178, -0.14364624, -2.4301147
9.029724, -0.14125061, -2.4241333
9.041702, -0.13526917, -2.4492645
9.014175, -0.13287354, -2.4049683
9.046494, -0.1484375, -2.4408875
9.0225525, -0.14245605, -2.4672241
9.033325, -0.12449646, -2.4624329
9.024948, -0.14006042, -2.4696198
9.020157, -0.14125061, -2.4648285
9.026138, -0.14364624, -2.4756012
9.046494, -0.15083313, -2.446869
9.015366, -0.16998291, -2.4205322
9.023743, -0.14125061, -2.4600372
9.03093, -0.14724731, -2.4672241
9.048889, -0.14485168, -2.4289246
9.041702, -0.12210083, -2.4301147
9.021347, -0.13287354, -2.4253235
9.036911, -0.13526917, -2.4085693
9.038116, -0.14964294, -2.4205322
9.036911, -0.16998291, -2.4672241
9.039307, -0.18675232, -2.442093
8.986633, -0.13407898, -2.4384918
8.997406, -0.16041565, -2.427719
8.975861, -0.17118835, -2.4444733
9.014175, -0.15083313, -2.4636383
9.015366, -0.17118835, -2.4887695
9.01178, -0.1304779, -2.4540558
9.034515, -0.1304779, -2.5067291
9.009384, -0.14964294, -2.47081
9.010574, -0.15322876, -2.4552612
8.992615, -0.15203857, -2.4779968
9.015366, -0.12928772, -2.47081
9.001007, -0.12928772, -2.4516602
8.984238, -0.13407898, -2.4851837
9.023743, -0.15562439, -2.4672241
9.014175, -0.12449646, -2.45047
9.017761, -0.14364624, -2.4672241
9.020157, -0.1304779, -2.4779968
8.998611, -0.13887024, -2.4337006
8.989029, -0.13407898, -2.4253235
9.03093, -0.1592102, -2.446869
9.039307, -0.14604187, -2.4959564
8.992615, -0.17118835, -2.4959564
8.999802, -0.17477417, -2.4911652
9.0225525, -0.16281128, -2.5175018
9.044098, -0.12808228, -2.54982
9.0225525, -0.1376648, -2.4875793
8.985443, -0.13887024, -2.4887695
8.990234, -0.14724731, -2.5079193
8.996216, -0.14964294, -2.4684296
9.017761, -0.15083313, -2.4492645
8.997406, -0.15203857, -2.466034
8.99501, -0.14964294, -2.4600372
9.033325, -0.13647461, -2.431305
9.015366, -0.13887024, -2.431305
9.01178, -0.13887024, -2.4301147
9.03212, -0.12689209, -2.4217377
8.997406, -0.11730957, -2.4672241
9.034515, -0.14245605, -2.4444733
9.044098, -0.17118835, -2.4229279
9.03212, -0.1663971, -2.494751
9.021347, -0.16281128, -2.4779968
9.021347, -0.1484375, -2.4815826
9.01178, -0.1663971, -2.4636383
9.006989, -0.15802002, -2.4636383
9.001007, -0.13407898, -2.4887695
9.010574, -0.14485168, -2.4696198
9.0225525, -0.15203857, -2.4528656
8.997406, -0.14125061, -2.4480743
8.999802, -0.14125061, -2.4301147
8.991425, -0.12689209, -2.4301147
8.997406, -0.15203857, -2.4133606
8.980652, -0.14006042, -2.442093
9.045288, -0.11013794, -2.4133606
9.048889, -0.15562439, -2.4229279
9.021347, -0.15203857, -2.434906
9.046494, -0.13287354, -2.4169464
9.020157, -0.118515015, -2.4253235
9.035721, -0.11730957, -2.4600372
9.033325, -0.16758728, -2.4564514
9.020157, -0.15562439, -2.4612427
9.010574, -0.14604187, -2.4169464
9.017761, -0.12449646, -2.4516602
9.001007, -0.12449646, -2.47081
9.010574, -0.15322876, -2.443283
9.015366, -0.1484375, -2.466034
8.999802, -0.1304779, -2.4672241
9.035721, -0.12449646, -2.443283
9.048889, -0.17237854, -2.4492645
9.008179, -0.1592102, -2.4528656
9.021347, -0.13407898, -2.434906
9.006989, -0.13647461, -2.474411
9.029724, -0.12689209, -2.4756012
9.021347, -0.116119385, -2.4408875
9.03212, -0.11730957, -2.4444733
9.035721, -0.14485168, -2.4564514
9.033325, -0.16400146, -2.4540558
9.008179, -0.14724731, -2.4815826
9.008179, -0.14724731, -2.4839783
8.989029, -0.17597961, -2.4768066
9.004593, -0.106536865, -2.4875793
9.015366, -0.13887024, -2.4815826
9.017761, -0.15562439, -2.4720154
8.99382, -0.13168335, -2.5019379
8.984238, -0.13407898, -2.489975
9.020157, -0.16879272, -2.4301147
9.010574, -0.15322876, -2.5031433
8.990234, -0.1376648, -2.4636383
9.024948, -0.14604187, -2.4696198
9.033325, -0.13887024, -2.4792023
9.01178, -0.15562439, -2.4564514
9.029724, -0.14125061, -2.4971466
9.046494, -0.14245605, -2.494751
9.001007, -0.14724731, -2.4923706
9.0225525, -0.123306274, -2.482788
8.985443, -0.12928772, -2.5127106
9.001007, -0.15441895, -2.4911652
8.997406, -0.14245605, -2.4839783
9.033325, -0.16758728, -2.4803925
9.033325, -0.1592102, -2.486374
9.034515, -0.15681458, -2.4756012
9.027344, -0.14364624, -2.4408875
9.01297, -0.13647461, -2.4205322
9.018951, -0.12928772, -2.4516602
8.986633, -0.16281128, -2.4301147
9.016571, -0.16758728, -2.427719
8.99382, -0.12808228, -2.4624329
9.0225525, -0.14125061, -2.4528656
9.009384, -0.16281128, -2.4301147
9.0225525, -0.14245605, -2.427719
9.014175, -0.14964294, -2.486374
9.026138, -0.17118835, -2.4732056
9.034515, -0.18675232, -2.45047
9.005783, -0.14245605, -2.4612427
9.024948, -0.14125061, -2.4600372
9.016571, -0.15681458, -2.47081
9.005783, -0.1484375, -2.4624329
8.984238, -0.15681458, -2.4384918
9.006989, -0.13168335, -2.4732056
9.021347, -0.13526917, -2.474411
9.026138, -0.14485168, -2.4552612
8.989029, -0.12449646, -2.4576416
9.01178, -0.1197052, -2.510315
9.029724, -0.12689209, -2.4815826
8.997406, -0.1257019, -2.486374
9.01297, -0.12808228, -2.489975
9.003403, -0.11253357, -2.5067291
9.004593, -0.16281128, -2.5127106
9.03212, -0.12689209, -2.534256
9.005783, -0.11730957, -2.4995422
9.01297, -0.13526917, -2.4911652
8.969879, -0.1197052, -2.5115204
8.99382, -0.123306274, -2.4720154
9.018951, -0.14964294, -2.4624329
9.018951, -0.15441895, -2.5031433
9.044098, -0.1484375, -2.5007477
9.054871, -0.14006042, -2.4612427
9.075226, -0.15083313, -2.419342
9.059662, -0.15681458, -2.45047
9.054871, -0.15441895, -2.4456787
9.035721, -0.12449646, -2.4229279
9.042892, -0.13526917, -2.4636383
9.01178, -0.14125061, -2.4576416
8.980652, -0.14964294, -2.522293
8.984238, -0.12689209, -2.558197
8.997406, -0.12449646, -2.5474243
9.0225525, -0.18196106, -2.5845337
9.014175, -0.16758728, -2.553421
9.023743, -0.17837524, -2.553421
9.027344, -0.16160583, -2.5198975
9.035721, -0.15562439, -2.513916
9.07402, -0.15441895, -2.4923706
9.047684, -0.15322876, -2.434906
9.015366, -0.15441895, -2.4013824
9.063248, -0.13168335, -2.3786469
9.045288, -0.14964294, -2.363083
9.017761, -0.16160583, -2.3570862
8.997406, -0.12808228, -2.3379364
9.015366, -0.096969604, -2.3068085
8.987839, -0.10534668, -2.3068085
9.001007, -0.092178345, -2.3343506
9.065643, -0.073028564, -2.355896
9.059662, -0.10534668, -2.3726501
9.057266, -0.09336853, -2.3846283
9.05368, -0.116119385, -2.3774414
9.058456, -0.10534668, -2.4001923
9.047684, -0.099365234, -2.3965912
8.999802, -0.08859253, -2.3523102
8.960297, -0.06225586, -2.3151855
8.936356, -0.07661438, -2.2397766
8.966278, -0.04548645, -2.1918945
8.963898, -0.022750854, -2.1571808
8.966278, -0.06703186, -2.1871033
8.97467, -0.113723755, -2.1691437
9.040512, -0.096969604, -2.237381
9.065643, -0.10774231, -2.285263
9.119507, -0.13647461, -2.3295593
9.160217, -0.14604187, -2.3726501
9.115921, -0.1592102, -2.4301147
9.087189, -0.13168335, -2.4384918
9.095566, -0.080200195, -2.4492645
9.024948, -0.056259155, -2.4528656
8.980652, -0.068237305, -2.466034
8.957901, -0.08380127, -2.4564514
8.959106, -0.104141235, -2.426529
8.931564, -0.09576416, -2.4301147
8.9830475, -0.120910645, -2.3906097
8.998611, -0.15203857, -2.3618774
9.044098, -0.14006042, -2.347519
9.083603, -0.14485168, -2.3056183
9.048889, -0.09815979, -2.2804718
9.070435, -0.065841675, -2.2517395
9.1410675, -0.070632935, -2.2553406
9.065643, -0.05506897, -2.2541351
9.040512, -0.063446045, -2.2804718
9.077621, -0.058654785, -2.331955
9.033325, -0.14125061, -2.4396973
8.992615, -0.18196106, -2.505539
9.003403, -0.20111084, -2.545044
9.020157, -0.20469666, -2.6300354
9.004593, -0.19871521, -2.6216583
9.040512, -0.23103333, -2.652771
9.065643, -0.20469666, -2.6419983
9.038116, -0.16520691, -2.5953217
9.03212, -0.14364624, -2.5510254
9.063248, -0.101760864, -2.5079193
9.046494, -0.082595825, -2.4624329
9.018951, -0.094573975, -2.3965912
9.063248, -0.10295105, -2.355896
9.0620575, -0.10055542, -2.3379364
9.047684, -0.116119385, -2.3570862
9.033325, -0.14125061, -2.3750458
8.991425, -0.15203857, -2.3463135
9.03093, -0.17837524, -2.3918
9.001007, -0.20350647, -2.426529
9.026138, -0.19154358, -2.4456787
9.020157, -0.1879425, -2.4851837
8.978256, -0.16520691, -2.5163116
8.9674835, -0.1484375, -2.5749664
8.978256, -0.14125061, -2.5989075
8.99382, -0.106536865, -2.5594025
9.014175, -0.104141235, -2.5151062
8.973465, -0.0909729, -2.5570068
8.99382, -0.118515015, -2.5079193
9.060852, -0.14364624, -2.4301147
9.038116, -0.16520691, -2.4384918
9.044098, -0.12689209, -2.4337006
9.033325, -0.16281128, -2.3654785
9.054871, -0.16281128, -2.402588
9.016571, -0.13407898, -2.379837
8.99382, -0.13168335, -2.3295593
8.99501, -0.15322876, -2.403778
8.999802, -0.10534668, -2.3977966
8.981842, -0.104141235, -2.3918
8.978256, -0.12210083, -2.4301147
8.989029, -0.09336853, -2.402588
8.992615, -0.106536865, -2.4672241
8.992615, -0.11253357, -2.4875793
8.97467, -0.1257019, -2.4384918
8.989029, -0.13168335, -2.4384918
9.041702, -0.13526917, -2.4301147
9.050079, -0.18196106, -2.4528656
9.0225525, -0.16400146, -2.45047
9.0620575, -0.14604187, -2.4696198
9.105148, -0.17118835, -2.4444733
9.066849, -0.14724731, -2.3977966
9.044098, -0.16400146, -2.4289246
9.018951, -0.15203857, -2.4528656
8.991425, -0.14125061, -2.4516602
9.006989, -0.14604187, -2.4540558
9.018951, -0.1257019, -2.4085693
8.986633, -0.116119385, -2.3989868
9.0225525, -0.118515015, -2.474411
8.99382, -0.11730957, -2.4875793
9.045288, -0.111328125, -2.4289246
9.051285, -0.12808228, -2.4528656
9.024948, -0.16400146, -2.4839783
9.03212, -0.15802002, -2.4552612
9.002197, -0.15681458, -2.4887695
8.989029, -0.17358398, -2.505539
9.018951, -0.16400146, -2.5151062
9.040512, -0.1484375, -2.5246887
8.979446, -0.15322876, -2.5270844
8.966278, -0.16879272, -2.553421
9.008179, -0.15322876, -2.5438385
8.992615, -0.15681458, -2.5163116
9.003403, -0.1376648, -2.4815826
9.010574, -0.1197052, -2.474411
8.999802, -0.1304779, -2.482788
9.01297, -0.15681458, -2.4253235
9.057266, -0.14964294, -2.4013824
9.024948, -0.1663971, -2.4205322
9.036911, -0.14724731, -2.4181366
9.070435, -0.14964294, -2.3894196
9.09198, -0.13407898, -2.4013824
9.064453, -0.17358398, -2.3846283
9.033325, -0.12689209, -2.4456787
9.008179, -0.14245605, -2.4528656
9.010574, -0.14485168, -2.45047
8.999802, -0.14485168, -2.4672241
8.95192, -0.15802002, -2.4923706
8.969879, -0.13287354, -2.482788
8.969879, -0.15322876, -2.4696198
9.004593, -0.14964294, -2.45047
9.01178, -0.15562439, -2.4169464
9.034515, -0.14604187, -2.4325104
9.041702, -0.14724731, -2.4133606
9.097961, -0.17118835, -2.434906
9.076416, -0.17956543, -2.434906
9.081207, -0.16400146, -2.4492645
9.035721, -0.120910645, -2.4325104
9.05368, -0.12928772, -2.4887695
9.054871, -0.12210083, -2.4815826
9.002197, -0.14125061, -2.5175018
8.956711, -0.1592102, -2.5019379
9.004593, -0.1376648, -2.5079193
9.006989, -0.12689209, -2.513916
8.972275, -0.14604187, -2.5091248
8.972275, -0.15083313, -2.5234833
9.015366, -0.16041565, -2.5043335
9.057266, -0.16758728, -2.4732056
9.033325, -0.17237854, -2.4911652
9.039307, -0.16281128, -2.4995422
9.063248, -0.16400146, -2.4696198
8.992615, -0.11730957, -2.443283
8.997406, -0.12210083, -2.4169464
8.984238, -0.10295105, -2.4229279
8.984238, -0.101760864, -2.407364
8.947128, -0.111328125, -2.4217377
8.942337, -0.12808228, -2.395401
8.978256, -0.11253357, -2.3570862
9.0225525, -0.11013794, -2.3499146
9.024948, -0.12210083, -2.367859
9.039307, -0.101760864, -2.3894196
9.046494, -0.13168335, -2.3918
9.044098, -0.14964294, -2.410965
9.014175, -0.14125061, -2.4085693
9.009384, -0.12449646, -2.419342
8.981842, -0.1197052, -2.4540558
8.980652, -0.1149292, -2.4636383
8.9830475, -0.12689209, -2.4456787
8.965088, -0.123306274, -2.4133606
8.978256, -0.10534668, -2.4373016
8.950729, -0.14006042, -2.4396973
9.01297, -0.16281128, -2.4444733
9.040512, -0.17237854, -2.4492645
9.054871, -0.20709229, -2.4384918
9.078812, -0.20829773, -2.4875793
9.068039, -0.20231628, -2.513916
9.068039, -0.18675232, -2.4911652
9.059662, -0.18196106, -2.4815826
8.990234, -0.15203857, -2.5318756
9.021347, -0.14245605, -2.510315
9.008179, -0.14245605, -2.4648285
8.99501, -0.1149292, -2.5151062
8.97467, -0.14006042, -2.525879
8.959106, -0.1592102, -2.5151062
8.984238, -0.15681458, -2.510315
9.01178, -0.1771698, -2.4779968
9.017761, -0.17477417, -2.4612427
9.0225525, -0.1257019, -2.4624329
9.024948, -0.1257019, -2.426529
9.021347, -0.11013794, -2.4480743
9.029724, -0.15083313, -2.443283
9.041702, -0.15441895, -2.427719
9.03212, -0.13647461, -2.4564514
8.985443, -0.14245605, -2.4839783
8.965088, -0.14724731, -2.5187073
8.929169, -0.1376648, -2.510315
8.935165, -0.14964294, -2.52948
8.968674, -0.12808228, -2.5198975
8.981842, -0.14604187, -2.5570068
9.023743, -0.14485168, -2.5175018
9.060852, -0.15562439, -2.489975
9.07402, -0.16041565, -2.486374
9.063248, -0.16520691, -2.4768066
9.048889, -0.16520691, -2.4337006
9.045288, -0.17477417, -2.4157562
9.01178, -0.15083313, -2.4516602
8.959106, -0.1376648, -2.443283
8.95192, -0.12928772, -2.45047
8.980652, -0.14604187, -2.4085693
8.975861, -0.1304779, -2.4229279
8.937561, -0.1197052, -2.4253235
9.002197, -0.14364624, -2.4205322
9.048889, -0.16758728, -2.45047
9.051285, -0.14364624, -2.4229279
9.060852, -0.16758728, -2.4480743
9.087189, -0.18315125, -2.4360962
9.094376, -0.15441895, -2.4396973
9.051285, -0.15562439, -2.4636383
9.005783, -0.13526917, -2.4911652
8.99382, -0.12210083, -2.505539
8.968674, -0.14125061, -2.4373016
8.978256, -0.15681458, -2.4552612
8.9674835, -0.15203857, -2.494751
8.987839, -0.12928772, -2.4612427
9.009384, -0.116119385, -2.4839783
9.033325, -0.1304779, -2.4612427
9.005783, -0.15562439, -2.4516602
9.004593, -0.15802002, -2.47081
9.036911, -0.14364624, -2.4612427
9.01178, -0.14125061, -2.466034
9.028534, -0.1484375, -2.4540558
9.021347, -0.13168335, -2.4373016
9.033325, -0.12449646, -2.4528656
8.992615, -0.12210083, -2.510315
8.996216, -0.118515015, -2.486374
9.006989, -0.123306274, -2.4839783
9.017761, -0.14364624, -2.4732056
8.999802, -0.1484375, -2.4612427
9.001007, -0.13887024, -2.4720154
9.010574, -0.13407898, -2.4971466
8.985443, -0.14006042, -2.4624329
8.989029, -0.14125061, -2.442093
9.001007, -0.16160583, -2.458847
9.009384, -0.17358398, -2.4887695
8.991425, -0.14006042, -2.482788
8.998611, -0.113723755, -2.4935608
9.027344, -0.14964294, -2.5043335
9.056061, -0.16281128, -2.498352
9.048889, -0.16160583, -2.4480743
9.027344, -0.13887024, -2.4600372
9.03212, -0.14604187, -2.4803925
9.068039, -0.12449646, -2.4301147
9.018951, -0.1376648, -2.410965
9.052475, -0.101760864, -2.3918
9.010574, -0.113723755, -2.4253235
9.001007, -0.12210083, -2.4049683
8.998611, -0.13407898, -2.3726501
9.052475, -0.15441895, -2.3606873
9.040512, -0.12449646, -2.3654785
9.004593, -0.106536865, -2.355896
9.023743, -0.1304779, -2.4097595
9.064453, -0.12808228, -2.3941956
9.064453, -0.123306274, -2.3894196
9.044098, -0.1149292, -2.3774414
9.042892, -0.094573975, -2.3738556
9.080017, -0.11730957, -2.3918
9.038116, -0.118515015, -2.3918
9.006989, -0.13168335, -2.388214
9.029724, -0.12210083, -2.3834229
9.009384, -0.13287354, -2.3846283
9.003403, -0.1149292, -2.426529
9.029724, -0.111328125, -2.3702545
9.03212, -0.111328125, -2.331955
9.0225525, -0.12449646, -2.3115997
9.010574, -0.10534668, -2.3499146
9.05368, -0.104141235, -2.3570862
9.081207, -0.1257019, -2.328354
9.077621, -0.13647461, -2.4013824
9.036911, -0.12210083, -2.3977966
9.034515, -0.14724731, -2.3894196
9.028534, -0.10055542, -2.3594818
9.045288, -0.116119385, -2.3738556
9.052475, -0.12449646, -2.3690643
9.03093, -0.1197052, -2.387024
9.041702, -0.12210083, -2.4205322
9.046494, -0.113723755, -2.4085693
9.041702, -0.116119385, -2.3666687
9.058456, -0.13407898, -2.3834229
9.03093, -0.1257019, -2.3774414
9.047684, -0.113723755, -2.363083
9.066849, -0.12689209, -2.3594818
9.064453, -0.111328125, -2.3367462
9.051285, -0.089782715, -2.3726501
9.040512, -0.118515015, -2.3606873
9.004593, -0.1149292, -2.3570862
9.024948, -0.094573975, -2.3606873
9.01297, -0.068237305, -2.3427277
8.991425, -0.12689209, -2.3523102
8.991425, -0.13407898, -2.3762512
8.998611, -0.118515015, -2.3894196
9.03212, -0.111328125, -2.3702545
9.047684, -0.104141235, -2.402588
9.042892, -0.1149292, -2.3894196
9.048889, -0.10534668, -2.3846283
9.03093, -0.118515015, -2.4049683
9.036911, -0.096969604, -2.4384918
9.034515, -0.096969604, -2.458847
9.010574, -0.11730957, -2.4839783
8.992615, -0.13526917, -2.4779968
9.027344, -0.14125061, -2.4971466
8.987839, -0.12689209, -2.498352
9.004593, -0.1484375, -2.5079193
8.978256, -0.13526917, -2.4911652
9.010574, -0.1304779, -2.5007477
8.97467, -0.12928772, -2.4600372
9.014175, -0.101760864, -2.4803925
9.035721, -0.12449646, -2.4564514
9.033325, -0.14125061, -2.4803925
9.021347, -0.13887024, -2.4552612
9.014175, -0.13287354, -2.4935608
9.047684, -0.13887024, -2.5198975
9.021347, -0.14245605, -2.4732056
9.038116, -0.120910645, -2.4684296
9.03212, -0.1257019, -2.4851837
9.017761, -0.120910645, -2.5127106
9.01297, -0.118515015, -2.4756012
9.017761, -0.1149292, -2.4768066
8.996216, -0.120910645, -2.5270844
8.95311, -0.1149292, -2.4911652
8.977066, -0.10774231, -2.4792023
8.9830475, -0.14125061, -2.419342
8.992615, -0.1376648, -2.446869
9.006989, -0.123306274, -2.4516602
9.03093, -0.1197052, -2.4181366
9.034515, -0.15083313, -2.431305
9.066849, -0.118515015, -2.4384918
9.097961, -0.14724731, -2.4456787
9.059662, -0.13407898, -2.45047
9.039307, -0.1149292, -2.442093
9.028534, -0.12689209, -2.4480743
8.999802, -0.1197052, -2.4480743
9.002197, -0.108932495, -2.4384918
8.990234, -0.12689209, -2.4301147
8.978256, -0.1484375, -2.431305
9.002197, -0.14006042, -2.4145508
8.997406, -0.16041565, -2.4384918
9.034515, -0.16400146, -2.442093
9.010574, -0.13287354, -2.4552612
9.048889, -0.13526917, -2.4600372
9.042892, -0.113723755, -2.4756012
9.026138, -0.07661438, -2.4732056
9.0225525, -0.1149292, -2.4720154
8.999802, -0.11730957, -2.466034
8.989029, -0.120910645, -2.4612427
8.99382, -0.101760864, -2.4875793
9.01297, -0.123306274, -2.4779968
9.001007, -0.14964294, -2.446869
9.018951, -0.14006042, -2.402588
9.010574, -0.15083313, -2.419342
9.0225525, -0.16160583, -2.4205322
9.042892, -0.15203857, -2.4049683
9.040512, -0.118515015, -2.3786469
9.035721, -0.1149292, -2.4241333
9.034515, -0.13168335, -2.4217377
9.052475, -0.12449646, -2.4289246
9.034515, -0.10534668, -2.4205322
9.01178, -0.09336853, -2.3989868
8.999802, -0.10295105, -2.4648285
9.029724, -0.1257019, -2.474411
9.023743, -0.12210083, -2.4181366
9.002197, -0.10774231, -2.4253235
9.018951, -0.14724731, -2.486374
9.003403, -0.1484375, -2.4552612
8.991425, -0.14364624, -2.4492645
9.018951, -0.15322876, -2.4360962
9.008179, -0.14245605, -2.442093
9.035721, -0.15802002, -2.3977966
9.010574, -0.14364624, -2.3906097
9.024948, -0.12808228, -2.4181366
9.023743, -0.118515015, -2.4540558
9.006989, -0.106536865, -2.45047
9.006989, -0.10295105, -2.4815826
9.018951, -0.10534668, -2.5007477
9.017761, -0.1257019, -2.4803925
9.045288, -0.13526917, -2.5007477
9.028534, -0.116119385, -2.4576416
9.03093, -0.1257019, -2.4552612
9.045288, -0.116119385, -2.5151062
8.99501, -0.1484375, -2.4995422
9.023743, -0.13168335, -2.489975
9.033325, -0.1149292, -2.5187073
9.008179, -0.1257019, -2.4684296
8.997406, -0.14485168, -2.4648285
9.040512, -0.15083313, -2.4480743
9.038116, -0.15441895, -2.4792023
9.018951, -0.16758728, -2.4839783
9.036911, -0.120910645, -2.494751
9.01297, -0.15562439, -2.4839783
9.003403, -0.14485168, -2.4875793
9.045288, -0.13287354, -2.4851837
9.033325, -0.118515015, -2.5067291
9.038116, -0.1304779, -2.4887695
9.05368, -0.1376648, -2.5091248
9.039307, -0.13887024, -2.4732056
9.041702, -0.14245605, -2.4779968
9.003403, -0.15562439, -2.4779968
8.986633, -0.11730957, -2.4768066
9.018951, -0.113723755, -2.4540558
8.984238, -0.101760864, -2.4887695
8.977066, -0.0861969, -2.4756012
9.0225525, -0.092178345, -2.4253235
9.01297, -0.11730957, -2.446869
9.006989, -0.1197052, -2.434906
8.999802, -0.101760864, -2.3941956
9.026138, -0.0909729, -2.3930054
9.023743, -0.10774231, -2.3989868
9.021347, -0.123306274, -2.3918
9.059662, -0.12689209, -2.403778
9.040512, -0.10534668, -2.395401
9.006989, -0.11253357, -2.3989868
9.001007, -0.106536865, -2.3858185
9.006989, -0.108932495, -2.3965912
9.01178, -0.123306274, -2.3750458
9.018951, -0.118515015, -2.402588
9.005783, -0.07661438, -2.3918
9.0225525, -0.08380127, -2.3762512
9.016571, -0.106536865, -2.379837
9.024948, -0.1197052, -2.3989868
9.029724, -0.09576416, -2.3894196
9.01178, -0.08859253, -2.3965912
9.033325, -0.10295105, -2.4013824
9.018951, -0.0909729, -2.4133606
8.998611, -0.087387085, -2.4456787
8.99382, -0.101760864, -2.4373016
9.029724, -0.11253357, -2.427719
9.024948, -0.104141235, -2.4157562
8.997406, -0.073028564, -2.4085693
8.999802, -0.08859253, -2.4169464
9.015366, -0.108932495, -2.4253235
9.0225525, -0.13287354, -2.4013824
9.010574, -0.10774231, -2.4001923
9.03093, -0.12210083, -2.427719
9.028534, -0.12808228, -2.3941956
9.021347, -0.108932495, -2.4085693
9.040512, -0.10055542, -2.4169464
9.0620575, -0.099365234, -2.426529
9.065643, -0.094573975, -2.4373016
9.028534, -0.11730957, -2.442093
9.008179, -0.096969604, -2.4169464
8.998611, -0.099365234, -2.427719
9.006989, -0.11013794, -2.4408875
8.986633, -0.092178345, -2.443283
8.981842, -0.111328125, -2.45047
9.005783, -0.11013794, -2.4600372
9.03093, -0.1257019, -2.4756012
9.021347, -0.106536865, -2.489975
9.028534, -0.10295105, -2.466034
9.024948, -0.118515015, -2.5019379
9.060852, -0.14245605, -2.4803925
9.024948, -0.1304779, -2.47081
8.996216, -0.1257019, -2.4792023
9.005783, -0.12689209, -2.4768066
9.039307, -0.11013794, -2.4648285
9.058456, -0.1304779, -2.4720154
9.075226, -0.13526917, -2.522293
9.071625, -0.12928772, -2.4792023
9.021347, -0.123306274, -2.4684296
9.045288, -0.15322876, -2.4959564
9.03212, -0.14724731, -2.4624329
9.016571, -0.14724731, -2.486374
9.008179, -0.1376648, -2.486374
9.045288, -0.099365234, -2.431305
9.041702, -0.089782715, -2.388214
9.044098, -0.10295105, -2.4169464
9.034515, -0.087387085, -2.403778
9.038116, -0.070632935, -2.407364
9.028534, -0.08380127, -2.3822327
9.023743, -0.06942749, -2.3343506
9.03212, -0.056259155, -2.3343506
9.027344, -0.082595825, -2.3187866
9.03093, -0.09576416, -2.3068085
9.052475, -0.082595825, -2.2876587
9.034515, -0.111328125, -2.3259735
9.045288, -0.09815979, -2.3415222
9.071625, -0.099365234, -2.3355408
9.056061, -0.12449646, -2.37146
9.041702, -0.101760864, -2.379837
9.050079, -0.0909729, -2.395401
9.018951, -0.106536865, -2.3846283
9.047684, -0.10774231, -2.3846283
9.023743, -0.11253357, -2.4217377
9.003403, -0.099365234, -2.4145508
8.981842, -0.07421875, -2.3702545
8.978256, -0.106536865, -2.355896
9.01178, -0.080200195, -2.387024
9.018951, -0.099365234, -2.3894196
9.005783, -0.13887024, -2.363083
9.044098, -0.10534668, -2.3690643
9.036911, -0.09576416, -2.3427277
9.05368, -0.10295105, -2.3618774
9.0620575, -0.096969604, -2.3750458
9.041702, -0.09815979, -2.3606873
9.068039, -0.14245605, -2.426529
9.084793, -0.1376648, -2.4157562
9.029724, -0.12689209, -2.4157562
9.021347, -0.12449646, -2.4672241
9.038116, -0.10055542, -2.4803925
9.005783, -0.1149292, -2.4851837
8.9830475, -0.118515015, -2.4624329
8.984238, -0.116119385, -2.486374
9.005783, -0.123306274, -2.513916
9.03212, -0.13647461, -2.4696198
9.063248, -0.13526917, -2.4732056
9.046494, -0.15322876, -2.5019379
9.0620575, -0.16520691, -2.4756012
9.083603, -0.15322876, -2.4600372
9.065643, -0.12928772, -2.4301147
9.024948, -0.113723755, -2.4337006
9.034515, -0.11253357, -2.3930054
8.989029, -0.089782715, -2.3834229
8.990234, -0.118515015, -2.3762512
8.992615, -0.10774231, -2.3810272
9.003403, -0.10774231, -2.3762512
8.987839, -0.096969604, -2.379837
9.006989, -0.092178345, -2.395401
9.03093, -0.12689209, -2.3965912
9.052475, -0.13647461, -2.431305
9.040512, -0.12928772, -2.4121552
9.006989, -0.1257019, -2.395401
9.017761, -0.123306274, -2.427719
9.018951, -0.113723755, -2.4516602
9.001007, -0.08380127, -2.4815826
9.010574, -0.065841675, -2.4720154
8.977066, -0.09576416, -2.4564514
8.944733, -0.120910645, -2.466034
8.986633, -0.10055542, -2.45047
9.008179, -0.0861969, -2.4337006
9.028534, -0.09815979, -2.3810272
9.048889, -0.12928772, -2.3774414
9.071625, -0.14364624, -2.3762512
9.09198, -0.11013794, -2.3762512
9.05368, -0.14006042, -2.379837
9.047684, -0.12928772, -2.426529
9.042892, -0.108932495, -2.4133606
9.034515, -0.104141235, -2.4181366
8.990234, -0.084991455, -2.4253235
8.984238, -0.113723755, -2.4217377
9.017761, -0.118515015, -2.4756012
9.005783, -0.0909729, -2.4480743
9.036911, -0.11730957, -2.486374
9.014175, -0.13647461, -2.4959564
9.047684, -0.15322876, -2.4648285
9.0620575, -0.15322876, -2.4779968
9.034515, -0.13407898, -2.47081
9.028534, -0.120910645, -2.4935608
9.027344, -0.094573975, -2.4325104
9.036911, -0.108932495, -2.419342
9.003403, -0.07901001, -2.4097595
9.009384, -0.087387085, -2.355896
8.998611, -0.07661438, -2.3594818
9.004593, -0.12808228, -2.3259735
9.017761, -0.1304779, -2.3331451
9.038116, -0.10055542, -2.3546906
9.041702, -0.11253357, -2.3690643
9.048889, -0.09336853, -2.3726501
9.041702, -0.10055542, -2.367859
9.023743, -0.123306274, -2.3618774
9.023743, -0.0861969, -2.3738556
9.004593, -0.111328125, -2.3894196
9.026138, -0.108932495, -2.4085693
9.005783, -0.106536865, -2.388214
9.029724, -0.120910645, -2.4085693
9.038116, -0.1592102, -2.4301147
9.039307, -0.094573975, -2.4528656
9.048889, -0.1149292, -2.4839783
9.046494, -0.13407898, -2.45047
9.03212, -0.1149292, -2.446869
9.017761, -0.118515015, -2.4612427
9.001007, -0.123306274, -2.4552612
9.001007, -0.101760864, -2.427719
8.989029, -0.09336853, -2.4001923
8.992615, -0.0861969, -2.3846283
8.996216, -0.123306274, -2.388214
9.017761, -0.104141235, -2.3834229
9.027344, -0.082595825, -2.367859
9.034515, -0.12210083, -2.3666687
9.040512, -0.118515015, -2.379837
9.024948, -0.0909729, -2.3858185
9.046494, -0.11730957, -2.4169464
9.05368, -0.123306274, -2.3750458
9.03093, -0.113723755, -2.4013824
9.034515, -0.13526917, -2.4564514
9.020157, -0.1304779, -2.4516602
9.026138, -0.10534668, -2.4779968
9.024948, -0.10774231, -2.505539
9.027344, -0.13168335, -2.5079193
8.997406, -0.11013794, -2.4851837
9.024948, -0.104141235, -2.5043335
8.991425, -0.113723755, -2.4337006
9.01178, -0.099365234, -2.4061737
9.01297, -0.118515015, -2.4408875
9.023743, -0.13168335, -2.3702545
9.03093, -0.11013794, -2.3439178
9.044098, -0.1304779, -2.403778
9.038116, -0.1149292, -2.3894196
9.015366, -0.09815979, -2.4133606
9.003403, -0.1149292, -2.426529
9.015366, -0.12689209, -2.431305
9.010574, -0.11013794, -2.4325104
9.009384, -0.10295105, -2.4564514
9.021347, -0.13168335, -2.4732056
9.01178, -0.116119385, -2.52948
9.003403, -0.11013794, -2.446869
9.035721, -0.1304779, -2.4384918
9.035721, -0.118515015, -2.486374
9.039307, -0.08859253, -2.4636383
9.034515, -0.11253357, -2.4935608
9.027344, -0.094573975, -2.4444733
9.038116, -0.11730957, -2.4373016
9.03212, -0.13526917, -2.4217377
9.016571, -0.14724731, -2.407364
9.028534, -0.1484375, -2.410965
9.036911, -0.1149292, -2.4253235
9.015366, -0.10055542, -2.426529
9.029724, -0.1149292, -2.4205322
9.0225525, -0.120910645, -2.4157562
9.033325, -0.10295105, -2.45047
9.035721, -0.10295105, -2.446869
9.046494, -0.10534668, -2.4289246
9.056061, -0.10295105, -2.403778
9.040512, -0.11013794, -2.4217377
9.03093, -0.118515015, -2.4648285
9.042892, -0.118515015, -2.4408875
8.991425, -0.111328125, -2.4648285
9.023743, -0.13647461, -2.4684296
9.048889, -0.113723755, -2.4157562
9.056061, -0.116119385, -2.4229279
9.028534, -0.1197052, -2.443283
9.047684, -0.10295105, -2.4001923
9.048889, -0.13407898, -2.45047
9.008179, -0.12689209, -2.427719
8.991425, -0.12210083, -2.4097595
9.014175, -0.084991455, -2.4301147
9.029724, -0.1149292, -2.4648285
9.040512, -0.12210083, -2.434906
8.99382, -0.099365234, -2.4396973
8.986633, -0.099365234, -2.4540558
9.009384, -0.106536865, -2.4061737
9.03212, -0.11253357, -2.3774414
9.0620575, -0.1304779, -2.4097595
9.020157, -0.111328125, -2.442093
9.028534, -0.09576416, -2.443283
9.026138, -0.12689209, -2.4456787
9.040512, -0.13168335, -2.4624329
9.0620575, -0.13168335, -2.4516602
9.065643, -0.1197052, -2.4169464
9.048889, -0.13407898, -2.442093
9.034515, -0.0909729, -2.3894196
9.008179, -0.104141235, -2.4133606
8.971069, -0.080200195, -2.395401
8.991425, -0.08140564, -2.407364
9.018951, -0.104141235, -2.4121552
9.021347, -0.096969604, -2.4145508
9.033325, -0.092178345, -2.4145508
9.014175, -0.099365234, -2.4540558
9.026138, -0.104141235, -2.4301147
9.057266, -0.104141235, -2.426529
9.03093, -0.10295105, -2.4337006
8.991425, -0.08380127, -2.4360962
9.026138, -0.068237305, -2.4612427
8.992615, -0.11253357, -2.434906
9.004593, -0.101760864, -2.387024
9.059662, -0.0861969, -2.4145508
9.026138, -0.123306274, -2.4480743
9.054871, -0.118515015, -2.419342
9.056061, -0.14006042, -2.4229279
9.024948, -0.118515015, -2.4241333
9.004593, -0.14364624, -2.3918
9.027344, -0.11253357, -2.37146
9.01178, -0.10534668, -2.37146
8.99501, -0.087387085, -2.3965912
8.99382, -0.08859253, -2.3702545
9.014175, -0.07661438, -2.4540558
8.991425, -0.10055542, -2.4408875
9.047684, -0.108932495, -2.434906
9.036911, -0.099365234, -2.4384918
8.998611, -0.101760864, -2.47081
9.036911, -0.10774231, -2.427719
9.046494, -0.10534668, -2.4456787
9.044098, -0.12808228, -2.4672241
9.040512, -0.116119385, -2.410965
9.068039, -0.13887024, -2.395401
9.01297, -0.1149292, -2.3834229
8.99501, -0.12449646, -2.4097595
9.004593, -0.10295105, -2.427719
9.014175, -0.104141235, -2.426529
8.997406, -0.092178345, -2.4373016
9.033325, -0.11013794, -2.4121552
9.026138, -0.09576416, -2.4085693
9.0225525, -0.120910645, -2.4049683
9.03093, -0.1197052, -2.427719
9.054871, -0.116119385, -2.4612427
9.051285, -0.11013794, -2.4923706
9.042892, -0.13287354, -2.4492645
9.056061, -0.1149292, -2.45047
9.047684, -0.099365234, -2.4456787
8.990234, -0.14125061, -2.4444733
8.968674, -0.104141235, -2.4360962
9.044098, -0.08859253, -2.4013824
9.017761, -0.1149292, -2.3941956
8.997406, -0.108932495, -2.4229279
9.0225525, -0.092178345, -2.431305
9.042892, -0.096969604, -2.3989868
9.0225525, -0.12808228, -2.3738556
9.05368, -0.13407898, -2.4217377
9.076416, -0.10774231, -2.4444733
9.033325, -0.08140564, -2.4085693
9.014175, -0.11013794, -2.402588
9.057266, -0.101760864, -2.4217377
9.050079, -0.14125061, -2.4672241
9.023743, -0.13407898, -2.419342
9.047684, -0.116119385, -2.431305
9.026138, -0.12808228, -2.4085693
9.021347, -0.123306274, -2.4229279
9.001007, -0.12928772, -2.4121552
9.01297, -0.13647461, -2.4229279
9.033325, -0.096969604, -2.427719
8.996216, -0.094573975, -2.3846283
9.009384, -0.094573975, -2.3965912
9.034515, -0.096969604, -2.4169464
9.048889, -0.14006042, -2.427719
9.045288, -0.13647461, -2.4169464
9.036911, -0.113723755, -2.4097595
9.014175, -0.108932495, -2.3906097
9.03093, -0.10295105, -2.4097595
9.058456, -0.09815979, -2.403778
9.005783, -0.09815979, -2.4085693
8.990234, -0.113723755, -2.4360962
8.986633, -0.096969604, -2.402588
9.016571, -0.12210083, -2.45047
9.028534, -0.15083313, -2.5043335
8.9830475, -0.14964294, -2.5366516
8.984238, -0.113723755, -2.5641937
9.027344, -0.1304779, -2.52948
9.058456, -0.15441895, -2.510315
9.040512, -0.09815979, -2.5163116
9.029724, -0.116119385, -2.5163116
9.050079, -0.1197052, -2.4732056
9.01297, -0.099365234, -2.482788
9.010574, -0.1149292, -2.4205322
9.016571, -0.08380127, -2.4097595
9.006989, -0.07421875, -2.395401
8.973465, -0.111328125, -2.395401
8.999802, -0.10534668, -2.402588
9.034515, -0.116119385, -2.3786469
9.035721, -0.106536865, -2.3834229
9.068039, -0.12808228, -2.3786469
9.075226, -0.12210083, -2.3415222
9.051285, -0.10774231, -2.3762512
9.026138, -0.1149292, -2.427719
9.027344, -0.10055542, -2.363083
9.03212, -0.087387085, -2.3726501
9.03093, -0.10774231, -2.379837
9.01178, -0.12808228, -2.3786469
8.991425, -0.10534668, -2.4229279
9.016571, -0.10295105, -2.4205322
9.03212, -0.1376648, -2.4061737
8.991425, -0.123306274, -2.3906097
9.01178, -0.10295105, -2.4013824
9.024948, -0.120910645, -2.4121552
9.028534, -0.09815979, -2.3834229
9.039307, -0.104141235, -2.3666687
8.992615, -0.10774231, -2.3546906
9.036911, -0.104141235, -2.4121552
9.003403, -0.089782715, -2.402588
9.0225525, -0.111328125, -2.3582916
9.036911, -0.096969604, -2.3606873
9.050079, -0.11013794, -2.395401
9.033325, -0.1197052, -2.3726501
9.047684, -0.12449646, -2.388214
9.044098, -0.13526917, -2.4229279
9.042892, -0.12210083, -2.3965912
9.0225525, -0.1149292, -2.4241333
9.024948, -0.12808228, -2.4253235
9.010574, -0.101760864, -2.4157562
9.044098, -0.1257019, -2.4373016
9.060852, -0.13887024, -2.4720154
9.006989, -0.1376648, -2.4779968
9.015366, -0.101760864, -2.4456787
9.058456, -0.13168335, -2.4696198
9.018951, -0.111328125, -2.434906
9.054871, -0.113723755, -2.4085693
9.048889, -0.123306274, -2.434906
9.024948, -0.1484375, -2.443283
9.027344, -0.12808228, -2.4145508
9.070435, -0.113723755, -2.419342
9.064453, -0.10055542, -2.4061737
9.041702, -0.111328125, -2.3977966
9.026138, -0.101760864, -2.4049683
9.027344, -0.106536865, -2.4241333
9.01178, -0.13287354, -2.395401
9.042892, -0.12210083, -2.387024
9.033325, -0.120910645, -2.3846283
9.03212, -0.13887024, -2.402588
9.046494, -0.11253357, -2.4001923
9.039307, -0.099365234, -2.4492645
9.03212, -0.116119385, -2.3941956
9.056061, -0.106536865, -2.3918
9.051285, -0.13887024, -2.4456787
9.028534, -0.108932495, -2.4756012
9.0225525, -0.104141235, -2.4600372
9.040512, -0.10295105, -2.431305
9.020157, -0.120910645, -2.4528656
9.028534, -0.11730957, -2.3906097
8.989029, -0.09576416, -2.3786469
9.006989, -0.09576416, -2.3989868
9.020157, -0.12928772, -2.3535004
9.041702, -0.11253357, -2.363083
9.035721, -0.13407898, -2.3666687
9.057266, -0.13887024, -2.3128052
9.051285, -0.123306274, -2.3379364
9.028534, -0.11013794, -2.3690643
9.042892, -0.10055542, -2.3750458
9.026138, -0.0909729, -2.403778
9.008179, -0.0574646, -2.395401
8.998611, -0.073028564, -2.4097595
9.003403, -0.09576416, -2.4360962
8.984238, -0.10055542, -2.407364
9.03093, -0.108932495, -2.3810272
9.059662, -0.1149292, -2.4253235
9.070435, -0.12928772, -2.4181366
9.051285, -0.1484375, -2.3989868
9.066849, -0.10534668, -2.3786469
9.035721, -0.10534668, -2.388214
9.023743, -0.13887024, -2.3523102
9.006989, -0.1197052, -2.3606873
9.006989, -0.10774231, -2.367859
9.017761, -0.084991455, -2.3666687
8.985443, -0.10055542, -2.3762512
9.045288, -0.1149292, -2.3594818
9.027344, -0.11730957, -2.3906097
9.006989, -0.10774231, -2.4121552
9.050079, -0.104141235, -2.3762512
9.0620575, -0.116119385, -2.3941956
9.050079, -0.116119385, -2.37146
9.066849, -0.118515015, -2.410965
9.077621, -0.13168335, -2.407364
9.045288, -0.12689209, -2.388214
9.046494, -0.113723755, -2.4205322
9.03093, -0.08859253, -2.4121552
8.991425, -0.111328125, -2.3702545
9.005783, -0.10534668, -2.3726501
9.029724, -0.10295105, -2.388214
9.0225525, -0.104141235, -2.3726501
9.029724, -0.1257019, -2.4001923
9.045288, -0.11730957, -2.387024
9.057266, -0.1257019, -2.388214
9.048889, -0.14964294, -2.4181366
9.044098, -0.1257019, -2.4337006
9.036911, -0.1197052, -2.4540558
9.070435, -0.101760864, -2.4384918
9.044098, -0.1197052, -2.443283
9.006989, -0.123306274, -2.4480743
9.020157, -0.07901001, -2.4145508
9.039307, -0.101760864, -2.4061737
9.050079, -0.118515015, -2.4085693
9.016571, -0.1149292, -2.37146
9.026138, -0.13526917, -2.4013824
9.029724, -0.12808228, -2.426529
9.026138, -0.1304779, -2.3834229
9.047684, -0.10774231, -2.37146
9.027344, -0.1197052, -2.4121552
9.026138, -0.13407898, -2.367859
9.026138, -0.123306274, -2.3930054
9.03093, -0.09815979, -2.4241333
9.03093, -0.087387085, -2.427719
9.015366, -0.096969604, -2.4241333
9.057266, -0.096969604, -2.4564514
9.028534, -0.0909729, -2.4540558
9.034515, -0.116119385, -2.431305
9.034515, -0.120910645, -2.4169464
9.060852, -0.07182312, -2.3906097
9.056061, -0.094573975, -2.3894196
9.027344, -0.08380127, -2.4001923
9.05368, -0.10295105, -2.3906097
9.01297, -0.099365234, -2.363083
8.991425, -0.084991455, -2.3535004
9.018951, -0.087387085, -2.3858185
9.008179, -0.116119385, -2.4145508
9.028534, -0.13407898, -2.4097595
8.998611, -0.111328125, -2.410965
9.0225525, -0.1257019, -2.4301147
9.044098, -0.08859253, -2.4384918
9.035721, -0.123306274, -2.4408875
9.004593, -0.12808228, -2.3989868
9.051285, -0.10534668, -2.4253235
9.063248, -0.094573975, -2.3822327
9.036911, -0.111328125, -2.4085693
9.034515, -0.094573975, -2.3941956
9.05368, -0.11013794, -2.410965
9.03212, -0.12449646, -2.4217377
9.045288, -0.106536865, -2.402588
9.03093, -0.101760864, -2.4289246
9.016571, -0.08859253, -2.4373016
9.047684, -0.123306274, -2.4492645
9.018951, -0.12928772, -2.3977966
9.006989, -0.12210083, -2.4061737
9.050079, -0.1149292, -2.4085693
9.048889, -0.07901001, -2.419342
9.033325, -0.10295105, -2.3941956
9.029724, -0.116119385, -2.4145508
9.03212, -0.087387085, -2.4085693
9.002197, -0.068237305, -2.3774414
8.999802, -0.094573975, -2.3774414
8.998611, -0.0861969, -2.402588
9.035721, -0.120910645, -2.3702545
9.027344, -0.1257019, -2.3666687
8.997406, -0.089782715, -2.3499146
9.016571, -0.06703186, -2.3762512
9.03093, -0.111328125, -2.3834229
9.057266, -0.106536865, -2.3846283
8.997406, -0.12449646, -2.3941956
8.981842, -0.1197052, -2.387024
9.021347, -0.094573975, -2.3965912
9.001007, -0.11253357, -2.388214
9.03093, -0.1197052, -2.3738556
9.035721, -0.108932495, -2.4325104
9.0225525, -0.10295105, -2.4373016
9.047684, -0.12928772, -2.3941956
9.033325, -0.10055542, -2.4253235
9.006989, -0.089782715, -2.4373016
9.033325, -0.113723755, -2.3989868
9.038116, -0.120910645, -2.3906097
9.03093, -0.12210083, -2.3989868
9.017761, -0.12449646, -2.4001923
9.040512, -0.08859253, -2.4145508
9.009384, -0.06703186, -2.4013824
9.048889, -0.106536865, -2.387024
9.056061, -0.10534668, -2.3930054
8.991425, -0.089782715, -2.3906097
9.010574, -0.104141235, -2.4001923
9.042892, -0.13647461, -2.395401
9.040512, -0.11730957, -2.4516602
9.01297, -0.120910645, -2.45047
8.996216, -0.12808228, -2.4624329
9.054871, -0.12808228, -2.45047
9.05368, -0.11730957, -2.4516602
9.052475, -0.12689209, -2.4636383
9.047684, -0.1149292, -2.4564514
9.047684, -0.094573975, -2.395401
9.029724, -0.106536865, -2.3989868
9.015366, -0.09576416, -2.4229279
8.989029, -0.120910645, -2.3989868
9.036911, -0.12928772, -2.410965
9.036911, -0.1304779, -2.3941956
9.024948, -0.084991455, -2.3810272
9.036911, -0.094573975, -2.395401
9.021347, -0.096969604, -2.431305
9.035721, -0.089782715, -2.3846283
9.027344, -0.101760864, -2.431305
9.021347, -0.118515015, -2.4516602
9.027344, -0.116119385, -2.3786469
9.0225525, -0.11013794, -2.4217377
8.9674835, -0.116119385, -2.458847
9.020157, -0.10055542, -2.4241333
9.038116, -0.101760864, -2.4169464
9.03093, -0.111328125, -2.434906
9.023743, -0.10534668, -2.3858185
9.040512, -0.10534668, -2.4181366
9.045288, -0.10295105, -2.407364
9.036911, -0.092178345, -2.3774414
9.003403, -0.09336853, -2.3427277
9.009384, -0.094573975, -2.3463135
9.001007, -0.0909729, -2.3726501
9.010574, -0.113723755, -2.367859
9.021347, -0.082595825, -2.3846283
9.044098, -0.0861969, -2.3977966
9.042892, -0.087387085, -2.482788
9.017761, -0.11730957, -2.4492645
9.021347, -0.080200195, -2.4696198
9.024948, -0.099365234, -2.489975
9.021347, -0.099365234, -2.4624329
8.999802, -0.07182312, -2.4684296
9.0225525, -0.089782715, -2.434906
9.060852, -0.13168335, -2.4396973
9.042892, -0.12210083, -2.4133606
9.059662, -0.12689209, -2.4097595
9.050079, -0.118515015, -2.3906097
9.058456, -0.12449646, -2.3427277
9.069229, -0.084991455, -2.3439178
9.054871, -0.08140564, -2.367859
9.036911, -0.08859253, -2.3750458
9.027344, -0.0861969, -2.3439178
9.002197, -0.104141235, -2.3582916
8.991425, -0.120910645, -2.3918
9.010574, -0.116119385, -2.3822327
8.998611, -0.087387085, -2.4205322
9.036911, -0.089782715, -2.395401
9.045288, -0.104141235, -2.3810272
9.075226, -0.094573975, -2.37146
9.060852, -0.09576416, -2.3822327
9.052475, -0.10295105, -2.431305
9.050079, -0.1304779, -2.4181366
9.044098, -0.11253357, -2.4049683
9.063248, -0.09576416, -2.4085693
9.060852, -0.094573975, -2.431305
9.045288, -0.113723755, -2.4181366
9.004593, -0.096969604, -2.4001923
9.047684, -0.08859253, -2.4384918
9.024948, -0.104141235, -2.4061737
9.020157, -0.10055542, -2.3989868
9.024948, -0.080200195, -2.4181366
9.023743, -0.068237305, -2.3977966
9.044098, -0.10055542, -2.4049683
9.0620575, -0.11253357, -2.4085693
9.045288, -0.118515015, -2.388214
9.017761, -0.1304779, -2.4085693
9.036911, -0.11730957, -2.3750458
9.054871, -0.104141235, -2.4097595
9.036911, -0.10774231, -2.419342
9.034515, -0.12808228, -2.4600372
9.033325, -0.106536865, -2.4373016
9.045288, -0.10774231, -2.427719
9.041702, -0.11730957, -2.443283
9.057266, -0.084991455, -2.4528656
8.998611, -0.1304779, -2.4229279
9.020157, -0.12928772, -2.431305
9.07402, -0.111328125, -2.45047
9.033325, -0.120910645, -2.4157562
9.056061, -0.123306274, -2.4325104
9.040512, -0.106536865, -2.4145508
9.044098, -0.111328125, -2.3906097
9.034515, -0.111328125, -2.3834229
9.044098, -0.1149292, -2.458847
9.045288, -0.1197052, -2.4516602
9.057266, -0.11730957, -2.427719
9.041702, -0.116119385, -2.4444733
9.047684, -0.104141235, -2.443283
9.027344, -0.08140564, -2.4480743
9.008179, -0.104141235, -2.419342
9.001007, -0.1149292, -2.45047
8.99382, -0.089782715, -2.4600372
9.028534, -0.0909729, -2.3930054
9.017761, -0.14485168, -2.4301147
8.998611, -0.11730957, -2.4181366
9.036911, -0.082595825, -2.3906097
9.03093, -0.09815979, -2.3594818
9.038116, -0.1304779, -2.3570862
9.046494, -0.092178345, -2.402588
9.054871, -0.082595825, -2.402588
9.0225525, -0.111328125, -2.3918
9.040512, -0.099365234, -2.403778
8.996216, -0.08859253, -2.427719
8.989029, -0.10295105, -2.434906
9.018951, -0.094573975, -2.4325104
9.039307, -0.094573975, -2.419342
9.014175, -0.12689209, -2.4001923
9.041702, -0.11730957, -2.410965
9.014175, -0.118515015, -2.4384918
8.999802, -0.099365234, -2.4121552
9.026138, -0.116119385, -2.4049683
9.010574, -0.11253357, -2.4205322
9.038116, -0.12808228, -2.3762512
9.058456, -0.116119385, -2.419342
9.017761, -0.09815979, -2.3977966
9.018951, -0.10295105, -2.387024
9.027344, -0.11013794, -2.3834229
8.99382, -0.123306274, -2.3810272
9.017761, -0.104141235, -2.4396973
9.0620575, -0.09336853, -2.4181366
9.016571, -0.111328125, -2.4229279
9.021347, -0.123306274, -2.4145508
9.039307, -0.11730957, -2.402588
9.052475, -0.08859253, -2.4373016
9.03212, -0.0909729, -2.4001923
9.042892, -0.12689209, -2.3965912
9.03093, -0.120910645, -2.3977966
8.986633, -0.113723755, -2.402588
9.020157, -0.108932495, -2.4217377
9.018951, -0.089782715, -2.442093
9.021347, -0.12210083, -2.4325104
8.996216, -0.12689209, -2.410965
9.017761, -0.1197052, -2.3977966
9.018951, -0.12689209, -2.4157562
9.050079, -0.12928772, -2.4049683
9.036911, -0.092178345, -2.3846283
9.044098, -0.12689209, -2.427719
9.044098, -0.116119385, -2.4121552
9.018951, -0.096969604, -2.3941956
9.034515, -0.09815979, -2.3989868
9.0225525, -0.13526917, -2.395401
9.0225525, -0.11013794, -2.419342
9.009384, -0.09815979, -2.4301147
9.009384, -0.08140564, -2.387024
9.045288, -0.089782715, -2.427719
9.020157, -0.123306274, -2.4241333
9.010574, -0.10774231, -2.4097595
9.026138, -0.09336853, -2.3834229
9.03212, -0.094573975, -2.427719
9.038116, -0.104141235, -2.4360962
9.056061, -0.10055542, -2.4480743
9.020157, -0.101760864, -2.434906
9.016571, -0.08859253, -2.4229279
9.038116, -0.09576416, -2.4600372
9.033325, -0.108932495, -2.4169464
9.01178, -0.10534668, -2.434906
9.051285, -0.11253357, -2.4648285
9.010574, -0.1197052, -2.4097595
9.008179, -0.1149292, -2.4133606
9.03093, -0.113723755, -2.4396973
9.03212, -0.113723755, -2.4384918
9.027344, -0.11730957, -2.4145508
9.027344, -0.12928772, -2.4384918
9.040512, -0.11730957, -2.466034
9.027344, -0.11013794, -2.4408875
9.03093, -0.092178345, -2.4396973
9.039307, -0.106536865, -2.4384918
9.03212, -0.13287354, -2.4636383
9.029724, -0.116119385, -2.466034
9.036911, -0.11013794, -2.486374
9.046494, -0.106536865, -2.4384918
9.03212, -0.120910645, -2.45047
9.008179, -0.1197052, -2.4648285
9.021347, -0.1376648, -2.4624329
9.034515, -0.10534668, -2.4396973
9.039307, -0.11730957, -2.466034
9.029724, -0.092178345, -2.4492645
9.008179, -0.12928772, -2.442093
9.0225525, -0.13407898, -2.4492645
8.991425, -0.084991455, -2.4600372
9.033325, -0.07901001, -2.4696198
8.996216, -0.118515015, -2.4001923
9.010574, -0.10295105, -2.4157562
9.034515, -0.07901001, -2.3918
9.021347, -0.09336853, -2.3858185
9.004593, -0.10295105, -2.4373016
9.05368, -0.116119385, -2.4289246
9.03093, -0.1257019, -2.4049683
9.046494, -0.10774231, -2.4373016
9.036911, -0.108932495, -2.4444733
9.001007, -0.104141235, -2.407364
8.997406, -0.108932495, -2.466034

