x : y : Z 
1.7968445, -1.5658112, 10.255569
1.6795349, -1.5478516, 10.205292
1.5634155, -1.5203247, 10.366898
1.5274963, -1.4868011, 10.417175
1.5741882, -1.4472961, 10.327393
1.6663666, -1.5071564, 10.305847
1.7896729, -1.4879913, 10.295074
1.8554993, -1.4568787, 10.382462
1.8231812, -1.4760284, 10.544067
1.7920532, -1.4401093, 10.55484
1.7932587, -1.411377, 10.466248
1.8447266, -1.4245453, 10.251968
1.8758545, -1.470047, 10.064026
1.8842316, -1.4293365, 10.035294
1.869873, -1.4029999, 10.108322
1.8124084, -1.4018097, 10.223236
1.7417755, -1.4233551, 10.292679
1.7286072, -1.4604645, 10.206482
1.7046661, -1.5358734, 10.035294
2.0817566, -2.059021, 9.818619
2.4803925, -2.7449493, 9.5720215
1.8878326, -2.1523895, 9.832993
1.5023651, -1.6699524, 9.866501
1.4329224, -1.3898315, 9.94072
1.493988, -1.2701263, 10.068817
1.533493, -1.1516113, 10.134659
1.5945435, -1.0498505, 10.186127
1.7489624, -1.0606384, 10.138245
1.9081726, -1.1444244, 10.06163
2.024292, -1.2006989, 10.048462
2.127243, -1.2916718, 9.939529
2.1009064, -1.3443451, 9.874878
2.0302887, -1.3826447, 10.00177
1.9859924, -1.4173737, 10.073608
1.921341, -1.4520874, 10.007767
1.8770599, -1.4808197, 9.985016
1.8878326, -1.4676514, 9.922775
1.8375549, -1.498764, 9.877274
1.7094574, -1.5358734, 9.840164
1.672348, -1.5957336, 9.7348175
1.7070618, -1.7130585, 9.700104
1.6962891, -1.8148041, 9.703705
1.6891022, -1.8519135, 9.74321
1.7381897, -1.7896729, 9.791092
1.7465668, -1.7860718, 9.775528
1.7872772, -1.6460114, 9.767151
1.8339539, -1.5131378, 9.872498
1.8315582, -1.3551178, 10.043671
1.7884674, -1.1731567, 10.138245
1.8207855, -1.0726013, 10.229233
1.861496, -1.0366821, 10.23761
1.7848816, -1.043869, 10.250778
1.7094574, -1.0103607, 10.198105
1.7585449, -1.0139465, 10.14064
1.7202301, -1.1360474, 10.084381
1.6651611, -1.2856903, 10.135849
1.6256561, -1.4006042, 10.213669
1.6340485, -1.529892, 10.248383
1.6531982, -1.6950989, 10.222046
1.6687622, -1.7788849, 10.242401
1.6280518, -1.8100128, 10.289078
1.5897522, -1.7752991, 10.178955
1.6005249, -1.6903076, 10.134659
1.5706024, -1.6675568, 10.1586
1.5801697, -1.6232758, 10.095154
1.5490417, -1.5825653, 10.046066
1.6053162, -1.5203247, 10.1059265
1.8650818, -1.2497711, 10.481812
1.8519135, -1.4640503, 10.212463
1.450882, -1.7800903, 9.849747
1.2270355, -1.6472168, 10.311829
1.320404, -1.5155334, 10.466248
1.4161682, -1.5466614, 10.310623
1.4173737, -1.5191193, 10.143036
1.474823, -1.4472961, 10.06163
1.493988, -1.4329224, 10.084381
1.5131378, -1.4221497, 10.125076
1.5358734, -1.4185638, 10.22084
1.5574341, -1.3874359, 10.301056
1.5873566, -1.414978, 10.333374
1.6053162, -1.4101868, 10.354919
1.6304474, -1.450882, 10.346542
1.6400299, -1.4496918, 10.334564
1.656784, -1.359909, 10.346542
1.7729034, -1.1911163, 10.478226
1.703476, -1.272522, 10.234009
1.5861511, -1.5119324, 9.912003
1.5191193, -1.5801697, 10.077194
1.5263062, -1.5107422, 10.174164
1.6017151, -1.4413147, 10.096344
1.6256561, -1.4449005, 9.996994
1.5466614, -1.391037, 9.965866
1.4640503, -1.356308, 10.049667
1.4472961, -1.3778687, 10.157394
1.4401093, -1.3551178, 10.248383
1.419754, -1.3766632, 10.281906
1.4772186, -1.3647003, 10.259155
1.490387, -1.3694763, 10.2388
1.490387, -1.3623047, 10.2447815
1.4712372, -1.3467407, 10.274719
1.498764, -1.3407593, 10.287888
1.5526428, -1.3383636, 10.249573
1.5861511, -1.3383636, 10.207672
1.6400299, -1.3395538, 10.1586
1.6436157, -1.3431396, 10.183731
1.593338, -1.335968, 10.231628
1.5610199, -1.3263855, 10.2842865
1.470047, -1.3443451, 10.351334
1.4425049, -1.3503265, 10.231628
1.3790588, -1.3539276, 10.174164
1.3850403, -1.3706818, 10.13945
1.3898315, -1.414978, 10.149017
1.356308, -1.4772186, 10.138245
1.3251953, -1.4844055, 10.089172
1.2928619, -1.4844055, 10.178955
1.3132172, -1.4616547, 10.196899
1.4413147, -1.2856903, 10.210068
1.4365234, -1.2617493, 10.150223
1.4317322, -1.375473, 10.084381
1.4855957, -1.4173737, 10.1214905
1.5071564, -1.4173737, 10.211273
1.5646057, -1.3299866, 10.226837
1.5717926, -1.2856903, 10.133453
1.5562286, -1.2581482, 10.067612
1.5717926, -1.3048401, 10.076004
1.5071564, -1.3431396, 10.129868
1.4784241, -1.3874359, 10.217255
1.4496918, -1.414978, 10.273514
1.4281464, -1.4484863, 10.231628
1.4389191, -1.430542, 10.176559
1.4460907, -1.4257507, 10.180145
1.4137726, -1.4137726, 10.2005005
1.4101868, -1.3778687, 10.285492
1.3934326, -1.3108215, 10.450684
1.3862457, -1.2449799, 10.496185
1.4257507, -1.2282257, 10.435135
1.5023651, -1.2952576, 10.263947
1.5646057, -1.3335724, 10.056839
1.5670013, -1.3874359, 10.050858
1.5370789, -1.4496918, 10.2005005
1.5095367, -1.4628601, 10.344147
1.4089813, -1.4449005, 10.340561
1.4281464, -1.4413147, 10.231628
1.450882, -1.450882, 9.989807
1.3778687, -1.5478516, 9.731232
1.3096313, -1.5191193, 9.630676
1.3168182, -1.4365234, 9.90361
1.3551178, -1.3946228, 10.146622
1.4437103, -1.391037, 10.097549
1.5107422, -1.3227997, 9.935944
1.593338, -1.2605438, 9.912003
1.6340485, -1.2533722, 10.07959
1.6184845, -1.2354126, 10.353729
1.5885468, -1.241394, 10.5763855
1.5454559, -1.2761078, 10.639832
1.5394745, -1.3551178, 10.653
1.6316528, -1.5442657, 10.588364
1.5478516, -1.553833, 10.465057
1.435318, -1.430542, 10.401611
1.3802643, -1.351532, 10.327393
1.4125824, -1.3227997, 10.211273
1.4975739, -1.2761078, 10.040085
1.5550385, -1.2773132, 9.919174
1.6268616, -1.2892761, 9.956284
1.6184845, -1.2796936, 10.06044
1.6101074, -1.3084259, 10.126282
1.5909424, -1.3132172, 10.166977
1.5502472, -1.3168182, 10.181335
1.5263062, -1.3335724, 10.188522
1.4879913, -1.356308, 10.236404
1.4401093, -1.3575134, 10.290283
1.406601, -1.3694763, 10.287888
1.3922272, -1.3838501, 10.234009
1.4413147, -1.371872, 10.250778
1.514328, -1.3922272, 10.149017
1.538269, -1.4209595, 10.095154
1.5502472, -1.3922272, 10.108322
1.5885468, -1.3467407, 10.156204
1.5837708, -1.3311768, 10.193314
1.6065063, -1.351532, 10.186127
1.5717926, -1.3634949, 10.168167
1.5957336, -1.3443451, 10.15979
1.5981293, -1.3766632, 10.1609955
1.5885468, -1.3922272, 10.138245
1.5813751, -1.3862457, 10.117889
1.5753784, -1.3934326, 10.073608
1.5741882, -1.3814545, 10.06044
1.5646057, -1.356308, 10.092758
1.5550385, -1.3347626, 10.17775
1.5119324, -1.327591, 10.171768
1.5179291, -1.3168182, 10.236404
1.4868011, -1.3766632, 10.31781
1.5083466, -1.3886414, 10.327393
1.5274963, -1.4125824, 10.2842865
1.5514374, -1.4006042, 10.301056
1.5969391, -1.3970184, 10.286682
1.6077118, -1.3527222, 10.263947
1.6460114, -1.3347626, 10.181335
1.6615753, -1.3012543, 10.182541
1.6783295, -1.2844849, 10.137054
1.663971, -1.2737122, 10.133453
1.6184845, -1.2940674, 10.156204
1.6232758, -1.2689209, 10.099945
1.5945435, -1.2880859, 10.085571
1.6256561, -1.312027, 10.110718
1.593338, -1.3455353, 10.1586
1.553833, -1.3623047, 10.2388
1.5897522, -1.3503265, 10.283096
1.6268616, -1.351532, 10.313019
1.6663666, -1.3862457, 10.266342
1.6950989, -1.3778687, 10.195709
1.6855164, -1.359909, 10.1586
1.6783295, -1.3443451, 10.141846
1.6699524, -1.3168182, 10.141846
1.6304474, -1.3407593, 10.054443
1.6292572, -1.3311768, 9.953888
1.6376343, -1.3263855, 9.94072
1.6771393, -1.327591, 9.956284
1.7058716, -1.3467407, 9.980225
1.7417755, -1.3467407, 10.070007
1.7884674, -1.3299866, 10.119095
1.7202301, -1.3850403, 10.166977
1.7812805, -1.3874359, 10.296265
1.8171997, -1.351532, 10.390839
1.8004456, -1.327591, 10.301056
1.8674774, -1.3036499, 10.226837
1.9429016, -1.3215942, 10.1609955
1.9812012, -1.3096313, 10.110718
1.9692383, -1.2737122, 10.1586
1.9081726, -1.3084259, 10.245987
1.8638916, -1.2928619, 10.293869
1.8351593, -1.312027, 10.275909
1.7717133, -1.3299866, 10.289078
1.8124084, -1.3503265, 10.222046
1.8148041, -1.3874359, 10.090363
1.885437, -1.4042053, 9.974243
1.9153595, -1.391037, 9.937134
1.964447, -1.391037, 9.92157
1.9895782, -1.3694763, 9.894043
1.9907837, -1.391037, 9.9874115
1.9991608, -1.3479309, 10.070007
1.9883881, -1.3383636, 10.090363
1.984787, -1.3419495, 10.09874
2.0171204, -1.371872, 10.077194
2.0410614, -1.414978, 10.071213
2.0147247, -1.4185638, 10.043671
2.0063477, -1.4161682, 10.087967
2.0015564, -1.3970184, 10.090363
1.9835968, -1.371872, 10.087967
1.9548645, -1.3682861, 10.107117
1.9668427, -1.3610992, 10.090363
2.0350647, -1.3922272, 10.086777
2.0374603, -1.4077911, 10.099945
2.0458527, -1.3946228, 10.134659
2.122467, -1.3491364, 10.096344
2.1775208, -1.3156128, 10.09874
2.2266083, -1.3239899, 10.030502
2.2337952, -1.3742676, 9.958679
2.1691437, -1.3180084, 9.914383
2.1320343, -1.2545624, 9.957489
2.094925, -1.2892761, 10.014938
2.0745697, -1.2928619, 9.979034
2.070984, -1.3084259, 10.025726
2.0218964, -1.3215942, 9.989807
2.0231018, -1.3383636, 9.925156
2.015915, -1.3227997, 9.854538
2.0183105, -1.3455353, 9.8090515
2.0470428, -1.3706818, 9.768341
2.0578156, -1.3742676, 9.816223
2.0889435, -1.3874359, 9.864105
2.142807, -1.414978, 9.92157
2.1643524, -1.4185638, 10.014938
2.2038574, -1.4185638, 10.101135
2.1930847, -1.411377, 10.172958
2.189499, -1.3994141, 10.152618
2.2038574, -1.3850403, 10.096344
2.2277985, -1.4042053, 10.056839
2.2601318, -1.4257507, 10.032898
2.2577362, -1.3994141, 10.012558
2.2493591, -1.3970184, 10.029312
2.2409668, -1.3742676, 10.012558
2.206253, -1.4018097, 10.006561
2.185913, -1.4233551, 10.052063
2.146408, -1.4173737, 10.102341
2.130844, -1.411377, 10.155014
2.1727448, -1.3850403, 10.151413
2.1799164, -1.359909, 10.152618
2.1847076, -1.3706818, 10.131058
2.237381, -1.3383636, 10.077194
2.2086487, -1.3407593, 10.067612
2.2098541, -1.3084259, 10.059235
2.2050629, -1.2796936, 10.083176
2.2098541, -1.280899, 10.146622
2.2170258, -1.2617493, 10.101135
2.1954803, -1.2988586, 10.174164
2.1799164, -1.2677307, 10.229233
2.2050629, -1.3036499, 10.243591
2.221817, -1.3132172, 10.182541
2.2445679, -1.272522, 10.135849
2.2756958, -1.2940674, 10.06044
2.2960358, -1.2832947, 9.975449
2.2960358, -1.2533722, 9.901215
2.3032227, -1.2737122, 9.84256
2.3223724, -1.2880859, 9.812637
2.3355408, -1.2976532, 9.852142
2.3151855, -1.2880859, 9.872498
2.2493591, -1.3072357, 9.8293915
2.2325897, -1.2904816, 9.843765
2.269699, -1.2940674, 9.812637
2.2828674, -1.3191986, 9.8533325
2.2828674, -1.3227997, 9.915588
2.285263, -1.3383636, 9.950302
2.2673035, -1.3551178, 10.030502
2.2864685, -1.3982086, 10.048462
2.29245, -1.3970184, 10.035294
2.3331451, -1.3551178, 9.958679
2.3415222, -1.3239899, 9.933548
2.3786469, -1.327591, 9.909607
2.434906, -1.2868805, 9.892838
2.4085693, -1.312027, 9.933548
2.3977966, -1.2904816, 9.907211
2.3918, -1.3132172, 10.017334
2.3690643, -1.3443451, 10.101135
2.324768, -1.3395538, 10.151413
2.2960358, -1.3335724, 10.132263
2.3175812, -1.3982086, 10.04248
2.316391, -1.3455353, 9.970657
2.3032227, -1.3287811, 9.922775
2.2709045, -1.3347626, 9.877274
2.2625275, -1.296463, 9.852142
2.2792816, -1.2437897, 9.858124
2.2553406, -1.2461853, 9.846161
2.2804718, -1.3036499, 9.904816
2.2984314, -1.272522, 9.945511
2.285263, -1.2378082, 9.998184
2.2577362, -1.2186432, 9.986221
2.2972412, -1.2198486, 10.037689
2.316391, -1.2641449, 10.007767
2.3594818, -1.2402039, 9.939529
2.3726501, -1.2713165, 9.890442
2.3977966, -1.280899, 9.896439
2.3810272, -1.2485809, 9.973053
2.3690643, -1.2485809, 9.986221
2.3115997, -1.2497711, 10.00058
2.3439178, -1.2497711, 10.056839
2.3594818, -1.2761078, 10.022125
2.3463135, -1.3132172, 10.062836
2.3211823, -1.3227997, 10.135849
2.3726501, -1.356308, 10.0664215
2.3654785, -1.3311768, 10.056839
2.3606873, -1.3335724, 9.979034
2.3379364, -1.3383636, 9.96347
2.316391, -1.3347626, 9.967056
2.3032227, -1.2880859, 9.957489
2.2960358, -1.2880859, 9.953888
2.3415222, -1.2761078, 9.961075
2.3654785, -1.2952576, 9.876083
2.3307495, -1.2832947, 9.874878
2.3355408, -1.2521667, 9.886856
2.3295593, -1.241394, 9.866501
2.328354, -1.2437897, 9.891647
2.348709, -1.2306213, 9.891647
2.3307495, -1.2473755, 9.849747
2.328354, -1.2210388, 9.90361
2.3115997, -1.2186432, 9.988617
2.308014, -1.2138672, 10.014938
2.3355408, -1.2282257, 10.086777
2.3295593, -1.2581482, 10.138245
2.3451233, -1.2461853, 10.13945
2.363083, -1.2378082, 10.143036
2.3271637, -1.2318115, 10.155014
2.2828674, -1.2366028, 10.095154
2.2960358, -1.2378082, 10.111908
2.2984314, -1.2354126, 10.111908
2.3139954, -1.2222443, 10.137054
2.3367462, -1.2461853, 10.115509
2.2804718, -1.2485809, 10.043671
2.2912445, -1.2473755, 9.965866
2.2912445, -1.2366028, 9.900024
2.2828674, -1.1947021, 9.843765
2.2840729, -1.1899109, 9.854538
2.2325897, -1.2150574, 9.877274
2.2361908, -1.2090759, 9.961075
2.2194214, -1.217453, 10.013748
2.252945, -1.2210388, 10.013748
2.2433624, -1.2653351, 10.018539
2.237381, -1.2737122, 10.053253
2.2266083, -1.2258301, 10.052063
2.261322, -1.2282257, 9.98143
2.2912445, -1.2485809, 9.932343
2.2888641, -1.2354126, 9.889252
2.3295593, -1.2354126, 9.8688965
2.2816772, -1.2366028, 9.92157
2.2948456, -1.2461853, 9.971848
2.2780762, -1.2617493, 10.010162
2.245758, -1.2521667, 10.073608
2.2541351, -1.2533722, 10.048462
2.2313995, -1.2497711, 10.054443
2.2744904, -1.280899, 10.050858
2.2888641, -1.3048401, 10.028107
2.2948456, -1.2976532, 10.020935
2.308014, -1.2892761, 10.071213
2.3032227, -1.2904816, 10.090363
2.300827, -1.2533722, 10.047272
2.276886, -1.2617493, 10.022125
2.2733002, -1.2665253, 10.00177
2.2445679, -1.2713165, 10.012558
2.2158356, -1.2701263, 9.989807
2.2086487, -1.2402039, 9.9479065
2.1763306, -1.241394, 9.909607
2.1811218, -1.2593536, 9.926361
2.182312, -1.2378082, 9.932343
2.189499, -1.2545624, 9.967056
2.197876, -1.2629395, 9.985016
2.2050629, -1.2473755, 10.085571
2.2397766, -1.2509766, 10.141846
2.2589264, -1.2856903, 10.152618
2.268509, -1.2868805, 10.15979
2.2876587, -1.2737122, 10.205292
2.3115997, -1.2437897, 10.164581
2.3511047, -1.2437897, 10.127472
2.3128052, -1.2521667, 10.07959
2.309204, -1.2437897, 9.989807
2.2720947, -1.241394, 10.030502
2.2553406, -1.2449799, 10.090363
2.2266083, -1.2473755, 10.137054
2.1882935, -1.2402039, 10.164581
2.173935, -1.2485809, 10.1454315
2.2493591, -1.241394, 10.0664215
2.2673035, -1.2749176, 10.024521
2.2948456, -1.2473755, 9.990997
2.2996368, -1.2485809, 9.968262
2.3259735, -1.2593536, 10.029312
2.3295593, -1.2246399, 10.054443
2.3271637, -1.2521667, 10.048462
2.3391418, -1.2928619, 10.077194
2.3690643, -1.312027, 9.99939
2.328354, -1.2940674, 9.939529
2.3151855, -1.3311768, 9.852142
2.3115997, -1.3000488, 9.810242
2.3151855, -1.3024445, 9.8090515
2.3032227, -1.2976532, 9.84256
2.2900543, -1.3191986, 9.896439
2.2709045, -1.296463, 9.959885
2.3199768, -1.3000488, 9.980225
2.3331451, -1.2749176, 9.897629
2.3965912, -1.2820892, 9.973053
2.426529, -1.2820892, 9.855728
2.3223724, -1.1983032, 9.776718
2.2469635, -1.1719666, 9.84256
2.2277985, -1.2198486, 9.897629
2.2206268, -1.2737122, 9.777924
2.2876587, -1.3180084, 9.616318
2.3259735, -1.3084259, 9.569626
2.3104095, -1.2557526, 9.5720215
2.3068085, -1.2378082, 9.653427
2.2960358, -1.2150574, 9.759964
2.2840729, -1.1551971, 9.896439
2.2505493, -1.1348572, 10.0269165
2.2577362, -1.1168976, 10.116699
2.2541351, -1.1097107, 10.166977
2.3068085, -1.1001282, 10.171768
2.3894196, -1.1420288, 10.15979
2.4540558, -1.1444244, 10.095154
2.498352, -1.1336517, 10.089172
2.486374, -1.1013336, 10.111908
2.4648285, -1.0642242, 10.074799
2.4396973, -1.0498505, 10.083176
2.3690643, -1.0522461, 10.084381
2.2900543, -1.0271149, 10.084381
2.2277985, -1.0414734, 10.113113
2.197876, -1.0211334, 10.291473
2.2170258, -1.0881653, 10.376465
2.2637177, -1.0929565, 10.250778
2.2625275, -1.1348572, 10.310623
2.3104095, -1.1097107, 11.18811
2.3762512, -0.88705444, 12.326553
2.2709045, -0.58299255, 12.140991
2.3056183, -0.6093292, 11.334152
2.379837, -0.75057983, 10.899597
2.4085693, -0.846344, 10.742783
2.3810272, -0.93852234, 10.53569
2.403778, -0.99838257, 10.150223
2.340332, -1.0941467, 10.310623
2.3439178, -1.1013336, 10.2005005
2.4049683, -1.162384, 9.816223
2.4768066, -1.1839294, 9.676163
2.5330658, -1.1695709, 9.397247
2.5965118, -1.2282257, 9.09079
2.668335, -1.2366028, 8.905228
2.7461548, -1.1899109, 8.902832
2.8335419, -1.0953522, 8.99501
2.9089508, -0.93852234, 8.991425
2.992752, -0.8200073, 8.91362
3.0825348, -0.75297546, 8.749603
3.2225952, -0.7302246, 8.646652
3.3878021, -0.7398071, 8.641876
3.5063019, -0.786499, 8.750809
3.580536, -0.77931213, 8.838196
3.6308136, -0.72784424, 8.969879
3.6750946, -0.6763611, 9.289505
3.7134094, -0.5925598, 9.422379
3.6978455, -0.5626373, 9.373306
3.5960846, -0.52911377, 9.483429
3.5314484, -0.45729065, 9.6953125
3.4596252, -0.4297638, 9.811432
3.43927, -0.45010376, 9.951492
3.4500427, -0.42018127, 10.071213
3.4177246, -0.43574524, 10.0664215
3.4296875, -0.4441223, 10.109512
3.4356842, -0.46687317, 10.011353
3.454834, -0.48362732, 9.879669
3.4931335, -0.50038147, 9.770737
3.5194702, -0.5422821, 9.704895
3.5075073, -0.5171509, 9.703705
3.5278625, -0.49919128, 9.641449
3.4835663, -0.47883606, 9.574417
3.4620209, -0.44172668, 9.558853
3.4967346, -0.42736816, 9.564835
3.5039215, -0.43814087, 9.580399
3.4883575, -0.43455505, 9.649826
3.4991302, -0.44532776, 9.80426
3.4620209, -0.4405365, 9.84256
3.4560242, -0.48362732, 9.756378
3.4045563, -0.4513092, 9.58519
3.4344788, -0.5303192, 9.484634
3.415329, -0.5171509, 9.399643
3.3830109, -0.53271484, 9.363724
3.3650513, -0.53630066, 9.372101
3.3506927, -0.56622314, 9.470261
3.329132, -0.57221985, 9.640259
3.3387146, -0.53630066, 9.771927
3.3423004, -0.5506592, 9.82341
3.324356, -0.5506592, 9.872498
3.3147736, -0.51116943, 9.886856
3.3159637, -0.5506592, 9.815033
3.3542786, -0.5626373, 9.7061
3.3387146, -0.5422821, 9.671371
3.329132, -0.5482788, 9.619904
3.3231506, -0.58657837, 9.601944
3.3147736, -0.5674286, 9.616318
3.3387146, -0.51594543, 9.645035
3.2824554, -0.5303192, 9.7300415
3.2513275, -0.49320984, 9.738419
3.2992096, -0.51834106, 9.806656
3.329132, -0.5386963, 9.799469
3.2932281, -0.52194214, 9.806656
3.288437, -0.53630066, 9.817429
3.2824554, -0.5027771, 9.872498
3.26091, -0.51834106, 9.896439
3.2357635, -0.5746155, 9.896439
3.2872314, -0.5853882, 9.815033
3.2932281, -0.57341003, 9.8138275
3.2477417, -0.5602417, 9.906006
3.2190094, -0.53749084, 9.967056
3.2130127, -0.509964, 9.896439
3.2249908, -0.49679565, 9.781509
3.2118225, -0.5231323, 9.767151
3.2249908, -0.50756836, 9.767151
3.2309723, -0.5087738, 9.722855
3.1806946, -0.4980011, 9.6953125
3.178299, -0.4513092, 9.709686
3.1699219, -0.42138672, 9.746796
3.1411896, -0.43455505, 9.720459
3.1256256, -0.44532776, 9.72644
3.1363983, -0.42018127, 9.731232
3.1687317, -0.42616272, 9.6905365
3.1890717, -0.42497253, 9.746796
3.1651306, -0.37948608, 9.8138275
3.1447906, -0.35673523, 9.8090515
3.1328125, -0.3615265, 9.794678
3.1064758, -0.34954834, 9.831787
3.1447906, -0.37348938, 9.855728
3.1603394, -0.3866577, 9.835388
3.154358, -0.34954834, 9.788696
3.1806946, -0.375885, 9.770737
3.1854858, -0.39863586, 9.76355
3.1280212, -0.39144897, 9.742004
3.1256256, -0.40821838, 9.745605
3.1004944, -0.3866577, 9.696518
3.075348, -0.37469482, 9.746796
3.0669708, -0.35194397, 9.716873
3.071762, -0.34954834, 9.753983
3.1088715, -0.3651123, 9.7061
3.118454, -0.37828064, 9.76236
3.1411896, -0.37828064, 9.889252
3.1340027, -0.38546753, 9.912003
3.1280212, -0.41299438, 9.913193
3.1363983, -0.41299438, 9.860519
3.1340027, -0.41539, 9.847351
3.1399994, -0.4046173, 9.82222
3.1196442, -0.43455505, 9.755173
3.0825348, -0.43814087, 9.789886
3.0681763, -0.45370483, 9.811432
3.0621796, -0.45370483, 9.848541
3.0538025, -0.43933105, 9.879669
3.0382385, -0.42138672, 9.836578
3.059784, -0.43814087, 9.837769
3.0909119, -0.42497253, 9.826996
3.0693665, -0.42138672, 9.789886
3.087326, -0.45370483, 9.733627
3.0980988, -0.4046173, 9.668991
3.1160583, -0.43693542, 9.674973
3.1304169, -0.47166443, 9.732437
3.111267, -0.44532776, 9.817429
3.0681763, -0.4297638, 9.923965
3.0561981, -0.46087646, 9.941925
3.035843, -0.42497253, 9.938324
3.059784, -0.43814087, 9.932343
3.0298615, -0.44651794, 9.909607
3.015503, -0.44891357, 9.821014
2.992752, -0.44172668, 9.7444
2.992752, -0.48362732, 9.755173
2.9831696, -0.47644043, 9.767151
2.977188, -0.4980011, 9.787491
2.9652252, -0.47883606, 9.80426
2.9436646, -0.4740448, 9.835388
2.936493, -0.48602295, 9.88327
2.9712067, -0.49919128, 9.897629
2.9951477, -0.48243713, 9.957489
2.9747925, -0.4524994, 9.994598
2.9723969, -0.4405365, 9.964661
2.9556427, -0.43215942, 9.922775
2.9987335, -0.43215942, 9.858124
3.0047302, -0.4010315, 9.815033
3.008316, -0.44891357, 9.792282
2.999939, -0.4441223, 9.7444
3.0131073, -0.44172668, 9.7695465
2.9616241, -0.4620819, 9.795883
2.9747925, -0.47644043, 9.788696
2.9221191, -0.47045898, 9.810242
2.9544525, -0.45370483, 9.84137
2.9424744, -0.44770813, 9.786301
2.9472656, -0.45729065, 9.812637
2.9628296, -0.4692688, 9.835388
2.9616241, -0.50038147, 9.835388
2.9508514, -0.46566772, 9.846161
2.975998, -0.48602295, 9.825806
2.9460602, -0.51834106, 9.840164
2.9221191, -0.49679565, 9.84256
2.8838196, -0.509964, 9.789886
2.8886108, -0.48721313, 9.832993
2.8622742, -0.45610046, 9.864105
2.8921967, -0.45370483, 9.856934
2.9317017, -0.47644043, 9.90361
2.9149475, -0.49320984, 9.98262
2.9352875, -0.49320984, 9.974243
2.9281158, -0.48602295, 9.971848
2.8993835, -0.49320984, 9.909607
2.86586, -0.48960876, 9.88327
2.8646698, -0.49679565, 9.870102
2.858673, -0.509964, 9.877274
2.8335419, -0.4513092, 9.877274
2.8143768, -0.49560547, 9.864105
2.7904358, -0.4740448, 9.860519
2.810791, -0.45729065, 9.846161
2.7928314, -0.5027771, 9.877274
2.795227, -0.5087738, 9.876083
2.7497406, -0.48602295, 9.889252
2.7760773, -0.5207367, 9.917984
2.8275452, -0.51475525, 9.964661
2.8694458, -0.5315094, 9.985016
2.8718414, -0.5051727, 9.945511
2.9185333, -0.47525024, 9.969452
2.9317017, -0.4812317, 9.956284
2.9304962, -0.43574524, 9.880875
2.9328918, -0.4441223, 9.872498
2.9460602, -0.43814087, 9.84137
2.9412842, -0.43814087, 9.837769
2.9317017, -0.44293213, 9.852142
2.896988, -0.4237671, 9.859329
2.858673, -0.46687317, 9.90361
2.8395233, -0.5051727, 9.945511
2.8467102, -0.48483276, 9.922775
2.8598785, -0.5015869, 9.852142
2.8443146, -0.52194214, 9.825806
2.8443146, -0.52552795, 9.856934
2.8550873, -0.5422821, 9.865311
2.8909912, -0.55426025, 9.859329
2.8790283, -0.56503296, 9.8688965
2.8957825, -0.5458832, 9.840164
2.8622742, -0.54707336, 9.864105
2.8778229, -0.549469, 9.92038
2.8850098, -0.5626373, 9.880875
2.8646698, -0.5315094, 9.8533325
2.8311462, -0.52671814, 9.852142
2.8515015, -0.5590515, 9.871292
2.8838196, -0.55426025, 9.870102
2.9269104, -0.5518646, 9.901215
2.9317017, -0.5279236, 9.873688
2.9101562, -0.50756836, 9.870102
2.8622742, -0.5315094, 9.866501
2.8909912, -0.53630066, 9.958679
2.8909912, -0.54348755, 9.96228
2.9101562, -0.5303192, 9.950302
2.9436646, -0.5195465, 9.88327
2.956833, -0.50756836, 9.828201
2.8491058, -0.51834106, 9.84137
2.8096008, -0.52552795, 9.953888
2.8119965, -0.549469, 9.956284
2.8203735, -0.54467773, 9.959885
2.8455048, -0.5351105, 9.931152
2.8682556, -0.5087738, 9.953888
2.8790283, -0.5422821, 9.973053
2.874237, -0.50038147, 10.005371
2.8909912, -0.533905, 9.941925
2.9101562, -0.5410919, 9.901215
2.9089508, -0.5087738, 9.855728
2.8515015, -0.5027771, 9.828201
2.8395233, -0.47525024, 9.865311
2.8479004, -0.49320984, 9.803055
2.9005737, -0.5063782, 9.870102
2.9017792, -0.5506592, 9.86171
2.920929, -0.5877838, 9.897629
2.9664154, -0.5793915, 9.858124
2.9400787, -0.57580566, 9.912003
2.917328, -0.51834106, 9.915588
2.9005737, -0.5482788, 9.90361
2.9269104, -0.5171509, 9.927551
2.9304962, -0.52911377, 9.996994
2.917328, -0.5207367, 10.034103
2.9161377, -0.53630066, 10.004166
2.9700012, -0.5231323, 9.950302
2.960434, -0.52194214, 9.96347
2.968811, -0.51116943, 9.950302
2.984375, -0.509964, 9.904816
3.0370483, -0.5638275, 9.880875
3.0585938, -0.6177063, 9.88446
3.197464, -0.6607971, 9.939529
3.0980988, -0.57341003, 10.062836
2.9089508, -0.44891357, 9.92157
2.819168, -0.45610046, 9.770737
2.8730469, -0.48243713, 9.731232
3.020279, -0.52671814, 9.791092
3.0526123, -0.5422821, 9.732437
3.0609894, -0.5458832, 9.715668
3.1052856, -0.5590515, 9.694122
3.0933075, -0.56622314, 9.591171
3.0933075, -0.51594543, 9.575607
3.0933075, -0.4524994, 9.597153
3.2345734, -0.5303192, 9.56604
3.289627, -0.54348755, 9.515747
3.3794098, -0.51594543, 9.503784
3.4057465, -0.5063782, 9.534912
3.406952, -0.5087738, 9.603149
3.4201202, -0.5279236, 9.570816
3.4165192, -0.55545044, 9.544479
3.3889923, -0.52194214, 9.617508
3.348297, -0.52433777, 9.659409
3.3494873, -0.52671814, 9.645035
3.3219604, -0.50398254, 9.659409
3.2956238, -0.5027771, 9.640259
3.2860413, -0.5027771, 9.589981
3.3040009, -0.4980011, 9.6642
3.3327332, -0.5051727, 9.702499
3.2956238, -0.53630066, 9.660599
3.3183594, -0.56503296, 9.6115265
3.3027954, -0.56144714, 9.512161
3.3889923, -0.55784607, 9.550476
3.4835663, -0.4524994, 9.593567
3.3854065, -0.4405365, 9.599548
3.3662415, -0.42497253, 9.688141
3.4416656, -0.43455505, 9.686935
3.3854065, -0.44891357, 9.60553
3.4536285, -0.46806335, 9.554062
3.485962, -0.43455505, 9.496597
3.4500427, -0.40342712, 9.495407
3.4284973, -0.36392212, 9.538498
3.4596252, -0.31124878, 9.670181
3.454834, -0.33638, 9.72525
3.4608154, -0.37828064, 9.702499
3.4296875, -0.42855835, 9.76355
3.4141388, -0.4441223, 9.803055
3.367447, -0.5195465, 9.801865
3.3159637, -0.5422821, 9.782715
3.272873, -0.5303192, 9.8090515
3.2309723, -0.5925598, 9.844955
3.1699219, -0.62249756, 9.926361
3.111267, -0.62368774, 9.904816
2.5725708, -0.03112793, 9.957489
2.427719, 0.30166626, 9.994598
3.233368, -0.44293213, 10.559631
3.545807, -0.6141052, 10.772705
3.6463623, -0.667984, 9.955093
3.609253, -0.9325409, 9.504974
3.2716827, -1.0618286, 9.4379425
3.0765533, -1.0917511, 9.44632
3.1459808, -1.138443, 9.563644
3.1519623, -1.1312561, 9.542084
3.0490112, -1.0845795, 9.490616
2.9269104, -1.0378876, 9.533707
2.8048096, -0.9792328, 9.531311
2.7030487, -0.95529175, 9.5720215
2.699463, -0.87867737, 9.628281
2.8083954, -0.8535309, 9.710876
2.9640198, -0.8152313, 9.819824
3.031067, -0.7769165, 9.82222
3.1411896, -0.79966736, 9.755173
3.2237854, -0.7757263, 9.74321
3.2860413, -0.7984619, 9.724045
3.344696, -0.77931213, 9.701309
3.3590698, -0.79367065, 9.6642
3.3435059, -0.81762695, 9.74321
3.3099823, -0.82121277, 9.777924
3.3063965, -0.8451538, 9.933548
3.2668915, -0.87867737, 9.989807
3.2237854, -0.89901733, 10.031708
3.2249908, -0.9002228, 10.016144
3.1830902, -0.90501404, 9.925156
3.157959, -0.9169769, 9.854538
3.217804, -0.8631134, 9.737213
3.233368, -0.8954315, 9.609131
3.2956238, -0.8894501, 9.576813
3.3399048, -0.83917236, 9.698914
3.3614655, -0.7960663, 9.76355
3.3854065, -0.78170776, 9.80426
3.4105377, -0.75057983, 9.834183
3.4045563, -0.723053, 9.90361
3.4165192, -0.7374115, 9.94072
3.3961792, -0.7410126, 9.943115
3.3698425, -0.7577667, 9.886856
3.3423004, -0.77093506, 9.817429
3.3303375, -0.79367065, 9.728836
3.3003998, -0.7769165, 9.66539
3.257309, -0.7457886, 9.648636
3.193863, -0.746994, 9.658203
3.1962585, -0.7697296, 9.707291
3.147171, -0.75057983, 9.779114
3.1567535, -0.79008484, 9.76236
3.114853, -0.79367065, 9.742004
3.075348, -0.81044006, 9.708481
3.0334473, -0.7912903, 9.751587
3.035843, -0.7960663, 9.8138275
3.063385, -0.7876892, 9.799469
3.0825348, -0.76135254, 9.702499
3.1567535, -0.7541809, 9.692932
3.1926727, -0.7182617, 9.691727
3.248932, -0.707489, 9.629486
3.327942, -0.6799469, 9.599548
3.3662415, -0.6500244, 9.603149
3.3770142, -0.6212921, 9.719269
3.3650513, -0.64404297, 9.815033
3.3351288, -0.6751709, 9.896439
3.296814, -0.72065735, 9.989807
3.2166138, -0.7254486, 9.979034
3.1411896, -0.69192505, 9.990997
3.142395, -0.7338257, 9.961075
3.0825348, -0.7757263, 9.865311
3.071762, -0.8164215, 9.773132
3.0849304, -0.79966736, 9.618698
3.02388, -0.7661438, 9.5720215
3.0370483, -0.7960663, 9.600754
2.9867706, -0.7876892, 9.742004
2.991562, -0.7972717, 9.885666
2.9831696, -0.7876892, 9.886856
3.020279, -0.76734924, 9.856934
3.099289, -0.7577667, 9.782715
3.166336, -0.73501587, 9.6953125
3.217804, -0.6895294, 9.649826
3.2776642, -0.67037964, 9.641449
3.2944183, -0.63446045, 9.659409
3.2872314, -0.68833923, 9.7348175
3.2621002, -0.6859436, 9.819824
3.2429504, -0.7194519, 9.890442
3.2429504, -0.7457886, 9.848541
3.2345734, -0.74220276, 9.756378
3.1998444, -0.7589569, 9.704895
3.2142181, -0.7266388, 9.658203
3.2345734, -0.7158661, 9.623489
3.2357635, -0.7266388, 9.592377
3.2764587, -0.68473816, 9.657013
3.2956238, -0.683548, 9.700104
3.3315277, -0.65600586, 9.728836
3.3818054, -0.66200256, 9.7061
3.3542786, -0.66319275, 9.668991
3.3423004, -0.6643982, 9.685745
3.3231506, -0.68833923, 9.694122
3.2680817, -0.65960693, 9.686935
3.2237854, -0.65242004, 9.694122
3.2561188, -0.70269775, 9.74321
3.2225952, -0.7086792, 9.750381
3.2046356, -0.6907196, 9.751587
3.1998444, -0.7003021, 9.7348175
3.288437, -0.73262024, 9.8138275
3.2249908, -0.7290344, 9.834183
3.2190094, -0.7649536, 9.801865
3.2225952, -0.75297546, 9.791092
3.221405, -0.7841034, 9.74321
3.2273865, -0.79367065, 9.670181
3.2249908, -0.7685394, 9.674973
3.2549133, -0.79248047, 9.642654
3.2621002, -0.83317566, 9.619904
3.1771088, -0.8427582, 9.694122
3.2309723, -0.826004, 9.720459
3.2644958, -0.8164215, 9.72644
3.2166138, -0.881073, 9.731232
3.2632904, -0.85832214, 9.742004
3.2908325, -0.8666992, 9.818619
3.2357635, -0.9002228, 9.8293915
3.1926727, -0.92655945, 9.836578
3.1555634, -0.92655945, 9.82222
3.1376038, -0.87028503, 9.7348175
3.118454, -0.8595123, 9.7061
3.1100616, -0.8487396, 9.642654
3.1136627, -0.7972717, 9.658203
3.1411896, -0.8128357, 9.685745
3.1771088, -0.786499, 9.773132
3.1962585, -0.7553711, 9.800659
3.2237854, -0.70988464, 9.849747
3.217804, -0.6943207, 9.88446
3.257309, -0.7194519, 9.923965
3.2130127, -0.7170563, 9.943115
3.162735, -0.7302246, 9.90242
3.1675262, -0.7912903, 9.828201
3.2525177, -0.9792328, 10.499771
3.2537231, -1.1121063, 11.354507
3.205841, -0.81881714, 10.074799
3.138794, -0.6715698, 9.549271
3.150772, -0.62249756, 9.458298
3.0502167, -0.51116943, 9.160217
2.9352875, -0.5626373, 9.041702
2.9281158, -0.63327026, 9.05368
3.0849304, -0.8319855, 9.206909
3.0693665, -0.5805969, 9.534912
3.2549133, -0.93733215, 9.792282
3.0346527, -0.5410919, 9.637863
3.2070312, -0.78170776, 9.400833
3.1040802, -0.46806335, 9.198517
3.2345734, -0.73143005, 9.738419
3.2525177, -0.83317566, 9.260773
3.2190094, -0.6775665, 9.542084
3.2285767, -0.7290344, 9.917984
3.4165192, -0.80085754, 10.178955
3.2644958, -0.7481842, 10.609909
3.1363983, -0.7374115, 10.639832
3.0669708, -0.63087463, 10.472244
2.9987335, -0.6404419, 10.340561
3.0693665, -0.6368561, 10.277115
3.0454254, -0.6188965, 10.090363
3.016693, -0.55784607, 9.860519
3.055008, -0.5351105, 9.696518
3.1340027, -0.54348755, 9.643845
3.2752686, -0.5626373, 9.757568
3.3854065, -0.6188965, 9.967056
3.463211, -0.65600586, 10.022125
3.494339, -0.70150757, 10.01973
3.4955292, -0.7517853, 9.931152
3.5051117, -0.7852936, 9.889252
3.4667969, -0.7984619, 9.82341
3.3638458, -0.8128357, 9.803055
3.289627, -0.79367065, 9.751587
3.186676, -0.7745209, 9.671371
3.118454, -0.75057983, 9.673767
3.1256256, -0.78889465, 9.782715
3.1459808, -0.7972717, 9.72644
3.1878815, -0.86190796, 9.534912
3.2321777, -0.96725464, 9.215286
3.1459808, -0.9002228, 9.193741
3.241745, -0.9169769, 9.297882
3.3578644, -0.8930359, 9.313446
3.415329, -0.8092346, 9.402023
3.368637, -0.7362213, 9.512161
3.2585144, -0.6248932, 9.606735
3.2046356, -0.59376526, 9.7444
3.1878815, -0.55426025, 9.98143
3.2345734, -0.54348755, 10.138245
3.36026, -0.509964, 10.188522
3.5015259, -0.50756836, 10.122681
3.6200256, -0.5506592, 9.983826
3.703827, -0.52671814, 9.898834
3.6763, -0.47045898, 9.986221
3.621231, -0.4620819, 9.989807
3.5589752, -0.4800415, 9.852142
3.4811707, -0.49679565, 9.685745
3.4344788, -0.57341003, 9.578003
3.4356842, -0.5698242, 9.472656
3.3865967, -0.5973511, 9.502594
3.4093475, -0.60214233, 9.531311
3.541031, -0.70150757, 9.6115265
3.4189148, -0.707489, 9.636658
3.3542786, -0.68473816, 9.622299
3.2932281, -0.6536102, 9.64624
3.1914673, -0.61650085, 9.68335
3.1735077, -0.61291504, 9.60434
3.2321777, -0.5985565, 9.510971
3.210617, -0.5518646, 9.467865
3.1483765, -0.5518646, 9.3984375
3.186676, -0.6105194, 9.3984375
3.3470917, -0.6799469, 9.345764
3.542221, -0.75297546, 9.366119
3.6499634, -0.8092346, 9.52533
3.877411, -0.7649536, 9.944321
4.0533905, -0.5817871, 10.468643
3.9528198, -0.37109375, 10.030502
3.9983215, -0.46687317, 9.8138275
3.9671936, -0.5566559, 9.800659
4.0066986, -0.5303192, 9.826996
4.1443634, -0.33638, 10.056839
4.1491547, -0.18315125, 9.72644
4.1599274, -0.2454071, 9.424774
4.1575317, -0.31723022, 9.597153
4.0617676, -0.2741394, 9.933548
3.9241028, -0.17597961, 10.128677
3.839096, -0.12210083, 10.248383
3.739746, -0.12808228, 10.255569
3.6703186, -0.013168335, 10.274719
3.581726, 0.13168335, 10.184937
3.5745392, 0.13526917, 9.925156
3.566162, 0.070632935, 9.872498
3.6104584, -0.02154541, 9.700104
3.743332, -0.087387085, 9.562439
3.8929749, -0.17358398, 9.502594
3.9839478, -0.29808044, 9.451111
4.1276093, -0.4800415, 9.379288
4.2461243, -0.6212921, 9.23204
4.3466797, -0.6979065, 9.054871
4.440048, -0.7876892, 8.889664
4.545395, -0.85832214, 8.726868
4.668686, -0.9241638, 8.53772
4.6770782, -0.9313507, 8.546097
4.6351776, -0.93733215, 8.652649
4.550186, -0.8846588, 8.825027
4.4292755, -0.78289795, 9.100357
4.3347015, -0.7553711, 9.376892
4.292801, -0.6763611, 9.46907
4.0928802, -0.5518646, 9.410416
3.8163605, -0.36631775, 9.518143
3.6750946, -0.19273376, 9.628281
3.6810913, -0.12689209, 9.714478
3.743332, -0.08140564, 9.648636
3.8762054, -0.034713745, 9.400833
4.009094, -0.0071868896, 9.020157
4.043808, 0.06942749, 8.740036
4.084503, 0.16520691, 8.5568695
4.177887, 0.15322876, 8.434769
4.2700653, 0.13287354, 8.352173
4.2940063, 0.0143585205, 8.26239
4.304779, -0.06942749, 8.245636
4.289215, -0.13887024, 8.228867
4.3347015, -0.17837524, 8.200134
4.359848, -0.27893066, 8.2994995
4.378998, -0.36032104, 8.541321
4.545395, -0.45010376, 8.823837
4.692642, -0.509964, 9.106354
4.6543274, -0.4620819, 9.342178
4.6315765, -0.45370483, 9.494202
4.541794, -0.36871338, 9.659409
4.5286255, -0.3256073, 9.885666
4.490326, -0.3256073, 9.96228
4.4089203, -0.31124878, 9.989807
4.4460297, -0.38905334, 10.081985
4.497513, -0.47764587, 10.13945
4.5166626, -0.51116943, 10.07959
4.502289, -0.48841858, 9.860519
4.5717316, -0.4920044, 9.594757
4.624405, -0.50398254, 9.363724
4.560959, -0.4728546, 9.2404175
4.545395, -0.3830719, 9.218872
4.5561676, -0.23942566, 9.2595825
4.5992584, -0.14724731, 9.161407
4.6663055, -0.0574646, 9.125504
4.711792, 0.017959595, 9.035721
4.7728424, 0.07901001, 8.906433
4.791992, 0.06225586, 8.753204
4.712982, -0.034713745, 8.548492
4.660309, -0.14485168, 8.407242
4.5753174, -0.23822021, 8.331818
4.4137115, -0.31843567, 8.324646
4.356247, -0.42138672, 8.349777
4.3502655, -0.55426025, 8.525757
4.339493, -0.70388794, 8.732849
4.5513763, -0.91218567, 8.991425
4.703415, -0.91578674, 9.48822
4.4172974, -0.69911194, 10.33577
4.394562, -0.6488342, 10.921158
4.4963074, -0.62727356, 11.113892
4.649536, -0.6572113, 11.065994
4.814743, -0.6895294, 10.941498
4.8410797, -0.65960693, 10.753555
4.8925476, -0.58299255, 10.4028015
4.616028, -0.7410126, 9.797073
3.039444, -1.916565, 8.504211
2.975998, -1.7453766, 8.532928
3.7457275, -0.9828186, 8.428787
4.5046844, -0.36032104, 8.10318
5.1367645, 0.0011901855, 7.4734955
5.4132843, 0.6081238, 6.396103
5.688629, 1.4736328, 6.0549316
6.1327515, 2.1332397, 5.9196625
6.823471, 2.0350647, 5.8681946
7.396881, 1.280899, 6.1123962
7.5608826, 0.20231628, 6.9790955
7.269989, -0.70150757, 8.147461
6.744461, -1.2449799, 9.155426
6.2309113, -1.4628601, 9.678558
5.796356, -1.3610992, 9.691727
5.4180756, -1.0977478, 9.282318
5.147537, -0.82958984, 8.799881
5.15831, -0.67396545, 8.525757
5.367798, -0.6105194, 8.402451
5.6874237, -0.588974, 8.554489
6.0788727, -0.67037964, 8.780731
6.813904, -1.0067596, 8.166626
7.6387024, -1.2485809, 7.3669586
7.1885834, -0.82958984, 8.051697
6.4811096, -0.4441223, 8.57843
6.115982, -0.4620819, 8.550888
6.095642, -0.7841034, 8.423996
6.24527, -0.97802734, 8.158249
6.557724, -1.154007, 7.7069397
6.795944, -1.3156128, 7.1885834
7.03656, -1.4844055, 6.7265167
7.4088593, -1.6017151, 5.869385
7.957123, -1.5394745, 4.0102844
8.384491, -1.3311768, 2.340332
8.408432, -1.2078705, 2.929306
8.292313, -1.1396332, 4.344284
8.140289, -1.06781, 4.7955933
8.140289, -1.0091553, 4.50589
8.304291, -0.9540863, 4.260483
8.395264, -0.94929504, 4.42807
8.340195, -1.0067596, 4.8219147
8.153458, -1.0307007, 5.1128235
7.994232, -1.0522461, 5.286392
7.9080505, -1.1516113, 5.3941345
7.778763, -1.2354126, 5.5114594
7.6039886, -1.3610992, 5.582077
7.3382263, -1.4233551, 5.6419373
6.862976, -1.2892761, 5.645523
6.681015, -1.3587036, 5.566513
6.756439, -1.5023651, 5.482727
6.871353, -1.5849609, 5.4815216
6.895294, -1.5586243, 5.590454
6.9228363, -1.5490417, 5.8047485
6.8593903, -1.5406647, 5.851425
6.7157288, -1.4329224, 5.767639
6.6594696, -1.3191986, 5.7305145
6.578064, -1.1839294, 5.685028
6.499054, -1.122879, 5.7257385
6.495468, -1.0163422, 5.7137604
6.5158234, -0.92774963, 5.685028
6.5481415, -0.881073, 5.719742
6.526596, -0.83917236, 5.7808075
6.5517273, -0.87986755, 5.716156
6.743271, -1.154007, 5.649124
7.0102234, -1.4449005, 5.625183
7.186203, -1.4832153, 5.7927704
7.309494, -1.4652557, 6.0549316
7.3753357, -1.4329224, 6.240494
7.3669586, -1.3467407, 6.4655457
7.281967, -1.2294159, 6.648697
7.127533, -1.1132965, 6.8043213
7.0102234, -0.9971924, 6.8677673
6.9048767, -0.95529175, 6.8689575
6.839035, -0.90501404, 6.855789
6.8569946, -0.8535309, 6.8126984
6.873749, -0.802063, 6.6786194
6.8091125, -0.8128357, 6.633133
6.842621, -0.76135254, 6.574478
6.89769, -0.73262024, 6.574478
7.0150146, -0.67396545, 6.681015
7.2041473, -0.62727356, 6.7384796
7.475891, -0.6584015, 6.8438263
7.771576, -0.7122803, 6.969528
8.064865, -0.7984619, 7.0700836
8.335419, -0.9026184, 7.1885834
8.653839, -0.8966217, 7.332245
8.839386, -0.846344, 7.3825226
8.93277, -0.8271942, 7.3310394
8.973465, -0.77212524, 7.1933746
8.966278, -0.7194519, 6.9982452
8.966278, -0.65242004, 6.760025
9.026138, -0.6069336, 6.509842
9.070435, -0.5530548, 6.1171875
9.058456, -0.50398254, 5.7221375
8.99382, -0.42497253, 5.364212
8.956711, -0.375885, 5.0386047
8.890869, -0.33998108, 4.7536926
8.864532, -0.331604, 4.481949
8.831009, -0.3531494, 4.4017334
8.795105, -0.41659546, 4.4220886
8.85376, -0.5087738, 4.4568024
8.847778, -0.5135498, 4.5669403
8.852554, -0.5051727, 4.7572784
8.898056, -0.58418274, 4.917694
8.890869, -0.65600586, 4.989517
8.901642, -0.7266388, 5.0421906
8.910019, -0.746994, 5.08049
8.939957, -0.7158661, 5.070923
8.95192, -0.6895294, 5.0936584
8.941147, -0.67037964, 5.064926
8.950729, -0.6871338, 5.0541534
8.904037, -0.6787567, 5.123596
8.9435425, -0.68833923, 5.13916
8.899246, -0.68115234, 5.096054
8.896851, -0.7410126, 5.040985
8.858551, -0.7577667, 5.031418
8.823837, -0.75057983, 5.0697174
8.7556, -0.73501587, 5.0493774
8.716095, -0.7122803, 5.00148
8.647858, -0.7254486, 4.969162
8.634689, -0.76016235, 4.938034
8.712494, -0.74220276, 4.9116974
8.760391, -0.7481842, 4.8398743
8.886078, -0.806839, 4.8219147
9.09198, -0.83317566, 4.799179
9.196121, -0.83317566, 4.752487
9.31105, -0.8439636, 4.7213593
9.380478, -0.86909485, 4.7093964
9.434357, -0.87986755, 4.687851
9.524139, -0.90979004, 4.6854553
9.552872, -0.9421234, 4.66391
9.544479, -0.96606445, 4.6746826
9.574417, -0.9756317, 4.554962
9.522934, -0.9744415, 4.4687805
9.466675, -0.99957275, 4.3861847
9.431961, -0.99957275, 4.297592
9.376892, -1.0247192, 4.2066193
9.325409, -1.0462646, 4.198227
9.273941, -1.0558472, 4.1910553
9.165009, -1.0019684, 4.1515503
9.03093, -1.0223236, 4.1730957
8.935165, -1.0319061, 4.3035736
8.805878, -1.019928, 4.416107
8.718491, -1.0330963, 4.5956726
8.617935, -1.0343018, 4.6375732
8.53772, -1.0570374, 4.6770782
8.501816, -1.1312561, 4.7560883
8.42041, -1.1276703, 4.8051605
8.434769, -1.1635895, 4.90213
8.476669, -1.2078705, 4.9045258
8.489838, -1.2150574, 4.9308624
8.516174, -1.2342072, 4.90213
8.535324, -1.2186432, 4.782425
8.57843, -1.2222443, 4.736923
8.653839, -1.177948, 4.7453003
8.744827, -1.0761871, 4.668686
8.966278, -1.0271149, 4.625595
9.265564, -1.035492, 4.593277
9.447525, -1.0115509, 4.497513
9.660599, -0.88345337, 4.337097
9.792282, -0.8200073, 4.2245636
9.890442, -0.83677673, 4.0222626
9.9479065, -0.8451538, 3.9157104
9.946716, -0.8846588, 3.8247375
9.874878, -0.9612732, 3.7241821
9.801865, -1.0223236, 3.580536
9.17099, -0.4237671, 3.4991302
9.168594, -0.29808044, 3.4596252
9.998184, -1.1300659, 3.581726
10.612305, -1.5993195, 3.8606567
10.98819, -1.8291626, 4.1647186
11.089935, -1.7944489, 4.361038
10.958267, -1.5610199, 4.5753174
10.746368, -1.2294159, 4.7165833
10.619476, -0.9864044, 4.7417145
10.5368805, -0.88705444, 4.651932
10.471039, -0.8319855, 4.395752
10.293869, -0.79966736, 4.134781
10.1059265, -0.8427582, 3.846283
9.896439, -0.89782715, 3.478775
9.619904, -0.87867737, 3.1040802
9.252396, -0.83317566, 2.826355
8.917206, -0.7805023, 2.6419983
8.571243, -0.74220276, 2.5677795
8.275558, -0.78170776, 2.5869293
8.099579, -0.7805023, 2.6791077
8.098389, -0.84754944, 2.6635437
7.8374176, -2.4049683, 0.16758728
4.1335907, -4.9799347, -5.3055573
5.4815216, -3.8175507, -5.106827
9.093185, -2.5354614, 0.31124878
10.225632, -2.0661926, 3.7241821
9.333801, -1.8411407, 4.775238
8.307877, -1.8327637, 4.601654
7.9870605, -2.0817566, 3.9839478
8.165421, -2.466034, 3.77565
8.206131, -2.5115204, 3.7301636
8.221695, -2.482788, 3.4667969
8.206131, -2.52948, 3.3985748
7.2484436, -1.9572601, 3.1699219
6.277603, -1.7393951, 2.4935608
6.5134277, -1.8806458, 2.558197
6.4368134, -1.4796143, 2.5270844
6.3159027, -1.177948, 2.738968
6.392517, -0.8966217, 3.0095062
6.044159, -0.47883606, 3.1076813
5.613205, -0.21069336, 2.6432037
6.376953, -0.63446045, 2.3894196
8.291122, -1.9069824, 2.3307495
9.542084, -2.5641937, 2.5079193
10.831375, -2.4049683, 3.2321777
11.787857, -2.494751, 3.8043823
10.761932, -1.7453766, 3.731369
9.562439, -0.60453796, 3.4751892
9.381683, -0.20948792, 3.4667969
9.481033, -0.2561798, 3.566162
9.457092, -0.42616272, 3.545807
10.460266, -1.0690155, 3.4656067
12.474991, -2.4217377, 3.8331146
12.672516, -2.7210083, 4.0258484
11.486176, -1.7346039, 4.213791
10.364502, -0.746994, 4.4101257
9.661804, -0.44293213, 4.201828
9.616318, -0.5913696, 3.5984802
9.558853, -0.74938965, 3.020279
9.033325, -0.6380615, 2.4851837
8.170212, -0.23703003, 2.2313995
7.4854736, 0.008377075, 2.2589264
6.5876465, 0.1484375, 2.474411
6.36499, 0.1197052, 2.4803925
6.8797455, -0.18315125, 2.4205322
8.26358, -0.881073, 2.8395233
9.856934, -1.593338, 3.320755
10.461472, -1.8842316, 3.8953705
10.626663, -1.8878326, 4.3179474
11.247955, -1.9955597, 4.5034943
10.81221, -2.0602112, 4.546585
9.676163, -1.8926239, 3.9157104
8.535324, -1.4760284, 3.257309
8.275558, -1.3227997, 3.0609894
8.67778, -1.5550385, 3.0023346
9.30986, -1.8291626, 2.9328918
9.702499, -1.9500732, 2.8622742
9.923965, -1.8997955, 2.9460602
10.037689, -1.8016357, 2.9616241
9.751587, -1.672348, 3.1435852
9.582794, -1.7465668, 3.1172485
9.526535, -1.8866272, 3.10289
9.340973, -1.8411407, 3.51828
9.11113, -1.8387451, 3.8869934
8.766373, -1.8100128, 4.0150757
8.5963745, -1.7250214, 4.0773315
8.6514435, -1.6543884, 4.01149
8.746017, -1.6316528, 3.7098083
8.949524, -1.5706024, 3.2225952
8.906433, -1.5849609, 3.4680023
8.936356, -1.8758545, 3.861847
9.107544, -2.0985107, 4.282028
9.25, -2.1751251, 4.9631805
9.448715, -2.2816772, 5.005081
9.598358, -2.2625275, 4.747696
9.265564, -2.0147247, 4.9859314
8.827423, -1.8878326, 4.977539
8.712494, -1.9704285, 4.965576
9.036911, -2.091339, 5.104431
9.657013, -2.015915, 4.0497894
9.885666, -1.7357941, 3.2273865
9.100357, -1.391037, 4.905716
10.0784, -1.4377136, 2.2002716
10.182541, -1.1492157, -0.8738861
9.363724, -0.7362213, -0.83677673
8.282745, -0.7661438, 2.3511047
9.157822, -1.3838501, 2.3175812
9.62709, -1.8507233, 2.6862946
9.431961, -2.1212616, 6.233307
9.904816, -2.276886, 3.8486786
9.39006, -2.1380157, 3.3865967
9.123108, -1.6950989, 1.1336517
8.408432, -1.3012543, 0.12689209
7.672226, -1.0330963, -0.4297638
7.0904236, -1.0857697, 1.9895782
7.775177, -1.272522, 1.2653351
8.242035, -1.5119324, 1.940506
8.653839, -1.821991, 4.1886597
9.701309, -1.9129639, 1.7717133
9.985016, -1.8950043, 1.7106628
9.832993, -1.7633362, 2.2266083
9.901215, -1.632843, 2.031479
10.125076, -1.435318, 0.9708557
10.068817, -1.3000488, 2.4085693
10.450684, -1.256958, 3.2764587
10.930725, -1.3072357, 2.661148
10.990585, -1.5370789, 3.2944183
11.14621, -1.5921478, 1.8650818
10.596741, -1.4808197, 1.2820892
9.619904, -1.2856903, 1.2629395
8.653839, -1.1755524, 1.2114716
8.019379, -1.1671753, 1.5622101
8.091202, -1.3658905, 2.2074585
8.498215, -1.4975739, 2.6551666
8.3940735, -1.3934326, 2.7030487
8.366531, -1.6053162, 4.3586426
8.447937, -1.8028412, 5.4803314
8.693344, -1.7142487, 2.9496613
8.395264, -1.7561493, 4.581299
8.5520935, -1.8267822, 4.2006226
9.142258, -2.008728, 3.7601013
9.464279, -2.0745697, 3.150772
9.634262, -1.9776154, 2.4612427
9.542084, -1.9548645, 3.5110931
9.854538, -2.1248474, 5.772415
8.942337, -1.7417755, 4.3969574
9.107544, -1.8124084, 2.7880554
9.305069, -1.7489624, 1.9273376
9.15303, -1.5418701, 1.0714111
8.639481, -1.2796936, 0.7685394
8.291122, -1.0606384, 0.24301147
8.056488, -1.0462646, -0.36032104
7.8517914, -1.0761871, -0.45729065
8.026566, -1.1707611, -0.2346344
8.530548, -1.3215942, 0.15441895
9.112335, -1.4951782, 0.5063782
9.621094, -1.5670013, 1.0702057
10.114304, -1.5490417, 1.7585449
10.435135, -1.5155334, 2.2936401
10.551254, -1.5346832, 2.5941162
10.347733, -1.632843, 2.711441
10.102341, -1.7812805, 2.6827087
9.739609, -1.8052216, 2.6851044
9.421188, -1.6508026, 2.7700958
9.260773, -1.4437103, 2.9388885
9.31105, -1.2389984, 2.8119965
9.42836, -1.0726013, 2.5474243
9.414001, -0.85113525, 2.2493591
9.459488, -0.7086792, 1.8890228
9.679764, -0.64164734, 1.6041107
9.688141, -0.4405365, 1.493988
9.357742, -0.14006042, 1.241394
8.841782, 0.18075562, 0.8954315
8.373718, 0.2166748, 0.73501587
8.032547, 0.15083313, 0.68833923
7.873337, 0.07901001, 0.8092346
7.922409, -0.056259155, 0.9289551
8.248032, -0.21907043, 1.0031738
8.5915985, -0.47045898, 0.7805023
8.792709, -0.62368774, 0.53271484
9.068039, -0.7410126, 0.3830719
9.290695, -0.7050934, 0.39144897
9.410416, -0.54348755, 0.37469482
9.419983, -0.4812317, 0.16879272
9.479843, -0.48841858, -0.21188354
9.378082, -0.3471527, -0.5590515
9.077621, -0.13647461, -0.8882446
8.792709, -0.08140564, -1.0498505
8.592789, -0.14604187, -0.9505005
8.43956, -0.3830719, -0.8200073
8.172607, -0.55784607, -0.26934814
7.917618, -0.79367065, 0.52911377
7.700943, -1.1300659, 1.2940674
7.7883453, -1.5825653, 1.6292572
8.030151, -2.1871033, 2.2385712
8.61673, -2.7257996, 2.992752
8.746017, -2.5031433, 2.8036041
8.425201, -1.9632416, 2.1535797
8.416809, -1.8339539, 1.960846
8.941147, -2.0470428, 1.8734589
9.818619, -2.4157562, 1.9740143
10.589554, -2.6647491, 2.0494385
11.239578, -2.771286, 1.9871826
11.722015, -2.7545319, 2.2086487
11.759125, -2.5246887, 2.6120758
11.054031, -2.2409668, 2.7042542
10.050858, -2.039856, 2.2864685
9.36731, -2.0147247, 1.7238312
9.227249, -2.190689, 1.2689209
9.543289, -2.4205322, 0.81762695
9.871292, -2.4121552, 0.38546753
10.1586, -2.3115997, 0.053863525
10.468643, -2.3020325, -0.05027771
10.625473, -2.3259735, -0.0909729
10.748764, -2.3726501, -0.14964294
10.862488, -2.379837, -0.13407898
10.881653, -2.3774414, -0.09576416
10.737991, -2.3199768, -0.0287323
10.487793, -2.245758, 0.06942749
10.286682, -2.0650024, 0.1484375
10.212463, -2.0566254, 0.123306274
10.176559, -2.0817566, 0.2561798
10.315414, -2.0290833, 0.6081238
10.321411, -1.9285278, 0.92774963
10.056839, -1.9081726, 1.2761078
9.76236, -1.8962097, 1.6136932
9.4379425, -1.8926239, 1.9153595
9.289505, -1.9979553, 2.1248474
9.186554, -2.1787262, 2.063797
9.182968, -2.2792816, 2.0925293
9.340973, -2.410965, 2.1487885
9.326614, -2.285263, 1.945282
9.283524, -2.0135193, 1.8351593
9.198517, -1.7537537, 1.7142487
8.857346, -1.5825653, 1.5179291
8.553284, -1.4915924, 1.2437897
8.4216, -1.4317322, 1.0343018
8.665817, -1.3287811, 0.76016235
8.948334, -1.3838501, 0.4513092
9.301468, -1.406601, 0.37948608
9.411606, -1.2497711, 0.18914795
9.482239, -1.0343018, 0.12928772
9.40921, -0.8355713, -0.041900635
9.526535, -0.723053, -0.27053833
9.756378, -0.6248932, -0.5746155
10.110718, -0.5674286, -0.5422821
9.990997, -0.33518982, -0.5398865
9.642654, -0.1879425, -0.99598694
9.419983, -0.25019836, -1.4089813
9.058456, -0.21188354, -1.9668427
8.845383, -0.16520691, -2.446869
8.607162, 0.0011901855, -2.7485504
8.36055, 0.19033813, -2.8682556
8.335419, 0.23582458, -2.858673
8.358154, 0.35794067, -2.7808685
8.584412, 0.34117126, -2.3511047
8.771164, 0.29089355, -2.1368256
8.719681, 0.43814087, -2.221817
8.798691, 0.55545044, -2.2194214
8.766373, 0.72184753, -2.364273
8.89566, 0.7086792, -2.3343506
9.463089, 0.46087646, -1.9728241
9.886856, 0.3327942, -1.5454559
10.00058, 0.3471527, -1.2497711
9.943115, 0.3471527, -0.96006775
9.8533325, 0.24061584, -0.7110748
9.7743225, 0.092178345, -0.45729065
9.6510315, -0.07421875, -0.38426208
9.387665, -0.19392395, -0.51834106
9.17218, -0.22744751, -0.68833923
8.819046, -0.15681458, -1.0067596
8.415619, -0.118515015, -1.4676514
8.112747, -0.068237305, -1.869873
8.003815, -0.0861969, -2.0985107
8.033737, -0.099365234, -2.2936401
8.08522, -0.06463623, -2.5402527
8.178589, -0.087387085, -2.7856598
8.210922, -0.16400146, -2.9185333
8.269577, -0.3148346, -2.8993835
8.265976, -0.3435669, -2.5917206
8.197754, -0.39505005, -1.8914185
7.8493958, -0.4046173, -1.3036499
7.4926605, -0.296875, -1.1947021
7.3154907, -0.3615265, -1.435318
7.388504, -0.54707336, -1.7238312
7.4926605, -0.62727356, -1.8794556
7.4734955, -0.588974, -1.9105682
7.4926605, -0.48602295, -1.8531189
7.6147614, -0.3651123, -1.7776947
7.8637543, -0.26216125, -1.9333191
8.169022, -0.17837524, -2.229004
8.328232, -0.25498962, -2.7832642
8.494629, -0.4010315, -3.2992096
8.548492, -0.4800415, -3.8474884
8.605957, -0.3938446, -4.419693
8.665817, -0.17956543, -4.608841
8.511383, -0.05267334, -4.855438
8.239639, 0.034713745, -4.8566437
7.9990234, 0.015563965, -4.632782
7.736862, 0.01914978, -4.1287994
7.435196, 0.041900635, -3.830719
7.3346405, -0.0287323, -3.5877075
7.407654, -0.03591919, -3.3889923
7.467514, -0.22505188, -3.51828
7.455551, -0.43574524, -3.9145203
7.6003876, -0.53271484, -3.9851532
7.86734, -0.7565613, -3.9384613
8.073242, -1.0175323, -3.688263
8.149857, -1.3299866, -2.7174225
8.3414, -1.2258301, -3.0178986
8.561661, -1.1504211, -3.1806946
8.568848, -1.2677307, -2.8682556
8.917206, -1.2832947, -3.2477417
9.307465, -1.2773132, -3.6296082
9.915588, -1.6292572, -3.9528198
10.176559, -1.5897522, -4.339493
10.563217, -1.4855957, -4.5477905
10.71286, -1.4006042, -5.008667
11.016922, -1.4844055, -5.106827
10.782288, -1.2976532, -5.3474426
10.790665, -1.3072357, -5.228943
10.778702, -1.375473, -5.111618
10.340561, -1.2294159, -5.2121735
10.004166, -1.2114716, -5.0541534
9.866501, -1.3443451, -4.8722076
9.672577, -1.3934326, -4.885376
9.555252, -1.419754, -4.5669403
9.708481, -1.5035553, -4.153946
9.736023, -1.4808197, -4.1276093
9.6905365, -1.3922272, -4.213791
9.716873, -1.3395538, -4.3275146
9.84137, -1.2928619, -4.356247
9.844955, -1.2868805, -4.2724457
9.588776, -1.1611938, -4.0222626
9.191345, -0.9971924, -3.727768
8.890869, -0.9828186, -3.6236267
8.3390045, -0.8882446, -3.612854
8.582016, -1.2497711, -3.9815521
8.627502, -1.3694763, -4.2389374
8.12114, -1.2318115, -4.218582
7.5968018, -1.0414734, -4.0773315
7.2556305, -0.9397278, -4.18985
7.1921844, -0.9421234, -4.3095703
7.2556305, -0.9169769, -4.510681
7.0497284, -0.72065735, -4.6698914
7.171829, -0.70388794, -4.7058105
7.625534, -0.8152313, -5.0218353
7.8362274, -0.74220276, -5.4456177
7.9236145, -0.6296692, -5.6862335
7.949951, -0.62249756, -5.8167114
8.152252, -0.6859436, -6.104019
8.216904, -0.7457886, -6.30632
7.952347, -0.6799469, -6.351822
7.6782074, -0.5482788, -6.3350525
7.4699097, -0.28730774, -4.8650208
7.2520294, -0.25857544, -3.5194702
7.6219482, -0.62727356, -3.7169952
7.6937714, -0.7649536, -4.1599274
8.013397, -0.6033325, -3.643982
8.001419, -0.85113525, -4.256897
7.8960724, -0.6775665, -4.5238495
8.091202, -0.84754944, -4.1671143
8.254013, -0.8523407, -5.4851227
8.370132, -0.42736816, -5.7065735
8.190567, -0.5398865, -5.036209
7.700943, -0.80804443, -5.2157745
7.3741455, -0.76374817, -5.5054626
7.3262634, -0.6476288, -5.6227875
7.6662292, -0.806839, -6.1961975
7.747635, -0.8966217, -6.38414
7.7727814, -1.0067596, -5.898117
7.5405426, -0.826004, -5.819107
8.012192, -1.1587982, -5.668274
8.441956, -1.3587036, -5.628769
7.0461426, -0.5566559, -5.407303
7.996628, -1.3658905, -4.6938324
7.732071, -1.2629395, -4.6064453
7.7225037, -1.1959076, -4.3119507
7.5572968, -1.2473755, -4.18985
7.586029, -1.356308, -4.2760468
7.466324, -1.2665253, -4.56575
6.902481, -0.89064026, -5.1774597
7.2831573, -1.1887207, -5.103241
7.795517, -1.2988586, -4.9512024
7.8769226, -1.0738068, -4.9619904
8.097183, -1.2557526, -4.9954987
8.386887, -1.3407593, -5.199005
7.653061, -0.9924011, -5.007477
5.7903748, -0.7852936, -4.768051
6.013031, -1.0558472, -4.2784424
6.6858063, -1.4293365, -4.234146
6.1997833, -1.2006989, -4.16951
6.3099213, -1.3934326, -4.3155518
6.130356, -1.3539276, -4.481949
5.6156006, -1.0151367, -4.6627045
6.248871, -1.312027, -4.474762
7.210144, -1.7872772, -5.2121735
7.8912964, -2.0494385, -5.841858
8.242035, -2.087738, -6.272812
7.8721313, -1.6998901, -6.111206
7.578842, -1.4616547, -5.585678
7.697357, -1.7130585, -5.708969
8.066071, -2.0254974, -5.862198
7.5752563, -1.5394745, -5.6718597
7.347809, -1.2354126, -5.0900726
7.582443, -1.4377136, -4.651932
6.5074463, -1.0007782, -4.2233734
6.56131, -1.1156921, -3.9145203
7.258026, -1.5514374, -4.229355
7.4184265, -1.5741882, -4.3382874
7.5668793, -1.4604645, -4.7812195
7.8170624, -1.4460907, -5.147537
14.967346, -2.466034, -4.577713
18.507172, -1.8088226, -4.6591187
10.705673, 0.43095398, -6.3709717
8.245636, 1.2354126, -6.9623413
8.701721, 0.6488342, -6.36499
7.661438, -0.11730957, -4.8997345
6.3494263, -0.5195465, -3.9995117
6.14711, -0.63087463, -4.162323
6.9982452, -0.70388794, -4.4879303
7.735672, -0.70988464, -4.633972
7.4651184, -0.37948608, -4.894943
8.140289, -0.9145813, -5.1451416
8.408432, -1.3778687, -5.3582306
8.051697, -1.3419495, -5.443222
7.5357513, -1.2533722, -5.3582306
7.3621674, -1.4329224, -5.222946
7.2005615, -1.6436157, -5.072113
6.7420654, -1.6208801, -5.1056366
6.3733673, -1.5813751, -5.2014008
6.2237244, -1.6196747, -5.3354797
5.8610077, -1.6448212, -5.451599
5.767639, -1.7788849, -5.5282135
5.7424927, -1.7860718, -5.616791
5.5114594, -1.7298126, -5.723343
5.477936, -1.7046661, -5.7927704
5.5521545, -1.663971, -5.920868
5.9555817, -1.7142487, -5.9029083
6.416458, -1.6867218, -6.0070496
6.839035, -1.6136932, -6.071701
7.3358307, -1.5251007, -6.0740967
7.7464447, -1.3658905, -6.0178223
7.897278, -1.2042847, -5.948395
8.00621, -1.1001282, -5.835861
8.052902, -0.9169769, -5.6946106
7.9272003, -0.6763611, -5.6072235
7.644684, -0.4118042, -5.4743347
7.3070984, -0.084991455, -5.4025116
6.930023, 0.25138855, -5.371399
6.4727173, 0.6105194, -5.420471
6.1914062, 0.9062042, -5.527008
6.1219788, 1.0642242, -5.771225
6.135147, 1.0295105, -5.984314
6.2943573, 0.8966217, -6.174652
6.509842, 0.7733307, -6.2524567
6.807907, 0.8427582, -6.2045746
6.835449, 0.6464386, -6.312317
6.712143, 0.39863586, -6.3578033
6.7097473, 0.18075562, -6.2321014
7.0066376, -0.039505005, -5.7413025
7.3154907, -0.02154541, -5.3618164
7.174225, 0.24659729, -5.1810455
6.8019257, 0.43814087, -5.0661316
6.6187744, 0.6536102, -4.941635
6.4763184, 0.6871338, -4.989517
6.447586, 0.43814087, -5.086487
6.478714, 0.23942566, -5.1535187
6.64151, 0.061050415, -5.185837
6.890518, -0.0143585205, -5.2636566
6.9276276, 0.03831482, -5.3977203
6.5792694, 0.28370667, -5.419281
6.4727173, 0.08380127, -5.5916595
6.71933, -0.22984314, -5.8634033
7.095215, -0.47764587, -6.159088
7.466324, -0.7841034, -5.9400177
7.653061, -0.9516907, -5.63356
7.6698303, -1.0690155, -5.462372
7.668625, -1.1575928, -5.183441
7.5608826, -1.1983032, -4.976349
7.7141113, -1.2473755, -4.898529
8.49942, -1.5239105, -4.378998
9.026138, -1.7190399, -3.4680023
9.1805725, -1.9309235, -2.7521362
9.222458, -2.127243, -1.7956543
9.370911, -2.2936401, -0.87628174
9.549271, -2.3259735, -0.1663971
9.624695, -2.309204, 0.54348755
9.610321, -2.3451233, 1.0821838
9.530121, -2.4301147, 1.280899
9.399643, -2.486374, 1.8578949
9.239227, -2.513916, 2.4444733
9.057266, -2.4720154, 3.0454254
9.175781, -2.5175018, 3.7301636
9.263168, -2.5079193, 4.1120453
9.34816, -2.5809479, 4.0857086
9.241623, -2.4768066, 3.4979248
9.1410675, -2.3523102, 2.6982727
9.159012, -2.2984314, 2.0757751
9.419983, -2.3499146, 1.6519928
10.035294, -2.5833435, 1.3084259
10.544067, -2.8455048, 0.8571167
10.878052, -3.0226746, 0.52194214
11.052826, -3.28125, 0.22744751
11.058823, -3.5206757, -0.1376648
10.842148, -3.7768555, -0.60095215
10.466248, -3.7960052, -0.9528961
10.107117, -3.6403809, -1.114502
9.8688965, -3.581726, -1.0845795
9.713272, -3.628418, -0.87268066
9.573212, -3.6200256, -0.6655884
9.483429, -3.5937042, -0.4728546
9.485825, -3.5793304, -0.25138855
9.576813, -3.6032715, -0.07661438
9.595963, -3.5721436, 0.108932495
9.537308, -3.5398254, 0.40940857
9.490616, -3.5793304, 0.7338257
9.386475, -3.5470123, 1.0450745
9.099167, -3.4261017, 0.99598694
8.817841, -3.3063965, 0.6823425
8.643066, -3.154358, 0.42138672
8.525757, -3.0286713, 0.42138672
8.427597, -3.0681763, 0.54467773
8.398865, -3.3638458, 0.6428375
8.36055, -3.6140442, 0.20231628
8.256409, -3.5434113, -0.15562439
8.40126, -3.415329, -0.3148346
8.586807, -3.3901825, -0.5303192
8.832214, -3.1747131, -0.75297546
9.270355, -3.1687317, -0.95529175
9.661804, -3.1854858, -1.1480255
10.06044, -3.20224, -1.1001282
10.253174, -3.1376038, -0.9528961
10.526108, -3.1531677, -0.6201019
10.781097, -3.1411896, -0.15562439
10.777496, -3.1567535, -0.073028564
10.551254, -3.0346527, -0.3543396
10.369293, -2.9304962, -0.8271942
10.274719, -2.8515015, -1.0175323
10.17775, -2.778473, -0.9062042
10.00058, -2.680313, -0.34596252
9.616318, -2.5881348, 0.03112793
9.26915, -2.5175018, -0.5638275
9.0225525, -2.4408875, -1.7776947
9.054871, -2.2709045, -1.8411407
9.036911, -1.9812012, -0.9935913
8.7304535, -1.7094574, -0.082595825
8.663422, -1.6196747, 0.6464386
9.042892, -1.7130585, 0.9528961
9.546875, -1.7585449, 1.1168976
9.931152, -1.5550385, 1.3634949
10.055649, -1.2892761, 1.5993195
10.023331, -1.1264648, 1.6927032
9.926361, -0.9720459, 1.7561493
9.7743225, -1.0163422, 1.5011597
9.546875, -1.0905609, 0.9864044
9.301468, -1.0857697, 0.44891357
9.15184, -1.1085205, -0.12689209
9.020157, -1.2521667, -0.6607971
9.099167, -1.3994141, -0.9636688
9.016571, -1.4460907, -1.375473
8.907623, -1.4640503, -1.8171997
8.908829, -1.5203247, -2.245758
9.263168, -1.6603851, -2.2385712
9.60553, -1.7022705, -2.039856
9.953888, -1.7489624, -1.2761078
10.093948, -2.015915, 0.98880005
9.238022, -1.7561493, 1.2605438
8.760391, -1.6304474, 0.0059814453
9.057266, -2.1787262, -0.29808044
9.26796, -2.7042542, -0.36750793
9.042892, -2.747345, -0.68833923
8.652649, -2.6779175, -1.1970978
8.423996, -2.9891663, -1.3024445
8.194153, -3.3925781, -0.9217682
8.317459, -3.6691132, -0.4908142
9.139862, -3.91333, -0.61650085
9.315842, -3.5386353, -0.94929504
8.805878, -2.94487, -0.67277527
9.453506, -3.0825348, -0.9026184
10.467453, -3.415329, -0.52433777
10.930725, -3.3411102, -0.48362732
11.044449, -2.9352875, -0.65242004
11.113892, -2.676712, -0.20948792
11.153381, -2.5905304, -0.39265442
11.085159, -2.4875793, -0.5710144
10.723633, -2.5510254, -0.24061584
10.278305, -2.592926, -0.2861023
9.898834, -2.6348114, -0.46447754
9.484634, -2.4971466, 0.1484375
9.099167, -2.403778, 0.40222168
8.77594, -2.2900543, 0.6823425
8.546097, -2.012329, 1.0797882
8.614334, -1.9955597, 1.177948
8.85376, -2.0135193, 1.0941467
9.005783, -1.9991608, 1.0546417
8.963898, -1.711853, 1.1575928
9.270355, -1.7968445, 0.8164215
9.583984, -2.0769653, 0.44293213
9.34697, -2.3702545, -0.23942566
8.656235, -2.0374603, -0.9828186
8.610748, -2.0207062, -1.4580688
8.947128, -1.9201508, -1.6292572
9.376892, -1.8351593, -1.7812805
9.872498, -1.8243866, -1.7226257
10.133453, -1.6615753, -1.8243866
10.175354, -1.5598297, -1.7860718
10.2400055, -1.4185638, -1.5478516
9.970657, -1.2366028, -0.98402405
9.977829, -1.5239105, -0.5195465
9.806656, -1.4628601, -0.34954834
9.624695, -1.4281464, -0.25138855
8.65863, -1.5550385, -0.76734924
7.507019, -1.2880859, 0.7481842
7.587219, -0.69911194, 2.0374603
8.184586, 0.011978149, 2.2984314
9.070435, -0.32920837, 2.0626068
9.340973, -1.1755524, 2.149994
9.325409, -1.2150574, 1.916565
9.667786, -0.8523407, 1.4628601
10.072403, -0.8271942, 1.0259094
10.675751, -1.0414734, 0.48483276
11.258728, -1.5406647, -0.6320648
11.401184, -1.529892, -1.4281464
11.382034, -1.4915924, -2.5522156
11.062408, -1.5813751, -3.3985748
10.055649, -1.4401093, -3.4261017
9.058456, -1.553833, -2.9388885
8.392868, -1.7729034, -2.122467
7.937973, -1.8495178, -1.2162476
7.641098, -1.9512787, -0.41539
7.6231384, -1.8100128, -0.03352356
8.02536, -1.6998901, 0.20111084
8.291122, -1.8040314, 0.47525024
8.43956, -1.9512787, 0.34954834
8.376114, -2.0207062, 0.017959595
7.7859497, -2.3259735, -0.19273376
7.436386, -2.0661926, 0.4800415
7.031769, -1.4520874, 1.3191986
6.218933, -1.9740143, 1.2677307
7.132324, -3.1244354, 0.7457886
8.008606, -3.1998444, 0.68115234
8.148666, -2.3211823, 1.2114716
8.319855, -1.2545624, 1.4161682
8.10318, -0.065841675, 1.6651611
7.250839, 1.0163422, 1.7561493
6.0070496, 1.272522, 1.4413147
5.4372253, 0.66200256, 1.0175323
5.5988464, -0.03352356, 0.60453796
5.7772064, -0.35794067, 0.57699585
6.155487, -0.7290344, 0.93733215
6.3182983, -1.0893555, 0.83677673
6.3829346, -1.4832153, 0.84754944
6.5960236, -1.8722687, 1.004364
6.995865, -2.3810272, 1.217453
7.3992767, -2.9939423, 1.7094574
7.783554, -3.5398254, 2.1751251
8.105576, -4.0186615, 2.5127106
8.415619, -4.5872955, 2.8395233
8.738831, -4.9476166, 2.975998
9.849747, -4.696228, 2.4756012
10.717651, -4.7620697, 2.731781
11.349716, -5.048172, 2.8239594
12.593506, -4.7249603, 2.13443
13.448227, -4.5513763, 1.9716187
13.448227, -4.7141876, 1.7741089
13.352463, -4.905716, 1.2222443
13.832504, -4.977539, -0.065841675
13.51886, -4.814743, -1.154007
12.852081, -4.7728424, -1.8399506
11.79982, -4.6555176, -2.671936
10.692505, -4.48674, -3.3854065
9.594757, -4.2724457, -3.8426971
8.792709, -3.909729, -4.0785217
8.418015, -3.569748, -4.323929
8.5125885, -3.289627, -4.517853
8.740036, -3.1483765, -4.60524
8.961502, -3.324356, -4.443634
9.23204, -3.5290527, -4.2592773
9.384079, -3.7541046, -4.021057
9.2883, -4.1060486, -3.7541046
8.947128, -4.394562, -3.4763794
8.655045, -4.4699707, -3.1771088
8.425201, -4.3263245, -2.7269897
8.306686, -3.9923248, -2.237381
8.26239, -3.6870728, -1.8758545
8.087616, -3.423706, -1.6376343
7.970291, -3.1723175, -1.6891022
7.3908997, -1.2916718, -2.1835175
5.503067, 1.6460114, -1.8351593
4.554962, 1.0582428, -1.2126617
5.1092224, -1.0235138, -0.8487396
6.633133, -3.5446167, -1.4257507
8.026566, -3.9205017, -1.6316528
9.078812, -3.1052856, -0.9349365
9.106354, -2.7365723, 0.69311523
9.010574, -2.637207, 1.5646057
9.1458435, -2.9640198, 1.6579895
9.609131, -3.93367, 1.7214355
10.433929, -5.032608, 1.6759338
10.971436, -5.4970856, 1.0534515
10.923538, -5.8645935, 0.61172485
10.012558, -6.1961975, 0.2753296
9.17218, -6.028595, -1.7250214
9.349365, -5.1954193, -4.0905
9.668991, -4.969162, -5.070923
9.679764, -5.5354004, -5.9472046
8.95192, -6.4416046, -4.929657
8.6753845, -6.6630707, -3.2405548
8.656235, -6.4380035, -1.577774
8.45871, -6.369766, -0.34117126
8.045715, -6.581665, 0.54467773
7.7883453, -6.625946, 1.0151367
7.190979, -5.673065, 0.96006775
6.534973, -4.3753967, 0.7290344
5.6946106, -3.846283, 1.4664459
4.926071, -3.6870728, 2.2146301
3.6080627, -2.4049683, 1.9943695
3.7636871, -1.727417, 1.4029999
4.296402, -0.9516907, 0.8092346
5.2995605, -0.76016235, 0.2669525
6.1818237, -0.8954315, -0.64164734
6.926422, -1.4137726, -1.4293365
7.9870605, -2.1380157, -1.8770599
9.114731, -3.142395, -2.1248474
10.212463, -4.569336, -2.0961304
11.216827, -6.2871704, -1.8088226
11.890808, -7.8685455, -1.2102661
12.393585, -9.016571, -0.9576874
12.437881, -9.625885, -0.88705444
12.179306, -9.642654, -1.391037
11.767502, -9.4379425, -2.1236572
11.062408, -7.922409, -3.1016846
10.472244, -5.9280396, -3.683487
10.522522, -5.625183, -4.8841705
9.7695465, -5.118805, -4.4304657
9.082397, -4.616028, -3.20224
8.3414, -3.700241, -2.5091248
7.9559326, -3.59729, -2.0326843
7.439987, -3.3339233, -1.8028412
7.2795715, -3.288437, -1.7992401
7.1802063, -3.3985748, -1.8076172
7.2472534, -3.6906586, -1.5502472
7.1024017, -3.3794098, -1.4125824
7.4734955, -3.633194, -1.1492157
7.6674347, -4.2437286, -1.1360474
7.9008636, -4.5717316, -1.0905609
8.2599945, -4.862625, -1.0570374
8.404846, -4.969162, -1.2126617
8.456314, -4.9069214, -1.4616547
8.532928, -4.6854553, -1.514328
8.415619, -4.3119507, -1.5083466
8.276749, -3.6786957, -1.2258301
8.125916, -3.2632904, -0.8643036
7.9954376, -3.3195648, -0.9241638
8.049301, -3.6870728, -0.8140259
7.9355774, -4.0234528, -0.65600586
7.7536163, -4.076126, -0.55545044
7.897278, -3.8965607, -0.70269775
8.329422, -3.7373505, -0.90501404
8.491043, -3.4093475, -1.4604645
8.204926, -3.2285767, -1.3946228
7.960724, -3.3506927, -1.2066803
7.9152374, -3.6703186, -1.3479309
7.4687195, -4.1060486, -1.4281464
7.1454926, -4.56575, -1.7346039
7.0964203, -5.1559143, -2.1176758
7.3118896, -5.1008453, -2.276886
7.290344, -4.9009247, -2.2649078
7.3190765, -4.9787445, -1.8818359
7.7380524, -5.300766, -1.8387451
7.5489197, -4.752487, -1.5837708
7.589615, -4.3430786, -1.2713165
7.589615, -4.1060486, -1.5646057
7.554901, -4.107254, -1.6400299
7.6195526, -4.134781, -1.830368
7.775177, -4.007889, -1.6914978
8.593994, -3.8822021, -1.7322083
9.137466, -4.2784424, -2.0494385
9.137466, -4.297592, -2.2361908
9.036911, -4.0809174, -2.402588
9.198517, -3.700241, -2.4301147
9.42836, -3.5721436, -2.237381
9.010574, -3.7577057, -2.0254974
8.875305, -3.4093475, -1.8830414
8.942337, -3.1316223, -1.766922
9.159012, -2.8754425, -1.8052216
8.759186, -2.7126312, -1.8160095
8.066071, -2.7569275, -1.7226257
8.135498, -2.7150269, -1.8363495
8.291122, -2.5246887, -1.9596558
8.190567, -2.9736023, -2.072174
7.9583282, -3.147171, -2.245758
8.3414, -3.5721436, -2.5115204
8.312668, -3.93367, -2.8610687
8.190567, -3.9743805, -3.0178986
7.8805084, -3.9659882, -2.889801
7.831436, -4.043808, -3.0370483
8.275558, -3.9983215, -3.0933075
8.406036, -3.85466, -3.1519623
8.622711, -3.8031921, -3.016693
8.671799, -3.7588959, -2.716217
8.813049, -3.566162, -2.545044
8.77475, -3.746933, -2.5426483
8.418015, -3.7182007, -2.466034
7.850586, -3.9516296, -2.245758
7.3992767, -4.119217, -2.2170258
8.137894, -3.810379, -2.363083
8.061279, -4.182663, -2.8826141
7.8410034, -4.4292755, -3.4775848
8.119934, -4.5334167, -3.8271332
8.553284, -4.4843445, -3.69664
9.059662, -4.76326, -3.296814
9.139862, -4.835083, -3.2166138
8.668213, -4.2628784, -3.193863
8.568848, -3.5362396, -2.5965118
8.925583, -2.8491058, -1.9740143
8.43837, -2.9317017, -2.0446472
8.316254, -2.2780762, -1.5454559
8.327026, -2.2828674, -1.8255768
8.57962, -2.8754425, -2.7880554
8.865723, -2.7964325, -3.324356
8.9674835, -3.566162, -2.5318756
9.32901, -3.463211, -2.7760773
8.725662, -3.877411, -4.2748413
8.152252, -4.6459503, -4.687851
8.016983, -4.455612, -4.5753174
8.050507, -4.2904053, -4.4891357
8.236053, -3.9875488, -4.2748413
8.295914, -3.6463623, -3.8809967
8.465897, -3.7732544, -3.4033508
8.443146, -3.8403015, -3.9348755
8.306686, -3.6260223, -3.0250702
8.313858, -3.6140442, -1.9620514
8.560471, -3.3099823, -1.4676514
8.767563, -1.9584503, -0.56503296
9.430756, -1.6124878, 0.0059814453
14.007278, 3.3267365, 2.8874054
17.447739, -0.080200195, 0.66677856
15.126572, -8.195358, -0.44172668
9.732437, -5.3450623, 1.5634155
5.905304, -2.2337952, -6.0537415
5.8286896, -4.0725403, -2.771286
8.851364, -3.743332, 3.4680023
9.210495, -1.233017, 9.260773
9.272736, -0.25976562, 6.842621
8.665817, -5.8250885, 7.1024017
6.5050507, -9.415192, 6.636734
5.3618164, -7.922409, 4.153946
5.4085083, -6.7025604, 2.1080933
5.7927704, -6.475113, 0.77812195
6.4535675, -6.3159027, -0.5686188
6.6463013, -6.222534, -2.2780762
6.3745575, -5.802353, -4.5920715
5.7688293, -4.866211, -9.016571
4.596863, -3.233368, -16.38591
4.1335907, -2.0266876, -22.23735
4.893753, -1.2258301, -23.885757
7.206543, -0.90141296, -20.37944
9.992203, -1.2509766, -12.564774
10.479416, -0.77812195, -5.7903748
9.050079, 0.10534668, -1.9704285
7.965515, 0.69551086, 0.089782715
7.881714, 0.7541809, 1.0510559
8.206131, 0.21907043, 1.2378082
8.555679, -0.66200256, 1.1085205
8.817841, -1.5993195, 0.73262024
8.59758, -2.0338745, 0.1951294
8.287537, -2.2661133, -0.35913086
8.076843, -2.537857, -1.0187378
7.9200134, -2.9676056, -2.0099335
7.800308, -3.336319, -3.0298615
7.545334, -3.4033508, -3.9504395
7.0988007, -3.1723175, -5.008667
6.8725586, -2.680313, -6.3386536
6.5960236, -2.1152802, -7.7667847
6.696579, -1.6627655, -9.014175
6.830658, -1.2234344, -10.505753
7.0545197, -0.7362213, -10.91037
7.7057343, -0.2166748, -10.010162
8.671799, 0.22265625, -9.014175
9.540894, 0.28012085, -8.355759
9.731232, 0.116119385, -7.7105255
8.712494, -0.15083313, -6.54335
7.285553, -0.7410126, -5.360611
6.873749, -1.3108215, -4.4256744
7.435196, -1.8231812, -3.6176453
8.221695, -2.2553406, -2.553421
8.987839, -2.6743164, -1.2150574
9.573212, -3.205841, 0.37709045
9.52533, -2.9281158, 1.4185638
9.040512, -2.012329, 1.9105682
8.608353, -1.1899109, 2.0147247
8.432373, -0.7457886, 1.6555939
8.564056, -0.8236084, 1.0498505
8.672989, -1.0330963, 0.1951294
8.750809, -1.1635895, -0.79966736
8.751999, -1.0917511, -1.7920532
8.95311, -1.0929565, -2.5390472
9.257187, -1.1156921, -2.819168
9.524139, -1.1049194, -2.8670502
9.659409, -1.1887207, -2.8826141
9.703705, -1.2904816, -2.8802185
9.592377, -1.4257507, -2.9700012
9.485825, -1.4173737, -2.9424744
9.445129, -1.3108215, -2.8215637
9.454697, -1.0953522, -2.6503754
9.297882, -0.8152313, -2.4971466
9.029724, -0.56144714, -2.324768
8.925583, -0.3435669, -2.1392212
8.85376, -0.32202148, -1.9596558
8.860947, -0.39982605, -1.6388245
8.971069, -0.66200256, -1.2617493
9.015366, -0.94091797, -0.96006775
8.977066, -1.098938, -1.0079651
8.906433, -1.0785828, -1.3970184
9.006989, -1.0390778, -1.6950989
9.161407, -1.083374, -2.072174
9.119507, -0.8894501, -2.2720947
9.121902, -0.8319855, -2.3128052
8.950729, -0.77212524, -2.2493591
9.071625, -0.8846588, -2.388214
8.864532, -0.6787567, -2.316391
8.620331, -0.4010315, -2.3858185
8.391678, -0.14964294, -2.5115204
8.6311035, -0.42497253, -2.5821533
8.7939, -0.5015869, -2.9664154
8.6753845, -0.18914795, -2.8933868
8.926788, -0.36990356, -3.0897217
9.331406, -0.7050934, -3.4907532
8.906433, -0.2861023, -3.5937042
9.027344, -0.56503296, -3.8522644
9.372101, -1.0402832, -4.2628784
9.378082, -1.1743622, -4.711792
9.519348, -1.4437103, -5.205002
9.578003, -1.5682068, -5.5677185
9.447525, -1.577774, -5.676651
9.218872, -1.2880859, -5.621582
9.174576, -1.0785828, -5.154709
8.979446, -0.7050934, -4.9739532
8.998611, -0.5506592, -4.6710815
8.859741, -0.36871338, -4.316742
8.801086, -0.05986023, -4.2556915
8.534134, 0.36392212, -3.7960052
8.629898, 0.3244171, -3.4799652
8.919601, -0.18675232, -3.4919434
8.787918, -0.51116943, -2.7904358
9.01297, -0.6763611, -2.8646698
9.1015625, -1.0630188, -2.2720947
8.8884735, -0.9732361, -1.569397
8.852554, -0.91937256, -1.0103607
8.85495, -0.65242004, -0.8427582
8.923187, -0.97802734, -0.8056488
8.863342, -1.2042847, -0.9361267
9.222458, -1.8567047, -1.1827393
8.957901, -1.3658905, -0.9924011
7.9355774, -0.065841675, 0.52433777
8.446747, -0.22146606, 0.92774963
8.688553, -0.07182312, 0.65600586
8.593994, 0.032318115, 0.54467773
8.710098, -0.15441895, 0.2059021
8.815445, -0.2238617, -0.7948761
8.786713, -0.6751709, -1.2617493
8.85495, -1.1635895, -1.8638916
8.950729, -1.6316528, -2.5869293
8.840591, -1.7190399, -3.324356
9.130295, -2.0207062, -3.8798065
8.906433, -2.0614014, -3.9899445
8.725662, -1.8650818, -3.6020813
8.479065, -2.0231018, -3.016693
8.270767, -2.1056976, -2.402588
8.543701, -1.9261322, -2.2888641
7.7500305, -1.8973999, -1.5574341
7.6626434, -1.4042053, -0.8044586
7.917618, -1.1001282, -0.6979065
7.5716553, -1.0151367, -0.83317566
7.363373, -0.49320984, -0.7266388
7.5800476, -0.11253357, -1.351532
8.060074, -1.0366821, -1.7082672
8.331818, -1.2605438, -2.0386658
8.757996, -1.3802643, -2.2230225
9.138672, -0.8846588, -2.347519
9.531311, -0.22865295, -2.4792023
9.917984, -0.37709045, -2.7269897
10.223236, -1.514328, -2.5905304
10.029312, -0.6201019, -2.4049683
10.184937, -0.65242004, -2.510315
10.002975, -0.53630066, -2.7724915
9.768341, -0.7577667, -2.6551666
9.5720215, -0.47166443, -2.427719
9.540894, -0.628479, -2.379837
9.406815, -0.667984, -2.3044128
9.368515, -0.8631134, -2.2505493
9.455902, -1.4089813, -2.2469635
9.453506, -1.9883881, -2.4684296
9.385269, -2.1416168, -2.774887
9.504974, -2.3295593, -2.8323364
9.6953125, -3.3099823, -2.996338
9.612717, -3.9121246, -2.110489
9.277527, -4.182663, -1.2473755
8.817841, -4.1683044, -0.78289795
8.419205, -4.2317505, -0.43215942
8.232468, -3.9085388, -0.42138672
8.530548, -3.5553894, -0.19154358
9.382874, -3.487152, -0.12808228
9.90361, -3.0454254, -0.30526733
9.988617, -2.0506287, -0.1197052
10.115509, -1.2306213, -0.16879272
10.141846, -0.83917236, -0.7589569
9.973053, -0.6260834, -1.2593536
9.633072, -0.63087463, -1.7573395
9.245209, -0.48483276, -2.3523102
9.405624, -0.68115234, -3.1447906
9.205704, -0.9505005, -4.32872
8.51976, -2.1523895, -3.9288788
9.131485, -2.6982727, -3.4380798
9.750381, -2.671936, -3.3387146
9.807846, -2.8083954, -3.3626556
9.504974, -3.2824554, -3.2321777
9.166199, -3.648758, -2.3894196
9.178177, -3.4189148, -1.8483276
8.989029, -2.9616241, -1.6807251
8.469482, -2.402588, -1.5203247
8.079239, -1.9716187, -1.320404
7.7536163, -1.6316528, -1.0702057
7.586029, -1.2916718, -0.7685394
7.613556, -1.0151367, -0.47764587
7.8481903, -0.8056488, -0.4920044
8.358154, -0.6871338, -0.69911194
8.823837, -0.71347046, -0.83677673
9.223663, -0.683548, -0.84754944
9.48703, -0.85113525, -1.1288605
9.697708, -1.1168976, -1.5622101
9.66539, -1.2306213, -1.8794556
9.5169525, -1.2258301, -2.2864685
9.246414, -1.1863251, -2.388214
10.035294, -1.9596558, -2.613266
10.682922, -2.4564514, -2.889801
9.038116, -0.95648193, -3.4835663
8.67778, -1.0582428, -3.4428558
8.159439, -0.7158661, -3.0214844
8.153458, -0.54348755, -2.8933868
8.295914, -0.27293396, -2.889801
8.701721, -0.0059814453, -3.0885162
8.911224, 0.42736816, -3.4416656
9.11113, 1.0271149, -3.731369
9.25, 1.8531189, -3.8031921
9.199722, 2.592926, -3.5757446
8.986633, 3.2154083, -3.3147736
8.653839, 3.6020813, -3.2190094
8.159439, 3.731369, -3.3985748
7.6710205, 3.241745, -3.6559448
7.3190765, 2.13443, -4.0342255
7.1407013, 0.9528961, -4.3933563
7.205353, -0.0035858154, -4.68425
7.5513153, -0.64404297, -4.9739532
8.093597, -0.9313507, -5.2552795
8.69574, -0.9911957, -5.412094
9.206909, -0.964859, -5.048172
9.522934, -0.89782715, -3.7529144
9.807846, -0.7661438, -2.8287506
9.891647, -0.6320648, -2.4732056
9.9874115, -0.5566559, -2.4792023
9.943115, -0.44651794, -2.395401
9.682144, -0.39505005, -2.1332397
9.31105, -0.29328918, -1.8100128
8.893265, -0.12808228, -1.6364441
8.530548, 0.02394104, -1.7346039
8.337814, 0.1304779, -1.8471222
8.189362, 0.14604187, -1.921341
8.166626, 0.13647461, -2.106903
8.286331, 0.058654785, -2.387024
8.5125885, -0.011978149, -2.6503754
8.7939, -0.15802002, -2.7042542
9.054871, -0.28370667, -2.850296
9.248795, -0.35194397, -3.0214844
9.392456, -0.36990356, -3.1711273
9.382874, -0.3531494, -3.210617
9.320633, -0.35673523, -3.217804
9.196121, -0.32081604, -3.2357635
9.057266, -0.27653503, -3.1806946
8.908829, -0.21308899, -3.1723175
8.767563, -0.19392395, -3.0777435
8.686157, -0.21188354, -2.9712067
8.69574, -0.19871521, -2.8431091
8.761581, -0.18435669, -2.7090454
8.789108, -0.19154358, -2.5965118
8.880096, -0.20111084, -2.5354614
8.980652, -0.23703003, -2.5965118
9.005783, -0.2813263, -2.5234833
9.038116, -0.27053833, -2.3451233
9.076416, -0.25378418, -2.4552612
9.014175, -0.23822021, -2.6827087
9.001007, -0.24182129, -2.7174225
9.010574, -0.252594, -2.7413635
8.929169, -0.23822021, -2.8072052
8.884888, -0.21548462, -2.9616241
8.87291, -0.21907043, -3.0526123
8.890869, -0.21308899, -3.0681763
8.847778, -0.17837524, -3.0777435
8.851364, -0.19154358, -3.055008
8.866928, -0.18196106, -2.9903564
8.908829, -0.15322876, -2.9640198
8.924393, -0.16998291, -2.898178
8.918396, -0.19871521, -2.8371277
8.945938, -0.21548462, -2.7437592
8.955505, -0.2166748, -2.7030487
8.957901, -0.21548462, -2.661148
8.966278, -0.19752502, -2.6695404
8.99382, -0.21786499, -2.6180573
8.941147, -0.21427917, -2.6096802
8.93396, -0.16879272, -2.6096802
8.91481, -0.16998291, -2.6192627
8.949524, -0.16160583, -2.6384125
8.931564, -0.16758728, -2.6575623
8.890869, -0.15322876, -2.6695404
8.918396, -0.15802002, -2.7018585
8.929169, -0.13647461, -2.7329865
8.926788, -0.13526917, -2.7030487
8.916, -0.12210083, -2.6910858
8.9279785, -0.116119385, -2.7150269
8.954315, -0.13887024, -2.6851044
8.961502, -0.16998291, -2.6635437
8.97467, -0.14364624, -2.6348114
8.935165, -0.1592102, -2.616867
8.956711, -0.13647461, -2.597702
8.977066, -0.16998291, -2.5330658
8.948334, -0.1592102, -2.513916
8.945938, -0.12449646, -2.4815826
8.968674, -0.1304779, -2.474411
8.968674, -0.118515015, -2.513916
8.93396, -0.104141235, -2.4756012
8.938751, -0.08859253, -2.4600372
8.941147, -0.084991455, -2.4935608
8.942337, -0.08859253, -2.5390472
8.93277, -0.10774231, -2.5067291
8.919601, -0.10774231, -2.5175018
8.941147, -0.10055542, -2.5282745
8.950729, -0.104141235, -2.5366516
8.959106, -0.11013794, -2.5390472
8.987839, -0.11253357, -2.5462341
8.938751, -0.14245605, -2.505539
8.955505, -0.12808228, -2.5187073
8.996216, -0.13647461, -2.5115204
8.959106, -0.13647461, -2.5318756
8.95192, -0.1376648, -2.5366516
8.971069, -0.1257019, -2.5210876
8.968674, -0.10774231, -2.486374
8.955505, -0.113723755, -2.5067291
8.939957, -0.11730957, -2.5414429
8.961502, -0.1149292, -2.5522156
8.971069, -0.12449646, -2.5175018
8.9674835, -0.1484375, -2.5522156
8.997406, -0.13526917, -2.545044
8.991425, -0.13168335, -2.561798
8.965088, -0.15203857, -2.545044
8.99382, -0.16281128, -2.5761566
9.006989, -0.1484375, -2.5797577
8.99382, -0.1663971, -2.6192627
8.99501, -0.16160583, -2.5881348
8.981842, -0.1663971, -2.6455994
8.962692, -0.15681458, -2.620453
8.981842, -0.15562439, -2.5701752
8.97467, -0.16998291, -2.597702
8.955505, -0.15203857, -2.5941162
8.961502, -0.16879272, -2.6108704
8.930374, -0.1592102, -2.601303
8.961502, -0.15562439, -2.5402527
8.97467, -0.15681458, -2.5725708
8.97467, -0.15441895, -2.5665894
8.966278, -0.15083313, -2.537857
8.973465, -0.15681458, -2.5713654
8.973465, -0.14604187, -2.5809479
8.923187, -0.18435669, -2.6192627
8.955505, -0.17597961, -2.692276
8.95192, -0.16879272, -2.6874847
8.956711, -0.16281128, -2.723404
8.936356, -0.15802002, -2.7174225
8.955505, -0.15681458, -2.731781
8.959106, -0.15083313, -2.723404
8.9279785, -0.15681458, -2.7329865
8.924393, -0.15322876, -2.6886902
8.931564, -0.15562439, -2.668335
8.936356, -0.14604187, -2.6635437
8.956711, -0.13407898, -2.6348114
8.93396, -0.1376648, -2.6096802
8.939957, -0.15562439, -2.6467896
8.935165, -0.16160583, -2.5941162
8.906433, -0.15322876, -2.5701752
8.906433, -0.16998291, -2.5941162
8.912415, -0.18554688, -2.5953217
8.921997, -0.18675232, -2.604889
8.93277, -0.21069336, -2.6707306
8.965088, -0.19752502, -2.7138214
8.975861, -0.20709229, -2.7485504
8.944733, -0.17597961, -2.7521362
8.947128, -0.1484375, -2.7664948
8.980652, -0.10295105, -2.7976227
8.969879, -0.07421875, -2.747345
8.908829, -0.07182312, -2.738968
8.846573, -0.046691895, -2.6515808
8.864532, -0.06942749, -2.6252441
8.839386, -0.092178345, -2.62883
8.910019, -0.15083313, -2.6623535
8.919601, -0.20111084, -2.6108704
8.911224, -0.23103333, -2.4875793
8.921997, -0.26576233, -2.510315
8.911224, -0.39743042, -2.5785522
8.876495, -0.46687317, -2.592926
8.828613, -0.509964, -2.62883
8.862137, -0.5626373, -2.6491852
8.863342, -0.5877838, -2.7569275
8.881287, -0.58418274, -2.817978
8.910019, -0.5398865, -2.8479004
8.9830475, -0.41419983, -2.9508514
9.036911, -0.33039856, -3.0142975
9.051285, -0.20948792, -3.063385
9.083603, -0.094573975, -3.099289
9.017761, -0.01914978, -3.154358
8.990234, 0.0047912598, -3.2249908
8.93396, -0.01914978, -3.2142181
8.893265, -0.022750854, -3.2082367
8.865723, -0.077804565, -3.1447906
8.820236, -0.14364624, -3.0861206
8.801086, -0.19392395, -3.0142975
8.761581, -0.2633667, -2.9065552
8.795105, -0.2849121, -2.771286
8.817841, -0.30047607, -2.692276
8.8489685, -0.331604, -2.6108704
8.905228, -0.30166626, -2.5282745
8.959106, -0.3076477, -2.5402527
9.002197, -0.33998108, -2.5821533
9.020157, -0.29089355, -2.6503754
9.034515, -0.3076477, -2.7521362
9.042892, -0.28849792, -2.9077606
8.990234, -0.2741394, -3.0705566
8.992615, -0.2861023, -3.1615448
8.9674835, -0.3040619, -3.2225952
8.978256, -0.3256073, -3.1878815
8.968674, -0.33877563, -3.12323
8.999802, -0.40701294, -3.1328125
9.051285, -0.41659546, -3.1280212
9.084793, -0.46447754, -3.0430298
9.059662, -0.5063782, -2.9161377
9.07402, -0.49320984, -2.7688904
9.065643, -0.43455505, -2.6348114
9.069229, -0.3818817, -2.5115204
9.044098, -0.29328918, -2.3977966
9.024948, -0.23703003, -2.300827
8.95311, -0.10774231, -2.1942902
8.899246, -0.02633667, -2.1559753
8.826218, 0.05027771, -2.13443
8.786713, 0.15681458, -2.0757751
8.736435, 0.16520691, -2.059021
8.706512, 0.17837524, -2.0745697
8.683777, 0.13407898, -2.1871033
8.751999, 0.09576416, -2.2720947
8.832214, 0.05267334, -2.2960358
8.918396, -0.0143585205, -2.1799164
9.0225525, -0.09336853, -2.1523895
9.135071, -0.14006042, -2.106903
9.139862, -0.16400146, -2.0733795
9.176971, -0.15203857, -2.0350647
9.160217, -0.111328125, -1.9835968
9.068039, -0.089782715, -1.948883
9.035721, -0.06463623, -1.9680328
8.9435425, -0.02394104, -2.0458527
8.875305, -0.008377075, -2.1440125
8.837006, -0.027526855, -2.21344
8.83461, -0.058654785, -2.328354
8.784332, -0.0574646, -2.446869
8.807068, -0.113723755, -2.466034
8.85495, -0.14245605, -2.60849
8.902832, -0.20111084, -2.6623535
8.975861, -0.25378418, -2.7605133
8.997406, -0.29447937, -2.8802185
9.001007, -0.296875, -2.9640198
9.001007, -0.3136444, -2.9340973
8.968674, -0.331604, -2.9783936
8.93396, -0.292099, -3.0334473
8.91362, -0.28251648, -3.0669708
8.921997, -0.26097107, -3.0705566
8.93277, -0.24061584, -3.0705566
8.916, -0.21786499, -3.0502167
8.944733, -0.22625732, -3.020279
8.939957, -0.2059021, -2.9879608
8.950729, -0.24780273, -2.898178
8.937561, -0.2561798, -2.881424
8.9674835, -0.26815796, -2.8694458
8.955505, -0.28970337, -2.898178
8.975861, -0.32202148, -2.9628296
8.979446, -0.3543396, -2.9412842
8.918396, -0.37828064, -2.9879608
8.921997, -0.37109375, -3.0047302
8.918396, -0.3543396, -3.0885162
8.957901, -0.3435669, -3.099289
8.956711, -0.31723022, -3.0957031
8.93396, -0.3076477, -3.0777435
8.916, -0.26815796, -3.0849304
8.900452, -0.26097107, -3.0645752
8.93277, -0.25498962, -3.0226746
8.902832, -0.22265625, -2.9616241
8.859741, -0.22026062, -2.9281158
8.8489685, -0.22265625, -2.8491058
8.858551, -0.22265625, -2.7856598
8.8489685, -0.21427917, -2.7844543
8.857346, -0.20829773, -2.6982727
8.898056, -0.21069336, -2.6312256
8.907623, -0.22744751, -2.6695404
8.883682, -0.2561798, -2.6623535
8.925583, -0.22744751, -2.6360168
8.926788, -0.22984314, -2.6096802
8.923187, -0.20350647, -2.6779175
8.916, -0.16400146, -2.6647491
8.877701, -0.17477417, -2.6491852
8.904037, -0.14364624, -2.6647491
8.931564, -0.1257019, -2.601303
8.950729, -0.13407898, -2.5330658
8.941147, -0.12928772, -2.5175018
8.912415, -0.12210083, -2.5127106
8.902832, -0.1257019, -2.486374
8.870514, -0.1376648, -2.4779968
8.862137, -0.17118835, -2.505539
8.851364, -0.16520691, -2.5175018
8.862137, -0.16758728, -2.5785522
8.887283, -0.21907043, -2.656372
8.910019, -0.23223877, -2.7042542
8.921997, -0.24301147, -2.7640991
8.960297, -0.2561798, -2.8096008
8.991425, -0.2849121, -2.8562775

