x : y : Z 
1.5813751, -0.099365234, 9.8090515
1.5634155, -0.04788208, 9.886856
1.5550385, 0.0, 10.020935
1.5873566, 0.0059814453, 10.143036
1.5993195, 0.010772705, 10.260345
1.6017151, 0.056259155, 10.248383
1.7238312, 0.094573975, 10.211273
1.8686676, 0.08140564, 10.1609955
1.9440918, 0.14364624, 10.006561
2.0135193, 0.22625732, 9.803055
2.0566254, 0.29089355, 9.686935
2.0661926, 0.30885315, 9.60553
2.1056976, 0.3327942, 9.613922
2.1440125, 0.35794067, 9.661804
2.130844, 0.3615265, 9.767151
2.146408, 0.39505005, 9.865311
2.13443, 0.42018127, 9.986221
2.0650024, 0.4812317, 10.090363
2.051834, 0.42855835, 10.182541
1.8818359, 0.4513092, 10.322601
1.5789795, 0.53271484, 10.626663
1.6867218, 0.3244171, 10.624268
1.7070618, 0.1484375, 10.761932
1.7453766, 0.12449646, 10.832565
1.8112183, 0.22265625, 10.927139
1.9261322, 0.331604, 11.022903
1.9548645, 0.5087738, 10.946289
1.9859924, 0.6751709, 10.852921
2.1260529, 0.667984, 10.771515
2.122467, 0.4524994, 10.699692
2.1835175, 0.4010315, 10.530899
2.1775208, 0.5279236, 10.201691
2.031479, 0.5386963, 10.06163
1.9943695, 0.5135498, 9.998184
2.0075378, 0.5506592, 9.825806
2.0171204, 0.5315094, 9.7444
2.0973206, 0.4620819, 9.756378
2.268509, 0.37109375, 9.668991
2.419342, 0.26934814, 9.700104
2.537857, 0.25019836, 9.764755
2.6419983, 0.31604004, 9.825806
2.7054443, 0.41539, 9.776718
2.7760773, 0.46566772, 9.74321
2.8119965, 0.4800415, 9.6953125
2.8036041, 0.41659546, 9.609131
2.7688904, 0.36750793, 9.493011
2.7617188, 0.25378418, 9.479843
2.7640991, 0.073028564, 9.4774475
2.8359375, -0.0909729, 9.484634
2.984375, -0.21069336, 9.593567
3.0957031, -0.26216125, 9.848541
3.1914673, -0.1197052, 10.166977
3.265686, -0.015563965, 10.37767
3.3267365, -0.01675415, 10.401611
3.4536285, -0.22026062, 10.444702
3.691864, -0.57221985, 10.589554
3.7493134, -0.58657837, 10.265137
3.7182007, -0.49919128, 9.8688965
3.7014313, -0.42855835, 9.495407
3.8007965, -0.5027771, 9.194931
3.7601013, -0.42616272, 9.246414
3.3770142, -0.092178345, 9.718063
2.9304962, 0.19273376, 10.196899
2.5785522, 0.3830719, 10.469849
2.3439178, 0.3866577, 10.47702
2.2349854, 0.3148346, 10.527298
2.1799164, 0.22265625, 10.558426
2.127243, 0.116119385, 10.588364
2.0997162, 0.029922485, 10.581177
2.012329, 0.0143585205, 10.480621
2.012329, 0.049087524, 10.303452
1.9752197, 0.06463623, 10.110718
2.027893, 0.15562439, 9.877274
2.1176758, 0.20350647, 9.635468
2.308014, 0.25857544, 9.324219
2.5306702, 0.32321167, 9.045288
2.7305908, 0.31004333, 8.8094635
2.9352875, 0.28970337, 8.683777
3.0669708, 0.27053833, 8.742432
3.0693665, 0.19392395, 8.7304535
2.9544525, 0.15441895, 8.5915985
0.8140259, 0.25737, 7.8721313
0.33758545, 0.28370667, 6.973114
1.7322083, 0.30526733, 7.2077484
2.5965118, 0.45610046, 7.739258
3.4225159, 0.7003021, 7.9200134
4.0306396, 0.8044586, 8.337814
4.323929, 0.7182617, 8.990234
4.181473, 0.5973511, 9.710876
3.6750946, 0.3651123, 10.37886
3.1819, 0.12928772, 10.911575
2.8850098, -0.21069336, 11.195282
2.929306, -0.6691742, 11.391617
2.7940369, -0.8044586, 11.581955
2.6503754, -0.88345337, 11.694473
2.6216583, -0.9217682, 11.686096
2.6144714, -0.84036255, 11.841721
2.692276, -0.7805023, 12.048813
2.7533264, -0.6548157, 12.13382
2.7042542, -0.48841858, 12.11586
2.6862946, -0.28370667, 11.933899
2.695877, -0.21907043, 11.62265
2.819168, -0.22984314, 11.220428
2.9891663, -0.24182129, 10.691315
3.1124573, -0.25857544, 10.101135
3.3806152, -0.49679565, 9.583984
4.2389374, -1.3694763, 9.123108
3.8414917, -1.3395538, 8.309082
2.8467102, -0.8535309, 7.8637543
2.6096802, -0.61291504, 8.455124
2.8012085, -0.8164215, 9.789886
2.2589264, -0.9026184, 10.942703
2.5019379, -0.7841034, 10.205292
3.1459808, -0.9457092, 9.400833
2.881424, -1.0139465, 9.42717
2.6515808, -0.8152313, 9.423584
3.075348, -0.68115234, 9.165009
3.3901825, -0.5590515, 9.150635
3.3865967, -0.3244171, 9.26796
3.3459015, -0.17118835, 9.281128
3.3147736, -0.08380127, 9.228455
3.0909119, 0.01914978, 9.261963
2.7605133, 0.21308899, 9.344574
2.4492645, 0.5051727, 9.402023
1.656784, 0.79367065, 9.764755
1.2066803, 1.0271149, 10.21965
1.8926239, 1.0498505, 11.154587
-0.20469666, 1.6340485, 11.847702
-0.93014526, 1.5215149, 12.060791
1.0642242, 0.2059021, 11.678909
2.111679, -0.39505005, 10.931931
2.671936, -0.48483276, 9.873688
2.9723969, -0.62249756, 8.735245
3.85466, -0.64404297, 8.127121
5.1164093, -0.62249756, 7.857773
6.5876465, -0.36871338, 7.633911
5.8526306, -0.1304779, 8.038528
4.2676697, 0.37948608, 8.188171
2.9041595, 0.4812317, 8.784332
2.1727448, 0.38426208, 9.374496
1.6316528, 0.24659729, 9.838974
1.1372528, 0.05027771, 10.3237915
0.97802734, -0.1771698, 10.613495
1.1013336, -0.3543396, 10.656586
1.5682068, -0.35554504, 10.57399
2.0865479, -0.27053833, 10.563217
2.4875793, -0.06703186, 10.632645
2.8622742, 0.12689209, 10.423157
3.3662415, -0.1771698, 10.0784
3.6774902, 0.19392395, 9.88327
3.4847565, 0.74938965, 10.048462
2.6432037, 0.6488342, 10.311829
2.2469635, 0.02394104, 8.7556
0.1771698, 0.077804565, 6.5397644
-0.3615265, 0.881073, 9.343369
-0.57580566, 0.43693542, 10.31662
0.03591919, 0.23822021, 10.155014
1.2940674, 0.08380127, 10.399216
1.7405853, -0.08140564, 10.696091
1.8100128, -0.24659729, 11.197678
2.039856, -0.38786316, 11.757919
2.3906097, -0.4237671, 12.058395
3.2872314, -0.39982605, 12.016495
4.265274, -0.35794067, 11.416748
4.1611176, -0.48841858, 10.924744
3.3459015, -0.6943207, 11.099518
2.4229279, -0.76135254, 11.291061
1.8052216, -0.7182617, 11.380844
1.6041107, -0.549469, 11.277893
1.3084259, -0.26097107, 10.869675
1.0881653, 0.041900635, 10.268738
0.98402405, 0.331604, 9.573212
0.8595123, 0.5877838, 9.157822
0.8631134, 0.8631134, 9.010574
0.99838257, 0.90859985, 8.963898
1.3874359, 0.9756317, 8.948334
1.7585449, 0.91578674, 9.048889
2.2110443, 0.6584015, 9.362518
2.388214, 0.41299438, 9.755173
2.308014, 0.34835815, 10.035294
2.070984, 0.31604004, 10.308243
1.9189453, 0.2753296, 10.618286
1.8986053, 0.18315125, 10.814606
1.8339539, 0.14964294, 10.918762
1.8195953, 0.1484375, 10.982208
1.8519135, 0.16758728, 10.943893
1.9153595, 0.21548462, 10.834961
1.9680328, 0.28012085, 10.771515
1.9931793, 0.32681274, 10.599136
2.0231018, 0.3651123, 10.407593
2.0231018, 0.39743042, 10.255569
1.9895782, 0.40222168, 10.117889
1.9632416, 0.40821838, 10.005371
1.9572601, 0.39982605, 9.971848
1.9321136, 0.36631775, 9.915588
1.9871826, 0.3423767, 10.00058
1.945282, 0.35794067, 9.961075
1.9273376, 0.35075378, 9.913193
1.9225464, 0.32202148, 9.885666
1.9177551, 0.29927063, 9.832993
1.9069824, 0.26576233, 9.776718
1.9033966, 0.26815796, 9.80545
1.9189453, 0.26097107, 9.811432
1.8878326, 0.2561798, 9.858124
1.9033966, 0.29447937, 9.964661
1.9045868, 0.31604004, 9.989807
1.9237366, 0.27653503, 9.98262
1.8926239, 0.2454071, 10.017334
1.8411407, 0.21188354, 10.1609955
1.8016357, 0.21308899, 10.283096
1.7609406, 0.20948792, 10.313019
1.6986847, 0.16160583, 10.260345
1.608902, 0.14364624, 10.199295
1.5706024, 0.1197052, 10.007767
1.5095367, 0.14125061, 9.8688965
1.4281464, 0.14485168, 9.850937
1.4101868, 0.16520691, 9.931152
1.4329224, 0.1484375, 10.099945
1.4975739, 0.17237854, 10.224442
1.5514374, 0.18914795, 10.261551
1.5981293, 0.2166748, 10.301056
1.6280518, 0.21786499, 10.277115
1.6112976, 0.2741394, 10.283096
1.5813751, 0.30885315, 10.401611
1.5741882, 0.31843567, 10.544067
1.6029205, 0.32681274, 10.892426
1.6472168, 0.33758545, 11.038467
1.6340485, 0.3136444, 11.032486
1.7058716, 0.33638, 10.917557
1.7190399, 0.34117126, 10.832565
1.6531982, 0.3028717, 10.781097
1.6304474, 0.26216125, 10.6949005
1.6220703, 0.23103333, 10.553635
1.6843262, 0.17118835, 10.468643
1.7992401, 0.17237854, 10.417175
1.7441711, 0.14724731, 10.436325
1.4712372, 0.20111084, 10.384857
1.3299866, 0.17956543, 10.275909
1.3706818, 0.15322876, 10.09874
1.5263062, 0.24780273, 9.904816
1.6974945, 0.38786316, 9.792282
1.9728241, 0.48243713, 9.698914
2.8287506, 0.65960693, 9.84256
3.8953705, 0.6763611, 10.49498
1.9704285, 0.66319275, 11.130646
1.5861511, 0.45729065, 10.601532
1.0642242, 0.20231628, 10.101135
1.1851349, 0.30047607, 9.443924
2.0614014, 0.41419983, 9.440338
2.059021, 0.45370483, 9.84137
1.8148041, 0.45968628, 10.157394
1.9045868, 0.4441223, 10.465057
2.0386658, 0.4513092, 10.834961
2.067398, 0.4812317, 10.943893
2.0973206, 0.42497253, 10.771515
2.0757751, 0.36631775, 10.566803
2.000351, 0.3615265, 10.342957
1.9129639, 0.35194397, 10.150223
2.3379364, 0.44770813, 9.950302
2.5031433, 0.40940857, 9.914383
2.1990814, 0.22505188, 9.637863
2.024292, 0.14245605, 9.464279
1.8100128, 0.12808228, 9.510971
1.6927032, 0.111328125, 9.502594
1.5849609, 0.24420166, 9.384079
1.5670013, 0.28251648, 9.2883
1.7070618, 0.30047607, 9.332596
1.8890228, 0.28849792, 9.3589325
1.9991608, 0.33039856, 9.528915
1.9297333, 0.46566772, 9.794678
1.8650818, 0.6260834, 10.157394
1.8148041, 0.74339294, 10.461472
1.8938141, 0.78170776, 10.571594
1.964447, 0.77093506, 10.541672
2.0626068, 0.7445984, 10.505753
2.166748, 0.73861694, 10.483017
2.402588, 0.76135254, 10.541672
2.2110443, 0.70388794, 10.509354
2.0985107, 0.6404419, 10.296265
2.1380157, 0.53630066, 10.1059265
2.0626068, 0.4800415, 10.002975
2.1164703, 0.35554504, 9.719269
2.0350647, 0.3435669, 9.634262
2.0362701, 0.40701294, 9.637863
2.024292, 0.5195465, 9.662994
2.0805664, 0.5602417, 9.676163
2.1966858, 0.5961609, 9.855728
2.1990814, 0.6404419, 10.093948
2.1356354, 0.61291504, 10.25795
1.948883, 0.5686188, 10.412384
1.7645264, 0.5027771, 10.342957
1.4844055, 0.44770813, 10.029312
1.2617493, 0.4118042, 9.768341
1.2114716, 0.40342712, 9.779114
1.6855164, 0.9062042, 10.1454315
1.1647797, 0.3327942, 9.955093
-0.53630066, 0.28370667, 6.2440796
-0.18196106, 0.83917236, 6.6510925
0.4980011, 0.7457886, 8.371323
0.5782013, 0.9720459, 9.479843
0.39982605, 1.2796936, 10.490189
0.49440002, 1.2796936, 11.039658
1.1480255, 0.9468994, 11.6202545
2.1607666, 0.5746155, 12.278656
3.2345734, 0.35794067, 12.53125
4.003113, 0.3148346, 12.358871
3.643982, 0.27053833, 12.066772
2.632431, 0.18196106, 12.05481
1.8028412, 0.094573975, 12.106277
1.06781, 0.09815979, 12.185287
0.51834106, 0.20709229, 12.079941
0.09815979, 0.5063782, 11.735184
-0.20469666, 0.964859, 11.065994
0.03831482, 1.4077911, 10.172958
0.90859985, 1.6843262, 9.254791
1.8662872, 1.6160889, 8.468292
2.3535004, 1.3108215, 8.134308
2.3259735, 0.93852234, 8.483856
1.9584503, 0.6859436, 9.069229
1.5502472, 0.5638275, 9.6905365
1.4341278, 0.5279236, 10.024521
1.4736328, 0.46087646, 10.187332
1.5634155, 0.4980011, 10.230423
1.6148834, 0.5386963, 10.198105
1.6436157, 0.6260834, 10.090363
1.6735535, 0.6799469, 9.935944
1.7214355, 0.72424316, 9.789886
1.7788849, 0.7984619, 9.798264
1.7609406, 0.78889465, 9.847351
1.7609406, 0.76374817, 9.926361
1.7621307, 0.7410126, 10.017334
1.7597351, 0.7649536, 10.046066
1.6831207, 0.75057983, 10.144226
1.538269, 0.8200073, 10.216064
1.5442657, 0.8271942, 10.348938
1.6867218, 0.81044006, 10.31662
1.7202301, 0.77212524, 10.360901
1.7489624, 0.6715698, 10.364502
1.7417755, 0.57221985, 10.310623
1.6747437, 0.5925598, 10.322601
1.632843, 0.6320648, 10.2447815
1.5586243, 0.6907196, 10.152618
1.7609406, 0.925354, 10.109512
1.8531189, 0.9516907, 10.33577
1.1611938, 0.6799469, 10.388443
1.2581482, 0.67037964, 9.901215
1.6496124, 0.46806335, 9.742004
1.7010803, 0.41299438, 9.776718
1.7154388, 0.43574524, 9.776718
1.6364441, 0.5087738, 9.977829
1.5263062, 0.6093292, 10.271118
1.320404, 0.6081238, 10.399216
1.3922272, 0.65600586, 10.302246
1.5849609, 0.6260834, 10.251968
1.6424255, 0.6188965, 10.211273
1.6184845, 0.6428375, 10.14064
1.5047607, 0.65122986, 10.180145
1.4245453, 0.6763611, 10.175354
1.406601, 0.7050934, 10.131058
1.4077911, 0.67396545, 10.084381
1.4460907, 0.67396545, 10.101135
1.470047, 0.6368561, 10.1214905
1.5059509, 0.6356659, 10.181335
1.5035553, 0.5782013, 10.250778
1.4484863, 0.5913696, 10.253174
1.419754, 0.59495544, 10.274719
1.3706818, 0.57341003, 10.338165
1.356308, 0.549469, 10.372879
1.3455353, 0.5231323, 10.426743
1.3311768, 0.5973511, 10.449493
1.2976532, 0.6296692, 10.436325
1.2820892, 0.66200256, 10.350128
1.3311768, 0.6572113, 10.31781
1.3587036, 0.63446045, 10.292679
1.320404, 0.61650085, 10.225632
1.2868805, 0.66677856, 10.174164
1.3227997, 0.68473816, 10.1454315
1.3012543, 0.7338257, 10.259155
1.2796936, 0.73501587, 10.309433
1.280899, 0.7003021, 10.329788
1.2581482, 0.6643982, 10.372879
1.2796936, 0.6320648, 10.37767
1.2796936, 0.6500244, 10.348938
1.2749176, 0.6572113, 10.309433
1.2497711, 0.65960693, 10.2388
1.2976532, 0.7050934, 10.245987
1.2832947, 0.7302246, 10.250778
1.2844849, 0.71347046, 10.198105
1.2581482, 0.70269775, 10.199295
1.2234344, 0.70988464, 10.261551
1.2090759, 0.7481842, 10.287888
1.1970978, 0.7517853, 10.364502
1.1372528, 0.7302246, 10.400406
1.1564026, 0.7182617, 10.341751
1.201889, 0.7302246, 10.291473
1.162384, 0.7362213, 10.214859
1.1815338, 0.7733307, 10.128677
1.2186432, 0.7805023, 10.059235
1.241394, 0.80085754, 10.023331
1.2521667, 0.7912903, 10.067612
1.2473755, 0.75297546, 10.14064
1.2354126, 0.7374115, 10.214859
1.2282257, 0.6943207, 10.311829
1.2497711, 0.6584015, 10.33696
1.193512, 0.65122986, 10.364502
1.1372528, 0.59376526, 10.444702
1.1049194, 0.57699585, 10.499771
1.074997, 0.58657837, 10.538086
1.1551971, 0.59495544, 10.55484
1.2186432, 0.63327026, 10.47702
1.2186432, 0.70150757, 10.372879
1.2916718, 0.7517853, 10.290283
1.3215942, 0.77093506, 10.195709
1.2785034, 0.7398071, 10.132263
1.256958, 0.7398071, 10.089172
1.2617493, 0.72784424, 10.092758
1.2689209, 0.69911194, 10.13945
1.3084259, 0.69311523, 10.216064
1.3180084, 0.70269775, 10.309433
1.3311768, 0.68115234, 10.393234
1.332367, 0.63446045, 10.454285
1.272522, 0.6248932, 10.408798
1.2485809, 0.63327026, 10.273514
1.2533722, 0.5817871, 9.992203
1.2210388, 0.5674286, 9.72525
1.1635895, 0.5913696, 9.491806
1.083374, 0.6296692, 9.434357
0.9828186, 0.5123596, 9.078812
1.004364, 0.7852936, 9.1458435
0.9397278, 1.0007782, 10.194504
0.90740967, 1.0570374, 10.852921
0.9133911, 1.1456299, 11.134232
0.89901733, 1.1875305, 11.237183
0.98521423, 1.0618286, 11.389221
1.1216888, 0.9433136, 11.52449
1.1348572, 0.7649536, 11.473007
0.89782715, 0.5315094, 11.273102
0.90740967, 0.5386963, 10.876862
1.0366821, 0.58299255, 10.582367
1.1204834, 0.6655884, 10.432739
1.0714111, 0.7589569, 10.332184
1.0067596, 0.7960663, 10.2388
1.0079651, 0.81044006, 10.175354
1.1013336, 0.8200073, 10.081985
1.2832947, 0.81163025, 9.949112
1.359909, 0.7769165, 9.92157
1.3826447, 0.746994, 9.870102
1.3479309, 0.7577667, 9.819824
1.2749176, 0.7362213, 9.8246
1.2342072, 0.70150757, 9.826996
1.1970978, 0.66319275, 9.880875
1.1551971, 0.6248932, 9.953888
1.1551971, 0.5961609, 9.995789
1.1336517, 0.5925598, 9.993393
1.1994934, 0.5913696, 10.032898
1.2713165, 0.6248932, 10.083176
1.2593536, 0.6081238, 10.095154
1.2342072, 0.6188965, 10.133453
1.2366028, 0.63087463, 10.193314
1.2030792, 0.59376526, 10.224442
1.1755524, 0.5590515, 10.23761
1.2785034, 0.57699585, 10.198105
1.2988586, 0.58657837, 10.172958
1.2976532, 0.5973511, 10.134659
1.3527222, 0.6428375, 10.126282
1.3802643, 0.67037964, 10.211273
1.2641449, 0.70269775, 10.360901
1.2366028, 0.73143005, 10.45668
1.2389984, 0.762558, 10.439911
1.2521667, 0.75297546, 10.420761
1.217453, 0.7374115, 10.453079
1.2557526, 0.723053, 10.563217
1.2497711, 0.6979065, 10.606308
1.233017, 0.69192505, 10.582367
1.1827393, 0.70150757, 10.462662
1.201889, 0.70988464, 10.334564
1.241394, 0.70150757, 10.196899
1.2437897, 0.69551086, 10.151413
1.2665253, 0.6859436, 10.1214905
1.2342072, 0.66319275, 10.117889
1.2306213, 0.6584015, 10.110718
1.241394, 0.6356659, 10.126282
1.1970978, 0.61531067, 10.141846
1.1959076, 0.59495544, 10.195709
1.1635895, 0.6368561, 10.226837
1.1025238, 0.6500244, 10.225632
1.0151367, 0.61531067, 10.117889
1.1444244, 0.70388794, 9.964661
1.2389984, 0.7553711, 10.047272
1.177948, 0.76135254, 10.131058
1.1647797, 0.76016235, 10.291473
1.2282257, 0.69911194, 10.425552
1.2054749, 0.5985565, 10.491394
1.2449799, 0.53749084, 10.485413
1.2150574, 0.5087738, 10.509354
1.162384, 0.53749084, 10.498581
1.1492157, 0.5518646, 10.512939
1.1300659, 0.5961609, 10.433929
1.1671753, 0.6404419, 10.37886
1.2378082, 0.6428375, 10.321411
1.2198486, 0.6260834, 10.297455
1.1863251, 0.5997467, 10.289078
1.1432343, 0.5817871, 10.291473
1.1264648, 0.6248932, 10.277115
1.1216888, 0.61531067, 10.287888
1.1659698, 0.5901642, 10.297455
1.1599884, 0.61650085, 10.307037
1.1659698, 0.64523315, 10.320206
1.1707611, 0.628479, 10.33696
1.2006989, 0.63446045, 10.281906
1.1635895, 0.6177063, 10.277115
1.1216888, 0.63087463, 10.247177
1.1264648, 0.5961609, 10.1586
1.1192932, 0.58299255, 10.1059265
1.1288605, 0.6105194, 10.071213
1.1192932, 0.62368774, 10.043671
1.1516113, 0.65960693, 10.163391
1.1252747, 0.707489, 10.250778
1.1575928, 0.6643982, 10.330978
1.1516113, 0.7110748, 10.389633
1.1204834, 0.7541809, 10.392029
1.0821838, 0.7541809, 10.296265
1.0857697, 0.7457886, 10.281906
1.1121063, 0.7146759, 10.278305
1.1480255, 0.7086792, 10.297455
1.1324615, 0.6859436, 10.333374
1.1444244, 0.6943207, 10.400406
1.1312561, 0.707489, 10.406403
1.1097107, 0.72784424, 10.324997
1.0953522, 0.72424316, 10.332184
1.1444244, 0.73143005, 10.275909
1.1192932, 0.7003021, 10.1586
1.1180878, 0.6979065, 10.119095
1.0738068, 0.69192505, 10.149017
1.074997, 0.6823425, 10.114304
1.0893555, 0.667984, 10.056839
1.122879, 0.69192505, 10.059235
1.0869751, 0.6607971, 10.111908
1.0977478, 0.6356659, 10.181335
1.1324615, 0.6380615, 10.344147
1.1659698, 0.5985565, 10.437515
1.1863251, 0.6201019, 10.472244
1.1911163, 0.6260834, 10.424347
1.1575928, 0.64404297, 10.3585205
1.1504211, 0.65960693, 10.389633
1.1480255, 0.6488342, 10.332184
1.1049194, 0.65122986, 10.31662
1.1156921, 0.6643982, 10.266342
1.1276703, 0.6380615, 10.259155
1.1408386, 0.65242004, 10.292679
1.122879, 0.6979065, 10.315414
1.154007, 0.66200256, 10.33696
1.1324615, 0.6464386, 10.392029
1.1204834, 0.6607971, 10.3237915
1.1468201, 0.667984, 10.254364
1.1695709, 0.6859436, 10.232819
1.1839294, 0.63446045, 10.230423
1.1671753, 0.66677856, 10.222046
1.1444244, 0.6572113, 10.224442
1.1456299, 0.65600586, 10.166977
1.1061249, 0.6476288, 10.129868
1.0821838, 0.6799469, 10.150223
1.1504211, 0.6643982, 10.134659
1.1767426, 0.6643982, 10.162186
1.1611938, 0.667984, 10.21846
1.1372528, 0.65242004, 10.2447815
1.1156921, 0.6799469, 10.2795105
1.1396332, 0.67277527, 10.330978
1.0917511, 0.6787567, 10.369293
1.0690155, 0.6799469, 10.324997
1.0821838, 0.68833923, 10.309433
1.0366821, 0.69911194, 10.275909
1.0797882, 0.6967163, 10.297455
1.0977478, 0.6584015, 10.2795105
1.0738068, 0.67037964, 10.260345
1.122879, 0.6775665, 10.286682
1.138443, 0.65960693, 10.334564
1.1504211, 0.6488342, 10.369293
1.1516113, 0.66677856, 10.406403
1.1767426, 0.67277527, 10.366898
1.1360474, 0.6715698, 10.324997
1.1121063, 0.6907196, 10.253174
1.0738068, 0.7194519, 10.22084
1.1037292, 0.69911194, 10.163391
1.1216888, 0.69311523, 10.151413
1.1204834, 0.6799469, 10.129868
1.1109161, 0.65960693, 10.162186
1.1252747, 0.66677856, 10.164581
1.1061249, 0.6476288, 10.162186
1.0953522, 0.6607971, 10.2400055
1.114502, 0.6248932, 10.301056
1.1156921, 0.6428375, 10.29866
1.1001282, 0.6392517, 10.313019
1.0773926, 0.6392517, 10.307037
1.0714111, 0.6691742, 10.262741
0.9900055, 0.6775665, 10.29866
1.028305, 0.69192505, 10.25676
1.0402832, 0.6691742, 10.268738
1.0582428, 0.6763611, 10.29866
1.1192932, 0.6356659, 10.281906
1.0079651, 0.67037964, 10.3190155
0.9732361, 0.707489, 10.339355
1.0378876, 0.70269775, 10.354919
1.1097107, 0.707489, 10.39682
1.1204834, 0.70988464, 10.431534
1.122879, 0.67396545, 10.39563
1.1049194, 0.62368774, 10.345352
1.0917511, 0.64404297, 10.295074
1.0857697, 0.65960693, 10.267532
1.0929565, 0.68115234, 10.2795105
1.0702057, 0.6763611, 10.23761
1.059433, 0.6871338, 10.231628
1.0606384, 0.6655884, 10.21965
1.0654144, 0.6404419, 10.21965
1.0857697, 0.61650085, 10.250778
1.0941467, 0.63327026, 10.307037
1.1013336, 0.63087463, 10.247177
1.0809784, 0.628479, 10.283096
1.0654144, 0.62368774, 10.2388
1.0929565, 0.6260834, 10.223236
1.1097107, 0.6356659, 10.196899
1.1085205, 0.6572113, 10.199295
1.1025238, 0.6392517, 10.214859
1.114502, 0.64523315, 10.21846
1.0953522, 0.63327026, 10.242401
1.0474701, 0.63087463, 10.320206
1.0857697, 0.64523315, 10.326187
1.0965424, 0.6488342, 10.321411
1.0905609, 0.6464386, 10.268738
1.098938, 0.60095215, 10.321411
1.1180878, 0.6380615, 10.344147
1.0809784, 0.62249756, 10.328583
1.0414734, 0.61531067, 10.295074
1.0666199, 0.6428375, 10.266342
1.0821838, 0.6584015, 10.309433
1.0905609, 0.6751709, 10.296265
1.0977478, 0.6392517, 10.260345
1.1264648, 0.63327026, 10.260345
1.1025238, 0.64523315, 10.283096
1.1061249, 0.6177063, 10.326187
1.154007, 0.6296692, 10.3190155
1.1132965, 0.6212921, 10.313019
1.1025238, 0.6105194, 10.339355
1.0378876, 0.6572113, 10.31662
1.043869, 0.63446045, 10.311829
1.074997, 0.60572815, 10.3190155
1.1049194, 0.61531067, 10.296265
1.0881653, 0.6368561, 10.247177
1.0821838, 0.628479, 10.198105
1.0917511, 0.61291504, 10.202896
1.074997, 0.61531067, 10.205292
1.0869751, 0.64404297, 10.204086
1.0905609, 0.6069336, 10.210068
1.0654144, 0.5853882, 10.290283
1.0797882, 0.5961609, 10.321411
1.1192932, 0.5973511, 10.311829
1.1360474, 0.6081238, 10.2842865
1.1061249, 0.6105194, 10.273514
1.0773926, 0.61531067, 10.254364
1.074997, 0.61531067, 10.236404
1.0570374, 0.6188965, 10.229233
1.0606384, 0.6356659, 10.25676
1.0761871, 0.60214233, 10.250778
1.0558472, 0.60095215, 10.310623
1.0654144, 0.57580566, 10.338165
1.1037292, 0.57341003, 10.3980255
1.114502, 0.5973511, 10.364502
1.1300659, 0.5913696, 10.405197
1.0642242, 0.5853882, 10.370483
1.0917511, 0.56144714, 10.351334
1.1276703, 0.5674286, 10.356125
1.1109161, 0.588974, 10.328583
1.0845795, 0.5506592, 10.320206
1.059433, 0.54707336, 10.311829
1.0738068, 0.5782013, 10.321411
1.1061249, 0.56503296, 10.287888
1.1073151, 0.5530548, 10.266342
1.1180878, 0.5746155, 10.210068
1.0893555, 0.57580566, 10.181335
1.0726013, 0.56503296, 10.184937
1.0402832, 0.57341003, 10.157394
1.0510559, 0.62727356, 10.164581
1.035492, 0.60095215, 10.182541
1.0582428, 0.60453796, 10.263947
1.06781, 0.6105194, 10.326187
1.0522461, 0.6093292, 10.341751
1.098938, 0.62368774, 10.350128
1.1121063, 0.59376526, 10.342957
1.1025238, 0.57580566, 10.342957
1.1252747, 0.5518646, 10.321411
1.0905609, 0.5746155, 10.297455
1.1216888, 0.59376526, 10.286682
1.0857697, 0.5853882, 10.287888
1.0869751, 0.5901642, 10.33696
1.1360474, 0.58299255, 10.345352
1.0773926, 0.58418274, 10.359711
1.1025238, 0.549469, 10.356125
1.0797882, 0.52552795, 10.370483
1.0953522, 0.54467773, 10.37886
1.0450745, 0.5805969, 10.3980255
1.035492, 0.5913696, 10.400406
1.06781, 0.61650085, 10.283096
1.1025238, 0.61531067, 10.259155
1.0654144, 0.62249756, 10.228027
1.0366821, 0.5805969, 10.176559
1.0642242, 0.59495544, 10.138245
1.0462646, 0.6093292, 10.133453
1.0534515, 0.59495544, 10.070007
1.0893555, 0.5997467, 10.115509
1.0726013, 0.5877838, 10.163391
1.0845795, 0.5698242, 10.165787
1.0654144, 0.58418274, 10.250778
1.0414734, 0.5686188, 10.2842865
1.0319061, 0.5518646, 10.33577
1.0654144, 0.5746155, 10.345352
1.0462646, 0.5782013, 10.339355
1.0187378, 0.5638275, 10.368088
1.0474701, 0.5782013, 10.371689
1.0702057, 0.5746155, 10.330978
1.059433, 0.5746155, 10.324997
1.0211334, 0.5961609, 10.329788
1.0330963, 0.5853882, 10.293869
1.0330963, 0.5602417, 10.285492
1.0235138, 0.57221985, 10.274719
1.0127411, 0.5746155, 10.281906
0.9864044, 0.5698242, 10.296265
1.0115509, 0.5710144, 10.302246
0.9900055, 0.58657837, 10.305847
0.99838257, 0.60214233, 10.267532
0.96725464, 0.6081238, 10.2795105
0.9612732, 0.55784607, 10.23761
0.96006775, 0.6033325, 10.25795
0.92774963, 0.58299255, 10.247177
0.9528961, 0.59495544, 10.202896
0.9528961, 0.6141052, 10.183731
0.98402405, 0.6081238, 10.216064
1.0007782, 0.58299255, 10.214859
1.0103607, 0.5746155, 10.205292
1.0055695, 0.58657837, 10.273514
0.9708557, 0.61172485, 10.289078
0.9828186, 0.61531067, 10.304642
0.9612732, 0.5901642, 10.370483
0.9744415, 0.5506592, 10.39563
0.96606445, 0.55545044, 10.400406
0.94929504, 0.5710144, 10.4028015
0.97683716, 0.57341003, 10.393234
0.93852234, 0.59376526, 10.384857
0.96725464, 0.58299255, 10.430344
0.9684601, 0.5710144, 10.425552
0.9540863, 0.56503296, 10.371689
0.93733215, 0.52194214, 10.360901
0.9744415, 0.5530548, 10.338165
0.97802734, 0.57221985, 10.33696
0.9708557, 0.54467773, 10.292679
0.9612732, 0.53630066, 10.33577
0.94929504, 0.54348755, 10.376465
0.9540863, 0.52671814, 10.3632965
0.95648193, 0.52671814, 10.386047
0.9708557, 0.49919128, 10.311829
0.9540863, 0.4800415, 10.322601
0.9935913, 0.49919128, 10.31781
1.0055695, 0.47166443, 10.225632
1.0031738, 0.47644043, 10.243591
1.0139465, 0.49679565, 10.242401
1.0103607, 0.51834106, 10.223236
1.0091553, 0.5015869, 10.189728
1.0187378, 0.51475525, 10.156204
0.99957275, 0.54348755, 10.184937
0.99838257, 0.5315094, 10.217255
0.9924011, 0.54348755, 10.213669
0.94929504, 0.51594543, 10.236404
0.9792328, 0.49320984, 10.273514
0.964859, 0.5195465, 10.292679
0.98521423, 0.5422821, 10.322601
0.9708557, 0.57580566, 10.3237915
0.98521423, 0.57580566, 10.322601
1.019928, 0.5590515, 10.371689
0.9828186, 0.549469, 10.4183655
0.96965027, 0.6081238, 10.388443
0.9337311, 0.60095215, 10.352524
0.9229584, 0.57341003, 10.371689
0.9397278, 0.58657837, 10.360901
0.9133911, 0.5985565, 10.362106
0.87986755, 0.6188965, 10.353729
0.9026184, 0.5973511, 10.340561
0.8918457, 0.55784607, 10.356125
0.9229584, 0.5793915, 10.340561
0.92774963, 0.5482788, 10.348938
0.9421234, 0.54467773, 10.327393
0.9145813, 0.52671814, 10.303452
0.9217682, 0.5626373, 10.304642
0.87867737, 0.5590515, 10.275909
0.846344, 0.53749084, 10.274719
0.82958984, 0.5602417, 10.283096
0.85832214, 0.5506592, 10.272324
0.87268066, 0.54348755, 10.251968
0.83677673, 0.5805969, 10.269928
0.87268066, 0.5626373, 10.275909
0.90141296, 0.56622314, 10.301056
0.87268066, 0.57341003, 10.380066
0.87028503, 0.5793915, 10.4183655
0.8631134, 0.57580566, 10.436325
0.85113525, 0.5877838, 10.413574
0.86909485, 0.60453796, 10.39563
0.8343811, 0.5925598, 10.326187
0.8607178, 0.6093292, 10.339355
0.8666992, 0.5638275, 10.301056
0.8547363, 0.57580566, 10.260345
0.86790466, 0.56144714, 10.332184
0.8427582, 0.5566559, 10.431534
0.85113525, 0.55545044, 10.376465
0.841568, 0.5590515, 10.376465
0.846344, 0.5566559, 10.354919
0.8487396, 0.5410919, 10.296265
0.8607178, 0.5686188, 10.278305
0.86550903, 0.549469, 10.29866
0.8319855, 0.5901642, 10.340561
0.81762695, 0.57221985, 10.3585205
0.8882446, 0.5315094, 10.334564
0.88345337, 0.5566559, 10.383652
0.8894501, 0.56622314, 10.376465
0.9062042, 0.5626373, 10.31781
0.8738861, 0.5530548, 10.291473
0.87867737, 0.56144714, 10.2400055
0.89901733, 0.5351105, 10.222046
0.87986755, 0.5590515, 10.269928
0.89064026, 0.58418274, 10.293869
0.87028503, 0.5793915, 10.295074
0.8631134, 0.5590515, 10.321411
0.87268066, 0.533905, 10.329788
0.87628174, 0.5530548, 10.280701
0.8714905, 0.549469, 10.29866
0.88345337, 0.56622314, 10.308243
0.8846588, 0.56144714, 10.273514
0.87028503, 0.5674286, 10.267532
0.89901733, 0.58418274, 10.305847
0.8966217, 0.55784607, 10.31662
0.8894501, 0.52552795, 10.322601
0.9109955, 0.53271484, 10.348938
0.89901733, 0.4980011, 10.3190155
0.86190796, 0.5279236, 10.291473
0.8930359, 0.53749084, 10.351334
0.881073, 0.53630066, 10.3190155
0.87867737, 0.51475525, 10.341751
0.881073, 0.5410919, 10.383652
0.8882446, 0.52194214, 10.423157
0.88705444, 0.48721313, 10.400406
0.8930359, 0.51116943, 10.387238
0.8966217, 0.5422821, 10.315414
0.90859985, 0.5746155, 10.329788
0.9038086, 0.5626373, 10.326187
0.8966217, 0.52671814, 10.324997
0.9062042, 0.54348755, 10.3585205
0.90501404, 0.5817871, 10.33577
0.9002228, 0.5398865, 10.313019
0.88345337, 0.5315094, 10.29866
0.89782715, 0.5398865, 10.265137
0.885849, 0.5458832, 10.295074
0.8846588, 0.533905, 10.254364
0.89901733, 0.5303192, 10.283096
0.9002228, 0.5303192, 10.292679
0.92655945, 0.51116943, 10.321411
0.95648193, 0.5195465, 10.301056
0.95648193, 0.51834106, 10.347733
0.9026184, 0.51116943, 10.376465
0.9217682, 0.4728546, 10.362106
0.87628174, 0.51475525, 10.425552
0.8607178, 0.52911377, 10.441116
0.8966217, 0.51116943, 10.467453
0.8714905, 0.52194214, 10.467453
0.90979004, 0.509964, 10.41478
0.9361267, 0.51834106, 10.389633
0.9349365, 0.53271484, 10.348938
0.9133911, 0.54348755, 10.3632965
0.9684601, 0.52552795, 10.350128
0.9169769, 0.5398865, 10.271118
0.9684601, 0.5303192, 10.22084
0.9636688, 0.4632721, 10.250778
0.9421234, 0.48721313, 10.260345
0.96606445, 0.47166443, 10.230423
0.9289551, 0.48602295, 10.260345
0.93014526, 0.4692688, 10.290283
0.9636688, 0.4584961, 10.320206
0.9516907, 0.43455505, 10.365692
0.9911957, 0.45610046, 10.454285
1.0941467, 0.42018127, 10.626663
1.1025238, 0.43814087, 10.720032
1.0606384, 0.46687317, 10.692505
1.0510559, 0.51834106, 10.667358
1.0426788, 0.48483276, 10.63385
1.059433, 0.47644043, 10.508148
1.06781, 0.49679565, 10.400406
1.0390778, 0.48841858, 10.313019
0.9924011, 0.47644043, 10.193314
0.9540863, 0.42497253, 10.150223
0.9349365, 0.41659546, 10.152618
0.9349365, 0.39624023, 10.109512
0.98880005, 0.39505005, 10.071213
1.1312561, 0.3902588, 10.06163
1.1444244, 0.4118042, 10.01973
1.1635895, 0.48243713, 10.036499
1.1994934, 0.5590515, 10.107117
1.2234344, 0.6248932, 10.14064
1.280899, 0.57699585, 10.198105
1.3479309, 0.5698242, 10.266342
1.3766632, 0.5590515, 10.321411
1.3874359, 0.53271484, 10.374069
1.4209595, 0.46806335, 10.278305
1.5394745, 0.43574524, 10.058044
1.2820892, 0.533905, 10.2842865
1.1959076, 0.5051727, 10.541672
1.2389984, 0.40222168, 10.625473
1.280899, 0.32800293, 10.690109
1.3634949, 0.2346344, 10.724823
1.5610199, 0.16400146, 10.757141
1.663971, 0.14125061, 10.688919
1.7621307, 0.20231628, 10.559631
1.9752197, 0.17956543, 10.4183655
2.245758, 0.16041565, 10.339355
4.060562, -0.10534668, 9.933548
4.2317505, 0.12449646, 9.768341
3.2836456, 0.5793915, 9.932343
2.8359375, 0.6823425, 10.038895
2.5390472, 0.51834106, 10.143036
2.3367462, 0.27174377, 10.190918
2.1930847, 0.008377075, 10.192123
1.9620514, -0.15681458, 10.190918
1.6496124, -0.16400146, 10.236404
1.4389191, -0.07421875, 10.146622
1.233017, 0.037109375, 10.059235
1.06781, 0.07901001, 10.132263
1.0139465, 0.11730957, 10.234009
1.0474701, 0.15681458, 10.297455
1.1121063, 0.1257019, 10.286682
1.1683655, 0.13168335, 10.29985
1.2282257, 0.1484375, 10.332184
1.3012543, 0.16281128, 10.193314
1.4161682, 0.1951294, 10.074799
1.6268616, 0.25976562, 9.860519
1.8483276, 0.23703003, 9.768341
2.0183105, 0.30526733, 9.56723
2.158371, 0.31843567, 9.56842
2.3020325, 0.36271667, 9.583984
2.4145508, 0.40701294, 9.570816
2.5210876, 0.4692688, 9.552872
2.558197, 0.5626373, 9.592377
2.6240387, 0.6260834, 10.070007
2.8443146, 0.70628357, 10.00177
3.114853, 0.628479, 9.473862
3.1411896, 0.5518646, 9.350555
3.1591492, 0.50038147, 9.120712
3.1795044, 0.49440002, 8.987839
3.0921173, 0.48960876, 8.955505
2.9712067, 0.54348755, 8.881287
2.9317017, 0.58299255, 8.975861
2.8766327, 0.61291504, 9.09079
2.8203735, 0.628479, 9.107544
2.9077606, 0.6763611, 9.159012
2.9101562, 0.6859436, 9.176971
2.9580383, 0.6751709, 9.197327
2.9197235, 0.6895294, 9.187744
2.8945923, 0.6380615, 9.1853485
2.8455048, 0.57341003, 9.191345
2.7640991, 0.70388794, 8.981842
2.661148, 0.7852936, 8.852554
2.5426483, 0.8140259, 8.864532
2.4205322, 0.7457886, 8.77594
2.2888641, 0.60095215, 8.6753845
2.166748, 0.42138672, 8.601166
2.0973206, 0.29089355, 8.701721
1.960846, 0.28251648, 8.664612
1.9273376, 0.25498962, 8.785522
2.0183105, 0.24301147, 9.321823
2.2601318, 0.3148346, 9.90361
2.489975, 0.37469482, 10.399216
2.7688904, 0.3818817, 10.918762
2.992752, 0.35794067, 11.241974
3.1459808, 0.35075378, 11.391617
3.1723175, 0.37469482, 11.475403
3.0681763, 0.4524994, 11.3832245
2.881424, 0.56144714, 11.229996
2.6228485, 0.67277527, 11.024109
2.5151062, 0.72784424, 10.796646
2.403778, 0.6859436, 10.545258
2.3139954, 0.61291504, 10.315414
2.2230225, 0.52194214, 10.116699
2.1140747, 0.509964, 9.96347
2.091339, 0.5793915, 9.817429
2.0841522, 0.6093292, 9.655823
2.1140747, 0.5674286, 9.451111
2.158371, 0.51594543, 9.26915
2.2493591, 0.4692688, 9.276337
2.2074585, 0.7050934, 9.350555
2.2361908, 0.8535309, 9.512161
2.7377625, 0.5207367, 9.797073
3.114853, 0.34117126, 10.070007
3.2381592, 0.48362732, 10.192123
3.3566742, 0.62368774, 9.979034
3.5206757, 0.70628357, 9.583984
3.7182007, 0.69192505, 9.266754
3.964798, 0.6907196, 9.088394
4.130005, 0.7589569, 8.981842
4.2161865, 0.8595123, 8.905228
4.280838, 0.9229584, 8.792709
4.3454742, 0.925354, 8.732849
4.4220886, 0.95887756, 8.587997
4.3730164, 1.0857697, 8.305481
4.2401276, 1.1049194, 7.976288
4.2724457, 0.83917236, 7.6315155
4.598068, 0.30885315, 7.4100494
4.878189, 0.01675415, 7.3657684
4.8829803, 0.013168335, 7.411255
4.8362885, 0.080200195, 7.4411774
4.9236755, 0.03591919, 7.297531
5.036209, -0.044296265, 7.339432
4.6818542, -0.35913086, 7.3202667
4.5334167, -0.30166626, 7.505829
4.849457, 0.27893066, 7.6075745
5.1882324, 0.9002228, 7.7739716
5.4922943, 1.2976532, 7.993042
5.590454, 0.9516907, 7.957123
5.3474426, -0.22744751, 7.3513947
5.756851, 0.6380615, 8.050507
5.7664337, 1.6232758, 8.214508
7.0497284, 1.1073151, 8.803482
7.3693542, 0.5087738, 9.593567
7.4387817, -0.26097107, 10.097549
8.075638, -1.2701263, 10.565613
8.197754, -1.7944489, 11.243164
7.8517914, -1.8483276, 12.008118
7.9272003, -1.6316528, 12.503723
7.7308807, -1.2354126, 12.834122
7.0581055, -0.6177063, 13.095093
6.9240265, -0.15802002, 12.306198
5.9424133, 0.38546753, 12.464218
5.039795, 0.7158661, 12.260712
4.1371765, 0.87268066, 11.660965
3.2585144, 0.75297546, 12.676102
3.9743805, 0.22026062, 13.563156
5.005081, 0.04069519, 11.354507
4.984726, 0.23822021, 8.93396
4.6220093, 0.39505005, 6.842621
4.388565, 0.61291504, 4.881775
4.636368, 0.7410126, 3.4524384
5.3450623, 0.762558, 2.5366516
6.130356, 0.90141296, 1.8997955
6.763626, 1.0714111, 1.3970184
7.0940247, 1.2928619, 1.2928619
7.0664825, 1.4425049, 1.4401093
5.8801575, 1.5801697, 1.3347626
4.910507, 1.6891022, 0.79248047
5.659897, 1.8686676, 0.81762695
6.5672913, 2.4851837, 1.2354126
7.969101, 2.601303, 1.7298126
9.88327, 1.7836761, 2.2756958
11.328171, 1.0558472, 2.78685
12.563568, 0.53271484, 3.3722382
13.532028, 0.123306274, 3.9061432
14.223953, -0.2238617, 4.886566
14.215576, -0.79008484, 5.8801575
13.181274, -0.59376526, 6.509842
11.538849, 0.4405365, 6.827072
9.775528, 1.3934326, 7.0652924
8.408432, 1.8375549, 7.0389557
7.8098907, 1.7657166, 6.6834106
7.7248993, 1.4437103, 6.229706
7.857773, 1.1025238, 5.914871
7.914032, 0.9133911, 5.7377014
7.838623, 0.8954315, 5.6814423
7.76799, 0.9744415, 5.7377014
7.739258, 1.0031738, 5.7424927
7.8290405, 1.0414734, 5.7017975
7.9643097, 1.0510559, 5.65152
8.106766, 0.99598694, 5.438431
8.076843, 0.9505005, 5.202606
8.098389, 0.9744415, 4.948822
8.207321, 0.9792328, 4.775238
8.361755, 1.0462646, 4.531021
8.416809, 1.0235138, 4.364624
8.51976, 0.9792328, 4.222168
8.516174, 0.9612732, 4.1407776
8.501816, 0.9684601, 4.1730957
8.524551, 0.9421234, 4.352661
8.546097, 0.9433136, 4.6064453
8.561661, 0.91218567, 4.838684
8.610748, 0.8631134, 5.0302124
8.610748, 0.746994, 5.228943
8.583206, 0.66200256, 5.4264526
8.571243, 0.62727356, 5.6706696
8.584412, 0.5961609, 5.8849487
8.529343, 0.46806335, 6.059723
8.483856, 0.47644043, 6.2081604
8.4335785, 0.50398254, 6.257248
8.3940735, 0.4908142, 6.242874
8.286331, 0.49560547, 6.274002
8.238449, 0.51594543, 6.336258
8.196548, 0.4920044, 6.2787933
7.9583282, 0.533905, 6.198593
7.5441284, 0.66319275, 6.04895
7.7021484, 0.36990356, 5.7017975
7.993042, 0.1592102, 5.404907
8.160629, 0.2166748, 5.276825
8.212112, 0.25138855, 5.352234
8.088806, 0.23703003, 5.3905487
8.0816345, 0.22265625, 5.4264526
8.212112, 0.25737, 5.391739
8.409637, 0.28370667, 5.2911835
8.5568695, 0.28251648, 5.2265472
8.638275, 0.25019836, 5.2636566
8.747223, 0.25498962, 5.276825
8.874115, 0.3423767, 5.262451
8.844177, 0.3543396, 5.31633
8.761581, 0.3244171, 5.3294983
8.684967, 0.3076477, 5.3498383
8.587997, 0.29927063, 5.325897
8.49942, 0.30645752, 5.321106
8.431183, 0.33877563, 5.3067474
8.349777, 0.33518982, 5.31752
8.254013, 0.2741394, 5.341461
8.185776, 0.24899292, 5.4025116
8.10437, 0.21427917, 5.420471
7.929596, 0.13647461, 5.6000366
6.950363, -0.19392395, 7.268799
7.179016, 0.1879425, 6.4499817
7.9511414, 0.5638275, 5.2109833
8.43956, 0.5015869, 5.173874
8.564056, 0.38067627, 5.4683533
8.525757, 0.296875, 5.4456177
8.465897, 0.20350647, 5.2839966
8.4216, 0.104141235, 5.205002
8.481461, 0.13647461, 5.2193604
8.602371, 0.21188354, 5.1331635
8.629898, 0.26934814, 4.9236755
8.599976, 0.33758545, 4.736923
8.51738, 0.4118042, 4.5358124
8.450333, 0.4584961, 4.419693
8.377319, 0.44651794, 4.383789
8.317459, 0.40821838, 4.3706207
8.289917, 0.3866577, 4.3670197
8.294708, 0.375885, 4.383789
8.337814, 0.3938446, 4.4855347
8.346191, 0.37948608, 4.617218
8.368927, 0.37828064, 4.7584686
8.407242, 0.36271667, 4.871002
8.425201, 0.32321167, 4.898529
8.459915, 0.2741394, 4.9308624
8.498215, 0.21308899, 4.9308624
8.718491, -0.0861969, 4.715378
8.550888, 0.080200195, 4.697418
8.277954, 0.33398438, 4.881775
8.110352, 0.509964, 5.031418
8.080429, 0.56144714, 5.1367645
8.0421295, 0.43814087, 5.1164093
8.064865, 0.31124878, 5.032608
8.136688, 0.21427917, 5.0338135
8.110352, 0.22865295, 5.032608
8.019379, 0.2346344, 5.012268
7.922409, 0.29447937, 5.0613403
7.9032593, 0.35194397, 5.0793
7.9822693, 0.35673523, 5.110428
8.087616, 0.34477234, 5.197815
8.198944, 0.3040619, 5.2313232
8.330627, 0.29927063, 5.2756195
8.42041, 0.26815796, 5.2828064
8.480255, 0.19273376, 5.261261
8.520966, 0.14006042, 5.365402
8.491043, 0.13407898, 5.558136
8.414429, 0.14125061, 5.6156006
8.355759, 0.18675232, 5.673065
8.275558, 0.22265625, 5.657501
8.271973, 0.22146606, 5.6227875
8.30069, 0.23582458, 5.5354004
8.353363, 0.22625732, 5.467163
8.380905, 0.24182129, 5.41568
8.42041, 0.2849121, 5.4420166
8.43956, 0.23342896, 5.47554
8.45752, 0.2166748, 5.4719543
8.485046, 0.2059021, 5.4539948
8.546097, 0.23103333, 5.4539948
8.562866, 0.25498962, 5.4252625
8.51857, 0.2561798, 5.3869476
8.488647, 0.2813263, 5.371399
8.455124, 0.31843567, 5.4372253
8.371323, 0.28370667, 5.436035
8.396469, 0.21069336, 5.384552
8.470688, 0.21548462, 5.3223114
8.487442, 0.32321167, 5.262451
8.580826, 0.32202148, 5.297165
8.564056, 0.28370667, 5.209778
8.508987, 0.25976562, 5.1140137
8.5125885, 0.24899292, 5.044586
8.495819, 0.24420166, 4.9033203
8.602371, 0.31004333, 4.885376
8.641876, 0.33039856, 4.9045258
8.655045, 0.35554504, 4.9619904
8.701721, 0.36750793, 4.9548035
8.781937, 0.37948608, 4.815933
8.840591, 0.37109375, 4.704605
8.911224, 0.33638, 4.546585
9.010574, 0.35554504, 4.3670197
8.998611, 0.37109375, 4.253296
8.907623, 0.3651123, 4.124008
8.801086, 0.36990356, 3.997116
8.725662, 0.3830719, 3.83432
8.640671, 0.46447754, 3.767273
8.640671, 0.5051727, 3.6774902
8.6909485, 0.5207367, 3.5386353
8.761581, 0.4920044, 3.36026
8.810669, 0.5315094, 3.2537231
8.93277, 0.55426025, 3.190277
9.047684, 0.52911377, 3.138794
9.168594, 0.4812317, 2.9975433
9.3194275, 0.42736816, 2.889801
9.447525, 0.36750793, 2.7210083
9.574417, 0.27772522, 2.5270844
9.645035, 0.2561798, 2.3199768
9.679764, 0.26097107, 2.166748
9.619904, 0.2633667, 2.0937347
9.453506, 0.3651123, 2.0781708
9.289505, 0.4405365, 2.1452026
9.168594, 0.4920044, 2.1056976
9.10994, 0.51116943, 1.9967651
9.149445, 0.4920044, 1.9668427
9.2643585, 0.48362732, 1.9189453
9.342178, 0.4584961, 1.8866272
9.351746, 0.4441223, 1.869873
9.340973, 0.49560547, 1.8686676
9.314636, 0.509964, 1.8650818
9.2799225, 0.5303192, 1.8638916
9.278732, 0.5027771, 1.7956543
9.235626, 0.50038147, 1.7896729
9.216476, 0.52552795, 1.8088226
9.20929, 0.49440002, 1.7752991
9.173386, 0.5422821, 1.7956543
9.144653, 0.57341003, 1.8351593
9.149445, 0.58418274, 1.9345093
9.167404, 0.61291504, 2.043457
9.23085, 0.6488342, 2.1607666
9.2595825, 0.6428375, 2.3307495
9.260773, 0.63446045, 2.5486298
9.284714, 0.5782013, 2.6240387
9.317032, 0.5458832, 2.680313
9.36731, 0.52671814, 2.632431
9.414001, 0.4920044, 2.6419983
9.418793, 0.4728546, 2.7042542
9.397247, 0.49440002, 2.8407135
9.410416, 0.5087738, 2.9149475
9.379288, 0.51834106, 2.913742
9.411606, 0.549469, 2.8874054
9.414001, 0.5602417, 2.8012085
9.375687, 0.52552795, 2.8479004
9.317032, 0.54348755, 2.8467102
9.2643585, 0.5207367, 2.8119965
9.2404175, 0.54348755, 2.802414
9.23204, 0.6105194, 2.7533264
9.245209, 0.6356659, 2.6228485
9.299072, 0.6464386, 2.4492645
9.277527, 0.64164734, 2.3463135
9.272736, 0.66319275, 2.2541351
9.271545, 0.6787567, 2.2230225
9.242813, 0.7110748, 2.2074585
9.247604, 0.72784424, 2.1918945
9.31105, 0.7158661, 2.149994
9.344574, 0.64164734, 2.1164703
9.378082, 0.62727356, 2.182312
9.356537, 0.5997467, 2.2421722
9.349365, 0.62249756, 2.2709045
9.542084, 0.5602417, 2.229004
10.164581, 0.33877563, 1.9716187
9.8688965, 0.45610046, 1.948883
9.162613, 0.6715698, 2.2900543
8.954315, 0.75297546, 2.1954803
9.135071, 0.7553711, 2.0566254
9.42717, 0.6404419, 2.0254974
9.483429, 0.53749084, 2.0626068
9.281128, 0.5746155, 2.1416168
9.1458435, 0.6751709, 2.1164703
9.2643585, 0.707489, 2.0817566
9.460693, 0.70988464, 2.1140747
9.545685, 0.70628357, 2.1918945
9.534912, 0.6907196, 2.3056183
9.533707, 0.69551086, 2.355896
9.536102, 0.7398071, 2.3977966
9.538498, 0.762558, 2.5115204
9.471466, 0.8164215, 2.52948
9.404419, 0.85832214, 2.4528656
9.430756, 0.7733307, 2.3906097
9.475052, 0.6799469, 2.2816772
9.510971, 0.59376526, 2.166748
9.510971, 0.5674286, 2.043457
9.503784, 0.55426025, 1.8890228
9.449921, 0.6536102, 1.7980499
9.417587, 0.71347046, 1.6460114
9.441528, 0.7733307, 1.4796143
9.430756, 0.8140259, 1.2988586
9.387665, 0.8319855, 1.2701263
9.396042, 0.86909485, 1.2904816
9.369705, 0.83677673, 1.2713165
9.305069, 0.8236084, 1.2078705
9.17218, 0.8128357, 1.1755524
9.065643, 0.87268066, 1.1324615
9.089584, 0.9576874, 0.96606445
9.157822, 0.98402405, 0.70388794
9.193741, 0.980423, 0.4405365
9.200912, 0.95648193, 0.12808228
9.162613, 0.9516907, -0.22984314
9.125504, 1.0127411, -0.6907196
9.139862, 1.1444244, -1.2366028
9.09079, 1.2389984, -1.7501678
9.1015625, 1.2425842, -2.151184
9.094376, 1.2246399, -2.565384
9.063248, 1.2557526, -2.9855652
9.003403, 1.2713165, -3.2824554
8.862137, 1.2437897, -3.5685577
8.644272, 1.2533722, -3.925293
8.456314, 1.2988586, -4.2676697
8.319855, 1.3144226, -4.569336
8.349777, 1.2521667, -4.712982
8.516174, 1.1911163, -4.689041
8.851364, 1.177948, -4.4879303
9.193741, 1.1611938, -4.119217
9.54808, 1.1312561, -3.6032715
9.951492, 1.0366821, -3.2788544
10.345352, 0.87028503, -2.8933868
10.721237, 0.826004, -2.5474243
11.044449, 0.7649536, -2.2517395
11.198883, 0.6488342, -2.0063477
11.28746, 0.59495544, -1.6316528
11.299438, 0.67396545, -1.395813
11.03009, 0.74220276, -1.3000488
10.420761, 0.80085754, -1.2042847
9.6905365, 0.81163025, -0.9684601
9.017761, 0.74938965, -0.5626373
8.429977, 0.6895294, -0.29927063
7.967911, 0.8044586, -0.32800293
7.5716553, 0.9337311, -0.61172485
7.277176, 1.0067596, -0.9720459
7.0724792, 1.0450745, -1.241394
6.906082, 1.0666199, -1.5466614
6.743271, 1.0965424, -1.8363495
6.4679413, 1.1635895, -2.1236572
5.8370667, 1.5263062, -2.189499
5.8370667, 1.406601, -2.3223724
6.1925964, 1.0917511, -2.395401
6.2763977, 1.0498505, -2.505539
6.447586, 0.9241638, -2.9065552
6.6199646, 0.81762695, -3.1016846
6.616379, 0.806839, -3.2393494
6.8414307, 0.707489, -3.423706
7.076065, 0.7685394, -3.7205963
7.3262634, 0.8152313, -3.9995117
7.6075745, 0.8236084, -4.261673
7.8924866, 0.81163025, -4.569336
8.275558, 0.841568, -4.854248
8.663422, 0.8954315, -5.1283875
9.014175, 0.8044586, -5.360611
9.391251, 0.75057983, -5.580887
9.643845, 0.7362213, -5.7736206
9.8293915, 0.8128357, -5.9040985
9.837769, 0.97683716, -5.874176
9.689331, 1.2006989, -5.57251
9.461884, 1.3874359, -5.1140137
9.252396, 1.3551178, -4.474762
9.133881, 1.1994934, -3.8055878
8.950729, 1.0091553, -3.166336
8.640671, 0.8343811, -2.62883
8.333023, 0.83317566, -2.4839783
8.069656, 0.9229584, -2.6240387
7.86615, 0.9229584, -2.7677002
7.826645, 0.85113525, -2.8993835
7.8481903, 0.73861694, -3.1328125
7.7907257, 0.58418274, -3.2992096
7.680603, 0.46806335, -3.5709534
7.4770966, 0.42736816, -3.9157104
7.277176, 0.36271667, -4.2126007
7.0329742, 0.296875, -4.2556915
6.736084, 0.29927063, -4.1455536
6.2357025, 0.53630066, -4.313156
5.905304, 0.6643982, -4.5429993
6.193802, 0.39624023, -5.3474426
6.6032104, 0.08859253, -5.9124756
6.87735, -0.06225586, -6.135147
6.997055, -0.020355225, -6.313507
7.1419067, 0.065841675, -6.478714
7.3023224, 0.23342896, -6.8282623
7.462723, 0.34596252, -7.2233124
7.5836334, 0.3256073, -7.565674
7.7452393, 0.30047607, -7.8805084
7.870941, 0.21427917, -7.9355774
7.9391785, 0.082595825, -7.8374176
7.9487457, 0.032318115, -7.8122864
7.952347, -0.0143585205, -7.8613586
7.9427643, -0.07421875, -7.967911
7.858963, -0.08380127, -7.9032593
7.739258, -0.092178345, -7.6853943
7.656662, -0.070632935, -7.378937
7.518997, -0.068237305, -6.981491
7.3980865, -0.05506897, -6.598419
7.308304, -0.01675415, -6.1770477
7.202957, 0.0095825195, -5.73172
7.143097, 0.0909729, -5.245697
7.2364807, 0.108932495, -4.7860107
7.392105, 0.106536865, -4.340683
7.486664, 0.1484375, -4.0306396
7.4148407, 0.20350647, -3.7660828
7.402878, 0.18914795, -3.8115692
7.3597717, 0.2813263, -3.9073334
7.234085, 0.43095398, -4.007889
7.190979, 0.38426208, -4.282028
7.435196, 0.16400146, -4.5429993
7.699753, 0.011978149, -4.9751587
7.7105255, 0.068237305, -5.3187256
7.4926605, 0.20350647, -5.5916595
7.3430176, 0.23942566, -5.7652435
7.340622, 0.26097107, -5.954376
7.325058, 0.26576233, -6.1973877
7.4100494, 0.24780273, -6.4823
7.4459686, 0.17597961, -6.655884
7.3897095, 0.14485168, -6.681015
7.3466034, 0.14125061, -6.664261
7.3142853, 0.1257019, -6.655884
7.321472, 0.061050415, -6.6235657
7.3382263, -0.046691895, -6.545746
7.423218, -0.082595825, -6.400894
7.5644836, -0.11730957, -6.1842194
7.613556, -0.09815979, -5.956772
7.518997, -0.07182312, -5.762848
7.424423, -0.027526855, -5.6898193
7.3669586, -0.049087524, -5.5629272
7.3154907, -0.058654785, -5.340271
7.253235, -0.02633667, -5.0852814
7.2640076, -0.0023956299, -4.953598
7.3657684, 0.02394104, -4.9236755
7.574051, -0.020355225, -4.9164886
7.7847443, -0.05267334, -4.885376
7.917618, -0.008377075, -4.8674164
7.993042, 0.05506897, -4.9045258
8.019379, 0.073028564, -5.06015
8.003815, 0.080200195, -5.2552795
7.9870605, 0.07182312, -5.4300537
7.8889008, 0.034713745, -5.5928497
7.823059, 0.0011901855, -5.7053833
7.7069397, -0.0011901855, -5.756851
7.5130005, 0.0071868896, -5.8250885
7.3908997, 0.011978149, -5.8729706
7.2723846, 0.01914978, -5.9316406
7.186203, 0.0071868896, -5.9902954
7.174225, -0.034713745, -5.9795227
7.111969, -0.032318115, -5.846634
7.11557, 0.020355225, -5.7891846
7.2472534, -0.011978149, -5.6634827
7.3549805, -0.04309082, -5.525818
7.4292145, -0.02154541, -5.4851227
7.4328003, -0.0035858154, -5.4695587
7.392105, 0.04069519, -5.422867
7.356186, 0.08140564, -5.3749847
7.4088593, 0.120910645, -5.328293
7.490265, 0.10774231, -5.3115387
7.5285645, 0.094573975, -5.273224
7.594406, 0.05027771, -5.325897
7.661438, 0.029922485, -5.3187256
7.7069397, 0.022750854, -5.436035
7.70813, 0.06703186, -5.4408264
7.6243286, 0.10055542, -5.506668
7.5764465, 0.113723755, -5.556946
7.577652, 0.10055542, -5.5832825
7.5357513, 0.096969604, -5.589264
7.474701, 0.08859253, -5.7053833
7.463928, 0.07661438, -5.704193
7.431595, 0.108932495, -5.7101746
7.37175, 0.12808228, -5.6431274
7.3346405, 0.1304779, -5.5485687
7.3621674, 0.1592102, -5.4695587
7.436386, 0.20111084, -5.39534
7.3980865, 0.22146606, -5.431244
7.426819, 0.19631958, -5.4264526
7.4184265, 0.17358398, -5.3462524
7.4292145, 0.1592102, -5.2756195
7.383713, 0.18554688, -5.23851
7.3657684, 0.24061584, -5.213379
7.4411774, 0.23103333, -5.254074
7.5046234, 0.19871521, -5.324707
7.518997, 0.18435669, -5.348648
7.5848236, 0.15802002, -5.3905487
7.5836334, 0.14724731, -5.4336395
7.5489197, 0.16998291, -5.5294037
7.5166016, 0.2166748, -5.629959
7.5118103, 0.16520691, -5.6981964
7.5118103, 0.14364624, -5.736511
7.510605, 0.1149292, -5.756851
7.5249786, 0.104141235, -5.774811
7.507019, 0.12808228, -5.7508698
7.55011, 0.1592102, -5.635956
7.5357513, 0.1663971, -5.5162354
7.542938, 0.22505188, -5.384552
7.570465, 0.23703003, -5.3067474
7.5836334, 0.24301147, -5.325897
7.633911, 0.21427917, -5.3151245
7.6746063, 0.19992065, -5.3151245
7.6949615, 0.16281128, -5.2839966
7.668625, 0.17237854, -5.222946
7.6782074, 0.16758728, -5.183441
7.657852, 0.16281128, -5.125992
7.633911, 0.15681458, -5.102051
7.656662, 0.16998291, -5.06015
7.6829987, 0.1879425, -5.023041
7.681793, 0.18315125, -5.007477
7.677002, 0.23582458, -4.9476166
7.6458893, 0.22265625, -4.8877563
7.62912, 0.20829773, -4.8997345
7.632721, 0.20231628, -4.862625
7.6398926, 0.19752502, -4.849457
7.6303253, 0.18675232, -4.890152
7.6674347, 0.17837524, -4.9081116
7.672226, 0.19871521, -4.944031
7.6853943, 0.25019836, -4.984726
7.7189026, 0.23582458, -5.070923
7.8122864, 0.19992065, -5.187042
7.8457947, 0.1771698, -5.233719
7.838623, 0.1376648, -5.2444916
7.756012, 0.16879272, -5.230133
7.668625, 0.1592102, -5.1846466
7.7248993, 0.123306274, -5.0888824
7.7620087, 0.12210083, -5.0062714
7.803894, 0.11013794, -4.977539
7.823059, 0.12928772, -5.0373993
7.881714, 0.11730957, -5.0852814
7.8769226, 0.10055542, -5.099655
7.886505, 0.10774231, -5.125992
7.823059, 0.12689209, -5.143936
7.7847443, 0.106536865, -5.15831
7.7739716, 0.10774231, -5.130768
7.7739716, 0.101760864, -5.119995
7.759613, 0.08859253, -5.0924683
7.7488403, 0.11253357, -5.0613403
7.7332764, 0.116119385, -5.1415405
7.7655945, 0.111328125, -5.1331635
7.7907257, 0.070632935, -5.115219
7.7823486, 0.1197052, -5.108032
7.78714, 0.092178345, -5.0852814
7.823059, 0.082595825, -5.039795
7.8086853, 0.12808228, -5.0062714
7.826645, 0.14364624, -4.984726
7.8015137, 0.12928772, -5.00029
7.7452393, 0.14604187, -4.9643707
7.752426, 0.14125061, -4.98114
7.7464447, 0.15083313, -4.917694
7.70813, 0.16281128, -4.905716
7.7248993, 0.18315125, -4.936844
7.7225037, 0.1663971, -4.9631805
7.728485, 0.14724731, -5.031418
7.7416534, 0.13887024, -5.06015
7.7464447, 0.16041565, -5.110428
7.7883453, 0.14245605, -5.087677
7.8326263, 0.099365234, -5.0146484
7.858963, 0.11730957, -5.0098724
7.8302307, 0.15322876, -5.0134583
7.8685455, 0.14604187, -5.0505676
7.928406, 0.120910645, -5.1367645
7.9427643, 0.113723755, -5.2193604
7.928406, 0.0861969, -5.301956
7.898468, 0.061050415, -5.3067474
7.905655, 0.073028564, -5.2672424
7.857773, 0.09815979, -5.292389
7.7859497, 0.123306274, -5.3450623
7.7332764, 0.18554688, -5.404907
7.7069397, 0.19871521, -5.4611816
7.6985626, 0.19392395, -5.419281
7.675812, 0.17597961, -5.321106
7.6913757, 0.18914795, -5.225342
7.6877747, 0.16400146, -5.187042
7.7464447, 0.113723755, -5.096054
7.8206635, 0.12808228, -5.0194397
7.8649597, 0.1376648, -4.933258
7.9236145, 0.14724731, -4.912903
7.910446, 0.16520691, -4.8219147
7.917618, 0.1484375, -4.7225647
7.906845, 0.11013794, -4.7165833
7.921219, 0.14724731, -4.691437
7.952347, 0.1771698, -4.7058105
7.937973, 0.15083313, -4.728546
7.8936768, 0.14724731, -4.7381287
7.8517914, 0.21427917, -4.7860107
7.8302307, 0.20829773, -4.7560883
7.8086853, 0.21548462, -4.739319
7.8146667, 0.22625732, -4.7345276
7.8098907, 0.24899292, -4.7560883
7.7895355, 0.23703003, -4.759674
7.7907257, 0.26455688, -4.723755
7.7572174, 0.27893066, -4.7500916
7.776367, 0.29927063, -4.703415
7.7572174, 0.29447937, -4.6818542
7.732071, 0.30885315, -4.703415
7.776367, 0.30166626, -4.7213593
7.7895355, 0.3028717, -4.7489014
7.7823486, 0.3136444, -4.811142
7.7907257, 0.26576233, -4.894943
7.8374176, 0.23942566, -4.926071
7.8912964, 0.24899292, -4.984726
7.929596, 0.2166748, -4.9703674
7.9092407, 0.21427917, -4.945221
7.9008636, 0.21786499, -4.952408
7.967911, 0.20709229, -4.953598
7.973892, 0.18075562, -4.869812
7.941574, 0.21308899, -4.8195343
7.8889008, 0.23103333, -4.8219147
7.8685455, 0.24780273, -4.818329
7.8529816, 0.22744751, -4.770447
7.8362274, 0.22265625, -4.775238
7.8146667, 0.24182129, -4.7536926
7.8015137, 0.23703003, -4.802765
7.815872, 0.21308899, -4.8207245
7.802704, 0.24420166, -4.7967834
7.8362274, 0.23342896, -4.7931976
7.8457947, 0.27174377, -4.857834
7.86734, 0.24061584, -4.9009247
7.8601685, 0.2561798, -4.941635
7.86615, 0.28849792, -4.972763
7.8493958, 0.2956848, -5.007477
7.86615, 0.30645752, -5.005081
7.833832, 0.2669525, -5.008667
7.807495, 0.28370667, -5.015854
7.7907257, 0.252594, -5.032608
7.763199, 0.26216125, -5.0182495
7.7428436, 0.27293396, -5.0218353
7.7727814, 0.24780273, -4.9703674
7.807495, 0.25737, -4.967972
7.8481903, 0.26576233, -4.928467
7.878128, 0.24182129, -4.9236755
7.9200134, 0.2238617, -4.9081116
7.902069, 0.23942566, -4.8961487
7.930786, 0.21548462, -4.8841705
7.8960724, 0.25138855, -4.8291016
7.847, 0.23942566, -4.8243103
7.855377, 0.22984314, -4.84227
7.8876953, 0.21907043, -4.826706
7.8649597, 0.1879425, -4.806366
7.8912964, 0.17118835, -4.815933
7.902069, 0.17358398, -4.845871
7.894882, 0.19273376, -4.8961487
7.886505, 0.19871521, -4.9033203
7.86615, 0.21548462, -4.890152
7.8446045, 0.19752502, -4.9200897
7.815872, 0.20829773, -4.9152985
7.8134766, 0.21907043, -4.9392395
7.791931, 0.20709229, -4.8650208
7.794327, 0.2753296, -4.8039703
7.811081, 0.2561798, -4.84227
7.839813, 0.24061584, -4.854248
7.839813, 0.24780273, -4.8003693
7.8769226, 0.21548462, -4.831497
7.910446, 0.22744751, -4.8877563
7.930786, 0.22026062, -4.888962
7.921219, 0.23342896, -4.9715576
7.8841095, 0.22505188, -4.9751587
7.882904, 0.20350647, -4.9751587
7.890091, 0.18075562, -4.989517
7.910446, 0.16879272, -5.0194397
7.9092407, 0.1879425, -5.048172
7.890091, 0.19992065, -5.072113
7.874527, 0.22146606, -5.0194397
7.8685455, 0.20350647, -5.0254364
7.835022, 0.20350647, -5.0529633
7.833832, 0.2346344, -5.027817
7.802704, 0.22265625, -5.0098724
7.803894, 0.2238617, -4.9583893
7.800308, 0.252594, -4.9583893
7.7859497, 0.25019836, -4.938034
7.7931213, 0.22865295, -4.8913574
7.8218536, 0.22026062, -4.885376
7.8218536, 0.24301147, -4.869812
7.86615, 0.25138855, -4.8757935
7.8685455, 0.23103333, -4.871002
7.8565674, 0.23223877, -4.9009247
7.9080505, 0.23822021, -4.9236755
7.8996735, 0.22744751, -4.905716
7.9008636, 0.25498962, -4.838684
7.8613586, 0.21427917, -4.8686066
7.873337, 0.21548462, -4.893753
7.873337, 0.21188354, -4.938034
7.886505, 0.22265625, -4.9583893
7.912842, 0.21548462, -4.945221
7.905655, 0.23942566, -4.965576
7.8936768, 0.22146606, -4.9583893
7.905655, 0.2238617, -4.965576
7.8362274, 0.2346344, -4.9751587
7.8685455, 0.22625732, -4.9787445
7.827835, 0.22984314, -4.9559937
7.7703857, 0.2238617, -4.9224854
7.7739716, 0.23342896, -4.938034
7.7739716, 0.25019836, -4.9224854
7.803894, 0.24182129, -4.950012
7.7847443, 0.25737, -4.9703674
7.8134766, 0.3040619, -4.98114
7.827835, 0.29089355, -4.941635
7.819458, 0.26576233, -4.9751587
7.842209, 0.28730774, -4.948822
7.8050995, 0.25976562, -4.8650208
7.835022, 0.2633667, -4.833893
7.8218536, 0.27772522, -4.7967834
7.8481903, 0.2346344, -4.7776337
7.8685455, 0.23942566, -4.7560883
7.831436, 0.26815796, -4.7297516
7.8242493, 0.25976562, -4.715378
7.857773, 0.25737, -4.7261505
7.8529816, 0.2561798, -4.7225647
7.8517914, 0.22865295, -4.815933
7.8362274, 0.24659729, -4.811142
7.8517914, 0.2753296, -4.833893
7.8493958, 0.23223877, -4.910507
7.850586, 0.22984314, -4.9308624
7.831436, 0.26097107, -4.9392395
7.8601685, 0.28012085, -4.928467
7.9044495, 0.26934814, -4.9787445
7.8924866, 0.26815796, -5.0026855
7.8637543, 0.252594, -5.015854
7.8290405, 0.2753296, -4.9823303
7.823059, 0.27893066, -5.0062714
7.826645, 0.28849792, -4.98114
7.847, 0.2861023, -4.9667664
7.8254547, 0.296875, -4.9943085
7.8242493, 0.27174377, -5.017044
7.839813, 0.2633667, -4.9308624
7.8242493, 0.23342896, -4.933258
7.843399, 0.22744751, -4.888962
7.819458, 0.22744751, -4.8805847
7.8637543, 0.24182129, -4.8686066
7.8805084, 0.24780273, -4.8362885
7.8852997, 0.2059021, -4.826706
7.910446, 0.19392395, -4.7979736
7.957123, 0.23342896, -4.8015747
7.9403687, 0.24780273, -4.8362885
7.850586, 0.25138855, -4.909317
7.8493958, 0.3028717, -4.9643707
7.878128, 0.25019836, -4.905716
7.8481903, 0.23223877, -4.8925476
7.8565674, 0.22505188, -4.9248657
7.914032, 0.24182129, -4.977539
7.929596, 0.21548462, -4.9787445
7.9092407, 0.22625732, -5.0373993
7.930786, 0.2346344, -5.0038757
7.902069, 0.28012085, -5.0302124
7.8481903, 0.23582458, -4.9871216
7.823059, 0.25857544, -4.9715576
7.827835, 0.25976562, -4.9464264
7.7979126, 0.27653503, -4.9799347
7.752426, 0.25976562, -4.950012
7.794327, 0.28849792, -4.917694
7.8050995, 0.2753296, -4.8674164
7.8146667, 0.28849792, -4.802765
7.8541718, 0.2956848, -4.74411
7.886505, 0.22744751, -4.7489014
7.8242493, 0.26934814, -4.7967834
7.8481903, 0.21907043, -4.7776337
7.8565674, 0.21786499, -4.74292
7.902069, 0.21548462, -4.723755
7.912842, 0.19752502, -4.7297516
7.9236145, 0.25138855, -4.782425
7.9403687, 0.22865295, -4.8291016
7.941574, 0.18075562, -4.8374786
7.94635, 0.21308899, -4.9200897
7.929596, 0.26097107, -4.945221
7.952347, 0.25378418, -4.960785
7.917618, 0.23103333, -5.0266266
7.8769226, 0.23103333, -5.036209
7.886505, 0.24780273, -5.036209
7.8805084, 0.23822021, -4.950012
7.826645, 0.25138855, -4.8913574
7.8098907, 0.25019836, -4.8841705
7.823059, 0.25019836, -4.8722076
7.776367, 0.27653503, -4.8530426
7.8015137, 0.26576233, -4.8135376
7.835022, 0.26455688, -4.7345276
7.842209, 0.22984314, -4.7895966
7.8936768, 0.23103333, -4.806366
7.874527, 0.24061584, -4.826706
7.8649597, 0.24899292, -4.8410797
7.8649597, 0.20111084, -4.8757935
7.8805084, 0.24301147, -4.881775
7.882904, 0.25857544, -4.9248657
7.8769226, 0.23342896, -4.9200897
7.8613586, 0.22865295, -4.8841705
7.8649597, 0.22505188, -4.9045258
7.802704, 0.21548462, -4.8961487
7.8218536, 0.19631958, -4.8638153
7.9032593, 0.23942566, -4.8913574
7.890091, 0.20709229, -4.912903
7.8541718, 0.18554688, -4.9667664
7.928406, 0.19392395, -4.9787445
7.9870605, 0.1951294, -4.9954987
7.972687, 0.19752502, -4.967972
7.94516, 0.21069336, -4.9428253
7.870941, 0.21548462, -4.9045258
7.8637543, 0.19871521, -4.8961487
7.8601685, 0.19273376, -4.8997345
7.86615, 0.19992065, -4.893753
7.8721313, 0.22744751, -4.8997345
7.8889008, 0.22744751, -4.890152
7.92601, 0.21548462, -4.9236755
7.914032, 0.22026062, -4.912903
7.94635, 0.21907043, -4.8997345
7.902069, 0.22625732, -4.888962
7.9200134, 0.2454071, -4.8686066
7.8924866, 0.23942566, -4.8829803
7.8374176, 0.22984314, -4.850647
7.874527, 0.24182129, -4.8530426
7.8601685, 0.2753296, -4.8566437
7.838623, 0.24061584, -4.855438
7.826645, 0.24659729, -4.8997345
7.874527, 0.24420166, -4.898529
7.910446, 0.23942566, -4.857834
7.953537, 0.20469666, -4.835083
7.985855, 0.19392395, -4.8769836
7.953537, 0.24301147, -4.8769836
7.973892, 0.22505188, -4.92128
7.94635, 0.2059021, -4.8997345
7.9116364, 0.21069336, -4.9116974
7.9200134, 0.22625732, -4.928467
7.930786, 0.20948792, -4.9344482
7.897278, 0.2166748, -4.9009247
7.874527, 0.23942566, -4.9476166
7.858963, 0.2454071, -4.9943085
7.8613586, 0.24659729, -4.9859314
7.8637543, 0.25737, -4.9464264
7.858963, 0.27653503, -4.938034
7.886505, 0.30885315, -4.8925476
7.878128, 0.30047607, -4.885376
7.86734, 0.28730774, -4.8722076
7.8769226, 0.27653503, -4.849457
7.8493958, 0.30166626, -4.826706
7.8649597, 0.29808044, -4.815933
7.917618, 0.26934814, -4.8243103
7.874527, 0.25019836, -4.8650208
7.879318, 0.24780273, -4.869812
7.906845, 0.24182129, -4.8446655
7.906845, 0.24301147, -4.783615
7.9092407, 0.25019836, -4.7405243
7.9319916, 0.2849121, -4.7333374
7.961914, 0.2669525, -4.6770782
7.952347, 0.2956848, -4.7058105
7.9978333, 0.30645752, -4.6830597
7.9906464, 0.26576233, -4.7022095
7.965515, 0.25378418, -4.7608643
7.9188232, 0.27893066, -4.7572784
7.8936768, 0.2753296, -4.790802
7.8960724, 0.27893066, -4.782425
7.882904, 0.29808044, -4.730942
7.8613586, 0.33998108, -4.7405243
7.86734, 0.32081604, -4.7860107
7.8841095, 0.33518982, -4.7093964
7.870941, 0.33638, -4.697418
7.870941, 0.3651123, -4.7500916
7.8852997, 0.35194397, -4.7381287
7.858963, 0.32081604, -4.7093964
7.86734, 0.31723022, -4.754883
7.8996735, 0.3148346, -4.802765
7.957123, 0.28370667, -4.833893
7.9643097, 0.29328918, -4.90213
7.960724, 0.27293396, -4.866211
7.9882507, 0.2741394, -4.770447
7.985855, 0.28849792, -4.7860107
7.9475555, 0.296875, -4.74292
7.94635, 0.296875, -4.747696
7.934387, 0.31124878, -4.699814
7.9248047, 0.28970337, -4.691437
7.930786, 0.3076477, -4.6986237
7.936783, 0.30526733, -4.708191
7.930786, 0.3076477, -4.7489014
7.9200134, 0.2813263, -4.768051
7.8565674, 0.3256073, -4.7812195
7.882904, 0.33039856, -4.8087616
7.9092407, 0.31723022, -4.8255157
7.953537, 0.28849792, -4.855438
7.9511414, 0.27893066, -4.8291016
7.9714966, 0.26216125, -4.8051605
7.960724, 0.28970337, -4.811142
7.960724, 0.2849121, -4.802765
7.961914, 0.32081604, -4.815933
7.972687, 0.31723022, -4.802765
7.941574, 0.31723022, -4.776428
7.9595184, 0.32081604, -4.8015747
7.941574, 0.30885315, -4.766861
7.9248047, 0.34477234, -4.771637
7.914032, 0.33998108, -4.7489014
7.9714966, 0.32081604, -4.7297516
7.9487457, 0.3136444, -4.6950226
7.9248047, 0.3136444, -4.648346
7.9092407, 0.33998108, -4.6674957
7.914032, 0.32321167, -4.696228
7.902069, 0.33518982, -4.6507416
7.917618, 0.3327942, -4.6902466
7.961914, 0.331604, -4.6591187
7.977478, 0.30645752, -4.696228
7.996628, 0.31962585, -4.7345276
7.993042, 0.31604004, -4.7417145
7.9714966, 0.3136444, -4.7967834
7.9475555, 0.331604, -4.8207245
7.985855, 0.3423767, -4.791992
7.9750824, 0.33398438, -4.771637
7.9631195, 0.34596252, -4.7860107
7.9643097, 0.34596252, -4.8255157
7.9511414, 0.3040619, -4.8398743
7.921219, 0.34596252, -4.8793793
7.9044495, 0.3244171, -4.886566
7.917618, 0.35913086, -4.8087616
7.929596, 0.34954834, -4.791992
7.9547424, 0.33758545, -4.7465057
7.9511414, 0.32800293, -4.699814
7.9487457, 0.3471527, -4.6830597
7.9403687, 0.34954834, -4.6627045
7.922409, 0.32321167, -4.6375732
7.9188232, 0.33998108, -4.618408
7.8685455, 0.32321167, -4.557358
7.9008636, 0.3244171, -4.5489807
7.960724, 0.32321167, -4.545395
7.9439545, 0.32081604, -4.5920715
7.981064, 0.3136444, -4.629196
7.9870605, 0.31604004, -4.632782
7.996628, 0.32681274, -4.6866455
8.02417, 0.31604004, -4.7381287
7.9834595, 0.31243896, -4.7895966
7.9559326, 0.30047607, -4.8135376
7.9547424, 0.3028717, -4.815933
7.960724, 0.30166626, -4.8446655
7.953537, 0.29927063, -4.869812
7.9427643, 0.31243896, -4.8757935
7.961914, 0.29089355, -4.9152985
7.9547424, 0.30526733, -4.8805847
7.9583282, 0.32202148, -4.8410797
7.976288, 0.31723022, -4.849457
7.9714966, 0.31243896, -4.8805847
7.9798737, 0.3148346, -4.869812
7.969101, 0.29808044, -4.854248
7.9559326, 0.32920837, -4.7572784
7.929596, 0.31962585, -4.732147
7.930786, 0.30885315, -4.7405243
7.9583282, 0.2956848, -4.754883
7.9643097, 0.3136444, -4.7177734
7.9714966, 0.296875, -4.751297
7.977478, 0.32081604, -4.7884064
7.957123, 0.31243896, -4.7955933
7.921219, 0.32321167, -4.7500916
7.9044495, 0.32800293, -4.732147
7.94635, 0.34835815, -4.7261505
7.9272003, 0.33998108, -4.7093964
7.9439545, 0.33039856, -4.692642
7.9403687, 0.3531494, -4.699814
7.9200134, 0.34954834, -4.727356
7.9511414, 0.34954834, -4.708191
7.9475555, 0.31604004, -4.7249603
7.9319916, 0.31604004, -4.711792
7.92601, 0.33638, -4.715378
7.9559326, 0.3256073, -4.723755
7.9439545, 0.32321167, -4.7536926
7.953537, 0.31962585, -4.775238
7.967911, 0.32920837, -4.7644653
7.941574, 0.34596252, -4.7465057
7.960724, 0.32202148, -4.8003693
7.9583282, 0.27293396, -4.771637
7.953537, 0.31243896, -4.7884064
7.9822693, 0.3256073, -4.7895966
8.00502, 0.30166626, -4.7740326
8.020569, 0.31004333, -4.7955933
8.028961, 0.2956848, -4.855438
7.9559326, 0.3028717, -4.833893
7.9080505, 0.3531494, -4.8638153
7.9200134, 0.35075378, -4.818329
7.912842, 0.33998108, -4.8135376
7.8841095, 0.331604, -4.7536926
7.9008636, 0.3615265, -4.723755
7.9272003, 0.35554504, -4.7022095
7.9080505, 0.35673523, -4.668686
7.9714966, 0.35673523, -4.6698914
7.994232, 0.35075378, -4.6663055
7.996628, 0.32202148, -4.6423645
7.9667053, 0.29447937, -4.651932
7.9954376, 0.31604004, -4.6387634
7.985855, 0.3256073, -4.633972
7.977478, 0.34477234, -4.6746826
8.003815, 0.31843567, -4.6866455
8.009796, 0.33518982, -4.74292
7.981064, 0.31604004, -4.770447
8.011002, 0.33758545, -4.8015747
7.953537, 0.3040619, -4.8087616
7.9714966, 0.32202148, -4.8410797
7.991852, 0.31843567, -4.8722076
7.9643097, 0.31604004, -4.8398743
7.9008636, 0.3327942, -4.8362885
7.905655, 0.3543396, -4.8171387
7.941574, 0.33758545, -4.8207245
7.928406, 0.31723022, -4.811142
7.9248047, 0.33758545, -4.8003693
7.9583282, 0.3244171, -4.7848053
7.9667053, 0.31723022, -4.7692566
7.9714966, 0.31604004, -4.7644653
7.9822693, 0.31004333, -4.771637
8.028961, 0.33877563, -4.727356
7.993042, 0.34596252, -4.6591187
7.9487457, 0.34477234, -4.7058105
7.886505, 0.37109375, -4.74411
7.8493958, 0.29089355, -4.672287
7.9164276, 0.25737, -4.7010193
7.9667053, 0.3435669, -4.715378
7.94635, 0.37348938, -4.7465057
7.910446, 0.3435669, -4.8015747
7.9391785, 0.32681274, -4.7465057
7.9595184, 0.31004333, -4.7584686
7.9200134, 0.331604, -4.771637
7.930786, 0.33758545, -4.7417145
7.9714966, 0.31962585, -4.7608643
7.94635, 0.33758545, -4.7728424
7.9319916, 0.33398438, -4.74292
7.929596, 0.3423767, -4.7105865
7.9547424, 0.33758545, -4.6950226
7.9786835, 0.31962585, -4.6770782
8.013397, 0.32920837, -4.6782684
8.030151, 0.3327942, -4.6770782
8.015793, 0.33518982, -4.6663055
7.9798737, 0.29927063, -4.657913
7.965515, 0.29089355, -4.6387634
7.9631195, 0.3076477, -4.715378
7.9391785, 0.31962585, -4.735733
7.928406, 0.3244171, -4.771637
7.905655, 0.34596252, -4.8398743
7.9188232, 0.3651123, -4.8279114
7.933182, 0.3531494, -4.8039703
7.9391785, 0.35554504, -4.8279114
7.967911, 0.3327942, -4.776428
7.994232, 0.3615265, -4.806366
7.973892, 0.33518982, -4.8087616
7.8936768, 0.34835815, -4.7500916
7.905655, 0.35075378, -4.759674
7.8936768, 0.32321167, -4.7848053
7.9391785, 0.33518982, -4.718979
7.9870605, 0.32800293, -4.754883
7.957123, 0.31843567, -4.7572784
7.976288, 0.31604004, -4.7560883
7.9595184, 0.29808044, -4.76326
7.994232, 0.32920837, -4.778824
8.000229, 0.331604, -4.7584686
8.012192, 0.32800293, -4.7453003
8.014587, 0.34477234, -4.7177734
8.00502, 0.33758545, -4.7656555
7.9595184, 0.35913086, -4.8015747
7.8912964, 0.331604, -4.759674
7.8637543, 0.35673523, -4.771637
7.8852997, 0.34477234, -4.811142
7.8936768, 0.32920837, -4.7860107
7.890091, 0.35075378, -4.7979736
7.910446, 0.34954834, -4.814743
7.9487457, 0.31723022, -4.8171387
7.9870605, 0.28970337, -4.8219147
7.969101, 0.31604004, -4.7728424
7.9643097, 0.30166626, -4.727356
8.009796, 0.32081604, -4.794388
8.013397, 0.33518982, -4.739319
7.989456, 0.3435669, -4.7620697
7.9391785, 0.36392212, -4.751297
7.9080505, 0.34596252, -4.7333374
7.941574, 0.33758545, -4.699814
7.8912964, 0.34117126, -4.7584686
7.9248047, 0.3471527, -4.712982
7.984665, 0.35194397, -4.629196
8.031357, 0.3531494, -4.6351776
7.981064, 0.3423767, -4.6315765
8.0074005, 0.33998108, -4.6028595
8.000229, 0.37828064, -4.636368
8.003815, 0.36392212, -4.687851
7.991852, 0.38905334, -4.6591187
7.9355774, 0.37948608, -4.7093964
7.890091, 0.39265442, -4.7093964
7.881714, 0.32321167, -4.7213593
7.874527, 0.3435669, -4.759674
7.902069, 0.31604004, -4.7800293
7.9008636, 0.32681274, -4.802765
7.9092407, 0.33518982, -4.770447
7.969101, 0.32321167, -4.7560883
8.00621, 0.34477234, -4.782425
8.018188, 0.33998108, -4.7620697
8.008606, 0.3327942, -4.790802
7.989456, 0.29328918, -4.7860107
8.02417, 0.30645752, -4.7644653
8.0026245, 0.32681274, -4.791992
7.957123, 0.32202148, -4.747696
7.9583282, 0.331604, -4.7572784
7.977478, 0.3040619, -4.7608643
7.961914, 0.32081604, -4.7776337
7.981064, 0.3136444, -4.8530426
7.994232, 0.32081604, -4.830307
7.961914, 0.32920837, -4.8638153
7.996628, 0.32920837, -4.849457
8.00502, 0.34596252, -4.869812
7.965515, 0.34596252, -4.7728424
7.9547424, 0.375885, -4.7728424
7.953537, 0.3866577, -4.751297
7.890091, 0.41299438, -4.712982
7.8889008, 0.39982605, -4.6746826
7.874527, 0.36392212, -4.601654
7.8876953, 0.36750793, -4.593277
7.9152374, 0.39265442, -4.660309
7.9236145, 0.375885, -4.6746826
7.9355774, 0.37709045, -4.7093964
7.9834595, 0.35554504, -4.711792
7.972687, 0.33039856, -4.720169
7.9870605, 0.331604, -4.6902466
8.00502, 0.33039856, -4.703415
8.00502, 0.33998108, -4.699814
7.941574, 0.33998108, -4.675873
7.9403687, 0.35794067, -4.644745
7.9511414, 0.37469482, -4.6279907
7.9595184, 0.3830719, -4.618408
7.9391785, 0.33398438, -4.6698914
7.957123, 0.34596252, -4.660309
7.921219, 0.35554504, -4.7177734
7.949951, 0.37828064, -4.766861
7.9714966, 0.35673523, -4.768051
7.9834595, 0.3435669, -4.7812195
7.9786835, 0.33638, -4.768051
7.969101, 0.36032104, -4.76326
7.9475555, 0.38546753, -4.7500916
8.012192, 0.3531494, -4.7800293
7.9798737, 0.35913086, -4.790802
7.9439545, 0.36631775, -4.752487
7.9248047, 0.36871338, -4.7261505
7.9391785, 0.39624023, -4.7058105
7.9355774, 0.40821838, -4.6818542
7.952347, 0.35913086, -4.66391
7.94516, 0.34835815, -4.7010193
7.934387, 0.38546753, -4.720169
7.9152374, 0.37709045, -4.74411
7.949951, 0.33758545, -4.74292
7.9990234, 0.3423767, -4.6854553
8.001419, 0.35673523, -4.696228
7.9978333, 0.35194397, -4.6938324
7.9978333, 0.33518982, -4.712982
7.9786835, 0.34954834, -4.7261505
7.9834595, 0.33998108, -4.7608643
7.9583282, 0.3244171, -4.766861
7.9870605, 0.3327942, -4.747696
7.989456, 0.331604, -4.76326
7.9595184, 0.33998108, -4.7812195
7.957123, 0.3327942, -4.782425
7.977478, 0.32920837, -4.8327026
7.9906464, 0.32681274, -4.849457
7.991852, 0.34477234, -4.818329
7.9870605, 0.33398438, -4.811142
7.9786835, 0.33758545, -4.8362885
7.972687, 0.31243896, -4.782425
8.008606, 0.3256073, -4.732147
8.027756, 0.3435669, -4.736923
7.957123, 0.32321167, -4.7105865
7.989456, 0.33638, -4.7165833
7.977478, 0.32681274, -4.6938324
7.94635, 0.35554504, -4.6615143
7.9200134, 0.36990356, -4.7405243
7.9152374, 0.35913086, -4.720169
7.9475555, 0.3866577, -4.7656555
7.9319916, 0.38546753, -4.7979736
7.9164276, 0.3818817, -4.807556
7.9391785, 0.35913086, -4.7800293
7.977478, 0.34117126, -4.7620697
7.9595184, 0.35913086, -4.8015747
7.973892, 0.3543396, -4.7608643
7.933182, 0.3423767, -4.68425
7.9475555, 0.33039856, -4.68425
7.973892, 0.34596252, -4.7141876
7.976288, 0.35794067, -4.679474
8.020569, 0.35673523, -4.6196136
8.0026245, 0.3256073, -4.6124268
7.9906464, 0.34596252, -4.6268005
8.014587, 0.38426208, -4.58609
7.972687, 0.36631775, -4.6148224
7.949951, 0.34954834, -4.6710815
7.934387, 0.36990356, -4.6866455
7.9870605, 0.35794067, -4.6746826
7.9714966, 0.35794067, -4.6986237
7.9595184, 0.36871338, -4.752487
7.94635, 0.3866577, -4.806366
7.94516, 0.3543396, -4.7955933
7.967911, 0.3435669, -4.730942
7.991852, 0.40222168, -4.736923
8.034943, 0.37948608, -4.7105865
8.057678, 0.35673523, -4.6627045
8.0026245, 0.38067627, -4.618408
7.94635, 0.3818817, -4.617218
7.934387, 0.37948608, -4.554962
7.873337, 0.3866577, -4.5394135
7.8936768, 0.38905334, -4.6303864
7.9092407, 0.36750793, -4.629196
7.922409, 0.34835815, -4.6627045
7.9487457, 0.34954834, -4.6938324
7.967911, 0.36990356, -4.7093964
8.019379, 0.37948608, -4.7345276
7.9750824, 0.36271667, -4.7776337
7.961914, 0.39624023, -4.8087616
7.9547424, 0.40701294, -4.8123474
7.937973, 0.36032104, -4.818329
7.9032593, 0.3435669, -4.835083
7.906845, 0.37348938, -4.910507
7.929596, 0.36631775, -4.8650208
7.9595184, 0.33877563, -4.835083
7.934387, 0.36631775, -4.8123474
7.9595184, 0.3902588, -4.82312
8.031357, 0.33039856, -4.815933
8.040924, 0.35913086, -4.759674
8.050507, 0.3531494, -4.7536926
8.009796, 0.3256073, -4.727356
7.970291, 0.33398438, -4.697418
7.9822693, 0.3423767, -4.697418
7.94516, 0.3244171, -4.675873
7.894882, 0.34835815, -4.6279907
7.928406, 0.33638, -4.6627045
7.9583282, 0.3651123, -4.6375732
7.965515, 0.375885, -4.6770782
8.003815, 0.37348938, -4.672287
8.040924, 0.40222168, -4.6674957
8.009796, 0.39265442, -4.6698914
8.021774, 0.37828064, -4.7105865
8.00621, 0.37109375, -4.735733
7.9547424, 0.35075378, -4.7333374
7.952347, 0.33398438, -4.759674
7.9092407, 0.3327942, -4.735733
7.936783, 0.375885, -4.7465057
7.921219, 0.36750793, -4.7500916
7.9511414, 0.35673523, -4.7249603
7.9870605, 0.3543396, -4.7058105
7.984665, 0.32681274, -4.660309
7.9822693, 0.3423767, -4.6818542
7.9990234, 0.3830719, -4.6950226
8.04332, 0.37948608, -4.728546
8.00502, 0.34835815, -4.653137
8.034943, 0.36392212, -4.616028
7.9990234, 0.3866577, -4.633972
8.001419, 0.35075378, -4.6591187
7.977478, 0.3651123, -4.6615143
7.996628, 0.3830719, -4.5956726
7.977478, 0.38546753, -4.5849
7.9583282, 0.39144897, -4.6220093
7.922409, 0.39144897, -4.6854553
7.8924866, 0.38546753, -4.6220093
7.9248047, 0.38786316, -4.624405
7.9092407, 0.40940857, -4.689041
7.8769226, 0.39144897, -4.7405243
7.929596, 0.38067627, -4.7644653
7.961914, 0.38786316, -4.7465057
7.996628, 0.36392212, -4.730942
8.027756, 0.33518982, -4.7381287
8.028961, 0.33998108, -4.775238
8.058884, 0.33877563, -4.7692566
8.073242, 0.3244171, -4.778824
8.02417, 0.34596252, -4.7740326
8.028961, 0.34835815, -4.7608643
8.030151, 0.33877563, -4.732147
8.0026245, 0.3543396, -4.7297516
7.965515, 0.35913086, -4.689041
7.9164276, 0.37948608, -4.679474
7.9427643, 0.40940857, -4.6830597
7.953537, 0.38786316, -4.620804
7.941574, 0.36750793, -4.60524
7.970291, 0.38426208, -4.6279907
7.952347, 0.37469482, -4.6220093
7.965515, 0.3830719, -4.6028595
7.976288, 0.35673523, -4.6818542
7.961914, 0.36990356, -4.74411
7.981064, 0.37828064, -4.8219147
7.952347, 0.36871338, -4.802765
7.933182, 0.37109375, -4.8051605
7.934387, 0.3435669, -4.831497
7.9834595, 0.34835815, -4.869812
8.034943, 0.32920837, -4.849457
8.02536, 0.31243896, -4.806366
8.003815, 0.34835815, -4.8123474
8.0229645, 0.3615265, -4.7800293
8.000229, 0.34954834, -4.7093964
8.0026245, 0.35075378, -4.644745
8.018188, 0.34117126, -4.641159
7.991852, 0.34596252, -4.6268005
7.9583282, 0.34596252, -4.644745
7.965515, 0.3423767, -4.6064453
7.9714966, 0.36871338, -4.616028
7.977478, 0.3722992, -4.6627045
7.9643097, 0.36271667, -4.675873
7.9954376, 0.331604, -4.715378
7.960724, 0.35075378, -4.759674
7.9714966, 0.34596252, -4.7644653
7.991852, 0.34596252, -4.7500916
8.000229, 0.3722992, -4.712982
7.9870605, 0.38426208, -4.687851
7.9798737, 0.37948608, -4.7261505
7.9798737, 0.38067627, -4.7261505
7.9978333, 0.4010315, -4.7010193
8.014587, 0.40821838, -4.7105865
7.972687, 0.3938446, -4.692642
7.976288, 0.38905334, -4.653137
7.981064, 0.39265442, -4.632782
7.9990234, 0.38067627, -4.648346
7.9475555, 0.37828064, -4.653137
7.961914, 0.38067627, -4.680664
7.9487457, 0.36750793, -4.6663055
7.9714966, 0.36392212, -4.660309
7.994232, 0.36392212, -4.6591187
7.991852, 0.3830719, -4.673477
8.00621, 0.34117126, -4.653137
8.00621, 0.35913086, -4.6615143
8.011002, 0.39982605, -4.6770782
7.9822693, 0.40582275, -4.7213593
7.993042, 0.35554504, -4.736923
8.02536, 0.3615265, -4.704605
8.016983, 0.34954834, -4.752487
7.984665, 0.3830719, -4.715378
8.045715, 0.39743042, -4.672287
8.020569, 0.375885, -4.6866455
8.018188, 0.32800293, -4.679474
7.976288, 0.3543396, -4.649536
7.976288, 0.3902588, -4.639969
7.9978333, 0.38067627, -4.624405
7.967911, 0.35554504, -4.6651
8.00502, 0.35794067, -4.613632
8.012192, 0.33758545, -4.570526
8.00621, 0.35075378, -4.5956726
7.9583282, 0.37348938, -4.6064453
7.9798737, 0.36990356, -4.648346
8.014587, 0.34596252, -4.653137
8.018188, 0.3435669, -4.653137
8.00502, 0.33039856, -4.703415
8.008606, 0.39505005, -4.7500916
7.9990234, 0.35075378, -4.76326
8.019379, 0.36392212, -4.7489014
7.976288, 0.3866577, -4.783615
7.9714966, 0.39624023, -4.759674
7.929596, 0.3651123, -4.806366
7.9511414, 0.3543396, -4.84227
7.970291, 0.35075378, -4.835083
7.9667053, 0.3615265, -4.7955933
7.993042, 0.3818817, -4.783615
7.9870605, 0.37828064, -4.782425
8.045715, 0.3818817, -4.7620697
8.056488, 0.37469482, -4.759674
8.039734, 0.35554504, -4.7417145
8.012192, 0.37948608, -4.697418
8.011002, 0.35673523, -4.7022095
8.027756, 0.331604, -4.6746826
7.996628, 0.3651123, -4.633972
7.994232, 0.37828064, -4.5669403
7.9319916, 0.37948608, -4.5825043
7.9798737, 0.3722992, -4.6112366
7.981064, 0.37709045, -4.6124268
7.9906464, 0.3830719, -4.6076355
7.9978333, 0.38067627, -4.5872955
8.009796, 0.3866577, -4.625595
8.054092, 0.37348938, -4.6674957
8.040924, 0.36871338, -4.732147
8.039734, 0.3423767, -4.74292
8.039734, 0.35194397, -4.759674
8.018188, 0.37828064, -4.723755
8.039734, 0.37828064, -4.732147
8.049301, 0.37828064, -4.675873
7.989456, 0.39144897, -4.6555176
7.928406, 0.4237671, -4.6830597
7.9188232, 0.41659546, -4.6818542
7.9116364, 0.40582275, -4.715378
7.910446, 0.4189911, -4.6663055
7.922409, 0.40940857, -4.6387634
7.9319916, 0.4225769, -4.6471405
7.9798737, 0.41778564, -4.594467
7.967911, 0.40821838, -4.5825043
7.981064, 0.43693542, -4.598068
8.003815, 0.42855835, -4.598068
8.018188, 0.40940857, -4.5633545
8.0074005, 0.40342712, -4.56575
8.009796, 0.38067627, -4.546585
8.009796, 0.39505005, -4.5513763
7.9798737, 0.3938446, -4.6435547
7.9834595, 0.39144897, -4.6854553
8.018188, 0.3651123, -4.7093964
8.028961, 0.37948608, -4.668686
7.9954376, 0.39265442, -4.6555176
8.008606, 0.38905334, -4.7249603
8.014587, 0.3818817, -4.7249603
7.9870605, 0.40342712, -4.7261505
7.9870605, 0.4189911, -4.76326
7.9798737, 0.38905334, -4.778824
7.9559326, 0.38786316, -4.754883
7.934387, 0.37348938, -4.74411
7.970291, 0.3866577, -4.68425
7.9583282, 0.3830719, -4.7249603
7.977478, 0.38786316, -4.715378
7.9559326, 0.44172668, -4.7022095
7.9786835, 0.4405365, -4.649536
7.960724, 0.3902588, -4.6268005
7.989456, 0.3722992, -4.653137
7.9870605, 0.37948608, -4.6459503
8.008606, 0.38786316, -4.660309
8.02417, 0.41419983, -4.6746826
8.063675, 0.4010315, -4.723755
8.069656, 0.39982605, -4.7333374
8.087616, 0.39265442, -4.7405243
8.056488, 0.40701294, -4.7141876
8.0421295, 0.37828064, -4.728546
8.018188, 0.38546753, -4.699814
7.9954376, 0.38067627, -4.7453003
7.929596, 0.38546753, -4.807556
7.8697357, 0.37709045, -4.7895966
7.898468, 0.40342712, -4.782425
7.9200134, 0.34954834, -4.7644653
7.991852, 0.36392212, -4.9392395
8.020569, 0.36631775, -4.771637
7.9643097, 0.46087646, -4.704605
7.957123, 0.47764587, -4.7644653
8.039734, 0.4118042, -4.768051
8.072052, 0.36392212, -4.673477
8.055298, 0.33758545, -4.5801086
8.018188, 0.36750793, -4.5477905
7.996628, 0.39265442, -4.541794
7.9272003, 0.41059875, -4.5956726
7.961914, 0.3818817, -4.534622
7.9954376, 0.38426208, -4.4891357
8.00621, 0.39982605, -4.452011
8.015793, 0.3866577, -4.5358124
8.0026245, 0.40582275, -4.5884857
7.993042, 0.4118042, -4.5825043
8.02536, 0.40342712, -4.576523
8.015793, 0.3615265, -4.6064453
8.019379, 0.37469482, -4.6627045
8.00621, 0.39265442, -4.708191
8.013397, 0.36990356, -4.723755
7.993042, 0.37828064, -4.739319
8.0074005, 0.40342712, -4.7656555
7.9990234, 0.40222168, -4.7931976
8.02536, 0.40342712, -4.8410797
8.034943, 0.39505005, -4.814743
8.009796, 0.3902588, -4.8051605
7.9978333, 0.42736816, -4.8135376
8.015793, 0.40342712, -4.7572784
7.973892, 0.39624023, -4.7453003
7.9870605, 0.36871338, -4.7405243
7.9954376, 0.39743042, -4.7141876
7.9834595, 0.40701294, -4.720169
7.9714966, 0.3902588, -4.6710815
8.003815, 0.40342712, -4.6196136
8.0469055, 0.40582275, -4.560959
8.033737, 0.41299438, -4.5274353
8.04332, 0.39624023, -4.534622
8.054092, 0.42497253, -4.558563
8.048111, 0.42497253, -4.5358124
8.033737, 0.40821838, -4.513077
8.019379, 0.4010315, -4.473572
8.00502, 0.37109375, -4.50589
7.9667053, 0.40222168, -4.5633545
7.8721313, 0.43215942, -4.5849
7.9248047, 0.42138672, -4.5956726
7.9643097, 0.47883606, -4.6064453
8.013397, 0.4692688, -4.5717316
8.008606, 0.43693542, -4.5561676
8.014587, 0.44172668, -4.576523
8.011002, 0.46087646, -4.6040497
8.00502, 0.41659546, -4.625595
8.057678, 0.42497253, -4.617218
8.0229645, 0.42855835, -4.675873
8.04332, 0.40582275, -4.7261505
8.00621, 0.41778564, -4.783615
7.9870605, 0.3818817, -4.8255157
8.030151, 0.3818817, -4.787201
8.079239, 0.37828064, -4.7656555
8.063675, 0.4010315, -4.739319
8.021774, 0.40582275, -4.687851
8.026566, 0.3830719, -4.687851
8.038528, 0.40222168, -4.616028
7.994232, 0.4189911, -4.5801086
7.967911, 0.42855835, -4.546585
7.9978333, 0.41539, -4.50589
8.021774, 0.39863586, -4.50708
8.040924, 0.39624023, -4.5202484
8.069656, 0.41539, -4.5334167
8.082825, 0.4692688, -4.519058
8.050507, 0.42616272, -4.5753174
8.013397, 0.38546753, -4.617218
7.961914, 0.38546753, -4.6435547
7.905655, 0.39624023, -4.657913
7.917618, 0.39982605, -4.672287
7.905655, 0.42018127, -4.7058105
7.9391785, 0.4010315, -4.7213593
7.985855, 0.39863586, -4.7261505
8.040924, 0.4046173, -4.7608643
8.08522, 0.42736816, -4.787201
8.0816345, 0.4441223, -4.8219147
8.078033, 0.45610046, -4.818329
8.098389, 0.4524994, -4.831497
8.0074005, 0.43215942, -4.770447
7.991852, 0.4189911, -4.7572784
7.9870605, 0.3866577, -4.7417145
7.9427643, 0.39863586, -4.699814
7.9559326, 0.4010315, -4.6627045
7.9272003, 0.43455505, -4.60524
7.9511414, 0.40821838, -4.633972
8.001419, 0.39743042, -4.6710815
8.034943, 0.3938446, -4.66391
8.036133, 0.39743042, -4.6471405
8.064865, 0.37469482, -4.656723
8.088806, 0.35913086, -4.6866455
8.063675, 0.35794067, -4.689041
8.0469055, 0.375885, -4.6938324
8.026566, 0.41059875, -4.6950226
8.020569, 0.40940857, -4.6746826
7.9403687, 0.4524994, -4.687851
7.9583282, 0.43693542, -4.648346
7.981064, 0.4584961, -4.589691
7.9391785, 0.46447754, -4.578903
7.9164276, 0.4441223, -4.6124268
7.970291, 0.44293213, -4.570526
7.965515, 0.45370483, -4.554962
7.973892, 0.4441223, -4.560959
8.011002, 0.44532776, -4.5597534
8.048111, 0.42616272, -4.554962
8.057678, 0.40701294, -4.5394135
8.051697, 0.3902588, -4.5406036
8.064865, 0.39144897, -4.5358124
8.058884, 0.38786316, -4.5908813
8.113953, 0.3902588, -4.639969
8.10437, 0.3722992, -4.668686
8.063675, 0.35673523, -4.6950226
8.067261, 0.34117126, -4.692642
8.066071, 0.36271667, -4.6782684
8.018188, 0.37948608, -4.680664
7.9954376, 0.41059875, -4.7213593
8.0026245, 0.4237671, -4.770447
7.965515, 0.41539, -4.7213593
7.930786, 0.4441223, -4.6818542
7.9511414, 0.4620819, -4.66391
8.003815, 0.43574524, -4.624405
7.9834595, 0.44651794, -4.636368
8.026566, 0.44770813, -4.6124268
8.015793, 0.4632721, -4.5801086
7.9882507, 0.45610046, -4.6459503
7.9786835, 0.46806335, -4.644745
7.9487457, 0.45489502, -4.6279907
7.928406, 0.43215942, -4.6435547
7.9319916, 0.42736816, -4.6710815
7.9547424, 0.44532776, -4.6938324
7.9236145, 0.4297638, -4.687851
7.934387, 0.4225769, -4.6543274
8.00502, 0.42616272, -4.6351776
8.056488, 0.3938446, -4.6196136
8.02417, 0.40582275, -4.6076355
8.049301, 0.43814087, -4.651932
8.00621, 0.43095398, -4.636368
8.039734, 0.4405365, -4.629196
8.038528, 0.46806335, -4.6220093
8.027756, 0.44651794, -4.633972
8.011002, 0.3938446, -4.5836945
8.015793, 0.36750793, -4.5908813
8.009796, 0.3830719, -4.5884857
8.0026245, 0.41659546, -4.6112366
8.054092, 0.41539, -4.668686
8.048111, 0.40222168, -4.6938324
8.066071, 0.39863586, -4.672287
8.093597, 0.38067627, -4.657913
8.082825, 0.3866577, -4.6818542
8.100784, 0.35794067, -4.711792
8.082825, 0.4010315, -4.7333374
8.014587, 0.42018127, -4.6866455
8.003815, 0.4237671, -4.660309
8.008606, 0.42736816, -4.620804
7.961914, 0.44172668, -4.596863
7.928406, 0.46447754, -4.557358
7.9750824, 0.48362732, -4.58609
7.961914, 0.45489502, -4.557358
7.9547424, 0.4728546, -4.601654
7.976288, 0.46687317, -4.5992584
7.9750824, 0.42497253, -4.6710815
7.973892, 0.4189911, -4.7453003
7.9631195, 0.42018127, -4.739319
7.985855, 0.3651123, -4.7465057
8.038528, 0.36871338, -4.8566437
8.055298, 0.33998108, -4.8757935
8.0229645, 0.36871338, -4.857834
8.04332, 0.42497253, -4.862625
8.088806, 0.4118042, -4.811142
8.095993, 0.3902588, -4.783615
8.075638, 0.3818817, -4.775238
8.074448, 0.38786316, -4.7297516
8.037338, 0.37828064, -4.7058105
7.9954376, 0.41059875, -4.6986237
7.9547424, 0.44293213, -4.712982
7.9547424, 0.45610046, -4.6543274
7.9164276, 0.45489502, -4.6351776
7.937973, 0.40342712, -4.608841
8.009796, 0.39863586, -4.557358
8.003815, 0.4237671, -4.5477905
8.00621, 0.4632721, -4.5429993
7.9990234, 0.46687317, -4.48674
8.012192, 0.48841858, -4.471176
8.0074005, 0.49320984, -4.4328613
7.9990234, 0.5015869, -4.4137115
7.9954376, 0.4908142, -4.383789
7.9954376, 0.50398254, -4.4101257
7.898468, 0.4980011, -4.4292755
7.8996735, 0.48841858, -4.4328613
7.8841095, 0.48960876, -4.522644
7.9008636, 0.45370483, -4.558563
7.9403687, 0.41659546, -4.5801086
7.993042, 0.4189911, -4.6746826
8.00621, 0.4118042, -4.692642
8.015793, 0.40821838, -4.692642
8.048111, 0.4405365, -4.7405243
8.052902, 0.4046173, -4.728546
8.076843, 0.39144897, -4.7213593
8.051697, 0.39505005, -4.697418
8.032547, 0.41059875, -4.6866455
7.9978333, 0.43215942, -4.732147
7.985855, 0.42736816, -4.723755
7.996628, 0.4237671, -4.6950226
7.996628, 0.39144897, -4.7165833
7.969101, 0.36750793, -4.747696
7.9547424, 0.39505005, -4.732147
7.9906464, 0.41539, -4.7093964
7.976288, 0.3902588, -4.696228
7.991852, 0.42855835, -4.656723
7.991852, 0.43814087, -4.620804
8.011002, 0.41659546, -4.6076355
7.991852, 0.40821838, -4.6196136
7.9822693, 0.3866577, -4.6770782
7.985855, 0.35075378, -4.7165833
8.001419, 0.35913086, -4.794388
7.969101, 0.35794067, -4.7417145
8.0074005, 0.37348938, -4.7656555
8.037338, 0.34954834, -4.7848053
8.0229645, 0.3244171, -4.8051605
8.032547, 0.37348938, -4.7860107
8.037338, 0.3722992, -4.8051605
8.036133, 0.38067627, -4.8171387
8.048111, 0.40821838, -4.815933
8.020569, 0.38426208, -4.771637
8.011002, 0.38067627, -4.751297
8.014587, 0.3902588, -4.7417145
8.008606, 0.3722992, -4.771637
7.973892, 0.39505005, -4.730942
7.94635, 0.43215942, -4.7249603
7.9188232, 0.45729065, -4.74292
7.910446, 0.48602295, -4.739319
7.8936768, 0.4524994, -4.7584686
7.949951, 0.46447754, -4.7728424
7.967911, 0.45489502, -4.794388
7.9595184, 0.43215942, -4.8362885
7.957123, 0.41778564, -4.905716
7.941574, 0.43814087, -4.9081116
7.9487457, 0.4524994, -4.9164886
7.973892, 0.43455505, -4.9188843
7.969101, 0.40582275, -4.885376
7.9786835, 0.39624023, -4.874588
8.0026245, 0.42855835, -4.811142
8.012192, 0.3938446, -4.783615
8.008606, 0.40701294, -4.790802
7.994232, 0.41419983, -4.739319
8.00502, 0.39982605, -4.76326
8.00621, 0.38786316, -4.8015747
7.9978333, 0.41299438, -4.7848053
8.001419, 0.42018127, -4.747696
8.013397, 0.38067627, -4.7165833
8.019379, 0.3830719, -4.814743
8.027756, 0.42138672, -4.873398
7.9667053, 0.42138672, -4.898529
7.973892, 0.42138672, -4.912903
7.9882507, 0.39265442, -4.806366
8.0074005, 0.32321167, -4.7058105
8.093597, 0.33998108, -4.794388
8.078033, 0.45010376, -4.8039703
8.033737, 0.51834106, -4.759674
8.026566, 0.5015869, -4.680664
8.040924, 0.46566772, -4.6076355
8.048111, 0.4405365, -4.589691
8.0229645, 0.4441223, -4.651932
8.02536, 0.4812317, -4.6351776
7.9044495, 0.4908142, -4.601654
7.969101, 0.4441223, -4.5489807
8.030151, 0.43215942, -4.510681
8.118744, 0.44891357, -4.537018
8.418015, 0.6895294, -4.458008
8.422806, 0.65600586, -4.450821
7.989456, 0.3902588, -4.6148224
7.6590576, 0.25498962, -4.668686
7.6231384, 0.31723022, -4.6591187
7.8601685, 0.4632721, -4.526245
8.113953, 0.6428375, -4.42807
8.225281, 0.7182617, -4.4651794
8.26358, 0.6177063, -4.4328613
8.20253, 0.54348755, -4.387375
8.036133, 0.54707336, -4.308365
7.9403687, 0.6093292, -4.2365417
7.873337, 0.6201019, -4.2042236
7.9475555, 0.6248932, -4.244919
7.9595184, 0.6177063, -4.256897
7.973892, 0.62727356, -4.2281647
7.993042, 0.628479, -4.201828
8.040924, 0.6368561, -4.244919
8.061279, 0.6428375, -4.244919
8.078033, 0.62249756, -4.292801
8.072052, 0.6428375, -4.337097
8.061279, 0.628479, -4.3538513
8.044525, 0.6093292, -4.3777924
8.015793, 0.6536102, -4.3981476
8.00621, 0.62249756, -4.431671
7.970291, 0.5997467, -4.4759674
7.936783, 0.6488342, -4.474762
7.910446, 0.6775665, -4.459198
7.9044495, 0.68473816, -4.462799
7.967911, 0.6907196, -4.4723663
8.008606, 0.67396545, -4.5034943
8.034943, 0.6536102, -4.481949
8.036133, 0.6356659, -4.481949
7.9906464, 0.6177063, -4.450821
7.9978333, 0.5997467, -4.5441895
8.048111, 0.5482788, -4.479553
8.051697, 0.5518646, -4.458008
8.070847, 0.6105194, -4.497513
8.112747, 0.5506592, -4.5334167
8.153458, 0.48483276, -4.5322266
8.250412, 0.4441223, -4.479553
8.26239, 0.45010376, -4.467575
8.238449, 0.44172668, -4.4807434
8.276749, 0.42736816, -4.546585
8.283936, 0.39863586, -4.5334167
8.267181, 0.3938446, -4.610031
8.286331, 0.39265442, -4.6854553
8.252808, 0.45968628, -4.6591187
8.208527, 0.4908142, -4.680664
8.190567, 0.5171509, -4.6818542
8.154648, 0.50756836, -4.732147
8.146271, 0.52194214, -4.728546
8.088806, 0.5698242, -4.739319
8.049301, 0.588974, -4.7345276
7.9906464, 0.61531067, -4.736923
7.969101, 0.6188965, -4.736923
7.969101, 0.6691742, -4.727356
7.9355774, 0.65242004, -4.696228
7.970291, 0.60453796, -4.6866455
7.967911, 0.6177063, -4.6351776
7.9822693, 0.6404419, -4.589691
7.991852, 0.61531067, -4.558563

