x : y : Z 
9.09198, -0.05027771, -2.2002716
9.131485, -0.082595825, -2.158371
9.154236, -0.09576416, -2.1835175
9.123108, -0.068237305, -2.13443
9.121902, -0.05267334, -2.130844
9.107544, -0.06463623, -2.189499
9.107544, -0.05506897, -2.1356354
9.09079, -0.04548645, -2.1176758
9.10994, -0.063446045, -2.158371
9.115921, -0.06463623, -2.185913
9.063248, -0.087387085, -2.197876
9.075226, -0.099365234, -2.182312
9.107544, -0.068237305, -2.1643524
9.081207, -0.0574646, -2.1847076
9.082397, -0.02154541, -2.1380157
9.068039, -0.02633667, -2.1260529
9.083603, -0.044296265, -2.1284485
9.136276, -0.0574646, -2.1128845
9.115921, -0.07421875, -2.1356354
9.119507, -0.08140564, -2.1416168
9.107544, -0.06463623, -2.1607666
9.108734, -0.07901001, -2.1811218
9.099167, -0.06463623, -2.2266083
9.095566, -0.06225586, -2.2397766
9.063248, -0.046691895, -2.2158356
9.10994, -0.07661438, -2.2098541
9.081207, -0.08380127, -2.2481537
9.11113, -0.10534668, -2.2194214
9.138672, -0.101760864, -2.2349854
9.119507, -0.084991455, -2.2194214
9.132675, -0.10774231, -2.2409668
9.138672, -0.123306274, -2.221817
9.130295, -0.12210083, -2.2014618
9.11113, -0.10774231, -2.1990814
9.124298, -0.120910645, -2.2397766
9.09198, -0.094573975, -2.2577362
9.059662, -0.07421875, -2.2589264
9.076416, -0.08140564, -2.2146301
9.087189, -0.05986023, -2.2242126
9.071625, -0.084991455, -2.2397766
9.09079, -0.12210083, -2.2337952
9.10994, -0.10295105, -2.2337952
9.112335, -0.106536865, -2.1942902
9.138672, -0.108932495, -2.2242126
9.120712, -0.11013794, -2.225418
9.1015625, -0.10055542, -2.2230225
9.125504, -0.106536865, -2.2337952
9.096771, -0.10774231, -2.2170258
9.085999, -0.087387085, -2.21344
9.087189, -0.049087524, -2.2361908
9.059662, -0.0574646, -2.1930847
9.060852, -0.022750854, -2.1775208
9.064453, -0.0071868896, -2.1751251
9.09198, -0.034713745, -2.146408
9.087189, -0.044296265, -2.1847076
9.1015625, -0.03352356, -2.1787262
9.10994, -0.01914978, -2.1691437
9.112335, -0.04069519, -2.1452026
9.095566, -0.03831482, -2.1236572
9.112335, -0.04548645, -2.1547852
9.108734, -0.03831482, -2.1487885
9.058456, -0.03831482, -2.1416168
9.066849, -0.022750854, -2.1703491
9.080017, -0.039505005, -2.1248474
9.077621, -0.02633667, -2.1655579
9.081207, -0.008377075, -2.1559753
9.07283, -0.010772705, -2.1631622
9.09198, -0.020355225, -2.1871033
9.056061, -0.0023956299, -2.1918945
9.045288, -0.011978149, -2.1631622
9.088394, -0.04069519, -2.1655579
9.075226, -0.022750854, -2.1619568
9.084793, 0.0011901855, -2.1236572
9.100357, -0.044296265, -2.1284485
9.088394, -0.029922485, -2.149994
9.068039, -0.041900635, -2.1296387
9.097961, -0.04309082, -2.1152802
9.09079, -0.05506897, -2.1811218
9.069229, -0.04548645, -2.1751251
9.070435, -0.049087524, -2.2014618
9.050079, -0.06225586, -2.2361908
9.076416, -0.03831482, -2.2445679
9.113525, -0.02633667, -2.2385712
9.105148, -0.058654785, -2.2601318
9.084793, -0.06225586, -2.2469635
9.071625, -0.063446045, -2.2158356
9.124298, -0.046691895, -2.261322
9.120712, -0.041900635, -2.2266083
9.120712, -0.073028564, -2.2361908
9.132675, -0.092178345, -2.2086487
9.099167, -0.08380127, -2.2277985
9.117126, -0.0574646, -2.2182312
9.085999, -0.053863525, -2.2337952
9.084793, -0.04788208, -2.2313995
9.069229, -0.061050415, -2.2553406
9.077621, -0.049087524, -2.2086487
9.068039, -0.03591919, -2.2194214
9.112335, -0.020355225, -2.2074585
9.114731, -0.017959595, -2.2313995
9.094376, -0.049087524, -2.2146301
9.1458435, -0.046691895, -2.1835175
9.144653, -0.061050415, -2.1930847
9.09198, -0.077804565, -2.1811218
9.102753, -0.03112793, -2.2098541
9.087189, -0.02154541, -2.1847076
9.077621, -0.041900635, -2.146408
9.060852, -0.03112793, -2.1607666
9.099167, -0.04069519, -2.1942902
9.083603, -0.013168335, -2.197876
9.069229, -0.044296265, -2.1966858
9.130295, -0.077804565, -2.2110443
9.080017, -0.029922485, -2.225418
9.076416, -0.049087524, -2.2038574
9.099167, -0.05506897, -2.2038574
9.080017, -0.04069519, -2.197876
9.095566, -0.03112793, -2.1835175
9.084793, -0.05267334, -2.1918945
9.095566, -0.044296265, -2.190689
9.088394, -0.04309082, -2.1799164
9.107544, -0.041900635, -2.1643524
9.115921, -0.05506897, -2.221817
9.082397, -0.04788208, -2.2277985
9.089584, -0.075424194, -2.2158356
9.137466, -0.06225586, -2.2517395
9.133881, -0.068237305, -2.2325897
9.084793, -0.058654785, -2.2266083
9.095566, -0.044296265, -2.2409668
9.115921, -0.02394104, -2.2589264
9.106354, -0.022750854, -2.2541351
9.09079, -0.056259155, -2.245758
9.124298, -0.073028564, -2.2110443
9.139862, -0.070632935, -2.2481537
9.123108, -0.075424194, -2.2553406
9.1015625, -0.06463623, -2.2194214
9.130295, -0.058654785, -2.2313995
9.117126, -0.037109375, -2.2433624
9.085999, -0.04069519, -2.2242126
9.056061, -0.05027771, -2.230194
9.066849, -0.017959595, -2.2541351
9.078812, -0.02633667, -2.1954803
9.095566, -0.0023956299, -2.2349854
9.083603, -0.0023956299, -2.21344
9.085999, -0.0011901855, -2.2026672
9.071625, 0.049087524, -2.2194214
9.068039, 0.0023956299, -2.230194
9.085999, -0.0023956299, -2.1871033
9.09198, 0.022750854, -2.149994
9.076416, 0.0035858154, -2.122467
9.064453, 0.017959595, -2.1715393
9.05368, 0.02633667, -2.111679
9.0620575, 0.03352356, -2.1332397
9.036911, 0.0035858154, -2.1487885
9.004593, 0.022750854, -2.1200714
9.015366, 0.075424194, -2.1332397
8.99382, 0.04548645, -2.1260529
8.989029, 0.05267334, -2.1655579
9.033325, 0.022750854, -2.130844
9.027344, 0.0059814453, -2.1619568
9.076416, -0.02394104, -2.2122498
9.105148, -0.017959595, -2.1691437
9.085999, -0.05986023, -2.2014618
9.1015625, -0.04069519, -2.2577362
9.09198, -0.06703186, -2.2170258
9.148239, -0.058654785, -2.1882935
9.132675, -0.077804565, -2.2277985
9.11113, -0.09336853, -2.2266083
9.07402, -0.08380127, -2.2014618
9.09198, -0.07661438, -2.2493591
9.107544, -0.05267334, -2.268509
9.084793, -0.05986023, -2.2828674
9.123108, -0.07182312, -2.3020325
9.117126, -0.09815979, -2.285263
9.155426, -0.087387085, -2.323578
9.165009, -0.08859253, -2.3044128
9.130295, -0.08380127, -2.363083
9.144653, -0.099365234, -2.3259735
9.144653, -0.084991455, -2.3355408
9.120712, -0.068237305, -2.323578
9.117126, -0.082595825, -2.3032227
9.102753, -0.05986023, -2.2960358
9.112335, -0.070632935, -2.2912445
9.113525, -0.075424194, -2.2673035
9.103958, -0.049087524, -2.2505493
9.107544, -0.03352356, -2.2325897
9.10994, -0.04069519, -2.2266083
9.102753, -0.04548645, -2.230194
9.1410675, -0.02154541, -2.2230225
9.09079, -0.051467896, -2.2014618
9.033325, -0.037109375, -2.189499
9.07402, -0.0095825195, -2.1847076
9.048889, 0.008377075, -2.2002716
9.021347, -0.0011901855, -2.197876
9.042892, 0.0143585205, -2.2098541
9.033325, 0.02633667, -2.197876
9.021347, 0.0023956299, -2.2146301
9.05368, 0.022750854, -2.2014618
9.066849, 0.0059814453, -2.190689
9.056061, -0.0071868896, -2.1930847
9.046494, -0.0047912598, -2.2038574
9.029724, -0.011978149, -2.237381
9.060852, -0.02394104, -2.2170258
9.066849, -0.0143585205, -2.1942902
9.051285, -0.0023956299, -2.2230225
9.059662, 0.0035858154, -2.237381
9.056061, 0.008377075, -2.2481537
9.046494, 0.0095825195, -2.2385712
9.065643, 0.02633667, -2.1715393
9.064453, -0.0047912598, -2.2385712
9.084793, -0.0059814453, -2.1930847
9.068039, -0.010772705, -2.1595764
9.103958, 0.0023956299, -2.1380157
9.117126, -0.008377075, -2.1092987
9.102753, 0.0059814453, -2.0410614
9.120712, 0.0, -2.0506287
9.121902, 0.011978149, -2.0506287
9.143463, -0.05027771, -2.051834
9.1458435, -0.029922485, -2.070984
9.126694, -0.046691895, -2.0997162
9.144653, -0.073028564, -2.1056976
9.133881, -0.039505005, -2.1080933
9.115921, -0.04788208, -2.1128845
9.113525, -0.063446045, -2.1416168
9.130295, -0.04069519, -2.1332397
9.125504, -0.03591919, -2.1559753
9.097961, -0.05267334, -2.1835175
9.149445, -0.049087524, -2.1763306
9.161407, -0.02633667, -2.1571808
9.108734, -0.061050415, -2.1392212
9.127899, -0.094573975, -2.1631622
9.160217, -0.08140564, -2.189499
9.175781, -0.077804565, -2.189499
9.149445, -0.06703186, -2.146408
9.125504, -0.06942749, -2.189499
9.118317, -0.07901001, -2.197876
9.120712, -0.061050415, -2.2014618
9.154236, -0.073028564, -2.2074585
9.155426, -0.06703186, -2.2110443
9.148239, -0.06942749, -2.1966858
9.137466, -0.077804565, -2.2026672
9.163803, -0.06942749, -2.2170258
9.114731, -0.039505005, -2.2074585
9.106354, -0.080200195, -2.229004
9.161407, -0.082595825, -2.1763306
9.132675, -0.0574646, -2.189499
9.087189, -0.0574646, -2.151184
9.087189, -0.034713745, -2.1236572
9.081207, -0.03352356, -2.1368256
9.10994, -0.027526855, -2.142807
9.095566, -0.04069519, -2.1547852
9.096771, -0.027526855, -2.1452026
9.081207, -0.011978149, -2.1260529
9.058456, -0.0023956299, -2.110489
9.078812, -0.02154541, -2.1619568
9.096771, -0.03112793, -2.1763306
9.121902, -0.01914978, -2.0973206
9.125504, -0.029922485, -2.127243
9.084793, -0.022750854, -2.1679535
9.057266, 0.0143585205, -2.1368256
9.058456, -0.0035858154, -2.1847076
9.051285, 0.0023956299, -2.1871033
9.096771, -0.011978149, -2.1559753
9.083603, -0.051467896, -2.1679535
9.085999, -0.0143585205, -2.1571808
9.107544, -0.03112793, -2.1811218
9.102753, -0.051467896, -2.182312
9.094376, -0.080200195, -2.2086487
9.100357, -0.0861969, -2.2421722
9.094376, -0.05506897, -2.2481537
9.1015625, -0.07182312, -2.2385712
9.112335, -0.044296265, -2.2541351
9.09079, -0.0071868896, -2.2349854
9.080017, 0.015563965, -2.2481537
9.118317, -0.025146484, -2.2493591
9.124298, -0.032318115, -2.2433624
9.100357, -0.04309082, -2.2158356
9.094376, -0.04788208, -2.2026672
9.126694, -0.07901001, -2.1847076
9.127899, -0.070632935, -2.1691437
9.100357, -0.05986023, -2.1595764
9.115921, -0.065841675, -2.1523895
9.1015625, -0.03591919, -2.1404114
9.127899, -0.02154541, -2.122467
9.117126, -0.0287323, -2.1775208
9.100357, -0.04069519, -2.185913
9.076416, 0.0035858154, -2.1619568
9.089584, 0.032318115, -2.1847076
9.097961, -0.010772705, -2.2230225
9.082397, 0.0011901855, -2.2182312
9.052475, -0.0035858154, -2.1811218
9.060852, 0.0059814453, -2.1847076
9.05368, 0.0071868896, -2.1368256
9.083603, -0.022750854, -2.1571808
9.085999, -0.02633667, -2.142807
9.07402, -0.013168335, -2.1535797
9.085999, -0.034713745, -2.1296387
9.108734, -0.05267334, -2.1332397
9.124298, -0.044296265, -2.1236572
9.119507, -0.05267334, -2.103302
9.144653, -0.084991455, -2.1021118
9.163803, -0.06225586, -2.1176758
9.123108, -0.05986023, -2.1284485
9.135071, -0.046691895, -2.1296387
9.120712, -0.034713745, -2.1045074
9.148239, 0.022750854, -2.1284485
9.094376, 0.0071868896, -2.1535797
9.083603, -0.01914978, -2.1248474
9.085999, 0.010772705, -2.1595764
9.069229, -0.01675415, -2.1631622
9.081207, 0.013168335, -2.1487885
9.065643, -0.0035858154, -2.166748
9.0620575, -0.008377075, -2.1990814
9.051285, -0.0023956299, -2.2050629
9.028534, -0.025146484, -2.221817
9.065643, -0.053863525, -2.2349854
9.068039, -0.05267334, -2.2661133
9.038116, -0.07421875, -2.2122498
9.078812, -0.015563965, -2.2397766
9.052475, -0.02154541, -2.2469635
9.056061, -0.037109375, -2.2828674
9.051285, -0.03352356, -2.3044128
9.047684, -0.020355225, -2.3104095
8.996216, -0.025146484, -2.309204
9.040512, -0.092178345, -2.364273
9.097961, -0.13526917, -2.3786469
9.176971, -0.25857544, -2.367859
9.229645, -0.31723022, -2.426529
9.282318, -0.35794067, -2.5007477
9.270355, -0.35554504, -2.5605927
9.242813, -0.2861023, -2.5881348
9.19014, -0.19154358, -2.568985
9.10994, -0.09576416, -2.5043335
9.044098, 0.010772705, -2.4887695
8.965088, 0.07901001, -2.5007477
8.920792, 0.07661438, -2.5019379
8.955505, 0.05027771, -2.4492645
8.984238, 0.0047912598, -2.379837
9.005783, -0.01914978, -2.3020325
9.044098, -0.05506897, -2.2481537
9.135071, -0.053863525, -2.1871033
9.148239, -0.06942749, -2.0626068
9.184158, -0.09576416, -2.0566254
9.163803, -0.092178345, -2.0817566
9.139862, -0.0861969, -2.118866
9.108734, -0.09576416, -2.1404114
9.0620575, -0.077804565, -2.1990814
9.006989, -0.044296265, -2.252945
8.99501, 0.015563965, -2.3295593
8.972275, -0.02154541, -2.2972412
8.957901, -0.01675415, -2.3427277
8.975861, 0.0047912598, -2.3606873
8.996216, 0.017959595, -2.3654785
9.048889, 0.0059814453, -2.364273
9.087189, -0.0023956299, -2.3115997
9.077621, 0.01914978, -2.2816772
9.129089, 0.0035858154, -2.2230225
9.100357, -0.037109375, -2.206253
9.070435, -0.032318115, -2.142807
9.09198, 0.010772705, -2.158371
9.026138, -0.0095825195, -2.127243
9.028534, -0.0095825195, -2.1164703
9.01297, 0.011978149, -2.1236572
9.003403, 0.013168335, -2.1990814
8.968674, -0.01914978, -2.2170258
8.975861, 0.02394104, -2.2122498
8.987839, 0.02394104, -2.2625275
8.969879, 0.0023956299, -2.3044128
9.021347, 0.0035858154, -2.2625275
9.017761, 0.02154541, -2.2900543
9.036911, 0.0047912598, -2.3115997
9.058456, -0.022750854, -2.3056183
9.085999, -0.034713745, -2.2948456
9.077621, -0.046691895, -2.2864685
9.071625, -0.051467896, -2.2984314
9.064453, -0.044296265, -2.2625275
9.056061, -0.0287323, -2.2385712
9.035721, -0.017959595, -2.2445679
9.047684, -0.013168335, -2.3032227
9.01178, -0.046691895, -2.2637177
9.0225525, -0.04548645, -2.2589264
9.054871, -0.03591919, -2.2972412
9.038116, -0.05027771, -2.328354
9.03093, -0.058654785, -2.324768
9.035721, -0.04548645, -2.3810272
9.033325, -0.061050415, -2.427719
9.09198, -0.08859253, -2.4241333
9.056061, -0.101760864, -2.4253235
9.069229, -0.092178345, -2.4612427
9.076416, -0.09576416, -2.5175018
9.077621, -0.080200195, -2.4768066
9.07402, -0.068237305, -2.4396973
9.057266, -0.089782715, -2.4444733
9.054871, -0.12928772, -2.45047
9.066849, -0.15322876, -2.4851837
9.0620575, -0.120910645, -2.4756012
9.068039, -0.13168335, -2.4803925
9.05368, -0.19273376, -2.443283
9.0620575, -0.17597961, -2.494751
9.10994, -0.17837524, -2.5127106
9.057266, -0.15441895, -2.4768066
9.077621, -0.14604187, -2.4935608
9.102753, -0.12808228, -2.4911652
9.096771, -0.1257019, -2.5175018
9.076416, -0.13407898, -2.5175018
9.096771, -0.111328125, -2.5270844
9.089584, -0.096969604, -2.5677795
9.083603, -0.104141235, -2.534256
9.088394, -0.1149292, -2.5558167
9.09079, -0.14364624, -2.5270844
9.089584, -0.12689209, -2.4995422
9.100357, -0.12689209, -2.4851837
9.113525, -0.1149292, -2.4217377
9.09198, -0.0909729, -2.331955
9.11113, -0.104141235, -2.2553406
9.103958, -0.0574646, -2.21344
9.124298, -0.04069519, -2.1775208
9.106354, -0.027526855, -2.1140747
9.083603, -0.061050415, -2.103302
9.089584, -0.04548645, -2.1368256
9.09198, -0.058654785, -2.1152802
9.071625, -0.111328125, -2.13443
9.081207, -0.0861969, -2.1775208
9.077621, -0.087387085, -2.1236572
9.096771, -0.0861969, -2.1619568
9.11113, -0.077804565, -2.149994
9.159012, -0.056259155, -2.0566254
9.215286, -0.01675415, -2.05542
9.203308, -0.013168335, -2.0063477
9.129089, -0.013168335, -1.9369049
9.150635, 0.008377075, -1.9261322
9.106354, 0.0071868896, -1.8782501
9.078812, 0.0011901855, -1.8171997
9.042892, 0.029922485, -1.7765045
9.028534, 0.013168335, -1.8076172
9.009384, 0.011978149, -1.8351593
9.021347, -0.0095825195, -1.8770599
9.046494, 0.0035858154, -1.8997955
9.094376, 0.020355225, -1.8650818
9.123108, -0.0047912598, -1.9512787
9.1410675, 0.015563965, -1.9764099
9.165009, 0.03591919, -2.0147247
9.168594, -0.01914978, -2.024292
9.155426, -0.044296265, -2.094925
9.136276, -0.04548645, -2.1487885
9.082397, -0.06463623, -2.1595764
9.078812, -0.053863525, -2.229004
9.075226, -0.053863525, -2.2673035
9.085999, -0.094573975, -2.2876587
9.058456, -0.08380127, -2.323578
9.114731, -0.089782715, -2.2744904
9.133881, -0.10055542, -2.1332397
9.17218, -0.077804565, -2.0602112
9.202118, -0.08859253, -1.8602905
9.248795, -0.106536865, -1.7178345
9.2799225, -0.1304779, -1.6448212
9.305069, -0.16281128, -1.6376343
9.285904, -0.21548462, -1.6651611
9.26915, -0.21308899, -1.7166443
9.202118, -0.13407898, -1.7980499
9.119507, -0.02394104, -1.8052216
9.059662, 0.027526855, -1.8591003
8.956711, 0.11253357, -1.9596558
8.911224, 0.15441895, -2.0075378
8.902832, 0.14125061, -2.0446472
8.918396, 0.07421875, -2.1535797
8.950729, 0.0287323, -2.1559753
9.027344, -0.025146484, -2.2409668
9.133881, -0.07421875, -2.2277985
9.179367, -0.104141235, -2.2002716
9.233246, -0.14364624, -2.1871033
9.295486, -0.13526917, -2.1392212
9.293091, -0.14364624, -2.130844
9.266754, -0.12449646, -2.1056976
9.204514, -0.15322876, -2.0997162
9.168594, -0.15802002, -2.1056976
9.119507, -0.14724731, -2.1332397
9.060852, -0.15203857, -2.1811218
9.045288, -0.12689209, -2.2146301
9.057266, -0.101760864, -2.285263
9.07283, -0.15203857, -2.2709045
9.137466, -0.13287354, -2.269699
9.166199, -0.14604187, -2.2912445
9.1853485, -0.20231628, -2.3032227
9.186554, -0.20231628, -2.2876587
9.211685, -0.19631958, -2.2277985
9.196121, -0.16400146, -2.1918945
9.176971, -0.15441895, -2.2074585
9.127899, -0.1257019, -2.2038574
9.11113, -0.1197052, -2.1847076
9.113525, -0.13168335, -2.221817
9.083603, -0.13168335, -2.1871033
9.085999, -0.094573975, -2.1942902
9.0620575, -0.08380127, -2.197876
9.059662, -0.09336853, -2.2086487
9.069229, -0.09336853, -2.173935
9.095566, -0.06463623, -2.1392212
9.123108, -0.06225586, -2.1523895
9.127899, -0.056259155, -2.151184
9.099167, -0.08140564, -2.1128845
9.100357, -0.075424194, -2.1080933
9.136276, -0.075424194, -2.0973206
9.142258, -0.05506897, -2.1236572
9.148239, -0.058654785, -2.0805664
9.077621, -0.061050415, -2.072174
9.081207, -0.068237305, -2.0231018
9.115921, -0.053863525, -2.0302887
9.105148, -0.04548645, -2.0446472
9.081207, -0.037109375, -1.9991608
9.065643, -0.07901001, -1.9919739
9.097961, -0.0909729, -2.003952
9.105148, -0.096969604, -2.015915
9.114731, -0.080200195, -2.0326843
9.168594, -0.06463623, -2.039856
9.184158, -0.12808228, -2.079361
9.178177, -0.10534668, -2.1080933
9.159012, -0.075424194, -2.1260529
9.138672, -0.09576416, -2.130844
9.132675, -0.10055542, -2.1356354
9.119507, -0.113723755, -2.13443
9.082397, -0.084991455, -2.1356354
9.066849, -0.10055542, -2.1260529
9.102753, -0.06703186, -2.05542
9.095566, -0.0574646, -2.0769653
9.075226, -0.06463623, -2.0542297
9.137466, -0.075424194, -2.0254974
9.135071, -0.077804565, -2.0015564
9.137466, -0.05267334, -1.9871826
9.166199, -0.073028564, -2.0326843
9.191345, -0.08859253, -2.0051422
9.17218, -0.053863525, -2.0386658
9.17218, -0.051467896, -2.0135193
9.113525, -0.06463623, -2.0446472
9.127899, -0.056259155, -2.0661926
9.112335, -0.084991455, -2.0386658
9.105148, -0.09336853, -2.0901337
9.120712, -0.077804565, -2.0602112
9.11113, -0.041900635, -2.0745697
9.118317, -0.09576416, -2.0805664
9.119507, -0.08140564, -2.0733795
9.09079, -0.084991455, -2.051834
9.137466, -0.0909729, -2.0530243
9.1698, -0.04788208, -2.0578156
9.124298, -0.08380127, -2.072174
9.119507, -0.07901001, -2.0614014
9.1410675, -0.089782715, -2.051834
9.159012, -0.116119385, -2.0937347
9.120712, -0.096969604, -2.0997162
9.089584, -0.096969604, -2.106903
9.10994, -0.1149292, -2.1212616
9.137466, -0.108932495, -2.1080933
9.136276, -0.09336853, -2.110489
9.121902, -0.092178345, -2.13443
9.112335, -0.06463623, -2.1152802
9.133881, -0.096969604, -2.142807
9.131485, -0.101760864, -2.1368256
9.124298, -0.09815979, -2.1607666
9.142258, -0.13647461, -2.1727448
9.139862, -0.09815979, -2.1679535
9.142258, -0.087387085, -2.1703491
9.156631, -0.108932495, -2.1380157
9.135071, -0.106536865, -2.1691437
9.136276, -0.1197052, -2.1751251
9.127899, -0.120910645, -2.1643524
9.124298, -0.113723755, -2.1619568
9.147049, -0.092178345, -2.1487885
9.10994, -0.09815979, -2.1487885
9.118317, -0.11253357, -2.1212616
9.09198, -0.09336853, -2.1176758
9.107544, -0.12808228, -2.1248474
9.112335, -0.0909729, -2.122467
9.1015625, -0.101760864, -2.127243
9.136276, -0.108932495, -2.0985107
9.11113, -0.092178345, -2.0985107
9.119507, -0.09336853, -2.110489
9.144653, -0.09815979, -2.1021118
9.135071, -0.10055542, -2.1236572
9.137466, -0.09336853, -2.1332397
9.105148, -0.08859253, -2.0997162
9.125504, -0.08380127, -2.0985107
9.10994, -0.07661438, -2.0578156
9.099167, -0.092178345, -2.0626068
9.100357, -0.084991455, -2.0614014
9.121902, -0.092178345, -2.0458527
9.129089, -0.084991455, -2.0650024
9.135071, -0.07182312, -2.0841522
9.139862, -0.05506897, -2.067398
9.15303, -0.065841675, -2.043457
9.154236, -0.08140564, -2.0446472
9.142258, -0.077804565, -2.0207062
9.150635, -0.10055542, -2.0147247
9.133881, -0.084991455, -2.0757751
9.103958, -0.096969604, -2.0530243
9.120712, -0.084991455, -2.0422516
9.149445, -0.06703186, -2.048233
9.117126, -0.070632935, -2.05542
9.117126, -0.06703186, -2.0446472
9.118317, -0.07421875, -2.0027466
9.120712, -0.082595825, -2.0254974
9.131485, -0.07421875, -2.072174
9.124298, -0.10055542, -2.0422516
9.139862, -0.09336853, -2.0374603
9.155426, -0.111328125, -2.0207062
9.149445, -0.10055542, -2.0075378
9.143463, -0.089782715, -2.0494385
9.131485, -0.08140564, -2.0147247
9.108734, -0.08140564, -2.05542
9.137466, -0.08859253, -2.082962
9.163803, -0.0909729, -2.0410614
9.15303, -0.077804565, -2.0362701
9.148239, -0.10055542, -2.070984
9.155426, -0.10055542, -2.0781708
9.138672, -0.070632935, -2.0985107
9.1458435, -0.10295105, -2.067398
9.127899, -0.08859253, -2.0578156
9.138672, -0.0909729, -2.063797
9.1015625, -0.0861969, -2.067398
9.125504, -0.082595825, -2.0326843
9.15184, -0.087387085, -2.0817566
9.137466, -0.08859253, -2.0745697
9.125504, -0.101760864, -2.0733795
9.157822, -0.096969604, -2.0757751
9.138672, -0.111328125, -2.0961304
9.132675, -0.089782715, -2.0841522
9.15184, -0.11013794, -2.1200714
9.112335, -0.09576416, -2.1056976
9.125504, -0.092178345, -2.1092987
9.133881, -0.0909729, -2.0889435
9.133881, -0.09336853, -2.1332397
9.15184, -0.101760864, -2.1236572
9.15303, -0.06703186, -2.1380157
9.148239, -0.084991455, -2.1236572
9.113525, -0.0861969, -2.1200714
9.097961, -0.089782715, -2.1152802
9.129089, -0.10055542, -2.0889435
9.124298, -0.07901001, -2.1212616
9.127899, -0.065841675, -2.0973206
9.130295, -0.11253357, -2.0781708
9.127899, -0.10055542, -2.111679
9.100357, -0.06225586, -2.0841522
9.132675, -0.09336853, -2.0650024
9.127899, -0.09815979, -2.0973206
9.127899, -0.07661438, -2.1045074
9.127899, -0.101760864, -2.1045074
9.114731, -0.111328125, -2.1045074
9.15184, -0.10055542, -2.0853424
9.150635, -0.09815979, -2.0805664
9.136276, -0.077804565, -2.0506287
9.138672, -0.084991455, -2.1009064
9.120712, -0.1257019, -2.122467
9.15184, -0.094573975, -2.1260529
9.132675, -0.082595825, -2.0937347
9.132675, -0.07901001, -2.0817566
9.148239, -0.087387085, -2.0805664
9.131485, -0.111328125, -2.0650024
9.112335, -0.09576416, -2.0470428
9.107544, -0.10055542, -2.0207062
9.163803, -0.111328125, -2.0578156
9.142258, -0.07182312, -2.0853424
9.15184, -0.06703186, -2.072174
9.137466, -0.07901001, -2.0494385
9.10994, -0.09336853, -2.0865479
9.129089, -0.10055542, -2.0661926
9.160217, -0.089782715, -2.0410614
9.155426, -0.058654785, -2.0099335
9.147049, -0.07661438, -2.0338745
9.117126, -0.06942749, -2.091339
9.127899, -0.07421875, -2.070984
9.130295, -0.080200195, -2.0745697
9.144653, -0.070632935, -2.0661926
9.127899, -0.092178345, -2.0602112
9.148239, -0.106536865, -2.0446472
9.155426, -0.1197052, -2.0805664
9.161407, -0.1257019, -2.043457
9.150635, -0.08380127, -2.0338745
9.112335, -0.068237305, -2.048233
9.136276, -0.08380127, -2.039856
9.107544, -0.065841675, -2.039856
9.130295, -0.0861969, -2.0338745
9.114731, -0.061050415, -2.0386658
9.108734, -0.073028564, -2.0626068
9.131485, -0.058654785, -2.0422516
9.133881, -0.077804565, -2.0231018
9.125504, -0.0861969, -2.0578156
9.173386, -0.096969604, -2.0626068
9.156631, -0.09815979, -2.048233
9.129089, -0.075424194, -2.0494385
9.157822, -0.099365234, -2.0362701
9.15303, -0.096969604, -2.0063477
9.163803, -0.108932495, -2.0458527
9.136276, -0.101760864, -2.0542297
9.154236, -0.116119385, -2.059021
9.1458435, -0.099365234, -2.0757751
9.135071, -0.108932495, -2.05542
9.130295, -0.092178345, -2.0997162
9.119507, -0.09815979, -2.0937347
9.131485, -0.10534668, -2.072174
9.166199, -0.101760864, -2.0697937
9.142258, -0.087387085, -2.087738
9.156631, -0.08140564, -2.0805664
9.142258, -0.075424194, -2.0650024
9.126694, -0.0861969, -2.0697937
9.131485, -0.082595825, -2.0769653
9.136276, -0.10774231, -2.0254974
9.127899, -0.096969604, -2.0853424
9.147049, -0.07661438, -2.070984
9.133881, -0.092178345, -2.051834
9.118317, -0.082595825, -2.079361
9.136276, -0.099365234, -2.0889435
9.126694, -0.09815979, -2.059021
9.115921, -0.11253357, -2.0817566
9.119507, -0.096969604, -2.0661926
9.138672, -0.063446045, -2.0458527
9.149445, -0.07182312, -2.0661926
9.149445, -0.063446045, -2.0290833
9.126694, -0.092178345, -2.0386658
9.115921, -0.07661438, -2.0410614
9.144653, -0.070632935, -2.0374603
9.143463, -0.07661438, -2.0626068
9.136276, -0.09336853, -2.0506287
9.147049, -0.092178345, -2.048233
9.165009, -0.092178345, -2.0530243
9.114731, -0.070632935, -2.0626068
9.120712, -0.077804565, -2.0530243
9.124298, -0.07901001, -2.0769653
9.124298, -0.09576416, -2.0506287
9.114731, -0.09815979, -2.048233
9.126694, -0.08859253, -2.0650024
9.132675, -0.09336853, -2.067398
9.138672, -0.075424194, -2.0661926
9.11113, -0.070632935, -2.0733795
9.138672, -0.104141235, -2.0566254
9.17099, -0.10055542, -2.0781708
9.154236, -0.101760864, -2.067398
9.15184, -0.10534668, -2.039856
9.166199, -0.0861969, -2.0685883
9.135071, -0.06463623, -2.051834
9.124298, -0.06703186, -2.0422516
9.113525, -0.094573975, -2.067398
9.118317, -0.07901001, -2.0530243
9.15184, -0.063446045, -2.0135193
9.10994, -0.04788208, -2.0183105
9.131485, -0.051467896, -2.0494385
9.135071, -0.05267334, -2.039856
9.118317, -0.053863525, -2.0135193
9.132675, -0.06942749, -2.0099335
9.129089, -0.07901001, -2.0266876
9.112335, -0.092178345, -2.0338745
9.149445, -0.10055542, -2.05542
9.126694, -0.089782715, -2.0302887
9.142258, -0.061050415, -2.0626068
9.142258, -0.087387085, -2.0530243
9.166199, -0.0909729, -2.0374603
9.1458435, -0.10295105, -2.0661926
9.142258, -0.07182312, -2.087738
9.120712, -0.07421875, -2.027893
9.103958, -0.073028564, -2.0697937
9.150635, -0.092178345, -2.0650024
9.149445, -0.09336853, -2.0075378
9.136276, -0.082595825, -2.0183105
9.148239, -0.07182312, -2.0374603
9.147049, -0.04069519, -2.0410614
9.133881, -0.0909729, -2.0494385
9.148239, -0.108932495, -2.0374603
9.162613, -0.07661438, -2.05542
9.161407, -0.0909729, -2.043457
9.149445, -0.08140564, -2.0650024
9.1410675, -0.0861969, -2.0530243
9.127899, -0.063446045, -2.082962
9.131485, -0.051467896, -2.1021118
9.147049, -0.04788208, -2.0745697
9.1410675, -0.08140564, -2.0207062
9.119507, -0.0861969, -2.0350647
9.148239, -0.073028564, -2.0374603
9.129089, -0.065841675, -2.019516
9.159012, -0.087387085, -2.0135193
9.157822, -0.03591919, -2.0135193
9.114731, -0.04309082, -2.0290833
9.114731, -0.03831482, -1.9572601
9.126694, -0.044296265, -2.0063477
9.126694, -0.063446045, -1.9991608
9.118317, -0.06703186, -1.9955597
9.129089, -0.089782715, -2.0111237
9.1458435, -0.0861969, -2.0254974
9.125504, -0.06703186, -2.0183105
9.147049, -0.07182312, -2.0458527
9.112335, -0.0574646, -2.072174
9.113525, -0.065841675, -2.048233
9.132675, -0.07661438, -2.0350647
9.126694, -0.051467896, -2.0578156
9.136276, -0.05267334, -2.024292
9.131485, -0.073028564, -2.0075378
9.130295, -0.03831482, -2.0231018
9.139862, -0.029922485, -2.0051422
9.136276, -0.03112793, -2.0027466
9.130295, -0.058654785, -2.003952
9.143463, -0.044296265, -2.008728
9.1458435, -0.07182312, -1.9967651
9.147049, -0.099365234, -1.9907837
9.131485, -0.082595825, -1.9979553
9.168594, -0.06942749, -2.0171204
9.192535, -0.099365234, -2.019516
9.149445, -0.075424194, -2.0266876
9.09079, -0.04309082, -2.0147247
9.117126, -0.07182312, -2.0374603
9.119507, -0.05506897, -2.0386658
9.159012, -0.05027771, -1.9967651
9.139862, -0.022750854, -2.0338745
9.115921, -0.07182312, -2.0302887
9.142258, -0.080200195, -2.008728
9.148239, -0.07182312, -2.0266876
9.154236, -0.0909729, -2.0350647
9.149445, -0.09576416, -2.0374603
9.137466, -0.087387085, -2.0350647
9.139862, -0.065841675, -2.0985107
9.17218, -0.041900635, -2.0566254
9.19014, -0.063446045, -2.0697937
9.165009, -0.087387085, -2.1045074
9.133881, -0.063446045, -2.0506287
9.103958, -0.065841675, -2.0111237
9.131485, -0.041900635, -2.0147247
9.138672, -0.07661438, -2.0494385
9.136276, -0.06225586, -2.0302887
9.143463, -0.089782715, -2.0147247
9.135071, -0.0909729, -2.012329
9.166199, -0.10055542, -2.0218964
9.142258, -0.10534668, -2.031479
9.15303, -0.080200195, -2.024292
9.135071, -0.07901001, -2.0542297
9.184158, -0.07661438, -2.0302887
9.160217, -0.08140564, -2.027893
9.144653, -0.065841675, -2.059021
9.163803, -0.053863525, -2.0446472
9.175781, -0.077804565, -2.0661926
9.113525, -0.0574646, -2.0410614
9.156631, -0.06703186, -2.0111237
9.124298, -0.073028564, -2.003952
9.155426, -0.06463623, -1.9764099
9.175781, -0.068237305, -1.9548645
9.1458435, -0.07182312, -1.9895782
9.165009, -0.06225586, -2.0266876
9.160217, -0.05027771, -2.0231018
9.133881, -0.049087524, -2.0542297
9.124298, -0.04788208, -2.0027466
9.132675, -0.0143585205, -1.9764099
9.150635, -0.04548645, -2.0099335
9.157822, -0.08380127, -2.0147247
9.168594, -0.07182312, -2.000351
9.1410675, -0.07421875, -1.9979553
9.187744, -0.07421875, -1.9943695
9.179367, -0.077804565, -1.9524689
9.176971, -0.065841675, -1.9907837
9.167404, -0.053863525, -1.9548645
9.157822, -0.063446045, -1.964447
9.142258, -0.04788208, -1.9871826
9.11113, -0.0287323, -1.9728241
9.103958, -0.05027771, -1.9895782
9.114731, -0.05267334, -1.9536743
9.121902, -0.037109375, -1.9919739
9.15303, -0.065841675, -1.9943695
9.1458435, -0.0574646, -1.9967651
9.15184, -0.0574646, -1.9967651
9.192535, -0.07182312, -1.9752197
9.175781, -0.03831482, -1.9740143
9.163803, -0.04069519, -1.9776154
9.160217, -0.073028564, -1.9931793
9.142258, -0.049087524, -1.9812012
9.132675, -0.04548645, -1.948883
9.149445, -0.0574646, -1.9680328
9.136276, -0.063446045, -1.9512787
9.10994, -0.06463623, -1.9943695
9.149445, -0.025146484, -2.0027466
9.160217, -0.04788208, -1.9919739
9.1410675, -0.0861969, -1.9835968
9.168594, -0.05506897, -1.9620514
9.17218, -0.04788208, -1.9381104
9.156631, -0.03831482, -1.9812012
9.159012, -0.063446045, -1.9895782
9.137466, -0.070632935, -1.9692383
9.136276, -0.06463623, -1.980011
9.147049, -0.05986023, -1.9883881
9.147049, -0.046691895, -1.9871826
9.165009, -0.039505005, -2.0075378
9.143463, -0.0143585205, -2.000351
9.1410675, -0.02154541, -1.9464874
9.127899, -0.032318115, -1.9357147
9.150635, -0.03112793, -1.9476776
9.143463, -0.03591919, -1.9943695
9.160217, -0.06463623, -1.9859924
9.15184, -0.073028564, -1.9776154
9.139862, -0.084991455, -2.003952
9.17099, -0.082595825, -2.0470428
9.147049, -0.087387085, -2.0781708
9.139862, -0.075424194, -2.015915
9.161407, -0.04309082, -2.0207062
9.150635, -0.06703186, -2.0183105
9.138672, -0.051467896, -1.9704285
9.15184, -0.0287323, -1.9716187
9.160217, -0.032318115, -1.9931793
9.165009, -0.08140564, -1.9476776
9.161407, -0.096969604, -1.9536743
9.154236, -0.118515015, -2.0063477
9.17099, -0.111328125, -2.0374603
9.210495, -0.12928772, -2.0075378
9.150635, -0.113723755, -2.039856
9.139862, -0.05506897, -2.043457
9.1410675, -0.05027771, -1.9692383
9.15303, -0.06225586, -1.9668427
9.102753, -0.02154541, -1.984787
9.1458435, -0.010772705, -1.9788055
9.159012, -0.020355225, -1.9656372
9.149445, -0.0143585205, -1.9321136
9.124298, -0.039505005, -1.9201508
9.144653, -0.04548645, -1.885437
9.138672, -0.061050415, -1.8926239
9.1853485, -0.05506897, -1.916565
9.174576, -0.0909729, -1.9345093
9.182968, -0.068237305, -1.9081726
9.159012, -0.06463623, -1.945282
9.150635, -0.11013794, -1.9357147
9.162613, -0.080200195, -1.9429016
9.162613, -0.06463623, -1.9596558
9.138672, -0.075424194, -1.9572601
9.121902, -0.0861969, -1.9907837
9.150635, -0.087387085, -1.960846
9.1698, -0.080200195, -2.008728
9.166199, -0.07421875, -1.9931793
9.160217, -0.077804565, -1.9776154
9.149445, -0.07901001, -2.0015564
9.161407, -0.09336853, -1.9943695
9.1458435, -0.108932495, -1.9919739
9.159012, -0.111328125, -2.039856
9.161407, -0.087387085, -2.0266876
9.155426, -0.094573975, -2.0374603
9.165009, -0.12808228, -2.0566254
9.154236, -0.14364624, -2.0410614
9.142258, -0.13647461, -2.0901337
9.174576, -0.1257019, -2.110489
9.166199, -0.09815979, -2.0781708
9.136276, -0.070632935, -2.106903
9.138672, -0.0909729, -2.0865479
9.133881, -0.0861969, -2.079361
9.114731, -0.09815979, -2.0769653
9.120712, -0.094573975, -2.0542297
9.147049, -0.113723755, -2.059021
9.120712, -0.084991455, -2.0614014
9.130295, -0.08140564, -2.0458527
9.129089, -0.104141235, -2.0386658
9.15184, -0.10295105, -2.0937347
9.147049, -0.12689209, -2.0925293
9.124298, -0.12210083, -2.094925
9.117126, -0.108932495, -2.1296387
9.139862, -0.10055542, -2.13443
9.1698, -0.101760864, -2.122467
9.162613, -0.10055542, -2.1452026
9.129089, -0.1197052, -2.1356354
9.144653, -0.101760864, -2.0889435
9.150635, -0.10295105, -2.122467
9.148239, -0.07901001, -2.0817566
9.117126, -0.10534668, -2.072174
9.102753, -0.075424194, -2.048233
9.127899, -0.09815979, -2.024292
9.137466, -0.09576416, -2.0506287
9.099167, -0.06942749, -2.0386658
9.130295, -0.065841675, -2.0853424
9.133881, -0.068237305, -2.031479
9.096771, -0.096969604, -2.051834
9.124298, -0.07901001, -2.0650024
9.144653, -0.063446045, -2.0602112
9.125504, -0.082595825, -2.051834
9.15303, -0.08140564, -2.0745697
9.179367, -0.09576416, -2.0386658
9.139862, -0.11253357, -2.063797
9.144653, -0.094573975, -2.0769653
9.143463, -0.08380127, -2.0290833
9.144653, -0.10534668, -2.051834
9.127899, -0.06942749, -2.0446472
9.149445, -0.07182312, -2.067398
9.15303, -0.07661438, -2.087738
9.132675, -0.07421875, -2.0853424
9.126694, -0.080200195, -2.0254974
9.133881, -0.077804565, -2.0602112
9.127899, -0.065841675, -2.063797
9.132675, -0.07901001, -2.0697937
9.136276, -0.08380127, -2.0865479
9.121902, -0.087387085, -2.0757751
9.112335, -0.099365234, -2.1045074
9.132675, -0.09815979, -2.0865479
9.114731, -0.06942749, -2.1021118
9.114731, -0.089782715, -2.087738
9.135071, -0.09576416, -2.1056976
9.160217, -0.06942749, -2.1535797
9.144653, -0.065841675, -2.0781708
9.125504, -0.077804565, -2.0458527
9.142258, -0.08380127, -2.0650024
9.127899, -0.084991455, -2.0805664
9.1410675, -0.10774231, -2.063797
9.138672, -0.084991455, -2.0769653
9.160217, -0.08380127, -2.0566254
9.120712, -0.08380127, -2.0697937
9.100357, -0.096969604, -2.0889435
9.119507, -0.082595825, -2.0853424
9.125504, -0.073028564, -2.0733795
9.114731, -0.065841675, -2.0697937
9.100357, -0.08140564, -2.0937347
9.165009, -0.10055542, -2.0901337
9.159012, -0.09576416, -2.0542297
9.117126, -0.0861969, -2.0661926
9.135071, -0.09815979, -2.0745697
9.124298, -0.07182312, -2.0925293
9.127899, -0.05506897, -2.0901337
9.123108, -0.05506897, -2.067398
9.118317, -0.08140564, -2.0614014
9.130295, -0.092178345, -2.0661926
9.121902, -0.06942749, -2.0661926
9.156631, -0.068237305, -2.008728
9.15184, -0.0861969, -2.027893
9.1458435, -0.106536865, -2.0207062
9.15303, -0.11730957, -2.0350647
9.156631, -0.099365234, -2.0697937
9.142258, -0.0909729, -2.0446472
9.132675, -0.08140564, -2.0302887
9.108734, -0.06942749, -2.0650024
9.147049, -0.06225586, -2.039856
9.137466, -0.06463623, -1.9955597
9.099167, -0.06463623, -2.043457
9.117126, -0.063446045, -2.0266876
9.114731, -0.05506897, -2.059021
9.142258, -0.07901001, -2.0626068
9.155426, -0.06942749, -2.0254974
9.15184, -0.10295105, -2.0302887
9.1410675, -0.101760864, -2.0470428
9.150635, -0.089782715, -1.9931793
9.156631, -0.08380127, -2.0207062
9.156631, -0.07661438, -2.0350647
9.163803, -0.065841675, -2.082962
9.15303, -0.0861969, -2.051834
9.136276, -0.075424194, -2.067398
9.130295, -0.07661438, -2.072174
9.139862, -0.056259155, -2.039856
9.132675, -0.08140564, -2.094925
9.132675, -0.05267334, -2.0733795
9.139862, -0.075424194, -2.024292
9.175781, -0.113723755, -2.0494385
9.123108, -0.08140564, -2.0769653
9.154236, -0.07421875, -2.039856
9.148239, -0.05986023, -2.0350647
9.148239, -0.075424194, -2.070984
9.135071, -0.07901001, -2.0326843
9.144653, -0.05267334, -2.027893
9.127899, -0.05027771, -2.0578156
9.148239, -0.041900635, -2.0386658
9.15303, -0.05027771, -2.0410614
9.15184, -0.044296265, -2.0458527
9.159012, -0.05267334, -2.0697937
9.165009, -0.06942749, -2.0470428
9.124298, -0.05027771, -2.0458527
9.130295, -0.06225586, -2.072174
9.107544, -0.046691895, -2.0458527
9.1015625, -0.03591919, -2.0458527
9.127899, -0.027526855, -2.0338745
9.127899, -0.06703186, -2.043457
9.142258, -0.05506897, -2.0697937
9.163803, -0.039505005, -2.0661926
9.1458435, -0.0574646, -2.0626068
9.123108, -0.034713745, -2.0374603
9.127899, -0.056259155, -2.043457
9.143463, -0.068237305, -2.0302887
9.149445, -0.06942749, -2.0374603
9.127899, -0.075424194, -2.0458527
9.129089, -0.080200195, -1.9931793
9.150635, -0.073028564, -1.9967651
9.1458435, -0.075424194, -2.019516
9.1458435, -0.056259155, -2.0207062
9.176971, -0.058654785, -2.008728
9.173386, -0.096969604, -1.9967651
9.144653, -0.06942749, -2.019516
9.173386, -0.041900635, -1.980011
9.142258, -0.06942749, -1.980011
9.143463, -0.07661438, -1.9979553
9.1410675, -0.029922485, -2.0254974
9.1410675, -0.03352356, -2.0027466
9.103958, -0.04309082, -1.9728241
9.137466, -0.046691895, -1.9931793
9.142258, -0.07901001, -2.0410614
9.117126, -0.05027771, -2.0326843
9.15184, -0.073028564, -1.9943695
9.182968, -0.07182312, -2.008728
9.204514, -0.080200195, -2.019516
9.1805725, -0.075424194, -2.015915
9.135071, -0.06225586, -2.0362701
9.155426, -0.05027771, -2.0075378
9.165009, -0.084991455, -2.0063477
9.159012, -0.08380127, -2.0075378
9.150635, -0.077804565, -2.012329
9.167404, -0.070632935, -2.0135193
9.147049, -0.06942749, -2.027893
9.131485, -0.070632935, -2.0051422
9.139862, -0.044296265, -1.9716187
9.15303, -0.073028564, -1.9883881
9.133881, -0.06703186, -2.0111237
9.167404, -0.056259155, -1.9883881
9.155426, -0.07182312, -2.0015564
9.150635, -0.080200195, -1.9895782
9.154236, -0.05027771, -2.003952
9.132675, -0.04788208, -2.0111237
9.161407, -0.068237305, -2.0099335
9.127899, -0.06942749, -2.0135193
9.154236, -0.06463623, -2.019516
9.127899, -0.05027771, -2.0183105
9.142258, -0.04548645, -1.9931793
9.173386, -0.06225586, -1.9824066
9.173386, -0.06703186, -1.9788055
9.168594, -0.06703186, -2.003952
9.15184, -0.05986023, -1.9656372
9.15303, -0.070632935, -1.9680328
9.166199, -0.027526855, -1.9464874
9.17099, -0.070632935, -1.9907837
9.154236, -0.07421875, -1.9572601
9.157822, -0.046691895, -1.9596558
9.135071, -0.07182312, -1.948883
9.162613, -0.084991455, -1.9273376
9.15184, -0.058654785, -1.9967651
9.137466, -0.046691895, -2.000351
9.1698, -0.056259155, -1.9572601
9.130295, -0.06703186, -1.9835968
9.17099, -0.011978149, -1.9716187
9.182968, -0.041900635, -1.9381104
9.150635, -0.053863525, -1.964447
9.142258, -0.041900635, -1.9548645
9.15184, -0.025146484, -1.9273376
9.144653, -0.084991455, -1.9596558
9.108734, -0.0574646, -1.9309235
9.143463, -0.039505005, -1.9788055
9.17099, -0.058654785, -1.984787
9.150635, -0.032318115, -1.9859924
9.156631, -0.05027771, -1.9536743
9.157822, -0.063446045, -1.9524689
9.160217, -0.03591919, -1.9536743
9.147049, -0.07661438, -1.9955597
9.162613, -0.044296265, -2.0063477
9.148239, -0.03831482, -2.000351
9.182968, -0.092178345, -2.0099335
9.15303, -0.06463623, -2.0099335
9.133881, -0.053863525, -1.9692383
9.138672, -0.044296265, -2.0075378
9.147049, -0.06225586, -2.015915
9.126694, -0.065841675, -1.9704285
9.163803, -0.08380127, -1.9728241
9.174576, -0.089782715, -1.9620514
9.184158, -0.068237305, -1.9931793
9.168594, -0.061050415, -1.9620514
9.162613, -0.07661438, -1.960846
9.192535, -0.06942749, -2.0266876
9.176971, -0.07421875, -2.0266876
9.144653, -0.03352356, -2.0015564
9.131485, -0.037109375, -2.0207062
9.155426, -0.049087524, -2.0266876
9.15303, -0.056259155, -2.0015564
9.137466, -0.037109375, -1.9943695
9.136276, -0.070632935, -1.9835968
9.162613, -0.05267334, -1.9764099
9.1698, -0.049087524, -1.9620514
9.193741, -0.03831482, -1.9907837
9.167404, -0.04788208, -2.0338745
9.162613, -0.05986023, -1.9584503
9.15184, -0.06225586, -1.9668427
9.157822, -0.03591919, -1.9991608
9.147049, -0.053863525, -1.984787
9.120712, -0.034713745, -2.0231018
9.160217, -0.044296265, -1.9931793
9.137466, -0.02633667, -1.9692383
9.123108, -0.0059814453, -1.9524689
9.139862, 0.0071868896, -1.980011
9.154236, -0.020355225, -1.9668427
9.173386, -0.0287323, -1.9776154
9.135071, -0.061050415, -1.9357147
9.1458435, -0.03591919, -1.9596558
9.167404, -0.0095825195, -1.9680328
9.126694, -0.011978149, -2.0027466
9.144653, -0.0287323, -1.9668427
9.144653, -0.022750854, -2.0171204
9.138672, -0.01675415, -2.0254974
9.117126, -0.0011901855, -2.0266876
9.173386, -0.032318115, -2.012329
9.125504, -0.034713745, -1.9883881
9.131485, -0.053863525, -1.9680328
9.132675, -0.0574646, -1.9656372
9.150635, -0.06225586, -1.9620514
9.166199, -0.05267334, -1.9907837
9.15303, -0.077804565, -1.9680328
9.157822, -0.0574646, -1.9464874
9.159012, -0.053863525, -1.9740143
9.163803, -0.04548645, -1.9991608
9.148239, -0.03112793, -2.0099335
9.142258, -0.044296265, -1.9979553
9.115921, -0.065841675, -1.9931793
9.15184, -0.025146484, -1.9788055
9.157822, -0.037109375, -1.9871826
9.142258, -0.06942749, -1.9788055
9.182968, -0.04309082, -1.9752197
9.161407, -0.06225586, -1.9776154
9.137466, -0.087387085, -1.9764099
9.17218, -0.07661438, -1.9740143
9.156631, -0.07661438, -1.9500732
9.155426, -0.0574646, -1.960846
9.186554, -0.05986023, -1.9788055
9.1698, -0.03831482, -1.9572601
9.157822, -0.04788208, -1.9979553
9.129089, -0.04548645, -1.9919739
9.131485, -0.02633667, -1.9955597
9.144653, -0.056259155, -1.9668427
9.132675, -0.04309082, -1.9871826
9.1458435, -0.07421875, -2.0015564
9.173386, -0.06225586, -2.000351
9.174576, -0.053863525, -1.9752197
9.161407, -0.04788208, -1.945282
9.174576, -0.044296265, -1.964447
9.203308, -0.06942749, -1.9824066
9.1853485, -0.04548645, -1.964447
9.163803, -0.046691895, -1.9584503
9.17099, -0.06703186, -1.9620514
9.162613, -0.025146484, -1.9871826
9.127899, -0.015563965, -1.9512787
9.120712, -0.025146484, -1.9859924
9.1410675, -0.04788208, -1.9273376
9.150635, -0.06225586, -1.9620514
9.143463, -0.049087524, -1.9871826
9.136276, -0.039505005, -1.9345093
9.137466, -0.02633667, -1.9429016
9.165009, -0.04788208, -1.9429016
9.221268, -0.05027771, -1.9859924
9.174576, -0.02394104, -1.9416962
9.144653, -0.029922485, -1.9572601
9.1805725, -0.032318115, -1.9716187
9.160217, -0.05986023, -1.9728241
9.167404, -0.04069519, -1.948883
9.187744, -0.04069519, -1.9369049
9.155426, -0.017959595, -1.9309235
9.166199, -0.04309082, -1.9907837
9.174576, -0.049087524, -1.9416962
9.181763, -0.04788208, -1.9225464
9.165009, -0.020355225, -1.9429016
9.173386, -0.04069519, -1.921341
9.159012, -0.056259155, -1.9333191
9.187744, -0.041900635, -1.9333191
9.106354, -0.06463623, -1.9273376
9.166199, -0.044296265, -1.9393005
9.15303, -0.03352356, -1.9033966
9.173386, -0.027526855, -1.9297333
9.127899, -0.044296265, -1.9476776
9.163803, -0.029922485, -1.9572601
9.178177, -0.04069519, -1.9440918
9.1698, -0.046691895, -1.960846
9.181763, -0.04548645, -1.9536743
9.160217, -0.032318115, -1.940506
9.155426, -0.03112793, -1.9225464
9.17218, -0.03112793, -1.9261322
9.147049, -0.037109375, -1.9704285
9.144653, -0.03831482, -1.9464874
9.181763, -0.04069519, -1.9129639
9.166199, -0.02154541, -1.9740143
9.168594, -0.05027771, -1.9668427
9.1853485, -0.056259155, -1.9357147
9.144653, -0.051467896, -1.9333191
9.182968, -0.041900635, -1.95607
9.174576, -0.029922485, -1.9512787
9.163803, -0.032318115, -1.9512787
9.15184, -0.027526855, -1.9859924
9.139862, -0.04069519, -1.9943695
9.1805725, -0.034713745, -1.9309235
9.174576, -0.02394104, -1.9512787
9.174576, -0.025146484, -1.9704285
9.174576, -0.010772705, -1.960846
9.165009, -0.02154541, -1.9297333
9.157822, -0.022750854, -1.9596558
9.184158, -0.044296265, -1.9752197
9.161407, -0.04069519, -1.9153595
9.135071, -0.022750854, -1.8926239
9.15184, -0.044296265, -1.9632416
9.167404, -0.05506897, -1.9548645
9.154236, -0.020355225, -1.9692383
9.114731, -0.02394104, -1.9476776
9.142258, -0.0574646, -1.9572601
9.17099, -0.044296265, -1.9883881
9.17099, -0.032318115, -1.9692383
9.139862, -0.04548645, -1.9716187
9.165009, -0.03591919, -1.984787
9.161407, -0.034713745, -1.9656372
9.131485, -0.046691895, -1.9524689
9.148239, -0.022750854, -1.9333191
9.113525, -0.027526855, -1.9524689
9.176971, -0.0071868896, -1.9584503
9.155426, -0.044296265, -1.9752197
9.136276, -0.03591919, -1.9273376
9.175781, -0.04309082, -1.924942
9.157822, -0.03112793, -1.9788055
9.148239, -0.0035858154, -1.9716187
9.162613, -0.020355225, -1.9979553
9.165009, -0.05506897, -1.9883881
9.119507, -0.032318115, -1.9871826
9.115921, -0.03352356, -1.9680328
9.159012, -0.039505005, -1.9931793
9.159012, -0.011978149, -1.9740143
9.138672, -0.049087524, -1.9692383
9.1458435, -0.034713745, -1.9261322
9.155426, -0.0287323, -2.0183105
9.137466, -0.01914978, -1.960846
9.168594, -0.02154541, -1.9225464
9.1698, -0.027526855, -1.9656372
9.150635, -0.03591919, -1.9919739
9.133881, -0.0287323, -1.9824066
9.181763, 0.008377075, -1.9692383
9.17099, -0.029922485, -1.9835968
9.1698, -0.02394104, -1.9716187
9.150635, -0.022750854, -1.9812012
9.147049, -0.022750854, -1.9919739
9.132675, -0.039505005, -1.9381104
9.161407, -0.032318115, -1.9357147
9.17218, -0.03112793, -1.9776154
9.133881, 0.0011901855, -1.960846
9.154236, -0.039505005, -1.95607
9.154236, -0.051467896, -1.9656372
9.130295, -0.039505005, -1.9788055
9.123108, -0.010772705, -1.9788055
9.162613, -0.029922485, -1.9381104
9.161407, -0.03112793, -1.9572601
9.127899, -0.051467896, -1.9524689
9.161407, -0.046691895, -1.9692383
9.175781, -0.0287323, -1.9596558
9.1805725, -0.03591919, -1.9656372
9.135071, -0.03591919, -1.9835968
9.1410675, -0.04548645, -1.9955597
9.125504, -0.046691895, -1.9991608
9.17099, -0.04788208, -1.984787
9.203308, -0.02633667, -1.940506
9.1698, -0.039505005, -1.9620514
9.178177, -0.04309082, -1.9572601
9.155426, -0.02633667, -1.9620514
9.167404, -0.027526855, -1.9788055
9.17218, -0.03831482, -1.9788055
9.142258, -0.01675415, -1.9500732
9.156631, -0.0287323, -1.9273376
9.136276, -0.046691895, -1.940506
9.125504, -0.039505005, -1.9728241
9.15184, -0.046691895, -1.9680328
9.156631, -0.044296265, -1.9632416
9.149445, -0.04069519, -2.003952
9.192535, -0.05506897, -2.012329
9.157822, -0.0143585205, -2.027893
9.133881, -0.027526855, -1.9824066
9.15184, -0.03831482, -1.9967651
9.125504, -0.029922485, -1.9991608
9.154236, -0.034713745, -2.0063477
9.154236, -0.01675415, -1.9476776
9.1698, -0.046691895, -1.9812012
9.167404, -0.046691895, -1.9584503
9.17099, -0.04788208, -1.9237366
9.176971, -0.051467896, -1.9153595
9.17099, -0.06225586, -1.9045868
9.157822, -0.041900635, -1.9728241
9.187744, -0.025146484, -1.9967651
9.142258, -0.03112793, -1.9895782
9.096771, -0.017959595, -1.9632416
9.102753, 0.010772705, -1.9524689
9.15303, -0.025146484, -1.9704285
9.154236, -0.017959595, -1.9680328
9.130295, -0.017959595, -1.9500732
9.135071, -0.037109375, -1.960846
9.17099, -0.037109375, -1.9512787
9.176971, -0.056259155, -1.9907837
9.191345, -0.06703186, -1.9752197
9.159012, -0.065841675, -1.9907837
9.166199, -0.070632935, -1.9620514
9.154236, -0.03112793, -1.9716187
9.1698, -0.044296265, -1.95607
9.174576, -0.05267334, -1.9740143
9.161407, -0.03831482, -1.9752197
9.160217, -0.04788208, -1.9824066
9.15303, -0.049087524, -1.9824066
9.150635, -0.04788208, -2.0135193
9.175781, -0.029922485, -1.9692383
9.1698, -0.077804565, -1.9907837
9.192535, -0.0574646, -1.9692383
9.176971, -0.032318115, -1.9692383
9.161407, -0.077804565, -1.9584503
9.166199, -0.05267334, -1.9476776
9.156631, -0.06942749, -1.9704285
9.161407, -0.070632935, -1.945282
9.175781, -0.03352356, -2.0075378
9.137466, -0.039505005, -2.003952
9.129089, -0.058654785, -1.9716187
9.162613, -0.06703186, -1.9931793
9.157822, -0.03831482, -1.984787
9.133881, -0.041900635, -1.9740143
9.1458435, -0.041900635, -1.948883
9.182968, -0.046691895, -1.9931793
9.157822, -0.034713745, -1.9991608
9.155426, -0.05986023, -1.9740143
9.142258, -0.049087524, -1.9632416
9.155426, -0.04069519, -1.9584503
9.15303, -0.037109375, -1.9548645
9.150635, -0.027526855, -1.9596558
9.18895, -0.027526855, -2.0027466
9.1698, -0.041900635, -1.9979553
9.165009, -0.058654785, -1.9740143
9.167404, -0.05027771, -1.9824066
9.163803, -0.06225586, -1.9919739
9.174576, -0.07661438, -2.0051422
9.197327, -0.07182312, -2.0027466
9.196121, -0.073028564, -1.9752197
9.166199, -0.020355225, -1.984787
9.176971, -0.053863525, -1.9812012
9.130295, -0.061050415, -1.9704285
9.132675, -0.065841675, -1.9824066
9.127899, -0.061050415, -1.9788055
9.133881, -0.06225586, -1.9812012
9.167404, -0.044296265, -1.9512787
9.1853485, -0.0574646, -1.9824066
9.17099, -0.06703186, -1.9273376
9.17218, -0.034713745, -1.9225464
9.18895, -0.06225586, -1.9883881
9.182968, -0.044296265, -1.9812012
9.165009, -0.04548645, -1.9824066
9.162613, -0.04309082, -2.019516
9.161407, -0.061050415, -2.0111237
9.142258, -0.070632935, -2.0422516
9.1458435, -0.06463623, -1.9824066
9.161407, -0.06225586, -1.9620514
9.150635, -0.027526855, -1.9464874
9.115921, -0.053863525, -1.964447
9.167404, -0.025146484, -1.940506
9.167404, -0.029922485, -1.9237366
9.156631, -0.02633667, -1.945282
9.174576, -0.04548645, -1.940506
9.154236, -0.056259155, -1.9416962
9.149445, -0.044296265, -1.9572601
9.099167, -0.05986023, -1.9632416
9.1698, -0.05986023, -1.9692383
9.132675, -0.0574646, -2.0254974
9.147049, -0.07182312, -1.9931793
9.144653, -0.032318115, -1.9824066
9.149445, -0.053863525, -2.015915
9.159012, -0.04548645, -1.9883881
9.161407, -0.049087524, -1.9859924
9.17218, -0.065841675, -1.984787
9.144653, -0.07661438, -1.984787
9.17099, -0.04548645, -1.9416962
9.176971, -0.05506897, -1.9895782
9.187744, -0.06703186, -1.9728241
9.174576, -0.02633667, -1.9776154
9.17218, -0.065841675, -1.9416962
9.162613, -0.058654785, -1.9824066
9.139862, -0.051467896, -1.9572601
9.133881, -0.05027771, -1.9632416
9.159012, -0.046691895, -1.9776154
9.144653, -0.053863525, -2.0326843
9.150635, -0.058654785, -2.05542
9.127899, -0.068237305, -2.019516
9.1410675, -0.063446045, -1.9979553
9.157822, -0.044296265, -2.0075378
9.144653, -0.046691895, -2.0338745
9.187744, -0.053863525, -2.0051422
9.184158, -0.063446045, -2.019516
9.168594, -0.034713745, -2.0051422
9.165009, -0.068237305, -2.0111237
9.161407, -0.05986023, -1.9907837
9.174576, -0.096969604, -2.0027466
9.138672, -0.0574646, -2.0063477
9.138672, -0.029922485, -1.9919739
9.124298, -0.05027771, -1.964447
9.119507, -0.044296265, -1.960846
9.129089, -0.04309082, -1.9991608
9.156631, -0.041900635, -1.9776154
9.1698, -0.03112793, -1.9572601
9.186554, -0.06703186, -1.9812012
9.187744, -0.05506897, -1.9824066
9.175781, -0.049087524, -1.9716187
9.19014, -0.061050415, -1.9859924
9.129089, -0.0574646, -2.015915
9.129089, -0.058654785, -1.9955597
9.18895, -0.05986023, -1.9788055
9.157822, -0.06703186, -1.9895782
9.15184, -0.061050415, -1.9764099
9.125504, -0.06463623, -1.9776154
9.130295, -0.0861969, -1.9883881
9.15184, -0.07901001, -1.9871826
9.143463, -0.056259155, -1.9991608
9.148239, -0.02633667, -2.0015564
9.121902, -0.03352356, -1.9752197
9.139862, -0.04069519, -1.9907837
9.125504, -0.03112793, -1.9632416
9.105148, -0.029922485, -1.9824066
9.135071, -0.04548645, -1.9357147
9.143463, -0.03112793, -1.948883
9.148239, -0.061050415, -1.9895782
9.187744, -0.07901001, -1.9812012
9.161407, -0.06225586, -1.9500732
9.149445, -0.05506897, -1.9345093
9.143463, -0.08380127, -1.9692383
9.138672, -0.03591919, -1.9512787
9.160217, -0.025146484, -1.9668427
9.18895, -0.046691895, -1.964447
9.15303, -0.04069519, -1.9824066
9.112335, -0.0023956299, -1.9979553
9.143463, -0.029922485, -2.003952
9.142258, -0.044296265, -1.9716187
9.147049, -0.053863525, -2.0111237
9.159012, -0.049087524, -2.0027466
9.133881, -0.0574646, -1.9871826
9.15184, -0.051467896, -2.008728
9.137466, -0.056259155, -1.9668427
9.166199, -0.058654785, -1.9919739
9.156631, -0.063446045, -2.0075378
9.1805725, -0.08859253, -1.9931793
9.1853485, -0.11013794, -1.9776154
9.176971, -0.118515015, -2.0027466
9.179367, -0.10295105, -2.0530243
9.155426, -0.07661438, -1.9991608
9.160217, -0.051467896, -1.9931793
9.136276, -0.053863525, -1.9776154
9.10994, -0.04548645, -2.0015564
9.114731, -0.0059814453, -1.9859924
9.132675, -0.011978149, -1.9620514
9.123108, -0.025146484, -1.9584503
9.1410675, -0.0095825195, -1.940506
9.156631, -0.02633667, -1.948883
9.175781, -0.068237305, -2.0015564
9.221268, -0.089782715, -1.9584503
9.228455, -0.073028564, -1.9752197
9.196121, -0.0861969, -2.0183105
9.199722, -0.080200195, -2.0063477
9.1805725, -0.056259155, -1.980011
9.130295, -0.06463623, -1.9656372
9.15184, -0.039505005, -2.0063477
9.133881, -0.063446045, -2.0111237
9.143463, -0.04309082, -1.948883
9.130295, -0.044296265, -1.9692383
9.119507, -0.02633667, -2.0266876
9.1458435, -0.03831482, -1.9357147
9.1458435, -0.101760864, -1.9476776
9.161407, -0.087387085, -2.0015564
9.175781, -0.082595825, -2.0111237
9.160217, -0.094573975, -2.0266876
9.1805725, -0.087387085, -1.9871826
9.1853485, -0.096969604, -2.024292
9.149445, -0.0574646, -1.984787
9.132675, -0.06942749, -1.9524689
9.154236, -0.056259155, -1.9668427
9.15303, -0.032318115, -2.0171204
9.129089, -0.04309082, -2.0075378
9.135071, -0.0059814453, -2.0051422
9.150635, -0.034713745, -1.9871826
9.147049, -0.039505005, -1.9967651
9.132675, -0.03831482, -2.008728
9.149445, -0.056259155, -2.0470428
9.123108, -0.05506897, -2.000351
9.148239, -0.073028564, -2.0362701
9.157822, -0.077804565, -2.059021
9.178177, -0.084991455, -2.0254974
9.186554, -0.070632935, -2.05542
9.168594, -0.07661438, -2.087738
9.166199, -0.10055542, -2.0386658
9.1698, -0.080200195, -2.0266876
9.157822, -0.080200195, -2.048233
9.173386, -0.08140564, -2.0075378
9.1805725, -0.06942749, -1.9776154
9.176971, -0.063446045, -1.9907837
9.179367, -0.039505005, -1.9656372
9.167404, -0.070632935, -1.9321136
9.1410675, -0.070632935, -1.9728241
9.167404, -0.0287323, -1.9656372
9.155426, -0.05267334, -1.9285278
9.138672, -0.05267334, -1.9393005
9.147049, -0.05027771, -1.9764099
9.123108, -0.0287323, -1.9692383
9.139862, -0.03591919, -1.9416962
9.130295, -0.05506897, -2.003952
9.157822, -0.0095825195, -2.0171204
9.181763, -0.032318115, -1.9524689
9.186554, -0.063446045, -1.948883
9.166199, -0.046691895, -1.9776154
9.174576, -0.05027771, -1.964447
9.197327, -0.046691895, -1.9225464
9.1698, 0.011978149, -1.9895782
9.154236, -0.0095825195, -1.9261322
9.162613, -0.008377075, -1.8638916
9.17218, -0.008377075, -1.8578949
9.167404, -0.008377075, -1.8830414
9.174576, 0.013168335, -1.869873
9.161407, 0.0, -1.8686676
9.206909, -0.0035858154, -1.8650818
9.186554, -0.03591919, -1.8638916
9.165009, -0.04548645, -1.8914185
9.133881, -0.02394104, -1.9345093
9.182968, -0.0059814453, -1.8986053
9.133881, -0.0095825195, -1.8710632
9.126694, -0.022750854, -1.8986053
9.131485, -0.017959595, -1.9105682
9.132675, -0.008377075, -1.916565
9.136276, 0.0035858154, -1.8770599
9.176971, -0.032318115, -1.8650818
9.178177, -0.0287323, -1.8914185
9.203308, -0.04069519, -1.8554993
9.197327, -0.0035858154, -1.8950043
9.157822, -0.034713745, -1.8878326
9.178177, -0.03112793, -1.9081726
9.181763, -0.01914978, -1.9333191
9.157822, -0.053863525, -1.940506
9.168594, -0.01675415, -1.9237366
9.157822, -0.027526855, -1.9596558
9.154236, -0.044296265, -1.9416962
9.176971, -0.039505005, -1.9273376
9.174576, -0.02394104, -1.9297333
9.1698, -0.0047912598, -1.9333191
9.165009, -0.010772705, -1.9333191
9.184158, -0.034713745, -1.9536743
9.163803, -0.0047912598, -1.9333191
9.1458435, -0.008377075, -1.9069824
9.157822, -0.027526855, -1.9345093
9.161407, -0.05506897, -1.9369049
9.167404, -0.03591919, -1.9440918
9.147049, -0.02154541, -1.9393005
9.162613, -0.02633667, -1.9548645
9.15184, -0.027526855, -1.9668427
9.154236, -0.03112793, -1.9788055
9.175781, -0.039505005, -1.9572601
9.154236, -0.029922485, -1.9584503
9.129089, -0.010772705, -1.9859924
9.15303, -0.041900635, -1.9716187
9.17218, -0.0287323, -1.980011
9.199722, -0.041900635, -1.9776154
9.173386, -0.04309082, -1.9069824
9.179367, -0.015563965, -1.948883
9.193741, -0.034713745, -1.9476776
9.204514, -0.03352356, -1.9045868
9.196121, -0.03112793, -1.9524689
9.165009, -0.015563965, -1.945282
9.162613, -0.02154541, -1.9620514
9.159012, -0.029922485, -1.9668427
9.154236, 0.0, -1.9548645
9.17099, -0.029922485, -1.9429016
9.160217, -0.01675415, -1.9309235
9.137466, -0.013168335, -1.9309235
9.175781, -0.015563965, -1.9524689
9.184158, -0.046691895, -1.9740143
9.1853485, -0.01914978, -1.9416962
9.1698, -0.04069519, -1.9357147
9.17218, -0.022750854, -1.9117737
9.174576, -0.0059814453, -1.9105682
9.166199, 0.0035858154, -1.9033966
9.160217, 0.017959595, -1.8830414
9.18895, 0.0011901855, -1.9668427
9.182968, -0.03352356, -1.9764099
9.194931, -0.015563965, -1.9752197
9.166199, -0.02633667, -2.000351
9.18895, -0.05267334, -1.9955597
9.184158, -0.05986023, -2.0147247
9.175781, -0.056259155, -1.9812012
9.161407, -0.03831482, -1.9524689
9.129089, 0.020355225, -1.8878326
9.150635, 0.070632935, -1.8818359
9.160217, 0.0574646, -1.901001
9.139862, 0.034713745, -1.8124084
9.1698, 0.037109375, -1.8160095
9.17218, 0.02394104, -1.8112183
9.161407, -0.01675415, -1.8531189
9.157822, 0.02154541, -1.8411407
9.160217, -0.0143585205, -1.8938141
9.130295, -0.03831482, -1.8866272
9.162613, -0.015563965, -1.9788055
9.163803, -0.01914978, -1.9704285
9.178177, -0.06225586, -1.9464874
9.166199, -0.0287323, -1.9656372
9.179367, -0.027526855, -1.9345093
9.17218, -0.025146484, -1.9393005
9.166199, -0.020355225, -1.9033966
9.129089, -0.032318115, -1.9081726
9.142258, 0.0011901855, -1.8806458
9.130295, 0.025146484, -1.830368
9.179367, 0.0059814453, -1.8291626
9.200912, 0.03112793, -1.8746643
9.192535, 0.013168335, -1.8076172
9.17218, -0.013168335, -1.8052216
9.187744, -0.015563965, -1.8842316
9.187744, -0.015563965, -1.8399506
9.17099, -0.027526855, -1.921341
9.17218, -0.034713745, -1.9764099
9.154236, -0.03112793, -1.9656372
9.161407, -0.02633667, -2.027893
9.147049, -0.02154541, -2.0338745
9.1410675, -0.04309082, -1.9871826
9.160217, -0.046691895, -2.0302887
9.160217, -0.046691895, -2.003952
9.149445, -0.04309082, -1.9716187
9.186554, -0.03112793, -1.9309235
9.176971, -0.027526855, -1.9117737
9.176971, -0.02154541, -1.9129639
9.178177, -0.039505005, -1.8902283
9.173386, -0.02633667, -1.8806458
9.194931, -0.034713745, -1.8962097
9.163803, -0.015563965, -1.8710632
9.163803, -0.05027771, -1.9081726
9.136276, -0.022750854, -1.9584503
9.165009, -0.05267334, -2.015915
9.148239, -0.02394104, -1.9692383
9.1698, -0.037109375, -1.9309235
9.174576, -0.02394104, -2.0015564
9.1698, -0.029922485, -1.9943695
9.1458435, -0.037109375, -1.9824066
9.156631, -0.015563965, -1.9728241
9.166199, -0.01675415, -1.9393005
9.1698, -0.015563965, -1.9105682
9.149445, -0.02394104, -1.8962097
9.184158, -0.044296265, -1.8543091
9.193741, -0.037109375, -1.8315582
9.160217, -0.04788208, -1.8746643
9.159012, -0.05506897, -1.8782501
9.162613, -0.051467896, -1.885437
9.136276, -0.011978149, -1.9369049
9.150635, -0.039505005, -1.9033966
9.120712, -0.029922485, -1.945282
9.176971, -0.0287323, -1.945282
9.166199, -0.02633667, -2.0015564
9.194931, -0.070632935, -1.9835968
9.206909, -0.05506897, -2.0338745
9.178177, -0.05027771, -1.9668427
9.196121, -0.027526855, -1.9632416
9.159012, -0.03831482, -1.9345093
9.162613, -0.04788208, -1.9333191
9.161407, -0.034713745, -1.9225464
9.139862, -0.01914978, -1.9333191
9.162613, -0.020355225, -1.8973999
9.162613, -0.03831482, -1.9357147
9.129089, -0.03831482, -1.8926239
9.174576, -0.041900635, -1.9141693
9.1698, -0.04548645, -1.9357147
9.174576, -0.034713745, -1.9512787
9.184158, -0.03112793, -1.9500732
9.186554, -0.0143585205, -1.9273376
9.149445, -0.02633667, -1.9117737
9.126694, -0.0059814453, -1.8950043
9.179367, -0.037109375, -1.9345093
9.181763, -0.017959595, -1.9177551
9.160217, -0.02633667, -1.909378
9.130295, -0.008377075, -1.909378
9.149445, -0.032318115, -1.8890228
9.17218, -0.04548645, -1.9045868
9.147049, -0.02633667, -1.9285278
9.182968, -0.05027771, -1.8986053
9.174576, -0.04069519, -1.8830414
9.182968, -0.04548645, -1.8914185
9.182968, -0.0574646, -1.8878326
9.165009, -0.070632935, -1.924942
9.181763, -0.080200195, -1.8818359
9.186554, -0.063446045, -1.9464874
9.182968, -0.05267334, -1.9369049
9.161407, -0.06225586, -1.9117737
9.199722, -0.044296265, -1.9584503
9.1698, -0.015563965, -1.924942
9.176971, -0.020355225, -1.9273376
9.131485, -0.03112793, -1.9105682
9.155426, -0.039505005, -1.9225464
9.175781, -0.03591919, -1.9357147
9.147049, -0.03591919, -1.9476776
9.132675, -0.04548645, -1.9297333
9.210495, -0.0574646, -1.9261322
9.200912, -0.056259155, -1.964447
9.186554, -0.061050415, -1.9512787
9.149445, -0.080200195, -1.9979553
9.149445, -0.073028564, -2.012329
9.156631, -0.065841675, -1.9824066
9.149445, -0.0574646, -2.0183105
9.136276, -0.046691895, -1.9895782
9.17218, -0.032318115, -2.0410614
9.196121, -0.03112793, -2.0135193
9.144653, -0.049087524, -1.9835968
9.161407, -0.04548645, -2.0183105
9.162613, -0.05267334, -1.95607
9.179367, -0.0574646, -1.924942
9.17099, -0.080200195, -1.9704285
9.1805725, -0.05506897, -1.9632416
9.184158, -0.056259155, -1.945282
9.139862, -0.07901001, -1.945282
9.15184, -0.056259155, -1.9440918
9.176971, -0.039505005, -1.9835968
9.15184, -0.070632935, -2.0063477
9.175781, -0.02394104, -1.9692383
9.161407, -0.049087524, -1.9440918
9.168594, -0.034713745, -1.9692383
9.1458435, -0.051467896, -1.960846
9.196121, -0.051467896, -1.9285278
9.181763, -0.022750854, -1.921341
9.174576, -0.061050415, -1.9500732
9.167404, -0.084991455, -1.921341
9.184158, -0.068237305, -1.9620514
9.159012, -0.06463623, -1.9021912
9.174576, -0.041900635, -1.916565
9.186554, -0.049087524, -1.9033966
9.161407, -0.034713745, -1.9153595
9.147049, -0.015563965, -1.9189453
9.163803, -0.011978149, -1.9129639
9.166199, -0.032318115, -1.9189453
9.173386, -0.061050415, -1.9524689
9.182968, -0.025146484, -1.9117737
9.165009, -0.0095825195, -1.9033966
9.157822, -0.017959595, -1.8986053
9.162613, -0.020355225, -1.885437
9.157822, -0.046691895, -1.8962097
9.165009, -0.03591919, -1.9069824
9.167404, -0.025146484, -1.8878326
9.156631, -0.029922485, -1.8351593
9.17218, -0.041900635, -1.9117737
9.168594, -0.041900635, -1.9021912
9.196121, -0.025146484, -1.8986053
9.1805725, -0.010772705, -1.9105682
9.160217, -0.037109375, -1.9440918
9.120712, -0.044296265, -1.9177551
9.167404, -0.03591919, -1.916565
9.149445, -0.011978149, -1.9141693
9.148239, -0.0011901855, -1.901001
9.1698, -0.01914978, -1.9117737
9.178177, -0.034713745, -1.9021912
9.187744, -0.065841675, -1.9285278
9.178177, -0.04309082, -1.9045868
9.166199, -0.03591919, -1.9117737
9.182968, -0.05027771, -1.8997955
9.184158, -0.039505005, -1.9429016
9.147049, -0.02394104, -1.9177551
9.19014, -0.027526855, -1.9273376
9.161407, -0.044296265, -1.9021912
9.182968, -0.049087524, -1.8997955
9.199722, -0.058654785, -1.9273376
9.204514, -0.058654785, -1.9021912
9.178177, -0.063446045, -1.8830414
9.1805725, -0.056259155, -1.8770599
9.212891, -0.04069519, -1.8950043
9.168594, -0.0035858154, -1.8986053
9.131485, -0.01675415, -1.8950043
9.156631, -0.020355225, -1.9081726
9.157822, -0.03591919, -1.8914185
9.161407, -0.025146484, -1.9237366
9.179367, -0.020355225, -1.909378
9.1698, -0.029922485, -1.8926239
9.17099, -0.020355225, -1.8734589
9.139862, -0.044296265, -1.8986053
9.17099, -0.022750854, -1.9285278
9.166199, -0.0574646, -1.924942
9.166199, -0.044296265, -1.9309235
9.15184, -0.013168335, -1.909378
9.176971, -0.032318115, -1.9381104
9.193741, -0.037109375, -1.9201508
9.157822, -0.03591919, -1.945282
9.156631, -0.037109375, -1.9393005
9.179367, -0.039505005, -1.9201508
9.168594, -0.025146484, -1.948883
9.176971, -0.03591919, -1.9153595
9.187744, -0.05506897, -1.940506
9.208099, -0.027526855, -1.9261322
9.194931, -0.058654785, -1.8950043
9.167404, -0.027526855, -1.9033966
9.155426, -0.008377075, -1.9033966
9.1805725, -0.017959595, -1.8543091
9.161407, -0.025146484, -1.8950043
9.161407, -0.0035858154, -1.8902283
9.167404, -0.022750854, -1.8842316
9.154236, -0.011978149, -1.8806458
9.124298, 0.0011901855, -1.8914185
9.163803, -0.0011901855, -1.9045868
9.18895, -0.041900635, -1.9045868
9.155426, -0.0574646, -1.8483276
9.174576, -0.034713745, -1.8578949
9.1805725, -0.025146484, -1.901001
9.179367, -0.03831482, -1.8830414
9.202118, -0.029922485, -1.8950043
9.162613, -0.029922485, -1.8986053
9.156631, -0.053863525, -1.8973999
9.1853485, -0.011978149, -1.9261322
9.198517, -0.0287323, -1.8890228
9.215286, -0.041900635, -1.8914185
9.149445, -0.053863525, -1.8758545
9.1805725, -0.0287323, -1.8926239
9.1805725, -0.025146484, -1.8818359
9.1853485, -0.03591919, -1.8758545
9.197327, -0.034713745, -1.8878326
9.163803, -0.05027771, -1.8554993
9.150635, -0.0143585205, -1.8926239
9.149445, -0.017959595, -1.8962097
9.161407, -0.01914978, -1.9045868
9.191345, -0.008377075, -1.9117737
9.163803, -0.032318115, -1.8950043
9.15303, -0.027526855, -1.8818359
9.175781, -0.034713745, -1.8782501
9.1805725, -0.01914978, -1.905777
9.163803, -0.04069519, -1.8435364
9.168594, -0.0059814453, -1.8543091
9.211685, -0.017959595, -1.9069824
9.162613, -0.046691895, -1.8626862
9.163803, -0.025146484, -1.8986053
9.1458435, -0.0143585205, -1.8866272
9.136276, -0.0047912598, -1.8758545
9.191345, -0.0023956299, -1.8866272
9.181763, -0.032318115, -1.8794556
9.176971, -0.017959595, -1.8986053
9.19014, -0.02154541, -1.8746643
9.18895, -0.01675415, -1.8997955
9.200912, -0.020355225, -1.8578949
9.182968, -0.0095825195, -1.8770599
9.192535, -0.01914978, -1.8734589
9.160217, -0.044296265, -1.8662872
9.17099, -0.03591919, -1.9369049
9.173386, 0.0047912598, -1.9273376
9.176971, -0.02633667, -1.8842316
9.15184, 0.0, -1.8782501
9.163803, -0.04309082, -1.9177551
9.19014, -0.05267334, -1.9261322
9.168594, -0.0023956299, -1.9141693
9.202118, -0.05267334, -1.8686676
9.181763, -0.04309082, -1.8997955
9.191345, -0.0287323, -1.8938141
9.210495, -0.01914978, -1.9021912
9.182968, -0.01914978, -1.8758545
9.161407, -0.03352356, -1.885437
9.165009, -0.044296265, -1.9297333
9.162613, -0.017959595, -1.8710632
9.196121, -0.01675415, -1.8938141
9.186554, -0.049087524, -1.9105682
9.19014, -0.046691895, -1.8926239
9.203308, 0.0011901855, -1.8591003
9.161407, -0.017959595, -1.8746643
9.17099, -0.02633667, -1.9117737
9.181763, -0.02154541, -1.916565
9.204514, -0.02154541, -1.8938141
9.179367, -0.03352356, -1.869873
9.148239, -0.02633667, -1.8818359
9.176971, -0.01675415, -1.905777
9.184158, -0.02394104, -1.8782501
9.191345, -0.020355225, -1.905777
9.186554, -0.03112793, -1.9141693
9.160217, -0.0071868896, -1.9512787
9.1853485, 0.0047912598, -1.916565
9.160217, -0.03352356, -1.8986053
9.178177, -0.03591919, -1.8794556
9.203308, -0.03831482, -1.8650818
9.1853485, -0.025146484, -1.909378
9.184158, -0.027526855, -1.9117737
9.181763, -0.029922485, -1.8806458
9.181763, -0.032318115, -1.8902283
9.17099, -0.013168335, -1.8842316
9.176971, -0.0059814453, -1.8447266
9.174576, 0.0059814453, -1.8866272
9.161407, -0.01675415, -1.8890228
9.157822, -0.03591919, -1.8638916
9.167404, -0.025146484, -1.8626862
9.181763, -0.015563965, -1.885437
9.175781, -0.03352356, -1.8938141
9.194931, -0.05027771, -1.8878326
9.1853485, -0.039505005, -1.8722687
9.178177, -0.022750854, -1.9033966
9.179367, -0.020355225, -1.9381104
9.155426, -0.022750854, -1.861496
9.176971, -0.02154541, -1.8914185
9.196121, -0.046691895, -1.916565
9.18895, -0.032318115, -1.9141693
9.17218, -0.022750854, -1.9069824
9.178177, -0.0023956299, -1.8938141
9.186554, -0.020355225, -1.8842316
9.186554, -0.05267334, -1.885437
9.184158, -0.0095825195, -1.8710632
9.166199, -0.0071868896, -1.8866272
9.157822, -0.0011901855, -1.8710632
9.192535, -0.03591919, -1.8483276
9.184158, -0.02154541, -1.8818359
9.15184, -0.02394104, -1.9021912
9.1853485, -0.01675415, -1.8902283
9.184158, -0.0023956299, -1.905777
9.178177, -0.029922485, -1.9357147
9.168594, 0.0059814453, -1.9141693
9.161407, -0.022750854, -1.9069824
9.163803, -0.02154541, -1.8734589
9.1698, -0.0047912598, -1.8973999
9.193741, -0.0143585205, -1.8997955
9.200912, -0.03591919, -1.8997955
9.194931, -0.044296265, -1.8674774
9.176971, -0.04788208, -1.8507233
9.192535, -0.04788208, -1.885437
9.18895, -0.051467896, -1.8734589
9.1853485, -0.020355225, -1.869873
9.15184, -0.015563965, -1.8519135
9.15184, -0.05027771, -1.8997955
9.166199, -0.011978149, -1.9285278
9.159012, -0.027526855, -1.9045868
9.173386, -0.02394104, -1.901001
9.19014, -0.013168335, -1.9021912
9.181763, -0.04548645, -1.9117737
9.173386, -0.04309082, -1.9141693
9.173386, -0.022750854, -1.8914185
9.165009, -0.029922485, -1.8830414
9.187744, -0.03352356, -1.8914185
9.168594, -0.02154541, -1.9333191
9.193741, -0.05267334, -1.885437
9.162613, -0.04069519, -1.9129639
9.160217, -0.039505005, -1.940506
9.165009, -0.058654785, -1.9129639
9.1853485, -0.04069519, -1.905777
9.1698, -0.027526855, -1.9105682
9.162613, -0.022750854, -1.9105682
9.199722, -0.05027771, -1.9117737
9.156631, -0.027526855, -1.9273376
9.179367, -0.0047912598, -1.9177551
9.187744, -0.04309082, -1.8950043
9.197327, -0.03352356, -1.8758545
9.176971, -0.039505005, -1.8986053
9.1805725, -0.05506897, -1.9045868
9.204514, -0.037109375, -1.9237366
9.173386, -0.017959595, -1.8782501
9.168594, -0.051467896, -1.9081726
9.174576, -0.02394104, -1.8770599
9.160217, -0.03831482, -1.8794556
9.156631, -0.03591919, -1.8734589
9.179367, -0.022750854, -1.9261322
9.167404, -0.03352356, -1.9285278
9.176971, -0.053863525, -1.8770599
9.148239, -0.04548645, -1.8926239
9.1853485, -0.04548645, -1.9225464
9.174576, -0.034713745, -1.9189453
9.187744, -0.0287323, -1.924942
9.167404, -0.03831482, -1.9357147
9.208099, -0.04788208, -1.905777
9.19014, -0.037109375, -1.9225464
9.17218, -0.05027771, -1.8997955
9.184158, -0.022750854, -1.9261322
9.202118, -0.04548645, -1.9512787
9.160217, -0.022750854, -1.8926239
9.17099, -0.015563965, -1.8902283
9.15303, -0.011978149, -1.8710632
9.143463, -0.0071868896, -1.8973999
9.17099, -0.03591919, -1.8818359
9.154236, -0.032318115, -1.9500732
9.143463, -0.017959595, -1.9464874
9.1698, -0.03112793, -1.9021912
9.167404, -0.04788208, -1.9321136
9.157822, -0.03831482, -1.9237366
9.161407, -0.053863525, -1.909378
9.179367, -0.03591919, -1.905777
9.166199, -0.05986023, -1.8914185
9.120712, -0.02394104, -1.9273376
9.150635, -0.017959595, -1.905777
9.19014, -0.02154541, -1.861496
9.194931, -0.032318115, -1.909378
9.176971, -0.03112793, -1.8770599
9.194931, -0.032318115, -1.8890228
9.139862, -0.05267334, -1.8973999
9.159012, -0.027526855, -1.8507233
9.192535, -0.015563965, -1.8902283
9.166199, -0.037109375, -1.9309235
9.181763, -0.03112793, -1.9081726
9.17099, -0.01675415, -1.916565
9.178177, -0.05267334, -1.9237366
9.165009, -0.022750854, -1.8997955
9.187744, -0.037109375, -1.905777
9.181763, -0.044296265, -1.9237366
9.1805725, -0.011978149, -1.901001
9.184158, -0.010772705, -1.8842316
9.155426, -0.04788208, -1.8782501
9.148239, -0.05506897, -1.8973999
9.155426, -0.03591919, -1.8650818
9.184158, -0.025146484, -1.8602905
9.1805725, -0.0287323, -1.8997955
9.176971, -0.01675415, -1.9045868
9.186554, -0.0574646, -1.8842316
9.15184, -0.032318115, -1.9333191
9.168594, 0.0, -1.9081726
9.142258, -0.051467896, -1.8842316
9.184158, -0.020355225, -1.8890228
9.1805725, -0.025146484, -1.9309235
9.147049, -0.03352356, -1.9021912
9.165009, -0.027526855, -1.9081726
9.176971, -0.020355225, -1.9429016
9.17218, -0.032318115, -1.9345093
9.199722, -0.041900635, -1.924942
9.1805725, -0.04069519, -1.9237366
9.196121, -0.029922485, -1.9201508
9.184158, -0.051467896, -1.9429016
9.156631, -0.03112793, -1.9273376
9.18895, -0.025146484, -1.9189453
9.193741, -0.02394104, -1.8950043
9.150635, -0.03591919, -1.8962097
9.160217, -0.0023956299, -1.9129639
9.176971, -0.046691895, -1.8997955
9.160217, -0.02154541, -1.9105682
9.178177, -0.04548645, -1.9129639
9.186554, -0.02154541, -1.9141693
9.179367, -0.0047912598, -1.9201508
9.174576, -0.04069519, -1.924942
9.15184, -0.037109375, -1.9177551
9.18895, -0.056259155, -1.9225464
9.204514, -0.049087524, -1.9201508
9.167404, 0.0023956299, -1.9285278
9.163803, -0.034713745, -1.901001
9.1698, -0.044296265, -1.8986053
9.184158, -0.04548645, -1.9189453
9.165009, -0.017959595, -1.9117737
9.173386, -0.037109375, -1.9117737
9.205704, -0.025146484, -1.9273376
9.166199, -0.05986023, -1.9476776
9.155426, -0.05027771, -1.9117737
9.167404, -0.01914978, -1.9261322
9.181763, 0.0011901855, -1.9033966
9.1698, -0.03591919, -1.9440918
9.1698, -0.020355225, -1.945282
9.192535, -0.0287323, -1.8950043
9.157822, -0.015563965, -1.9069824
9.186554, -0.04069519, -1.9117737
9.176971, -0.0143585205, -1.9369049
9.182968, -0.025146484, -1.9153595
9.166199, -0.049087524, -1.9237366
9.193741, -0.03112793, -1.940506
9.1853485, -0.03112793, -1.9357147
9.157822, -0.03352356, -1.9464874
9.150635, -0.039505005, -1.9189453
9.15184, -0.032318115, -1.9201508
9.178177, -0.010772705, -1.8806458
9.182968, -0.02154541, -1.9273376
9.15303, -0.0095825195, -1.9476776
9.160217, -0.008377075, -1.9261322
9.174576, -0.011978149, -1.9081726
9.15303, -0.0143585205, -1.905777
9.163803, -0.032318115, -1.909378
9.179367, -0.05027771, -1.8914185
9.19014, -0.04548645, -1.8806458
9.196121, -0.04788208, -1.9225464
9.15184, -0.03591919, -1.9201508
9.135071, -0.037109375, -1.9141693
9.1458435, -0.0143585205, -1.8770599
9.15303, 0.0059814453, -1.8950043
9.168594, -0.0143585205, -1.9321136
9.157822, -0.013168335, -1.9177551
9.167404, -0.02154541, -1.8878326
9.173386, -0.0143585205, -1.8890228
9.162613, 0.0011901855, -1.9333191
9.1853485, -0.04788208, -1.8926239
9.197327, -0.039505005, -1.8758545
9.181763, -0.05267334, -1.8626862
9.1853485, -0.03352356, -1.8782501
9.175781, -0.0023956299, -1.8950043
9.173386, -0.02633667, -1.8710632
9.149445, -0.04309082, -1.8866272
9.147049, -0.0035858154, -1.9321136
9.159012, 0.0023956299, -1.9189453
9.1698, -0.0095825195, -1.8758545
9.163803, -0.020355225, -1.9536743
9.179367, -0.04548645, -1.9285278
9.1853485, -0.049087524, -1.909378
9.205704, -0.025146484, -1.8794556
9.208099, -0.041900635, -1.8926239
9.200912, -0.010772705, -1.9081726
9.187744, -0.02154541, -1.9045868
9.174576, -0.04069519, -1.9261322
9.187744, -0.027526855, -1.9429016
9.184158, -0.073028564, -1.9105682
9.17218, -0.063446045, -1.9512787
9.174576, -0.04548645, -1.9189453
9.17218, -0.058654785, -1.940506
9.19014, -0.032318115, -1.8938141
9.156631, -0.044296265, -1.9285278
9.167404, -0.011978149, -1.8973999
9.176971, -0.04309082, -1.8758545
9.163803, -0.03352356, -1.9045868
9.175781, -0.039505005, -1.9069824
9.202118, -0.04548645, -1.9177551
9.203308, -0.011978149, -1.921341
9.163803, -0.03112793, -1.8902283
9.173386, -0.03591919, -1.8842316
9.173386, -0.03112793, -1.9141693
9.1698, -0.027526855, -1.9309235
9.194931, -0.01675415, -1.909378
9.186554, -0.0143585205, -1.905777
9.144653, -0.034713745, -1.9021912
9.17218, -0.02394104, -1.9021912
9.204514, -0.02394104, -1.8866272
9.210495, -0.0287323, -1.8830414
9.143463, -0.04069519, -1.8782501
9.1410675, -0.029922485, -1.8818359
9.1805725, -0.0287323, -1.9333191
9.168594, -0.01914978, -1.8926239
9.142258, -0.01914978, -1.924942
9.165009, 0.0071868896, -1.9033966
9.1805725, -0.027526855, -1.9333191
9.174576, -0.044296265, -1.8986053
9.173386, 0.0, -1.9129639
9.173386, -0.0095825195, -1.9129639
9.174576, -0.01914978, -1.9225464
9.174576, -0.03112793, -1.9333191
9.165009, -0.032318115, -1.9045868
9.142258, -0.03352356, -1.8962097
9.1458435, -0.01675415, -1.8638916
9.161407, -0.020355225, -1.9129639
9.168594, -0.0095825195, -1.916565
9.155426, -0.013168335, -1.909378
9.155426, -0.0023956299, -1.9105682
9.167404, -0.010772705, -1.9201508
9.1805725, -0.05267334, -1.9045868
9.187744, -0.022750854, -1.8962097
9.184158, -0.027526855, -1.8962097
9.18895, -0.0095825195, -1.9045868
9.15303, -0.011978149, -1.9117737
9.154236, 0.0047912598, -1.9177551
9.143463, -0.04069519, -1.8746643
9.118317, -0.061050415, -1.8770599
9.133881, 0.0287323, -1.8650818
9.15303, -0.011978149, -1.8794556
9.168594, -0.0095825195, -1.8997955
9.166199, -0.04788208, -1.8758545
9.18895, -0.044296265, -1.8866272
9.194931, -0.04309082, -1.8758545
9.1805725, -0.03591919, -1.9177551
9.178177, -0.04069519, -1.885437
9.204514, -0.0035858154, -1.8674774
9.197327, -0.01675415, -1.9285278
9.161407, -0.034713745, -1.9045868
9.157822, -0.02394104, -1.9129639
9.161407, -0.032318115, -1.9333191
9.156631, -0.056259155, -1.8962097
9.160217, -0.03352356, -1.9237366
9.168594, -0.025146484, -1.9416962
9.196121, -0.058654785, -1.9105682
9.187744, -0.065841675, -1.9153595
9.173386, -0.0287323, -1.9273376
9.17218, -0.03352356, -1.9440918
9.1853485, -0.0574646, -1.869873
9.17099, -0.022750854, -1.9201508
9.167404, -0.041900635, -1.9069824
9.1698, -0.06225586, -1.8866272
9.174576, -0.070632935, -1.8950043
9.150635, -0.022750854, -1.9117737
9.150635, -0.02154541, -1.8902283
9.18895, -0.039505005, -1.9129639
9.179367, -0.04309082, -1.9081726
9.186554, -0.034713745, -1.9381104
9.150635, -0.051467896, -1.9069824
9.175781, -0.025146484, -1.9500732
9.175781, -0.037109375, -1.9524689
9.173386, -0.03591919, -1.9309235
9.162613, -0.046691895, -1.8806458
9.160217, -0.037109375, -1.9201508
9.184158, -0.046691895, -1.916565
9.173386, -0.03591919, -1.9045868
9.178177, -0.037109375, -1.921341
9.19014, -0.029922485, -1.9297333
9.166199, -0.05267334, -1.9273376
9.160217, -0.04788208, -1.9285278
9.1805725, -0.053863525, -1.9309235
9.168594, -0.065841675, -1.9429016
9.17099, -0.07182312, -1.9752197
9.173386, -0.049087524, -1.9285278
9.17099, -0.03112793, -1.9321136
9.192535, -0.058654785, -1.9429016
9.174576, -0.05267334, -1.9189453
9.159012, -0.020355225, -1.9105682
9.156631, -0.0287323, -1.9333191
9.19014, -0.046691895, -1.9261322
9.186554, -0.049087524, -1.924942
9.168594, -0.034713745, -1.9393005
9.157822, -0.049087524, -1.9237366
9.157822, -0.05267334, -1.9033966
9.175781, -0.0861969, -1.9273376
9.182968, -0.05267334, -1.9572601
9.165009, -0.02394104, -1.9201508
9.157822, -0.032318115, -1.9045868
9.1698, -0.03112793, -1.9345093
9.179367, -0.056259155, -1.9668427
9.196121, -0.039505005, -1.9285278
9.154236, -0.039505005, -1.8878326
9.1458435, -0.06942749, -1.9141693
9.154236, -0.025146484, -1.9393005
9.184158, -0.02154541, -1.95607
9.182968, -0.046691895, -1.9524689
9.181763, -0.034713745, -1.9201508
9.17099, -0.03591919, -1.8997955
9.150635, -0.051467896, -1.9429016
9.143463, -0.041900635, -1.9345093
9.167404, -0.0287323, -1.921341
9.179367, -0.04309082, -1.9524689
9.173386, -0.039505005, -1.9357147
9.175781, -0.041900635, -1.9117737
9.167404, -0.0574646, -1.9189453
9.1805725, -0.056259155, -1.9069824
9.184158, -0.05027771, -1.9393005
9.165009, -0.06703186, -1.9429016
9.131485, -0.0574646, -1.9429016
9.127899, -0.025146484, -1.9285278
9.124298, -0.04788208, -1.95607
9.148239, -0.03591919, -1.9201508
9.168594, -0.065841675, -1.9105682
9.218872, -0.058654785, -1.921341
9.178177, -0.06463623, -1.948883
9.194931, -0.04309082, -1.924942
9.196121, -0.058654785, -1.916565
9.149445, -0.029922485, -1.9117737
9.154236, -0.029922485, -1.940506
9.186554, -0.01914978, -1.9429016
9.159012, -0.027526855, -1.9225464
9.127899, -0.06942749, -1.9416962
9.126694, -0.04788208, -1.905777
9.168594, -0.04069519, -1.9177551
9.203308, -0.065841675, -1.9536743
9.194931, -0.06703186, -1.9321136
9.161407, -0.061050415, -1.9357147
9.165009, -0.05267334, -1.9045868
9.17099, -0.061050415, -1.9345093
9.1410675, -0.075424194, -1.9440918
9.17099, -0.04788208, -1.9225464
9.1410675, -0.008377075, -1.9021912
9.125504, -0.07661438, -1.9548645
9.150635, -0.037109375, -1.9596558
9.167404, -0.029922485, -1.9321136
9.1410675, -0.041900635, -1.9464874
9.150635, -0.07182312, -1.9584503
9.191345, -0.041900635, -1.9704285
9.165009, -0.04548645, -1.9333191
9.175781, -0.08380127, -1.9141693
9.175781, -0.06942749, -1.8973999
9.163803, -0.058654785, -1.9476776
9.160217, -0.07421875, -1.9476776
9.131485, -0.058654785, -1.9584503
9.181763, -0.04069519, -1.9285278
9.15184, -0.020355225, -1.9393005
9.115921, -0.03352356, -1.9692383
9.154236, -0.058654785, -1.9500732
9.191345, -0.034713745, -1.9536743
9.196121, -0.025146484, -1.9500732
9.194931, -0.049087524, -1.9584503
9.17218, -0.077804565, -1.909378
9.178177, -0.046691895, -1.8866272
9.200912, -0.05986023, -1.916565
9.192535, -0.070632935, -1.948883
9.179367, -0.058654785, -1.9189453
9.15303, -0.051467896, -1.9309235
9.165009, -0.041900635, -1.909378
9.160217, -0.037109375, -1.916565
9.127899, -0.061050415, -1.9309235
9.147049, -0.053863525, -1.9596558
9.174576, -0.053863525, -1.960846
9.176971, -0.06225586, -1.9381104
9.182968, -0.061050415, -1.9416962
9.173386, -0.06225586, -1.9668427
9.149445, -0.075424194, -1.9548645
9.155426, -0.04309082, -1.9345093
9.161407, -0.011978149, -1.9524689
9.17099, -0.05027771, -1.9512787
9.149445, -0.03352356, -1.940506
9.168594, -0.020355225, -1.8962097
9.149445, -0.03352356, -1.9369049
9.18895, -0.061050415, -1.9237366
9.181763, -0.070632935, -1.9476776
9.193741, -0.070632935, -1.9584503
9.184158, -0.07182312, -1.9500732
9.162613, -0.075424194, -1.9201508
9.17099, -0.058654785, -1.9632416
9.156631, -0.049087524, -1.9931793
9.168594, -0.03591919, -1.9536743
9.168594, -0.05506897, -1.9584503
9.131485, -0.053863525, -1.9285278
9.1698, -0.039505005, -1.9105682
9.174576, -0.04548645, -1.9273376
9.157822, -0.063446045, -1.921341
9.179367, -0.063446045, -1.905777
9.194931, -0.04548645, -1.9129639
9.176971, -0.063446045, -1.9237366
9.1698, -0.029922485, -1.9333191
9.187744, -0.0059814453, -1.9153595
9.163803, -0.03112793, -1.909378
9.154236, -0.02154541, -1.9045868
9.160217, -0.04548645, -1.9309235
9.181763, -0.041900635, -1.95607
9.163803, -0.039505005, -1.9225464
9.155426, -0.04069519, -1.9261322
9.186554, -0.0574646, -1.9045868
9.184158, -0.0861969, -1.9081726
9.166199, -0.053863525, -1.9177551
9.162613, -0.032318115, -1.8926239
9.162613, -0.05027771, -1.8794556
9.18895, -0.04788208, -1.8973999
9.17099, -0.044296265, -1.8926239
9.168594, -0.044296265, -1.8962097
9.165009, -0.034713745, -1.8866272
9.176971, -0.025146484, -1.9021912
9.165009, -0.049087524, -1.9045868
9.143463, -0.037109375, -1.9117737
9.194931, -0.020355225, -1.9321136
9.186554, -0.04548645, -1.9321136
9.182968, -0.046691895, -1.9357147
9.18895, -0.049087524, -1.9021912
9.216476, -0.0574646, -1.9416962
9.154236, -0.046691895, -1.9883881
9.17099, -0.039505005, -1.9285278
9.149445, -0.020355225, -1.8938141
9.165009, -0.03591919, -1.9237366
9.178177, -0.06463623, -1.9285278
9.149445, -0.034713745, -1.9237366
9.18895, -0.061050415, -1.9177551
9.178177, -0.044296265, -1.9321136
9.174576, -0.05986023, -1.9309235
9.174576, -0.06942749, -1.9273376
9.198517, -0.03831482, -1.8986053
9.18895, -0.032318115, -1.9033966
9.1853485, -0.03591919, -1.9500732
9.147049, -0.04788208, -1.9201508
9.139862, -0.05027771, -1.9620514
9.1458435, -0.044296265, -1.9129639
9.159012, -0.061050415, -1.8986053
9.173386, -0.03831482, -1.924942
9.192535, -0.041900635, -1.9596558
9.159012, -0.04069519, -1.924942
9.166199, -0.046691895, -1.9129639
9.186554, -0.06942749, -1.9153595
9.161407, -0.0143585205, -1.9153595
9.17218, -0.010772705, -1.9081726
9.194931, -0.04309082, -1.909378
9.184158, -0.034713745, -1.9201508
9.154236, -0.051467896, -1.9153595
9.157822, -0.03112793, -1.9141693
9.1853485, -0.034713745, -1.9297333
9.1698, -0.044296265, -1.9512787
9.161407, -0.034713745, -1.9321136
9.173386, -0.049087524, -1.8997955
9.179367, -0.046691895, -1.9189453
9.166199, -0.04309082, -1.9045868
9.178177, -0.058654785, -1.9225464
9.20929, -0.032318115, -1.9297333
9.199722, -0.03112793, -1.9141693
9.181763, -0.05506897, -1.9105682
9.182968, -0.063446045, -1.8926239
9.162613, -0.049087524, -1.940506
9.162613, -0.051467896, -1.9033966
9.160217, -0.058654785, -1.8758545
9.18895, -0.03112793, -1.9357147
9.178177, -0.051467896, -1.9081726
9.200912, -0.06703186, -1.9189453
9.165009, -0.05027771, -1.95607
9.191345, -0.046691895, -1.9117737
9.199722, -0.04788208, -1.9225464
9.178177, -0.02633667, -1.9321136
9.1853485, -0.017959595, -1.8997955
9.17099, -0.03352356, -1.8914185
9.174576, -0.03591919, -1.9153595
9.192535, -0.046691895, -1.9033966
9.203308, -0.020355225, -1.9129639
9.168594, -0.04309082, -1.901001
9.156631, -0.025146484, -1.885437
9.1853485, -0.051467896, -1.916565
9.157822, -0.044296265, -1.9440918
9.149445, -0.037109375, -1.9069824
9.154236, -0.03352356, -1.8578949
9.174576, -0.032318115, -1.8722687
9.166199, -0.013168335, -1.9261322
9.202118, -0.0143585205, -1.9141693
9.202118, -0.03591919, -1.9045868
9.1805725, -0.07421875, -1.916565
9.1698, -0.051467896, -1.9393005
9.17099, -0.015563965, -1.9201508
9.179367, -0.02633667, -1.9393005
9.15184, -0.029922485, -1.9225464
9.17218, -0.051467896, -1.9261322
9.181763, -0.04309082, -1.8962097
9.198517, -0.056259155, -1.901001
9.181763, -0.041900635, -1.8914185
9.154236, -0.04788208, -1.909378
9.186554, -0.06703186, -1.8722687
9.1853485, -0.082595825, -1.8890228
9.218872, -0.06942749, -1.8626862
9.178177, -0.03831482, -1.8722687
9.17218, -0.04788208, -1.8578949
9.168594, -0.0095825195, -1.8746643
9.124298, 0.0059814453, -1.8830414
9.156631, -0.01675415, -1.8973999
9.150635, -0.029922485, -1.8902283
9.18895, -0.03831482, -1.9309235
9.191345, -0.02154541, -1.9177551
9.184158, -0.02154541, -1.9081726
9.182968, -0.02394104, -1.905777
9.221268, -0.063446045, -1.9285278
9.192535, -0.041900635, -1.9117737
9.182968, -0.03591919, -1.8806458
9.20929, -0.034713745, -1.9033966
9.15303, -0.041900635, -1.9189453
9.167404, -0.020355225, -1.8782501
9.150635, -0.0095825195, -1.9045868
9.154236, -0.02154541, -1.885437
9.159012, -0.02394104, -1.8746643
9.15303, -0.015563965, -1.9189453
9.187744, -0.013168335, -1.9225464
9.179367, -0.034713745, -1.9105682
9.192535, -0.04309082, -1.9081726
9.182968, -0.049087524, -1.9141693
9.159012, -0.020355225, -1.9333191
9.221268, -0.053863525, -1.9117737
9.20929, -0.03831482, -1.8842316
9.193741, -0.037109375, -1.8986053
9.166199, -0.027526855, -1.9297333
9.182968, -0.05027771, -1.9285278
9.173386, -0.05267334, -1.916565
9.211685, -0.02154541, -1.8830414
9.181763, -0.02154541, -1.8722687
9.19014, -0.015563965, -1.9021912
9.174576, -0.027526855, -1.901001
9.200912, -0.04548645, -1.924942
9.206909, -0.068237305, -1.9273376
9.192535, -0.0574646, -1.8914185
9.148239, -0.0287323, -1.9261322
9.161407, -0.022750854, -1.9141693
9.184158, -0.01914978, -1.9381104
9.17218, -0.010772705, -1.9021912
9.203308, -0.02154541, -1.9536743
9.178177, -0.010772705, -1.8950043
9.159012, -0.0143585205, -1.885437
9.20929, -0.03591919, -1.9069824
9.184158, -0.049087524, -1.8962097
9.17099, -0.02154541, -1.9021912
9.15184, -0.04069519, -1.8950043
9.156631, -0.03591919, -1.8782501
9.150635, -0.03591919, -1.885437
9.165009, -0.025146484, -1.8997955
9.167404, -0.0287323, -1.8926239
9.160217, -0.011978149, -1.8926239
9.175781, -0.01914978, -1.9297333
9.182968, -0.0011901855, -1.869873
9.17218, -0.022750854, -1.8554993
9.199722, 0.0071868896, -1.8722687
9.204514, -0.01914978, -1.9201508
9.181763, 0.0, -1.8878326
9.179367, -0.04548645, -1.8878326
9.184158, -0.03112793, -1.9105682
9.165009, -0.015563965, -1.9069824
9.165009, -0.041900635, -1.869873
9.199722, -0.0143585205, -1.8830414
9.186554, -0.0143585205, -1.9345093
9.157822, -0.04548645, -1.9129639
9.168594, -0.05267334, -1.8782501
9.203308, -0.010772705, -1.8519135
9.15303, -0.029922485, -1.8578949
9.150635, -0.015563965, -1.8375549
9.182968, -0.01914978, -1.8602905
9.168594, -0.0023956299, -1.8770599
9.168594, -0.02633667, -1.8830414
9.179367, -0.02394104, -1.9033966
9.19014, -0.03352356, -1.8938141
9.173386, -0.039505005, -1.909378
9.167404, -0.01675415, -1.861496
9.187744, -0.020355225, -1.869873
9.210495, -0.01914978, -1.8950043
9.167404, -0.008377075, -1.8950043
9.17218, -0.008377075, -1.8842316
9.181763, -0.0287323, -1.905777
9.168594, -0.0095825195, -1.8746643
9.182968, -0.039505005, -1.8902283
9.174576, -0.034713745, -1.8758545
9.17218, -0.022750854, -1.8973999
9.173386, 0.0035858154, -1.8578949
9.156631, -0.020355225, -1.8746643
9.168594, -0.017959595, -1.8818359
9.159012, -0.015563965, -1.8986053
9.178177, -0.020355225, -1.8926239
9.184158, -0.02633667, -1.8902283
9.178177, -0.0143585205, -1.916565
9.166199, -0.027526855, -1.8830414
9.160217, 0.0035858154, -1.8890228
9.157822, -0.01914978, -1.9105682
9.184158, -0.0035858154, -1.9177551
9.133881, -0.017959595, -1.9429016
9.1410675, -0.027526855, -1.905777
9.187744, -0.013168335, -1.9021912
9.174576, -0.02394104, -1.9021912
9.193741, -0.025146484, -1.8662872
9.199722, -0.0287323, -1.8914185
9.1698, -0.0287323, -1.9033966
9.179367, -0.02633667, -1.8734589
9.187744, -0.039505005, -1.885437

