x : y : Z 
9.434357, -0.28970337, 1.4963837
9.411606, -0.29328918, 1.4855957
9.434357, -0.27653503, 1.5251007
9.430756, -0.28251648, 1.5095367
9.460693, -0.33998108, 1.5274963
9.448715, -0.31243896, 1.5346832
9.42598, -0.31243896, 1.5562286
9.424774, -0.28012085, 1.5287018
9.439133, -0.27893066, 1.5083466
9.399643, -0.292099, 1.4891968
9.431961, -0.2813263, 1.5119324
9.435547, -0.28730774, 1.5083466
9.442734, -0.29927063, 1.493988
9.422379, -0.2813263, 1.5191193
9.421188, -0.2956848, 1.5203247
9.436752, -0.28970337, 1.4640503
9.46907, -0.28849792, 1.4760284
9.445129, -0.31124878, 1.4855957
9.424774, -0.29089355, 1.4963837
9.451111, -0.27174377, 1.5035553
9.449921, -0.296875, 1.4712372
9.404419, -0.28730774, 1.5011597
9.422379, -0.27653503, 1.4640503
9.429565, -0.3136444, 1.5023651
9.447525, -0.28970337, 1.5251007
9.434357, -0.292099, 1.5167236
9.435547, -0.2633667, 1.5095367
9.442734, -0.29447937, 1.5239105
9.430756, -0.296875, 1.5179291
9.424774, -0.28849792, 1.5071564
9.40921, -0.2956848, 1.5251007
9.429565, -0.30166626, 1.529892
9.42836, -0.2753296, 1.529892
9.439133, -0.292099, 1.5035553
9.422379, -0.30645752, 1.4927826
9.434357, -0.2956848, 1.493988
9.42836, -0.2813263, 1.5047607
9.406815, -0.29808044, 1.498764
9.417587, -0.32202148, 1.4927826
9.436752, -0.31243896, 1.5107422
9.410416, -0.29447937, 1.5442657
9.410416, -0.292099, 1.5430603
9.44632, -0.28849792, 1.538269
9.470261, -0.3040619, 1.5179291
9.452301, -0.29447937, 1.514328
9.419983, -0.2849121, 1.5322876
9.415192, -0.2956848, 1.5227051
9.435547, -0.3028717, 1.5191193
9.396042, -0.28012085, 1.5514374
9.40921, -0.30885315, 1.5394745
9.418793, -0.29328918, 1.5322876
9.42836, -0.27653503, 1.4975739
9.439133, -0.30047607, 1.5119324
9.454697, -0.26097107, 1.5035553
9.445129, -0.30166626, 1.5059509
9.465469, -0.27772522, 1.5059509
9.4379425, -0.296875, 1.4855957
9.418793, -0.28970337, 1.4808197
9.440338, -0.26815796, 1.4532776
9.424774, -0.28970337, 1.5251007
9.419983, -0.29328918, 1.514328
9.415192, -0.27893066, 1.529892
9.442734, -0.31843567, 1.5131378
9.440338, -0.32202148, 1.5394745
9.447525, -0.31962585, 1.5574341
9.442734, -0.296875, 1.5047607
9.40802, -0.28849792, 1.4772186
9.40802, -0.28370667, 1.5394745
9.424774, -0.28849792, 1.5131378
9.422379, -0.27772522, 1.4915924
9.442734, -0.28370667, 1.5095367
9.410416, -0.3040619, 1.5179291
9.3984375, -0.2849121, 1.490387
9.435547, -0.29328918, 1.5155334
9.394852, -0.30166626, 1.5287018
9.40921, -0.30047607, 1.4820099
9.449921, -0.32321167, 1.4999695
9.451111, -0.30885315, 1.5179291
9.441528, -0.28970337, 1.5203247
9.419983, -0.28251648, 1.5107422
9.424774, -0.30645752, 1.4760284
9.422379, -0.29328918, 1.514328
9.423584, -0.2849121, 1.5107422
9.415192, -0.3028717, 1.5155334
9.422379, -0.30166626, 1.5310974
9.42717, -0.3256073, 1.4891968
9.459488, -0.32081604, 1.4664459
9.453506, -0.30526733, 1.4808197
9.459488, -0.32081604, 1.474823
9.445129, -0.3040619, 1.4484863
9.4379425, -0.2813263, 1.4365234
9.440338, -0.31843567, 1.4664459
9.40921, -0.27653503, 1.4855957
9.42717, -0.296875, 1.4879913
9.454697, -0.28849792, 1.4999695
9.455902, -0.28730774, 1.5191193
9.484634, -0.2861023, 1.5179291
9.448715, -0.27772522, 1.5239105
9.431961, -0.296875, 1.5274963
9.448715, -0.29328918, 1.4891968
9.439133, -0.30526733, 1.4927826
9.448715, -0.3076477, 1.4999695
9.442734, -0.31723022, 1.4772186
9.440338, -0.2956848, 1.5023651
9.42836, -0.26576233, 1.4975739
9.397247, -0.26216125, 1.4377136
9.410416, -0.296875, 1.4101868
9.397247, -0.27293396, 1.4437103
9.431961, -0.27893066, 1.4520874
9.447525, -0.29447937, 1.4676514
9.42836, -0.31843567, 1.4784241
9.459488, -0.30885315, 1.4496918
9.418793, -0.28012085, 1.4820099
9.429565, -0.296875, 1.5191193
9.42836, -0.26934814, 1.5358734
9.445129, -0.2813263, 1.553833
9.402023, -0.30526733, 1.5861511
9.430756, -0.28370667, 1.5418701
9.419983, -0.2813263, 1.5071564
9.433151, -0.3148346, 1.5406647
9.451111, -0.28970337, 1.5526428
9.461884, -0.31604004, 1.4772186
9.439133, -0.28730774, 1.5083466
9.434357, -0.30166626, 1.493988
9.436752, -0.292099, 1.4688416
9.402023, -0.28251648, 1.4712372
9.391251, -0.2849121, 1.450882
9.411606, -0.27772522, 1.4724274
9.402023, -0.25138855, 1.493988
9.393646, -0.25976562, 1.5490417
9.440338, -0.28730774, 1.5095367
9.441528, -0.29328918, 1.5251007
9.470261, -0.28251648, 1.572998
9.491806, -0.29328918, 1.5442657
9.464279, -0.31124878, 1.5167236
9.430756, -0.3028717, 1.5310974
9.42836, -0.30047607, 1.5574341
9.447525, -0.29089355, 1.5526428
9.4379425, -0.29927063, 1.5406647
9.416397, -0.30885315, 1.5454559
9.424774, -0.2956848, 1.4927826
9.419983, -0.3028717, 1.5287018
9.419983, -0.2813263, 1.5203247
9.430756, -0.2861023, 1.5215149
9.402023, -0.2741394, 1.5358734
9.42836, -0.2753296, 1.5586243
9.447525, -0.29328918, 1.5442657
9.471466, -0.3040619, 1.5658112
9.470261, -0.29328918, 1.5897522
9.453506, -0.29328918, 1.5825653
9.440338, -0.27293396, 1.6101074
9.424774, -0.28370667, 1.5981293
9.434357, -0.27772522, 1.5837708
9.40802, -0.27772522, 1.6029205
9.386475, -0.2753296, 1.5634155
9.414001, -0.25378418, 1.5574341
9.404419, -0.28251648, 1.5155334
9.42598, -0.3040619, 1.5478516
9.470261, -0.296875, 1.514328
9.441528, -0.3076477, 1.5203247
9.443924, -0.2849121, 1.5478516
9.449921, -0.28970337, 1.5634155
9.471466, -0.29927063, 1.5682068
9.440338, -0.31243896, 1.5442657
9.42717, -0.2849121, 1.5287018
9.405624, -0.28970337, 1.5514374
9.414001, -0.27174377, 1.5526428
9.459488, -0.2813263, 1.5322876
9.421188, -0.28970337, 1.5478516
9.435547, -0.28730774, 1.5514374
9.418793, -0.28370667, 1.5957336
9.443924, -0.29808044, 1.5717926
9.418793, -0.296875, 1.533493
9.423584, -0.29089355, 1.5071564
9.3984375, -0.2669525, 1.5418701
9.3984375, -0.27293396, 1.5167236
9.436752, -0.26216125, 1.5059509
9.396042, -0.2753296, 1.4999695
9.40921, -0.2861023, 1.5095367
9.419983, -0.252594, 1.4868011
9.42717, -0.2813263, 1.529892
9.429565, -0.29927063, 1.529892
9.4379425, -0.292099, 1.5442657
9.416397, -0.27174377, 1.5251007
9.422379, -0.29328918, 1.5658112
9.422379, -0.30885315, 1.5119324
9.42836, -0.29328918, 1.5454559
9.433151, -0.27053833, 1.5574341
9.40802, -0.27653503, 1.5454559
9.379288, -0.3028717, 1.5466614
9.415192, -0.28370667, 1.5646057
9.42717, -0.26815796, 1.5825653
9.443924, -0.2956848, 1.5801697
9.429565, -0.28970337, 1.5670013
9.436752, -0.29927063, 1.6041107
9.394852, -0.28970337, 1.5550385
9.416397, -0.2956848, 1.5287018
9.434357, -0.30047607, 1.5801697
9.403229, -0.29447937, 1.5825653
9.376892, -0.29089355, 1.6029205
9.459488, -0.29328918, 1.5167236
9.445129, -0.3028717, 1.5215149
9.418793, -0.2849121, 1.5682068
9.429565, -0.28012085, 1.572998
9.418793, -0.30526733, 1.5550385
9.414001, -0.292099, 1.5622101
9.42598, -0.3028717, 1.5717926
9.418793, -0.25857544, 1.5765839
9.421188, -0.24659729, 1.5981293
9.39006, -0.25857544, 1.5993195
9.405624, -0.26097107, 1.6017151
9.441528, -0.24420166, 1.6304474
9.419983, -0.26216125, 1.6101074
9.414001, -0.27174377, 1.6364441
9.429565, -0.2753296, 1.6292572
9.418793, -0.3028717, 1.5921478
9.42598, -0.3028717, 1.5658112
9.400833, -0.2849121, 1.5849609
9.423584, -0.27653503, 1.5658112
9.417587, -0.28370667, 1.5346832
9.416397, -0.26815796, 1.5514374
9.414001, -0.30166626, 1.5215149
9.396042, -0.2753296, 1.5095367
9.396042, -0.29447937, 1.5227051
9.429565, -0.2849121, 1.5274963
9.405624, -0.31124878, 1.5035553
9.419983, -0.28849792, 1.5502472
9.440338, -0.28251648, 1.5574341
9.419983, -0.28730774, 1.4999695
9.399643, -0.28970337, 1.4796143
9.410416, -0.28730774, 1.4820099
9.42598, -0.28849792, 1.4652557
9.411606, -0.28012085, 1.4664459
9.406815, -0.29089355, 1.4712372
9.418793, -0.2956848, 1.4855957
9.414001, -0.31124878, 1.4640503
9.417587, -0.2956848, 1.4796143
9.406815, -0.29808044, 1.4855957
9.419983, -0.28012085, 1.5035553
9.42598, -0.30047607, 1.5526428
9.42717, -0.29447937, 1.5478516
9.4379425, -0.27653503, 1.553833
9.435547, -0.23342896, 1.6005249
9.433151, -0.2741394, 1.624466
9.433151, -0.2849121, 1.6304474
9.445129, -0.2813263, 1.6663666
9.449921, -0.27174377, 1.6400299
9.451111, -0.27653503, 1.687912
9.42836, -0.28849792, 1.6735535
9.441528, -0.3028717, 1.6651611
9.429565, -0.3040619, 1.6496124
9.429565, -0.3028717, 1.6531982
9.397247, -0.31004333, 1.6508026
9.423584, -0.33758545, 1.5993195
9.429565, -0.32681274, 1.572998
9.393646, -0.30526733, 1.5442657
9.391251, -0.30166626, 1.5035553
9.381683, -0.26815796, 1.4724274
9.39006, -0.2561798, 1.5071564
9.394852, -0.27293396, 1.474823
9.40921, -0.24780273, 1.4580688
9.411606, -0.26455688, 1.493988
9.396042, -0.2861023, 1.5287018
9.414001, -0.30166626, 1.5203247
9.454697, -0.28730774, 1.5251007
9.459488, -0.31604004, 1.5849609
9.453506, -0.33758545, 1.632843
9.434357, -0.35075378, 1.6496124
9.465469, -0.3244171, 1.6651611
9.460693, -0.2956848, 1.6843262
9.445129, -0.30166626, 1.7022705
9.4379425, -0.26097107, 1.727417
9.454697, -0.24420166, 1.7130585
9.419983, -0.2454071, 1.7693176
9.391251, -0.23342896, 1.7214355
9.379288, -0.25019836, 1.7130585
9.360138, -0.24182129, 1.6962891
9.356537, -0.22146606, 1.7286072
9.324219, -0.2813263, 1.6591797
9.381683, -0.31962585, 1.6316528
9.431961, -0.36750793, 1.577774
9.473862, -0.41059875, 1.5287018
9.504974, -0.41778564, 1.4161682
9.467865, -0.39982605, 1.3934326
9.440338, -0.31124878, 1.4185638
9.392456, -0.26455688, 1.4796143
9.354141, -0.1771698, 1.5119324
9.333801, -0.14125061, 1.5454559
9.356537, -0.1771698, 1.6148834
9.352951, -0.22505188, 1.6687622
9.385269, -0.25857544, 1.6962891
9.440338, -0.31843567, 1.7393951
9.467865, -0.38426208, 1.7956543
9.465469, -0.4405365, 1.7956543
9.497803, -0.39982605, 1.8040314
9.5169525, -0.36990356, 1.8112183
9.463089, -0.37348938, 1.7800903
9.466675, -0.3040619, 1.7250214
9.443924, -0.27893066, 1.6903076
9.399643, -0.25498962, 1.6663666
9.369705, -0.23103333, 1.6148834
9.336197, -0.22984314, 1.5945435
9.356537, -0.23342896, 1.5993195
9.352951, -0.24780273, 1.6112976
9.363724, -0.2849121, 1.6388245
9.419983, -0.32681274, 1.6555939
9.452301, -0.3531494, 1.7070618
9.527725, -0.3818817, 1.7106628
9.540894, -0.39144897, 1.6651611
9.498993, -0.3423767, 1.6903076
9.461884, -0.33398438, 1.6962891
9.435547, -0.29328918, 1.6914978
9.40921, -0.28730774, 1.6519928
9.39006, -0.25498962, 1.6256561
9.394852, -0.24780273, 1.6196747
9.422379, -0.25019836, 1.6364441
9.386475, -0.25857544, 1.6591797
9.392456, -0.27293396, 1.6256561
9.478638, -0.30885315, 1.6400299
9.466675, -0.28970337, 1.6531982
9.461884, -0.29808044, 1.656784
9.447525, -0.27653503, 1.5969391
9.455902, -0.2753296, 1.6160889
9.397247, -0.27893066, 1.5717926
9.40802, -0.31243896, 1.5418701
9.411606, -0.34596252, 1.4628601
9.405624, -0.3531494, 1.3946228
9.414001, -0.37948608, 1.3623047
9.418793, -0.36990356, 1.3419495
9.439133, -0.3722992, 1.3180084
9.455902, -0.33398438, 1.327591
9.459488, -0.28730774, 1.2904816
9.440338, -0.23942566, 1.2773132
9.380478, -0.16520691, 1.3144226
9.34697, -0.16758728, 1.359909
9.31105, -0.16400146, 1.3742676
9.299072, -0.1592102, 1.450882
9.356537, -0.2454071, 1.419754
9.399643, -0.28730774, 1.5035553
9.466675, -0.30047607, 1.5562286
9.467865, -0.3244171, 1.5598297
9.491806, -0.32202148, 1.5598297
9.465469, -0.3028717, 1.5550385
9.422379, -0.28012085, 1.572998
9.39006, -0.24780273, 1.5741882
9.36731, -0.2454071, 1.5394745
9.327805, -0.24182129, 1.6136932
9.369705, -0.26216125, 1.6005249
9.380478, -0.22146606, 1.5993195
9.443924, -0.2633667, 1.6136932
9.44632, -0.2849121, 1.6184845
9.430756, -0.26216125, 1.6352386
9.439133, -0.27893066, 1.656784
9.423584, -0.26455688, 1.6962891
9.430756, -0.27893066, 1.6998901
9.39006, -0.27653503, 1.6615753
9.380478, -0.26576233, 1.6819305
9.421188, -0.27893066, 1.6891022
9.416397, -0.30526733, 1.711853
9.453506, -0.27772522, 1.7333984
9.4379425, -0.31124878, 1.7106628
9.465469, -0.3076477, 1.7405853
9.454697, -0.31124878, 1.7214355
9.435547, -0.3040619, 1.7010803
9.470261, -0.3148346, 1.7010803
9.464279, -0.28370667, 1.7130585
9.447525, -0.28370667, 1.6699524
9.445129, -0.292099, 1.6891022
9.431961, -0.292099, 1.6747437
9.381683, -0.2753296, 1.6352386
9.3984375, -0.28849792, 1.6352386
9.406815, -0.2741394, 1.6783295
9.421188, -0.25857544, 1.6508026
9.417587, -0.31843567, 1.6436157
9.424774, -0.35673523, 1.6388245
9.434357, -0.33039856, 1.6268616
9.460693, -0.33398438, 1.6124878
9.460693, -0.34835815, 1.6160889
9.461884, -0.33758545, 1.5753784
9.458298, -0.36750793, 1.5897522
9.485825, -0.36271667, 1.5837708
9.460693, -0.33039856, 1.5490417
9.451111, -0.33998108, 1.5717926
9.4774475, -0.331604, 1.5741882
9.46907, -0.331604, 1.5813751
9.491806, -0.33518982, 1.6819305
9.491806, -0.33039856, 1.6663666
9.503784, -0.27772522, 1.6950989
9.514557, -0.25737, 1.7022705
9.473862, -0.25019836, 1.6807251
9.406815, -0.15681458, 1.6603851
9.25119, -0.087387085, 1.6208801
9.17218, -0.041900635, 1.5059509
9.076416, -0.077804565, 1.3634949
9.093185, -0.14724731, 1.1959076
9.1805725, -0.2741394, 1.0761871
9.369705, -0.44651794, 0.9325409
9.544479, -0.61172485, 0.77931213
9.72644, -0.73143005, 0.7757263
9.807846, -0.65960693, 0.7254486
9.795883, -0.55545044, 0.81163025
9.637863, -0.31962585, 0.95648193
9.443924, -0.06463623, 1.1264648
9.238022, 0.0574646, 1.241394
9.115921, 0.13168335, 1.4460907
9.054871, 0.09336853, 1.5825653
9.161407, -0.0861969, 1.6986847
9.300278, -0.26934814, 1.7729034
9.412811, -0.42018127, 1.8519135
9.56842, -0.54707336, 1.9309235
9.655823, -0.5925598, 1.940506
9.702499, -0.588974, 1.901001
9.676163, -0.49679565, 1.7884674
9.582794, -0.4118042, 1.7537537
9.491806, -0.30885315, 1.608902
9.410416, -0.23342896, 1.4915924
9.323029, -0.17597961, 1.3970184
9.271545, -0.19033813, 1.3419495
9.270355, -0.20709229, 1.3000488
9.302673, -0.23103333, 1.3156128
9.351746, -0.2741394, 1.3168182
9.421188, -0.30166626, 1.3455353
9.48822, -0.3040619, 1.4568787
9.478638, -0.31962585, 1.5610199
9.4774475, -0.2956848, 1.6663666
9.482239, -0.29328918, 1.7489624
9.459488, -0.296875, 1.8591003
9.447525, -0.27893066, 1.9129639
9.434357, -0.30526733, 1.9524689
9.442734, -0.29089355, 1.9764099
9.42836, -0.28730774, 2.0051422
9.436752, -0.28251648, 1.9716187
9.393646, -0.24899292, 1.9045868
9.375687, -0.26455688, 1.8339539
9.392456, -0.26576233, 1.7752991
9.410416, -0.2633667, 1.6807251
9.385269, -0.26576233, 1.5993195
9.447525, -0.2741394, 1.5059509
9.442734, -0.2849121, 1.4425049
9.424774, -0.292099, 1.4317322
9.443924, -0.26934814, 1.4281464
9.440338, -0.296875, 1.4029999
9.443924, -0.29328918, 1.4029999
9.40802, -0.27053833, 1.4029999
9.392456, -0.2561798, 1.4365234
9.385269, -0.28370667, 1.4808197
9.400833, -0.2741394, 1.4999695
9.439133, -0.29328918, 1.4879913
9.421188, -0.27772522, 1.5310974
9.452301, -0.28012085, 1.5107422
9.439133, -0.3040619, 1.4999695
9.464279, -0.31723022, 1.5274963
9.44632, -0.3028717, 1.5023651
9.421188, -0.28012085, 1.5011597
9.422379, -0.2669525, 1.4664459
9.411606, -0.2861023, 1.4365234
9.422379, -0.296875, 1.4317322
9.416397, -0.31004333, 1.4449005
9.424774, -0.2956848, 1.4389191
9.463089, -0.3136444, 1.4173737
9.448715, -0.31604004, 1.4077911
9.430756, -0.30645752, 1.4221497
9.436752, -0.33398438, 1.4616547
9.4379425, -0.3076477, 1.4221497
9.410416, -0.30166626, 1.4808197
9.433151, -0.2813263, 1.4963837
9.445129, -0.2741394, 1.4927826
9.412811, -0.2813263, 1.4891968
9.419983, -0.27653503, 1.493988
9.415192, -0.27174377, 1.5837708
9.4379425, -0.2753296, 1.5023651
9.431961, -0.28370667, 1.5442657
9.40802, -0.27772522, 1.5921478
9.385269, -0.27053833, 1.538269
9.406815, -0.26815796, 1.5107422
9.430756, -0.27893066, 1.5634155
9.412811, -0.28370667, 1.5322876
9.422379, -0.2669525, 1.5634155
9.404419, -0.2813263, 1.5634155
9.42717, -0.28012085, 1.5394745
9.442734, -0.27293396, 1.5454559
9.445129, -0.27174377, 1.5837708
9.433151, -0.2849121, 1.5586243
9.466675, -0.30885315, 1.5921478
9.452301, -0.29927063, 1.5837708
9.443924, -0.31843567, 1.5969391
9.436752, -0.3244171, 1.538269
9.410416, -0.31604004, 1.5251007
9.411606, -0.3256073, 1.5478516
9.396042, -0.32202148, 1.5251007
9.4379425, -0.30047607, 1.474823
9.40802, -0.27293396, 1.4137726
9.393646, -0.28370667, 1.4329224
9.406815, -0.3136444, 1.4437103
9.424774, -0.28370667, 1.490387
9.423584, -0.27053833, 1.4652557
9.441528, -0.3028717, 1.4449005
9.429565, -0.28730774, 1.5215149
9.406815, -0.2956848, 1.5406647
9.442734, -0.2956848, 1.577774
9.461884, -0.27772522, 1.6077118
9.435547, -0.28849792, 1.6555939
9.406815, -0.27053833, 1.6867218
9.429565, -0.27174377, 1.6986847
9.42717, -0.26216125, 1.7070618
9.433151, -0.26815796, 1.7238312
9.429565, -0.2861023, 1.7585449
9.399643, -0.28849792, 1.7298126
9.422379, -0.2956848, 1.7322083
9.42717, -0.28849792, 1.7022705
9.435547, -0.27893066, 1.7190399
9.416397, -0.28370667, 1.656784
9.417587, -0.3040619, 1.6005249
9.414001, -0.3028717, 1.6017151
9.42717, -0.27174377, 1.5526428
9.394852, -0.296875, 1.5047607
9.414001, -0.29808044, 1.5191193
9.388855, -0.2813263, 1.5346832
9.418793, -0.2956848, 1.4915924
9.439133, -0.28730774, 1.5310974
9.439133, -0.25737, 1.572998
9.418793, -0.29089355, 1.6196747
9.435547, -0.3040619, 1.5765839
9.449921, -0.27293396, 1.6424255
9.4379425, -0.2813263, 1.6472168
9.433151, -0.31243896, 1.6065063
9.448715, -0.32202148, 1.6316528
9.415192, -0.30047607, 1.6041107
9.411606, -0.27174377, 1.5346832
9.454697, -0.296875, 1.4832153
9.424774, -0.26934814, 1.4604645
9.40921, -0.27893066, 1.4281464
9.397247, -0.26455688, 1.4018097
9.3984375, -0.2741394, 1.411377
9.411606, -0.30645752, 1.3527222
9.416397, -0.28730774, 1.3730774
9.388855, -0.3040619, 1.4413147
9.397247, -0.3136444, 1.4341278
9.396042, -0.2956848, 1.4808197
9.453506, -0.3040619, 1.5263062
9.454697, -0.3028717, 1.5490417
9.42717, -0.31243896, 1.5717926
9.418793, -0.31962585, 1.5442657
9.399643, -0.31124878, 1.5370789
9.396042, -0.3028717, 1.5502472
9.403229, -0.2861023, 1.5849609
9.387665, -0.30885315, 1.5358734
9.42717, -0.29328918, 1.5466614
9.454697, -0.27893066, 1.5789795
9.429565, -0.29808044, 1.5370789
9.412811, -0.30166626, 1.608902
9.424774, -0.28730774, 1.6304474
9.4379425, -0.28970337, 1.6364441
9.435547, -0.28970337, 1.6555939
9.44632, -0.28849792, 1.6843262
9.442734, -0.3148346, 1.6867218
9.435547, -0.2813263, 1.687912
9.453506, -0.30645752, 1.7130585
9.410416, -0.2849121, 1.7178345
9.397247, -0.28370667, 1.6903076
9.42598, -0.28370667, 1.6855164
9.415192, -0.28370667, 1.6747437
9.419983, -0.2741394, 1.6759338
9.436752, -0.2741394, 1.6220703
9.404419, -0.26216125, 1.5825653
9.42836, -0.2813263, 1.6543884
9.411606, -0.31004333, 1.6627655
9.441528, -0.28849792, 1.6543884
9.429565, -0.27053833, 1.6352386
9.410416, -0.28012085, 1.624466
9.399643, -0.27053833, 1.6771393
9.445129, -0.28012085, 1.6627655
9.434357, -0.292099, 1.6472168
9.416397, -0.2861023, 1.6472168
9.419983, -0.29927063, 1.6256561
9.455902, -0.26216125, 1.6460114
9.423584, -0.26576233, 1.6280518
9.418793, -0.292099, 1.6148834
9.410416, -0.24182129, 1.6148834
9.380478, -0.25019836, 1.6148834
9.382874, -0.2753296, 1.6292572
9.429565, -0.27293396, 1.6531982
9.3984375, -0.2849121, 1.6603851
9.411606, -0.296875, 1.6160889
9.434357, -0.28251648, 1.6268616
9.434357, -0.3040619, 1.6591797
9.42598, -0.31843567, 1.6711578
9.470261, -0.3244171, 1.6005249
9.460693, -0.29447937, 1.6208801
9.375687, -0.28370667, 1.5957336
9.373306, -0.25378418, 1.5239105
9.378082, -0.28730774, 1.4640503
9.378082, -0.27653503, 1.4891968
9.388855, -0.28849792, 1.4832153
9.388855, -0.25976562, 1.4736328
9.423584, -0.27772522, 1.5310974
9.435547, -0.2861023, 1.6005249
9.40802, -0.31243896, 1.6136932
9.421188, -0.31962585, 1.6101074
9.448715, -0.3256073, 1.6675568
9.414001, -0.3327942, 1.6124878
9.415192, -0.3136444, 1.6555939
9.439133, -0.30526733, 1.6472168
9.439133, -0.30645752, 1.6472168
9.442734, -0.31723022, 1.6436157
9.443924, -0.30885315, 1.6124878
9.459488, -0.33039856, 1.6184845
9.421188, -0.30047607, 1.5646057
9.422379, -0.26455688, 1.5741882
9.417587, -0.27293396, 1.608902
9.402023, -0.27174377, 1.5717926
9.411606, -0.2753296, 1.5789795
9.42717, -0.27653503, 1.5885468
9.442734, -0.27653503, 1.6615753
9.423584, -0.28251648, 1.6184845
9.449921, -0.29328918, 1.6400299
9.433151, -0.2741394, 1.6759338
9.433151, -0.28730774, 1.5969391
9.430756, -0.29328918, 1.593338
9.422379, -0.2849121, 1.6436157
9.441528, -0.31243896, 1.5789795
9.44632, -0.26097107, 1.6017151
9.430756, -0.2849121, 1.6101074
9.3984375, -0.25857544, 1.5945435
9.424774, -0.2753296, 1.5825653
9.421188, -0.292099, 1.5873566
9.42836, -0.2753296, 1.6101074
9.384079, -0.28251648, 1.608902
9.400833, -0.2849121, 1.5885468
9.433151, -0.2741394, 1.6017151
9.443924, -0.29328918, 1.6184845
9.394852, -0.27653503, 1.6340485
9.414001, -0.25019836, 1.6041107
9.423584, -0.27174377, 1.5789795
9.40921, -0.28730774, 1.593338
9.416397, -0.29089355, 1.5849609
9.40921, -0.28251648, 1.5801697
9.410416, -0.27772522, 1.5717926
9.392456, -0.27653503, 1.593338
9.402023, -0.27893066, 1.5873566
9.391251, -0.29089355, 1.6053162
9.382874, -0.26097107, 1.6304474
9.403229, -0.26216125, 1.6208801
9.455902, -0.27772522, 1.6555939
9.460693, -0.28012085, 1.6448212
9.416397, -0.31243896, 1.593338
9.4379425, -0.29808044, 1.5682068
9.421188, -0.30047607, 1.5562286
9.40921, -0.30645752, 1.4975739
9.42598, -0.31004333, 1.4604645
9.403229, -0.30166626, 1.4879913
9.418793, -0.292099, 1.4951782
9.42836, -0.292099, 1.4784241
9.414001, -0.27653503, 1.5442657
9.442734, -0.27893066, 1.5753784
9.396042, -0.24659729, 1.5717926
9.406815, -0.252594, 1.5717926
9.40921, -0.2669525, 1.624466
9.3984375, -0.26097107, 1.624466
9.392456, -0.27653503, 1.6292572
9.449921, -0.29447937, 1.648407
9.423584, -0.29808044, 1.6986847
9.42717, -0.28730774, 1.703476
9.458298, -0.30645752, 1.648407
9.447525, -0.31004333, 1.6675568
9.454697, -0.292099, 1.6807251
9.42598, -0.27053833, 1.7178345
9.419983, -0.28849792, 1.7166443
9.422379, -0.25857544, 1.7010803
9.39006, -0.25976562, 1.7202301
9.40802, -0.26097107, 1.6771393
9.421188, -0.28012085, 1.6675568
9.385269, -0.2849121, 1.6364441
9.414001, -0.32202148, 1.6292572
9.422379, -0.2956848, 1.5897522
9.42598, -0.31962585, 1.577774
9.42598, -0.3028717, 1.5502472
9.449921, -0.3148346, 1.474823
9.406815, -0.30885315, 1.5131378
9.412811, -0.2861023, 1.5059509
9.411606, -0.2813263, 1.498764
9.40921, -0.2741394, 1.4736328
9.391251, -0.25976562, 1.5023651
9.416397, -0.24659729, 1.5310974
9.42598, -0.2741394, 1.5418701
9.422379, -0.26576233, 1.5418701
9.416397, -0.28849792, 1.5466614
9.429565, -0.28970337, 1.5849609
9.441528, -0.29927063, 1.5670013
9.42836, -0.292099, 1.5825653
9.424774, -0.2741394, 1.5502472
9.415192, -0.28849792, 1.5514374
9.421188, -0.30047607, 1.538269
9.421188, -0.29089355, 1.5119324
9.415192, -0.29328918, 1.5287018
9.429565, -0.31723022, 1.5634155
9.442734, -0.3076477, 1.5598297
9.422379, -0.3040619, 1.5646057
9.453506, -0.28730774, 1.5610199
9.431961, -0.28970337, 1.5574341
9.441528, -0.28970337, 1.6352386
9.436752, -0.3148346, 1.6508026
9.416397, -0.3028717, 1.6136932
9.421188, -0.28370667, 1.6148834
9.436752, -0.31843567, 1.608902
9.416397, -0.331604, 1.5897522
9.418793, -0.31004333, 1.5550385
9.421188, -0.31004333, 1.529892
9.404419, -0.31004333, 1.5203247
9.412811, -0.33039856, 1.5047607
9.42717, -0.32202148, 1.5167236
9.40802, -0.30047607, 1.5119324
9.404419, -0.28251648, 1.4951782
9.40921, -0.28730774, 1.4724274
9.430756, -0.2861023, 1.5191193
9.410416, -0.27653503, 1.5406647
9.439133, -0.27053833, 1.5287018
9.412811, -0.29089355, 1.5909424
9.40921, -0.27053833, 1.5981293
9.410416, -0.26576233, 1.6101074
9.447525, -0.25737, 1.6005249
9.433151, -0.29328918, 1.624466
9.431961, -0.32321167, 1.624466
9.417587, -0.29089355, 1.5706024
9.40921, -0.30645752, 1.6053162
9.40921, -0.28849792, 1.593338
9.36731, -0.29447937, 1.5717926
9.393646, -0.28251648, 1.5634155
9.405624, -0.28849792, 1.5801697
9.421188, -0.2849121, 1.569397
9.429565, -0.2849121, 1.5490417
9.400833, -0.29328918, 1.5370789
9.449921, -0.30166626, 1.553833
9.439133, -0.28849792, 1.5634155
9.42717, -0.292099, 1.6077118
9.447525, -0.29927063, 1.5490417
9.416397, -0.2633667, 1.5969391
9.40921, -0.27893066, 1.6352386
9.400833, -0.28849792, 1.572998
9.419983, -0.28251648, 1.5682068
9.396042, -0.25378418, 1.5873566
9.397247, -0.24301147, 1.5622101
9.429565, -0.27293396, 1.5526428
9.435547, -0.29808044, 1.5131378
9.399643, -0.27893066, 1.5083466
9.42717, -0.296875, 1.5370789
9.459488, -0.331604, 1.5909424
9.447525, -0.28370667, 1.608902
9.412811, -0.292099, 1.6352386
9.430756, -0.27293396, 1.6675568
9.421188, -0.26934814, 1.6771393
9.410416, -0.27053833, 1.6867218
9.380478, -0.27053833, 1.6891022
9.443924, -0.27772522, 1.6819305
9.415192, -0.2633667, 1.6448212
9.411606, -0.28012085, 1.6448212
9.42836, -0.3040619, 1.5921478
9.434357, -0.2753296, 1.5765839
9.3984375, -0.30885315, 1.5789795
9.391251, -0.31723022, 1.5454559
9.40802, -0.30526733, 1.5167236
9.423584, -0.29447937, 1.5095367
9.3984375, -0.3028717, 1.5287018
9.412811, -0.2956848, 1.5490417
9.453506, -0.31243896, 1.5550385
9.443924, -0.31723022, 1.5634155
9.424774, -0.30645752, 1.5753784
9.452301, -0.3148346, 1.6352386
9.393646, -0.30166626, 1.6364441
9.42598, -0.2813263, 1.648407
9.42598, -0.2753296, 1.6663666
9.386475, -0.28970337, 1.5682068
9.405624, -0.27174377, 1.5897522
9.421188, -0.24061584, 1.6017151
9.440338, -0.2741394, 1.5562286
9.405624, -0.29927063, 1.577774
9.417587, -0.2956848, 1.577774
9.419983, -0.3028717, 1.553833
9.42717, -0.3136444, 1.5682068
9.417587, -0.3076477, 1.5741882
9.443924, -0.30526733, 1.5514374
9.412811, -0.30166626, 1.569397
9.405624, -0.31723022, 1.5574341
9.4379425, -0.29808044, 1.553833
9.384079, -0.28370667, 1.5873566
9.400833, -0.28849792, 1.5861511
9.39006, -0.27653503, 1.5873566
9.410416, -0.27053833, 1.577774
9.410416, -0.28251648, 1.5837708
9.435547, -0.26934814, 1.6005249
9.434357, -0.28970337, 1.5765839
9.448715, -0.292099, 1.6005249
9.433151, -0.32081604, 1.6112976
9.416397, -0.29927063, 1.593338
9.402023, -0.29927063, 1.6017151
9.434357, -0.30645752, 1.648407
9.449921, -0.28370667, 1.617279
9.433151, -0.2813263, 1.6472168
9.464279, -0.2669525, 1.663971
9.396042, -0.2561798, 1.6675568
9.397247, -0.24301147, 1.6771393
9.386475, -0.24780273, 1.7082672
9.404419, -0.27053833, 1.7082672
9.435547, -0.28849792, 1.7346039
9.44632, -0.29328918, 1.7250214
9.453506, -0.28849792, 1.7058716
9.429565, -0.26216125, 1.6950989
9.42717, -0.28849792, 1.7082672
9.39006, -0.28730774, 1.6591797
9.393646, -0.296875, 1.6687622
9.39006, -0.28370667, 1.6232758
9.423584, -0.28849792, 1.572998
9.429565, -0.27174377, 1.5873566
9.421188, -0.26455688, 1.6184845
9.429565, -0.28370667, 1.608902
9.419983, -0.2633667, 1.6292572
9.39006, -0.252594, 1.6651611
9.433151, -0.27293396, 1.672348
9.435547, -0.3040619, 1.6747437
9.405624, -0.29089355, 1.6855164
9.411606, -0.3028717, 1.6496124
9.430756, -0.27893066, 1.6148834
9.40802, -0.27893066, 1.6077118
9.416397, -0.2753296, 1.6136932
9.423584, -0.2741394, 1.6340485
9.3984375, -0.29089355, 1.5981293
9.421188, -0.28370667, 1.5526428
9.441528, -0.26097107, 1.5586243
9.394852, -0.27174377, 1.5598297
9.402023, -0.30166626, 1.5454559
9.440338, -0.27893066, 1.5490417
9.404419, -0.27174377, 1.5753784
9.42717, -0.29808044, 1.5717926
9.42836, -0.2753296, 1.617279
9.429565, -0.26576233, 1.6124878
9.419983, -0.23342896, 1.6220703
9.421188, -0.2753296, 1.624466
9.417587, -0.27174377, 1.6376343
9.393646, -0.23942566, 1.6436157
9.411606, -0.2753296, 1.6699524
9.40921, -0.2861023, 1.6400299
9.435547, -0.25498962, 1.6340485
9.445129, -0.28370667, 1.6101074
9.441528, -0.31124878, 1.6041107
9.418793, -0.32081604, 1.5658112
9.411606, -0.32081604, 1.533493
9.380478, -0.27653503, 1.5239105
9.392456, -0.2861023, 1.5155334
9.381683, -0.26576233, 1.5059509
9.388855, -0.28730774, 1.4832153
9.40802, -0.2849121, 1.538269
9.431961, -0.292099, 1.5562286
9.424774, -0.28970337, 1.5119324
9.455902, -0.30645752, 1.5478516
9.445129, -0.25976562, 1.593338
9.416397, -0.26576233, 1.6352386
9.406815, -0.21308899, 1.6759338
9.378082, -0.2561798, 1.7202301
9.380478, -0.21548462, 1.7154388
9.399643, -0.23582458, 1.7729034
9.39006, -0.2633667, 1.7896729
9.417587, -0.27772522, 1.7381897
9.463089, -0.33998108, 1.656784
9.496597, -0.40940857, 1.5981293
9.510971, -0.44293213, 1.5239105
9.533707, -0.44293213, 1.4628601
9.491806, -0.43455505, 1.454483
9.445129, -0.3722992, 1.4449005
9.380478, -0.29927063, 1.3850403
9.376892, -0.24780273, 1.4472961
9.291901, -0.17477417, 1.5239105
9.317032, -0.1951294, 1.5981293
9.379288, -0.21427917, 1.6891022
9.433151, -0.20829773, 1.7369995
9.429565, -0.25498962, 1.7501678
9.430756, -0.24301147, 1.7549438
9.3984375, -0.296875, 1.8088226
9.429565, -0.27174377, 1.8004456
9.416397, -0.28730774, 1.7465668
9.457092, -0.29927063, 1.766922
9.461884, -0.2861023, 1.7369995
9.489426, -0.2956848, 1.727417
9.458298, -0.30166626, 1.6759338
9.454697, -0.28370667, 1.7022705
9.473862, -0.2956848, 1.7058716
9.46907, -0.26576233, 1.6867218
9.419983, -0.23342896, 1.6735535
9.397247, -0.24301147, 1.6735535
9.34697, -0.25976562, 1.6735535
9.3984375, -0.26097107, 1.6400299
9.400833, -0.2813263, 1.608902
9.442734, -0.33877563, 1.5849609
9.472656, -0.3327942, 1.5478516
9.441528, -0.34117126, 1.5131378
9.434357, -0.3543396, 1.4532776
9.434357, -0.33638, 1.3838501
9.3984375, -0.30885315, 1.3539276
9.381683, -0.26455688, 1.3575134
9.357742, -0.2753296, 1.3862457
9.370911, -0.2561798, 1.4221497
9.406815, -0.2561798, 1.470047
9.441528, -0.30885315, 1.498764
9.430756, -0.30166626, 1.5119324
9.472656, -0.32681274, 1.5215149
9.452301, -0.3256073, 1.553833
9.42598, -0.33398438, 1.5394745
9.42598, -0.3136444, 1.5514374
9.396042, -0.31243896, 1.5442657
9.396042, -0.32202148, 1.5706024
9.412811, -0.31843567, 1.5945435
9.403229, -0.30526733, 1.624466
9.422379, -0.28251648, 1.5873566
9.392456, -0.26815796, 1.5789795
9.403229, -0.28849792, 1.6041107
9.443924, -0.26934814, 1.6053162
9.406815, -0.26097107, 1.5526428
9.400833, -0.252594, 1.5741882
9.441528, -0.296875, 1.5789795
9.435547, -0.30166626, 1.5885468
9.419983, -0.2669525, 1.6316528
9.44632, -0.29447937, 1.6041107
9.429565, -0.32202148, 1.6424255
9.396042, -0.31004333, 1.648407
9.39006, -0.296875, 1.6747437
9.414001, -0.28012085, 1.6472168
9.422379, -0.2849121, 1.6615753
9.435547, -0.27772522, 1.6938934
9.439133, -0.24301147, 1.6903076
9.42598, -0.28370667, 1.7058716
9.447525, -0.26455688, 1.7657166
9.403229, -0.292099, 1.7920532
9.406815, -0.2861023, 1.7884674
9.443924, -0.28730774, 1.8004456
9.42717, -0.28251648, 1.8052216
9.386475, -0.31243896, 1.7585449
9.403229, -0.27772522, 1.7585449
9.40921, -0.28370667, 1.7525482
9.394852, -0.27893066, 1.7405853
9.393646, -0.2633667, 1.7393951
9.393646, -0.27653503, 1.6747437
9.40802, -0.28370667, 1.656784
9.411606, -0.2849121, 1.6627655
9.404419, -0.28012085, 1.6891022
9.42717, -0.26934814, 1.6388245
9.415192, -0.29447937, 1.6555939
9.42598, -0.2633667, 1.6867218
9.418793, -0.28012085, 1.6867218
9.423584, -0.3028717, 1.6998901
9.42836, -0.31604004, 1.7381897
9.42717, -0.28012085, 1.7202301
9.416397, -0.26576233, 1.7333984
9.384079, -0.2861023, 1.7357941
9.402023, -0.29328918, 1.6819305
9.417587, -0.29927063, 1.6783295
9.406815, -0.28012085, 1.6400299
9.424774, -0.29927063, 1.6017151
9.399643, -0.3148346, 1.6208801
9.396042, -0.29089355, 1.593338
9.403229, -0.30047607, 1.5646057
9.392456, -0.2849121, 1.5921478
9.391251, -0.292099, 1.5825653
9.394852, -0.29089355, 1.5682068
9.415192, -0.3256073, 1.5765839
9.449921, -0.33758545, 1.6041107
9.424774, -0.31004333, 1.6148834
9.4379425, -0.31243896, 1.6508026
9.447525, -0.29328918, 1.6280518
9.39006, -0.29447937, 1.6376343
9.399643, -0.3028717, 1.6364441
9.435547, -0.2741394, 1.6101074
9.434357, -0.29089355, 1.648407
9.433151, -0.28251648, 1.6160889
9.403229, -0.28251648, 1.6531982
9.419983, -0.28849792, 1.6364441
9.424774, -0.31243896, 1.648407
9.440338, -0.27053833, 1.624466
9.386475, -0.30526733, 1.6112976
9.423584, -0.292099, 1.5921478
9.442734, -0.29328918, 1.6256561
9.402023, -0.26455688, 1.6843262
9.435547, -0.26934814, 1.6615753
9.423584, -0.25737, 1.6376343
9.419983, -0.2561798, 1.7286072
9.440338, -0.2956848, 1.7441711
9.429565, -0.29447937, 1.7465668
9.405624, -0.31604004, 1.7537537
9.416397, -0.30526733, 1.711853
9.431961, -0.3256073, 1.7405853
9.40802, -0.29808044, 1.7812805
9.412811, -0.28251648, 1.6998901
9.418793, -0.24899292, 1.7058716
9.3984375, -0.26815796, 1.672348
9.400833, -0.26576233, 1.6208801
9.387665, -0.23822021, 1.624466
9.392456, -0.2741394, 1.5765839
9.391251, -0.27053833, 1.6101074
9.387665, -0.27772522, 1.5789795
9.422379, -0.27293396, 1.5813751
9.40921, -0.27893066, 1.5610199
9.412811, -0.2813263, 1.6101074
9.417587, -0.30047607, 1.6496124
9.42836, -0.29089355, 1.656784
9.417587, -0.28730774, 1.6699524
9.411606, -0.30885315, 1.6531982
9.431961, -0.25857544, 1.632843
9.394852, -0.25019836, 1.6555939
9.415192, -0.25976562, 1.6352386
9.443924, -0.26576233, 1.5981293
9.421188, -0.28730774, 1.6065063
9.418793, -0.27293396, 1.5945435
9.421188, -0.26097107, 1.5670013
9.441528, -0.2849121, 1.5634155
9.440338, -0.28012085, 1.5801697
9.402023, -0.2741394, 1.5837708
9.419983, -0.28970337, 1.6124878
9.436752, -0.2956848, 1.5945435
9.405624, -0.28730774, 1.5598297
9.406815, -0.28730774, 1.5191193
9.412811, -0.29808044, 1.5310974
9.417587, -0.28849792, 1.5215149
9.406815, -0.28012085, 1.5179291
9.393646, -0.27174377, 1.4425049
9.42598, -0.26815796, 1.490387
9.403229, -0.30526733, 1.5047607
9.423584, -0.28251648, 1.5418701
9.406815, -0.27053833, 1.5670013
9.42598, -0.27174377, 1.572998
9.403229, -0.2849121, 1.5981293
9.419983, -0.28849792, 1.6065063
9.436752, -0.28730774, 1.6292572
9.410416, -0.2813263, 1.5837708
9.430756, -0.28849792, 1.5849609
9.42717, -0.31723022, 1.5825653
9.441528, -0.3076477, 1.5454559
9.411606, -0.30047607, 1.5550385
9.406815, -0.28251648, 1.5322876
9.410416, -0.29089355, 1.5203247
9.410416, -0.2813263, 1.5215149
9.415192, -0.29447937, 1.5011597
9.397247, -0.2753296, 1.5406647
9.391251, -0.26097107, 1.5706024
9.386475, -0.29328918, 1.5646057
9.397247, -0.27293396, 1.5897522
9.416397, -0.29089355, 1.6077118
9.440338, -0.296875, 1.5753784
9.40802, -0.29808044, 1.5945435
9.419983, -0.28970337, 1.6136932
9.379288, -0.25378418, 1.6232758
9.421188, -0.28730774, 1.6160889
9.430756, -0.2813263, 1.6065063
9.423584, -0.26815796, 1.6412201
9.412811, -0.2669525, 1.6436157
9.393646, -0.26815796, 1.6280518
9.441528, -0.27053833, 1.6292572
9.453506, -0.28849792, 1.648407
9.418793, -0.27772522, 1.6352386
9.406815, -0.2753296, 1.6508026
9.417587, -0.296875, 1.553833
9.397247, -0.3040619, 1.5239105
9.372101, -0.2741394, 1.5478516
9.394852, -0.21548462, 1.6687622
9.342178, -0.16879272, 1.7190399
9.344574, -0.16281128, 1.7896729
9.393646, -0.18075562, 1.8160095
9.441528, -0.20948792, 1.7752991
9.436752, -0.28251648, 1.766922
9.46907, -0.3531494, 1.6711578
9.461884, -0.42018127, 1.5969391
9.484634, -0.4620819, 1.5023651
9.496597, -0.4524994, 1.3623047
9.467865, -0.4237671, 1.3347626
9.429565, -0.34835815, 1.3407593
9.422379, -0.3148346, 1.356308
9.414001, -0.26576233, 1.4209595
9.385269, -0.18914795, 1.5502472
9.366119, -0.17477417, 1.6412201
9.379288, -0.18554688, 1.7729034
9.376892, -0.20709229, 1.8207855
9.40802, -0.23223877, 1.8818359
9.42598, -0.24301147, 1.9177551
9.40802, -0.28251648, 1.9345093
9.453506, -0.3076477, 1.8650818
9.466675, -0.35194397, 1.8315582
9.470261, -0.35194397, 1.7765045
9.443924, -0.375885, 1.7058716
9.441528, -0.32681274, 1.624466
9.440338, -0.30166626, 1.553833
9.393646, -0.2454071, 1.5227051
9.352951, -0.23942566, 1.514328
9.385269, -0.26097107, 1.514328
9.400833, -0.26097107, 1.5394745
9.416397, -0.27053833, 1.5646057
9.430756, -0.28849792, 1.5514374
9.422379, -0.2849121, 1.5873566
9.418793, -0.3076477, 1.5861511
9.405624, -0.28251648, 1.5430603
9.402023, -0.31962585, 1.5478516
9.404419, -0.30166626, 1.5227051
9.399643, -0.292099, 1.5442657
9.384079, -0.31243896, 1.4975739
9.419983, -0.31243896, 1.4796143
9.393646, -0.29927063, 1.4568787
9.384079, -0.27653503, 1.4951782
9.40802, -0.2956848, 1.4832153
9.394852, -0.2956848, 1.5011597
9.380478, -0.2956848, 1.529892
9.406815, -0.296875, 1.5658112
9.435547, -0.30645752, 1.5753784
9.443924, -0.3040619, 1.572998
9.433151, -0.31843567, 1.6029205
9.42836, -0.3076477, 1.6196747
9.406815, -0.29808044, 1.6065063
9.405624, -0.2849121, 1.6400299
9.404419, -0.292099, 1.5861511
9.405624, -0.2849121, 1.5442657
9.405624, -0.28251648, 1.6041107
9.433151, -0.3076477, 1.6005249
9.455902, -0.3136444, 1.6148834
9.415192, -0.29447937, 1.6316528
9.442734, -0.28370667, 1.6268616
9.447525, -0.28970337, 1.6615753
9.454697, -0.3028717, 1.6938934
9.405624, -0.29447937, 1.7094574
9.422379, -0.27772522, 1.711853
9.434357, -0.27893066, 1.7621307
9.388855, -0.26455688, 1.7980499
9.394852, -0.27053833, 1.766922
9.402023, -0.26455688, 1.806427
9.399643, -0.29927063, 1.8016357
9.414001, -0.28970337, 1.7992401
9.42717, -0.292099, 1.7980499
9.417587, -0.3076477, 1.8207855
9.411606, -0.3136444, 1.7537537
9.454697, -0.30166626, 1.7465668
9.439133, -0.29447937, 1.7573395
9.411606, -0.27772522, 1.7561493
9.430756, -0.28251648, 1.7154388
9.417587, -0.26934814, 1.703476
9.405624, -0.28012085, 1.7310028
9.40802, -0.26815796, 1.7477722
9.415192, -0.2741394, 1.7178345
9.4379425, -0.28730774, 1.790863
9.397247, -0.28849792, 1.7298126
9.399643, -0.27174377, 1.7405853
9.40921, -0.2813263, 1.7010803
9.392456, -0.27893066, 1.7405853
9.417587, -0.2454071, 1.7262268
9.442734, -0.26455688, 1.6867218
9.411606, -0.27174377, 1.6687622
9.386475, -0.252594, 1.6783295
9.430756, -0.26815796, 1.6855164
9.445129, -0.29808044, 1.7070618
9.394852, -0.29328918, 1.6675568
9.423584, -0.2956848, 1.6735535
9.452301, -0.31124878, 1.6663666
9.42717, -0.32681274, 1.6795349
9.387665, -0.28849792, 1.6531982
9.404419, -0.2741394, 1.6508026
9.370911, -0.2753296, 1.6747437
9.411606, -0.2669525, 1.672348
9.40802, -0.26576233, 1.6579895
9.422379, -0.27174377, 1.6472168
9.423584, -0.292099, 1.608902
9.394852, -0.30645752, 1.6292572
9.412811, -0.31243896, 1.6256561
9.39006, -0.296875, 1.5921478
9.412811, -0.31604004, 1.5921478
9.421188, -0.29808044, 1.5813751
9.387665, -0.28730774, 1.5765839
9.392456, -0.2849121, 1.6005249
9.405624, -0.29927063, 1.572998
9.406815, -0.25976562, 1.6424255
9.412811, -0.26455688, 1.6077118
9.423584, -0.26216125, 1.577774
9.445129, -0.2861023, 1.6472168
9.457092, -0.29927063, 1.6579895
9.422379, -0.27053833, 1.6962891
9.42598, -0.2849121, 1.6891022
9.421188, -0.29808044, 1.6914978
9.435547, -0.296875, 1.7609406
9.458298, -0.27053833, 1.7621307
9.403229, -0.27174377, 1.7633362
9.394852, -0.26934814, 1.7633362
9.40921, -0.2741394, 1.7657166
9.421188, -0.27772522, 1.7262268
9.423584, -0.27772522, 1.6771393
9.411606, -0.26097107, 1.7178345
9.397247, -0.28012085, 1.711853
9.418793, -0.28370667, 1.6460114
9.418793, -0.2669525, 1.6891022
9.394852, -0.28012085, 1.6400299
9.404419, -0.30645752, 1.6208801
9.442734, -0.30885315, 1.593338
9.42717, -0.27893066, 1.5897522
9.376892, -0.292099, 1.593338
9.39006, -0.2956848, 1.6077118
9.418793, -0.30166626, 1.6591797
9.393646, -0.28970337, 1.6448212
9.39006, -0.292099, 1.6543884
9.396042, -0.2861023, 1.6950989
9.415192, -0.28370667, 1.7010803
9.439133, -0.28370667, 1.7094574
9.449921, -0.2813263, 1.7346039
9.436752, -0.26576233, 1.742981
9.435547, -0.29808044, 1.742981
9.42717, -0.29927063, 1.6675568
9.396042, -0.29808044, 1.6579895
9.385269, -0.28370667, 1.6316528
9.4379425, -0.30645752, 1.5574341
9.415192, -0.31243896, 1.593338
9.434357, -0.27053833, 1.577774
9.42717, -0.30645752, 1.5442657
9.412811, -0.29089355, 1.6029205
9.397247, -0.27293396, 1.5801697
9.42598, -0.26934814, 1.6196747
9.415192, -0.24182129, 1.648407
9.416397, -0.2633667, 1.624466
9.373306, -0.25138855, 1.6400299
9.34697, -0.2166748, 1.6795349
9.388855, -0.20829773, 1.7525482
9.411606, -0.19631958, 1.7585449
9.387665, -0.19154358, 1.7633362
9.376892, -0.21786499, 1.7549438
9.339783, -0.20350647, 1.6998901
9.323029, -0.23822021, 1.6855164
9.384079, -0.2956848, 1.5753784
9.449921, -0.38067627, 1.4724274
9.498993, -0.43215942, 1.3790588
9.518143, -0.49440002, 1.2449799
9.540894, -0.48841858, 1.201889
9.50618, -0.45370483, 1.1923065
9.436752, -0.38786316, 1.1923065
9.39006, -0.2861023, 1.3144226
9.312241, -0.18675232, 1.430542
9.284714, -0.10295105, 1.593338
9.297882, -0.07421875, 1.7776947
9.336197, -0.06942749, 1.9512787
9.397247, -0.123306274, 2.0207062
9.448715, -0.1951294, 2.1164703
9.458298, -0.25498962, 2.1260529
9.399643, -0.31124878, 2.059021
9.42598, -0.33518982, 2.0266876
9.439133, -0.34954834, 1.9524689
9.452301, -0.37709045, 1.8578949
9.46907, -0.41659546, 1.782486
9.48822, -0.36990356, 1.7214355
9.50737, -0.31004333, 1.7010803
9.429565, -0.26216125, 1.6280518
9.336197, -0.21427917, 1.6268616
9.31105, -0.21427917, 1.569397
9.297882, -0.20111084, 1.5921478
9.325409, -0.19871521, 1.6519928
9.36731, -0.24899292, 1.6627655
9.439133, -0.2956848, 1.6711578
9.453506, -0.31004333, 1.727417
9.484634, -0.32800293, 1.7369995
9.48822, -0.32202148, 1.7501678
9.466675, -0.28849792, 1.7800903
9.472656, -0.31124878, 1.7992401
9.419983, -0.29447937, 1.8016357
9.415192, -0.26455688, 1.7741089
9.404419, -0.24899292, 1.7250214
9.404419, -0.30166626, 1.6531982
9.391251, -0.28730774, 1.6136932
9.412811, -0.32202148, 1.5287018
9.40921, -0.3148346, 1.4377136
9.434357, -0.29808044, 1.4233551
9.397247, -0.29447937, 1.3982086
9.417587, -0.292099, 1.4221497
9.417587, -0.23942566, 1.4329224
9.400833, -0.26097107, 1.5083466
9.411606, -0.27653503, 1.5873566
9.416397, -0.296875, 1.6268616
9.417587, -0.28730774, 1.7070618
9.412811, -0.25498962, 1.7286072
9.418793, -0.30047607, 1.8100128
9.417587, -0.30047607, 1.8028412
9.414001, -0.30645752, 1.8183899
9.406815, -0.30047607, 1.8519135
9.402023, -0.26216125, 1.8363495
9.405624, -0.25976562, 1.8255768
9.40921, -0.28730774, 1.7992401
9.423584, -0.2669525, 1.7597351
9.424774, -0.28012085, 1.7848816
9.457092, -0.29328918, 1.7896729
9.44632, -0.31243896, 1.7310028
9.431961, -0.32681274, 1.7465668
9.433151, -0.31604004, 1.7477722
9.423584, -0.29447937, 1.7992401
9.443924, -0.30526733, 1.7860718
9.445129, -0.29328918, 1.7860718
9.422379, -0.26934814, 1.8519135
9.405624, -0.2753296, 1.8734589
9.451111, -0.24659729, 1.861496
9.416397, -0.27174377, 1.8554993
9.422379, -0.28849792, 1.9261322
9.435547, -0.2849121, 1.8878326
9.433151, -0.2956848, 1.8650818
9.458298, -0.32202148, 1.8543091
9.459488, -0.30526733, 1.7884674
9.424774, -0.32800293, 1.7465668
9.424774, -0.33039856, 1.7082672
9.421188, -0.28370667, 1.6807251
9.423584, -0.27893066, 1.6627655
9.403229, -0.27653503, 1.648407
9.376892, -0.26934814, 1.6232758
9.391251, -0.27053833, 1.5921478
9.410416, -0.25138855, 1.6208801
9.419983, -0.27893066, 1.6555939
9.439133, -0.27053833, 1.6783295
9.429565, -0.2741394, 1.6699524
9.406815, -0.292099, 1.6771393
9.39006, -0.292099, 1.6651611
9.415192, -0.28370667, 1.6843262
9.404419, -0.2849121, 1.6962891
9.385269, -0.292099, 1.6903076
9.378082, -0.29089355, 1.6663666
9.42598, -0.29447937, 1.6364441
9.415192, -0.27653503, 1.577774
9.3984375, -0.26934814, 1.6065063
9.399643, -0.26934814, 1.6065063
9.414001, -0.26216125, 1.5466614
9.439133, -0.27053833, 1.5562286
9.3984375, -0.25857544, 1.5945435
9.411606, -0.25378418, 1.6148834
9.417587, -0.23342896, 1.5646057
9.422379, -0.26455688, 1.5969391
9.39006, -0.26576233, 1.6148834
9.411606, -0.25857544, 1.593338
9.416397, -0.30645752, 1.5897522
9.424774, -0.292099, 1.5765839
9.443924, -0.32081604, 1.5897522
9.40802, -0.30166626, 1.5287018
9.42717, -0.28370667, 1.5346832
9.430756, -0.27893066, 1.5179291
9.422379, -0.2849121, 1.5346832
9.397247, -0.25498962, 1.5095367
9.369705, -0.21907043, 1.5430603
9.375687, -0.22265625, 1.5825653
9.404419, -0.22146606, 1.5634155
9.419983, -0.25498962, 1.5969391
9.417587, -0.26216125, 1.6148834
9.433151, -0.28012085, 1.6101074
9.423584, -0.29808044, 1.608902
9.42836, -0.30526733, 1.5849609
9.448715, -0.29089355, 1.5837708
9.455902, -0.28849792, 1.5873566
9.42717, -0.26455688, 1.5813751
9.34697, -0.23342896, 1.5370789
9.363724, -0.25737, 1.569397
9.364914, -0.26815796, 1.5263062
9.388855, -0.25378418, 1.5155334
9.418793, -0.2753296, 1.5023651
9.405624, -0.25737, 1.5287018
9.3984375, -0.26815796, 1.5574341
9.449921, -0.31604004, 1.5059509
9.416397, -0.31962585, 1.4580688
9.433151, -0.3148346, 1.4820099
9.443924, -0.3327942, 1.5071564
9.422379, -0.3244171, 1.4652557
9.42598, -0.31843567, 1.474823
9.423584, -0.30645752, 1.5119324
9.399643, -0.26576233, 1.4832153
9.393646, -0.2813263, 1.5191193
9.397247, -0.28370667, 1.514328
9.404419, -0.27053833, 1.5191193
9.433151, -0.27772522, 1.5418701
9.442734, -0.292099, 1.5813751
9.439133, -0.28012085, 1.6136932
9.447525, -0.2861023, 1.608902
9.458298, -0.3136444, 1.6232758
9.453506, -0.29328918, 1.6531982
9.4379425, -0.28849792, 1.6340485
9.40921, -0.27772522, 1.6460114
9.424774, -0.2813263, 1.6256561
9.441528, -0.2669525, 1.6292572
9.429565, -0.26455688, 1.6160889
9.394852, -0.22865295, 1.6148834
9.415192, -0.26815796, 1.6148834
9.416397, -0.28849792, 1.6124878
9.439133, -0.30885315, 1.5909424
9.400833, -0.2753296, 1.5981293
9.424774, -0.29447937, 1.5753784
9.406815, -0.30645752, 1.5921478
9.433151, -0.3040619, 1.5921478
9.406815, -0.2849121, 1.5646057
9.42717, -0.28251648, 1.5586243
9.418793, -0.28849792, 1.5466614
9.433151, -0.29089355, 1.5406647
9.405624, -0.31004333, 1.553833
9.441528, -0.30885315, 1.5490417
9.433151, -0.30166626, 1.5646057
9.411606, -0.2849121, 1.5346832
9.399643, -0.292099, 1.5717926
9.431961, -0.2633667, 1.6136932
9.42598, -0.28370667, 1.6555939
9.387665, -0.2633667, 1.6903076
9.393646, -0.2561798, 1.7130585
9.460693, -0.27653503, 1.7357941
9.44632, -0.29089355, 1.7776947
9.424774, -0.27653503, 1.7393951
9.418793, -0.26815796, 1.7238312
9.412811, -0.26815796, 1.7154388
9.393646, -0.28012085, 1.6519928
9.392456, -0.2813263, 1.6555939
9.421188, -0.2813263, 1.6292572
9.412811, -0.28370667, 1.6029205
9.40921, -0.28730774, 1.5454559
9.405624, -0.29447937, 1.5370789
9.463089, -0.28730774, 1.5215149
9.421188, -0.28012085, 1.498764
9.400833, -0.25857544, 1.538269
9.406815, -0.24420166, 1.5418701
9.394852, -0.25019836, 1.5586243
9.380478, -0.22744751, 1.5945435
9.396042, -0.25019836, 1.632843
9.406815, -0.24659729, 1.6412201
9.372101, -0.2561798, 1.656784
9.404419, -0.296875, 1.6436157
9.417587, -0.29328918, 1.6519928
9.430756, -0.28370667, 1.6436157
9.4379425, -0.2861023, 1.6029205
9.452301, -0.28370667, 1.6065063
9.418793, -0.26576233, 1.6017151
9.391251, -0.28251648, 1.6029205
9.436752, -0.28251648, 1.5825653
9.385269, -0.2633667, 1.5562286
9.404419, -0.28251648, 1.5490417
9.396042, -0.24061584, 1.5430603
9.363724, -0.24182129, 1.5682068
9.378082, -0.23582458, 1.5179291
9.376892, -0.26815796, 1.5346832
9.410416, -0.26455688, 1.498764
9.406815, -0.2454071, 1.4784241
9.39006, -0.25138855, 1.4975739
9.434357, -0.27893066, 1.529892
9.441528, -0.296875, 1.5622101
9.422379, -0.2753296, 1.5885468
9.416397, -0.2669525, 1.577774
9.442734, -0.29328918, 1.5765839
9.416397, -0.28849792, 1.5945435
9.388855, -0.2813263, 1.5598297
9.40921, -0.25857544, 1.569397
9.422379, -0.24659729, 1.5897522
9.402023, -0.26934814, 1.6256561
9.396042, -0.2813263, 1.6005249
9.415192, -0.27174377, 1.6017151
9.452301, -0.25498962, 1.6388245
9.4379425, -0.2561798, 1.6448212
9.457092, -0.2669525, 1.6531982
9.418793, -0.2861023, 1.6831207
9.405624, -0.29328918, 1.6903076
9.433151, -0.2849121, 1.6986847
9.406815, -0.27053833, 1.6747437
9.431961, -0.2956848, 1.6627655
9.436752, -0.28251648, 1.6496124
9.4379425, -0.28012085, 1.6735535
9.439133, -0.3148346, 1.6555939
9.40921, -0.2956848, 1.6029205
9.393646, -0.24780273, 1.5957336
9.411606, -0.24061584, 1.6687622
9.385269, -0.19392395, 1.7094574
9.375687, -0.18075562, 1.7752991
9.374496, -0.16520691, 1.8591003
9.385269, -0.15203857, 1.9357147
9.392456, -0.22865295, 1.9416962
9.391251, -0.31604004, 1.8806458
9.416397, -0.375885, 1.7465668
9.460693, -0.4118042, 1.6220703
9.490616, -0.46687317, 1.5095367
9.498993, -0.49440002, 1.3479309
9.457092, -0.4632721, 1.2617493
9.46907, -0.39863586, 1.1911163
9.423584, -0.33039856, 1.2557526
9.369705, -0.24061584, 1.3251953
9.350555, -0.16281128, 1.4975739
9.342178, -0.1197052, 1.6496124
9.340973, -0.108932495, 1.7980499
9.391251, -0.13887024, 1.9416962
9.400833, -0.21069336, 2.003952
9.42598, -0.2849121, 2.0661926
9.449921, -0.27772522, 2.0410614
9.445129, -0.31723022, 1.9955597
9.403229, -0.33398438, 1.9464874
9.443924, -0.3244171, 1.8770599
9.439133, -0.33998108, 1.7729034
9.442734, -0.28970337, 1.7046661
9.453506, -0.2956848, 1.6136932
9.416397, -0.29328918, 1.577774
9.410416, -0.27053833, 1.5813751
9.410416, -0.21907043, 1.5945435
9.373306, -0.23342896, 1.5897522
9.374496, -0.25737, 1.6472168
9.396042, -0.25498962, 1.6136932
9.393646, -0.27293396, 1.6220703
9.402023, -0.28370667, 1.656784
9.39006, -0.28730774, 1.6280518
9.424774, -0.2633667, 1.6053162
9.416397, -0.28730774, 1.6268616
9.417587, -0.2813263, 1.6017151
9.430756, -0.27174377, 1.648407
9.424774, -0.29328918, 1.6316528
9.419983, -0.30885315, 1.5969391
9.441528, -0.29927063, 1.5753784
9.423584, -0.29447937, 1.6184845
9.3984375, -0.2753296, 1.5610199
9.411606, -0.2956848, 1.5885468
9.415192, -0.30166626, 1.577774
9.382874, -0.28730774, 1.5658112
9.376892, -0.24301147, 1.5909424
9.366119, -0.26815796, 1.624466
9.399643, -0.24420166, 1.6412201
9.40802, -0.27893066, 1.6268616
9.404419, -0.29089355, 1.608902
9.3984375, -0.28849792, 1.5957336
9.40802, -0.3028717, 1.5706024
9.392456, -0.29808044, 1.5861511
9.405624, -0.30885315, 1.6579895
9.429565, -0.2813263, 1.6603851
9.400833, -0.26576233, 1.6855164
9.415192, -0.27653503, 1.7489624
9.442734, -0.25498962, 1.7561493
9.467865, -0.2669525, 1.806427
9.459488, -0.2753296, 1.861496
9.431961, -0.29089355, 1.8674774
9.442734, -0.3028717, 1.8471222
9.419983, -0.2956848, 1.8291626
9.400833, -0.29447937, 1.8399506
9.392456, -0.296875, 1.7932587
9.402023, -0.30166626, 1.7765045
9.394852, -0.30047607, 1.8124084
9.430756, -0.25498962, 1.7681122
9.433151, -0.26216125, 1.782486
9.419983, -0.28012085, 1.7693176
9.457092, -0.27174377, 1.782486
9.42836, -0.26815796, 1.7884674
9.439133, -0.26216125, 1.7860718
9.42598, -0.2669525, 1.8088226
9.387665, -0.26097107, 1.7346039
9.393646, -0.2956848, 1.663971
9.416397, -0.29808044, 1.6663666
9.403229, -0.30047607, 1.6412201
9.388855, -0.30645752, 1.5706024
9.415192, -0.29927063, 1.5502472
9.410416, -0.292099, 1.529892
9.418793, -0.28370667, 1.5310974
9.406815, -0.27893066, 1.5203247
9.40802, -0.27053833, 1.5658112
9.404419, -0.252594, 1.6005249
9.39006, -0.23822021, 1.5813751
9.417587, -0.26455688, 1.5478516
9.40921, -0.29927063, 1.5813751
9.399643, -0.27293396, 1.5813751
9.39006, -0.2813263, 1.5897522
9.382874, -0.2849121, 1.5514374
9.414001, -0.296875, 1.5526428
9.40921, -0.27893066, 1.5670013
9.414001, -0.26934814, 1.5586243
9.388855, -0.27653503, 1.5622101
9.403229, -0.2741394, 1.5765839
9.40921, -0.27772522, 1.5586243
9.412811, -0.2633667, 1.5394745
9.416397, -0.2753296, 1.553833
9.417587, -0.292099, 1.5825653
9.42717, -0.27772522, 1.5981293
9.439133, -0.2813263, 1.6148834
9.431961, -0.29447937, 1.6292572
9.400833, -0.26097107, 1.6579895
9.42717, -0.30526733, 1.648407
9.402023, -0.30047607, 1.6699524
9.396042, -0.2669525, 1.687912
9.44632, -0.28251648, 1.6950989
9.443924, -0.2849121, 1.6867218
9.439133, -0.29328918, 1.7190399
9.411606, -0.27772522, 1.7477722
9.405624, -0.28970337, 1.7465668
9.410416, -0.2669525, 1.727417
9.418793, -0.28251648, 1.7298126
9.418793, -0.25857544, 1.7597351
9.418793, -0.27174377, 1.7597351
9.441528, -0.292099, 1.7884674
9.385269, -0.26097107, 1.7896729
9.423584, -0.25737, 1.7776947
9.419983, -0.2633667, 1.7932587
9.40921, -0.2861023, 1.7633362
9.404419, -0.28370667, 1.7441711
9.424774, -0.30047607, 1.7286072
9.422379, -0.30526733, 1.6627655
9.403229, -0.34117126, 1.5849609
9.429565, -0.32800293, 1.5502472
9.439133, -0.30047607, 1.4820099
9.403229, -0.296875, 1.4891968
9.386475, -0.2849121, 1.454483
9.393646, -0.25857544, 1.4652557
9.374496, -0.27053833, 1.5322876
9.384079, -0.25019836, 1.572998
9.376892, -0.22505188, 1.6280518
9.443924, -0.23342896, 1.7022705
9.443924, -0.25498962, 1.7202301
9.405624, -0.25857544, 1.7010803
9.42836, -0.25737, 1.7848816
9.415192, -0.2633667, 1.7489624
9.410416, -0.27772522, 1.7393951
9.410416, -0.32202148, 1.7058716
9.3984375, -0.26455688, 1.6519928
9.422379, -0.28251648, 1.6340485
9.421188, -0.296875, 1.6029205
9.42598, -0.26934814, 1.5861511
9.412811, -0.28370667, 1.5598297
9.419983, -0.27772522, 1.5526428
9.415192, -0.25378418, 1.5550385
9.42836, -0.25857544, 1.5993195
9.405624, -0.2849121, 1.6388245
9.403229, -0.2813263, 1.6136932
9.3984375, -0.2956848, 1.6112976
9.392456, -0.27293396, 1.5885468
9.400833, -0.26097107, 1.6029205
9.403229, -0.28012085, 1.6065063
9.3984375, -0.2741394, 1.5658112
9.394852, -0.3040619, 1.5466614
9.436752, -0.29089355, 1.4915924
9.443924, -0.27053833, 1.514328
9.422379, -0.27653503, 1.5203247
9.417587, -0.28730774, 1.5167236
9.433151, -0.26576233, 1.5167236
9.404419, -0.23103333, 1.572998
9.410416, -0.19992065, 1.6735535
9.410416, -0.16520691, 1.782486
9.414001, -0.19871521, 1.8543091
9.40802, -0.19871521, 1.8902283
9.397247, -0.24301147, 1.8507233
9.374496, -0.31604004, 1.7657166
9.411606, -0.38067627, 1.6232758
9.433151, -0.43933105, 1.5071564
9.453506, -0.48841858, 1.3419495
9.500198, -0.47166443, 1.1875305
9.449921, -0.41659546, 1.1659698
9.4379425, -0.33998108, 1.1492157
9.434357, -0.252594, 1.2066803
9.360138, -0.18675232, 1.3431396
9.340973, -0.118515015, 1.4963837
9.332596, -0.11730957, 1.6280518
9.339783, -0.1149292, 1.8686676
9.404419, -0.15681458, 2.0135193
9.434357, -0.21069336, 2.094925
9.42717, -0.25737, 2.122467
9.463089, -0.3256073, 2.197876
9.445129, -0.3615265, 2.1619568
9.422379, -0.33039856, 2.087738
9.400833, -0.32920837, 2.012329
9.46907, -0.32681274, 1.9141693
9.453506, -0.2849121, 1.8171997
9.484634, -0.28012085, 1.7788849
9.455902, -0.26934814, 1.7130585
9.421188, -0.24780273, 1.687912
9.410416, -0.24301147, 1.6998901
9.40802, -0.22265625, 1.6220703
9.34816, -0.2346344, 1.6065063
9.345764, -0.2561798, 1.6376343
9.361328, -0.28849792, 1.6136932
9.354141, -0.30526733, 1.617279
9.404419, -0.28730774, 1.6017151
9.430756, -0.2741394, 1.656784
9.418793, -0.2813263, 1.687912
9.459488, -0.3028717, 1.6519928
9.447525, -0.27293396, 1.6807251
9.459488, -0.3040619, 1.6807251
9.440338, -0.30166626, 1.6687622
9.448715, -0.2741394, 1.6340485
9.443924, -0.27653503, 1.5753784
9.397247, -0.2956848, 1.5454559
9.400833, -0.2849121, 1.4963837
9.3984375, -0.27772522, 1.4736328
9.344574, -0.24182129, 1.4425049
9.375687, -0.27174377, 1.4401093
9.399643, -0.23822021, 1.4029999
9.361328, -0.2561798, 1.419754
9.339783, -0.2669525, 1.395813
9.376892, -0.27893066, 1.4377136
9.40921, -0.25737, 1.4879913
9.423584, -0.28730774, 1.5263062
9.418793, -0.27772522, 1.5418701
9.415192, -0.2741394, 1.5849609
9.417587, -0.2669525, 1.6376343
9.415192, -0.252594, 1.6903076
9.378082, -0.24182129, 1.7968445
9.402023, -0.25737, 1.8124084
9.417587, -0.2561798, 1.8231812
9.416397, -0.25857544, 1.8160095
9.436752, -0.30047607, 1.8519135
9.46907, -0.31243896, 1.869873
9.441528, -0.29808044, 1.8231812
9.441528, -0.3040619, 1.766922
9.470261, -0.30047607, 1.7417755
9.42836, -0.2956848, 1.6771393
9.406815, -0.30885315, 1.6914978
9.423584, -0.27053833, 1.7238312
9.397247, -0.23942566, 1.6891022
9.362518, -0.24899292, 1.7142487
9.374496, -0.24182129, 1.7477722
9.3984375, -0.22505188, 1.7178345
9.40802, -0.23342896, 1.7800903
9.423584, -0.26216125, 1.8004456
9.397247, -0.26455688, 1.766922
9.42598, -0.27893066, 1.7465668
9.455902, -0.28730774, 1.7393951
9.447525, -0.28849792, 1.7333984
9.463089, -0.3076477, 1.6986847
9.452301, -0.3076477, 1.7250214
9.439133, -0.27772522, 1.6950989
9.404419, -0.27053833, 1.6675568
9.376892, -0.24301147, 1.6903076
9.387665, -0.22744751, 1.6831207
9.393646, -0.23942566, 1.6759338
9.403229, -0.21907043, 1.7022705
9.416397, -0.20948792, 1.7202301
9.415192, -0.2454071, 1.7298126
9.417587, -0.24899292, 1.7298126
9.422379, -0.2753296, 1.7202301
9.416397, -0.331604, 1.663971
9.42836, -0.31243896, 1.648407
9.411606, -0.2849121, 1.6903076
9.42717, -0.292099, 1.6196747
9.433151, -0.28970337, 1.5825653
9.411606, -0.30047607, 1.5825653
9.400833, -0.2741394, 1.5717926
9.424774, -0.26455688, 1.5550385
9.42717, -0.27293396, 1.5035553
9.412811, -0.2741394, 1.5095367
9.387665, -0.26216125, 1.5287018
9.429565, -0.25138855, 1.5394745
9.382874, -0.24780273, 1.6017151
9.414001, -0.26455688, 1.6316528
9.4379425, -0.26097107, 1.6903076
9.436752, -0.26934814, 1.7369995
9.445129, -0.27293396, 1.7489624
9.42836, -0.29328918, 1.7741089
9.421188, -0.29089355, 1.7561493
9.42717, -0.28970337, 1.6867218
9.429565, -0.2956848, 1.6256561
9.404419, -0.26576233, 1.5622101
9.388855, -0.292099, 1.5813751
9.392456, -0.2561798, 1.5322876
9.40921, -0.27293396, 1.5442657
9.396042, -0.25378418, 1.5753784
9.418793, -0.26815796, 1.5849609
9.449921, -0.26455688, 1.6184845
9.416397, -0.2561798, 1.6663666
9.442734, -0.252594, 1.6831207
9.42717, -0.24659729, 1.6807251
9.419983, -0.27772522, 1.7046661
9.396042, -0.23582458, 1.7250214
9.406815, -0.25857544, 1.727417
9.394852, -0.27174377, 1.6998901
9.40802, -0.27293396, 1.6579895
9.412811, -0.292099, 1.6029205
9.384079, -0.2861023, 1.5706024
9.405624, -0.25378418, 1.5801697
9.379288, -0.28970337, 1.4975739
9.379288, -0.27293396, 1.4460907
9.387665, -0.22744751, 1.5406647
9.381683, -0.16400146, 1.6472168
9.392456, -0.1663971, 1.6903076
9.405624, -0.1663971, 1.7860718
9.421188, -0.1663971, 1.8722687
9.42717, -0.22984314, 1.8794556
9.436752, -0.28849792, 1.8052216
9.452301, -0.33398438, 1.6783295
9.42717, -0.39982605, 1.569397
9.423584, -0.44532776, 1.3982086
9.482239, -0.47166443, 1.3024445
9.504974, -0.45010376, 1.2042847
9.485825, -0.38905334, 1.1827393
9.455902, -0.31124878, 1.2030792
9.369705, -0.23582458, 1.2856903
9.34697, -0.13887024, 1.4018097
9.306259, -0.116119385, 1.5191193
9.289505, -0.123306274, 1.6903076
9.307465, -0.14724731, 1.7800903
9.325409, -0.17237854, 1.8866272
9.387665, -0.2741394, 1.960846
9.442734, -0.3148346, 1.9764099
9.500198, -0.37348938, 1.9716187
9.560043, -0.39743042, 1.9596558
9.537308, -0.38067627, 1.8638916
9.50618, -0.32920837, 1.8136139
9.436752, -0.25378418, 1.727417
9.403229, -0.21427917, 1.6017151
9.3589325, -0.20350647, 1.5789795
9.32901, -0.18435669, 1.5310974
9.3589325, -0.19631958, 1.5358734
9.396042, -0.23223877, 1.514328
9.40921, -0.2669525, 1.498764
9.40802, -0.2849121, 1.5131378
9.414001, -0.3136444, 1.553833
9.396042, -0.27772522, 1.5969391
9.3984375, -0.26576233, 1.6136932
9.406815, -0.25976562, 1.6005249
9.412811, -0.27174377, 1.6376343
9.443924, -0.3028717, 1.6448212
9.403229, -0.24420166, 1.6436157
9.422379, -0.26455688, 1.6448212
9.440338, -0.25976562, 1.6831207
9.440338, -0.25498962, 1.6579895
9.40921, -0.23342896, 1.6424255
9.418793, -0.2956848, 1.6220703
9.406815, -0.28970337, 1.6352386
9.423584, -0.28849792, 1.6101074
9.421188, -0.2741394, 1.5310974
9.410416, -0.28370667, 1.533493
9.397247, -0.30047607, 1.529892
9.406815, -0.28012085, 1.5646057
9.376892, -0.30047607, 1.5191193
9.415192, -0.29447937, 1.5466614
9.433151, -0.2669525, 1.5765839
9.4379425, -0.27053833, 1.577774
9.404419, -0.26576233, 1.5789795
9.410416, -0.2561798, 1.5993195
9.455902, -0.25857544, 1.6615753
9.416397, -0.27174377, 1.6472168
9.384079, -0.2956848, 1.6436157
9.406815, -0.27293396, 1.6914978
9.453506, -0.28970337, 1.6783295
9.415192, -0.30645752, 1.648407
9.415192, -0.27653503, 1.6603851
9.433151, -0.27772522, 1.6460114
9.430756, -0.25857544, 1.6160889
9.405624, -0.2633667, 1.6148834
9.400833, -0.24659729, 1.6184845
9.40921, -0.292099, 1.6400299
9.447525, -0.296875, 1.6675568
9.441528, -0.27653503, 1.7010803
9.441528, -0.29447937, 1.7202301
9.464279, -0.28730774, 1.7800903
9.44632, -0.27893066, 1.7298126
9.44632, -0.26216125, 1.7214355
9.385269, -0.27053833, 1.7549438
9.387665, -0.26097107, 1.7310028
9.418793, -0.29328918, 1.7226257
9.40921, -0.27653503, 1.6543884
9.399643, -0.27772522, 1.6519928
9.393646, -0.2669525, 1.608902
9.388855, -0.28012085, 1.5466614
9.3984375, -0.2813263, 1.5634155
9.414001, -0.25498962, 1.572998
9.421188, -0.2813263, 1.6136932
9.424774, -0.2956848, 1.6005249
9.436752, -0.3040619, 1.5753784
9.449921, -0.3256073, 1.6208801
9.457092, -0.28730774, 1.632843
9.449921, -0.27772522, 1.6627655
9.430756, -0.26216125, 1.6388245
9.42717, -0.26216125, 1.6699524
9.379288, -0.28251648, 1.6555939
9.40802, -0.252594, 1.6412201
9.381683, -0.24420166, 1.6950989
9.387665, -0.25976562, 1.6759338
9.411606, -0.25019836, 1.6472168
9.417587, -0.23103333, 1.6531982
9.40921, -0.24899292, 1.6340485
9.414001, -0.252594, 1.6400299
9.391251, -0.2561798, 1.6627655
9.386475, -0.25378418, 1.6627655
9.405624, -0.2741394, 1.6196747
9.42836, -0.28012085, 1.6436157
9.443924, -0.2753296, 1.6316528
9.465469, -0.28251648, 1.6412201
9.460693, -0.28370667, 1.6496124
9.453506, -0.2741394, 1.6412201
9.405624, -0.28730774, 1.6603851
9.421188, -0.27293396, 1.6496124
9.429565, -0.252594, 1.6699524
9.431961, -0.25976562, 1.6771393
9.410416, -0.26216125, 1.6340485
9.396042, -0.25138855, 1.6747437
9.402023, -0.24061584, 1.6747437
9.396042, -0.27653503, 1.6543884
9.399643, -0.25378418, 1.7238312
9.448715, -0.27893066, 1.6962891
9.42717, -0.29089355, 1.6783295
9.475052, -0.29328918, 1.6974945
9.467865, -0.30166626, 1.6998901
9.414001, -0.24780273, 1.663971
9.4379425, -0.26455688, 1.648407
9.431961, -0.29808044, 1.648407
9.400833, -0.28730774, 1.6364441
9.4379425, -0.27893066, 1.6448212
9.40921, -0.2633667, 1.6292572
9.418793, -0.2561798, 1.6053162
9.406815, -0.27893066, 1.6041107
9.410416, -0.28730774, 1.5526428
9.370911, -0.25498962, 1.5837708
9.384079, -0.26576233, 1.5550385
9.421188, -0.26934814, 1.5670013
9.387665, -0.252594, 1.5813751
9.411606, -0.22146606, 1.5897522
9.403229, -0.23942566, 1.6220703
9.431961, -0.2741394, 1.6424255
9.458298, -0.26576233, 1.6292572
9.436752, -0.2669525, 1.6519928
9.412811, -0.31124878, 1.6041107
9.423584, -0.2849121, 1.6041107
9.40921, -0.25976562, 1.6508026
9.370911, -0.23582458, 1.6675568
9.3984375, -0.18075562, 1.7250214
9.382874, -0.18914795, 1.7489624
9.384079, -0.20111084, 1.7393951
9.36731, -0.20350647, 1.7142487
9.400833, -0.24659729, 1.6711578
9.424774, -0.30526733, 1.5849609
9.424774, -0.40342712, 1.4341278
9.449921, -0.46566772, 1.2976532
9.481033, -0.4980011, 1.2090759
9.50618, -0.47045898, 1.1492157
9.479843, -0.44172668, 1.1132965
9.484634, -0.36032104, 1.1743622
9.397247, -0.22505188, 1.3215942
9.340973, -0.1592102, 1.4820099
9.349365, -0.094573975, 1.5921478
9.255981, -0.075424194, 1.8136139
9.2799225, -0.1197052, 1.9321136
9.379288, -0.16160583, 2.0231018
9.445129, -0.26815796, 2.048233
9.493011, -0.37109375, 2.0506287
9.519348, -0.42616272, 1.9584503
9.500198, -0.42497253, 1.8531189
9.470261, -0.37948608, 1.711853
9.463089, -0.3256073, 1.6376343
9.378082, -0.26576233, 1.5322876
9.375687, -0.23223877, 1.4556732
9.379288, -0.23703003, 1.4042053
9.39006, -0.23223877, 1.4317322
9.405624, -0.24780273, 1.4628601
9.405624, -0.27174377, 1.4784241
9.419983, -0.2956848, 1.6029205
9.414001, -0.30166626, 1.6424255
9.394852, -0.292099, 1.6603851
9.42598, -0.2849121, 1.7178345
9.406815, -0.27893066, 1.7333984
9.368515, -0.2741394, 1.7381897
9.419983, -0.24420166, 1.6950989
9.436752, -0.2633667, 1.703476
9.396042, -0.2753296, 1.6651611
9.414001, -0.26934814, 1.6364441
9.443924, -0.28012085, 1.6196747
9.458298, -0.29328918, 1.5957336
9.439133, -0.28251648, 1.5454559
9.445129, -0.30645752, 1.5047607
9.436752, -0.33998108, 1.5370789
9.436752, -0.29328918, 1.538269
9.374496, -0.2669525, 1.5251007
9.364914, -0.26576233, 1.533493
9.391251, -0.23942566, 1.5346832
9.400833, -0.24301147, 1.5274963
9.404419, -0.24301147, 1.6077118
9.429565, -0.2633667, 1.5897522
9.42598, -0.2849121, 1.5813751
9.404419, -0.28012085, 1.593338
9.419983, -0.31124878, 1.5478516
9.430756, -0.33518982, 1.5514374
9.431961, -0.31004333, 1.5370789
9.431961, -0.2849121, 1.5466614
9.396042, -0.27772522, 1.529892
9.385269, -0.24420166, 1.5394745
9.382874, -0.24182129, 1.5239105
9.399643, -0.22505188, 1.5562286
9.402023, -0.25857544, 1.5921478
9.40921, -0.2669525, 1.553833
9.423584, -0.296875, 1.5813751
9.445129, -0.2861023, 1.6364441
9.441528, -0.292099, 1.6316528
9.460693, -0.2956848, 1.6364441
9.436752, -0.27293396, 1.6412201
9.406815, -0.2861023, 1.663971
9.429565, -0.25857544, 1.6891022
9.434357, -0.2813263, 1.7250214
9.423584, -0.29808044, 1.7333984
9.440338, -0.31124878, 1.7262268
9.453506, -0.31604004, 1.7357941
9.443924, -0.28012085, 1.7489624
9.434357, -0.2861023, 1.7333984
9.42836, -0.31723022, 1.6579895
9.4379425, -0.292099, 1.663971
9.42598, -0.28730774, 1.6496124
9.382874, -0.30885315, 1.6340485
9.397247, -0.30645752, 1.5969391
9.455902, -0.30526733, 1.5825653
9.429565, -0.3040619, 1.5658112
9.418793, -0.28012085, 1.6065063
9.44632, -0.29328918, 1.5969391
9.422379, -0.25378418, 1.6017151
9.412811, -0.23822021, 1.6316528
9.400833, -0.21188354, 1.6508026
9.417587, -0.23582458, 1.6914978
9.429565, -0.23703003, 1.7609406
9.378082, -0.23703003, 1.7489624
9.388855, -0.24780273, 1.7705078
9.416397, -0.25737, 1.7501678
9.416397, -0.28251648, 1.703476
9.42836, -0.292099, 1.6627655
9.442734, -0.30645752, 1.6496124
9.42836, -0.29089355, 1.6376343
9.40802, -0.29089355, 1.5741882
9.434357, -0.28970337, 1.577774
9.422379, -0.2741394, 1.5610199
9.397247, -0.27772522, 1.5610199
9.394852, -0.25019836, 1.5682068
9.400833, -0.21786499, 1.5646057
9.394852, -0.22744751, 1.6101074
9.403229, -0.2633667, 1.6256561
9.399643, -0.22026062, 1.6136932
9.419983, -0.21907043, 1.6400299
9.405624, -0.2633667, 1.6891022
9.435547, -0.29328918, 1.7058716
9.441528, -0.28849792, 1.6914978
9.452301, -0.2861023, 1.6843262
9.447525, -0.28370667, 1.7022705
9.440338, -0.28849792, 1.6819305
9.448715, -0.296875, 1.6543884
9.421188, -0.292099, 1.6136932
9.406815, -0.27772522, 1.5502472
9.386475, -0.27772522, 1.5310974
9.391251, -0.292099, 1.569397
9.393646, -0.25498962, 1.5107422
9.435547, -0.2561798, 1.4915924
9.442734, -0.27174377, 1.5167236
9.384079, -0.25737, 1.5263062
9.396042, -0.27293396, 1.538269
9.404419, -0.27293396, 1.569397
9.378082, -0.26576233, 1.5945435
9.374496, -0.28849792, 1.6400299
9.399643, -0.27293396, 1.648407
9.393646, -0.27293396, 1.6891022
9.4379425, -0.2753296, 1.7046661
9.452301, -0.3028717, 1.7393951
9.44632, -0.292099, 1.7286072
9.451111, -0.31243896, 1.7298126
9.457092, -0.27174377, 1.7202301
9.442734, -0.27293396, 1.6807251
9.424774, -0.25976562, 1.6651611
9.403229, -0.27653503, 1.6352386
9.399643, -0.2849121, 1.6017151
9.380478, -0.28012085, 1.577774
9.388855, -0.2741394, 1.5526428
9.40802, -0.2741394, 1.5167236
9.397247, -0.2861023, 1.4855957
9.404419, -0.25857544, 1.5526428
9.384079, -0.20231628, 1.5945435
9.382874, -0.1592102, 1.7250214
9.373306, -0.12689209, 1.8387451
9.388855, -0.17237854, 1.8997955
9.442734, -0.22026062, 1.861496
9.476257, -0.32920837, 1.821991
9.479843, -0.4046173, 1.6903076
9.440338, -0.4728546, 1.4927826
9.46907, -0.55545044, 1.3347626
9.464279, -0.5626373, 1.1444244
9.481033, -0.50038147, 1.0211334
9.421188, -0.3830719, 1.0223236
9.394852, -0.27772522, 1.0857697
9.344574, -0.17477417, 1.2234344
9.301468, -0.073028564, 1.4269409
9.318237, -0.06463623, 1.608902
9.326614, -0.041900635, 1.8016357
9.355347, -0.1197052, 1.9752197
9.378082, -0.19992065, 2.1092987
9.466675, -0.30526733, 2.1380157
9.491806, -0.37709045, 2.1380157
9.527725, -0.4237671, 2.0362701
9.518143, -0.43693542, 1.924942
9.493011, -0.39982605, 1.7836761
9.48822, -0.3531494, 1.6675568
9.422379, -0.26934814, 1.533493
9.350555, -0.22865295, 1.4209595
9.34816, -0.21907043, 1.3922272
9.363724, -0.18914795, 1.3503265
9.387665, -0.2059021, 1.371872
9.382874, -0.23942566, 1.4460907
9.396042, -0.2741394, 1.5502472
9.423584, -0.26216125, 1.6340485
9.424774, -0.2741394, 1.6843262
9.397247, -0.26815796, 1.7070618
9.392456, -0.29808044, 1.7561493
9.397247, -0.28730774, 1.7441711
9.42836, -0.2849121, 1.7310028
9.415192, -0.2669525, 1.7010803
9.463089, -0.27772522, 1.6376343
9.461884, -0.292099, 1.6017151
9.459488, -0.2849121, 1.5622101
9.465469, -0.30047607, 1.5598297
9.448715, -0.29328918, 1.5263062
9.42836, -0.31604004, 1.5203247
9.414001, -0.29808044, 1.5598297
9.39006, -0.2669525, 1.5454559
9.351746, -0.26576233, 1.5670013
9.378082, -0.25019836, 1.553833
9.376892, -0.26216125, 1.5849609
9.404419, -0.26576233, 1.617279
9.404419, -0.28849792, 1.624466
9.406815, -0.32800293, 1.6555939
9.433151, -0.29927063, 1.6531982
9.466675, -0.3028717, 1.6340485
9.451111, -0.28370667, 1.6280518
9.412811, -0.27772522, 1.6448212
9.414001, -0.30526733, 1.6555939
9.40802, -0.27293396, 1.5849609
9.419983, -0.25976562, 1.5490417
9.397247, -0.2669525, 1.5658112
9.384079, -0.26934814, 1.6005249
9.410416, -0.29328918, 1.5765839
9.410416, -0.2849121, 1.5849609
9.391251, -0.24899292, 1.5801697
9.40921, -0.28012085, 1.5921478
9.422379, -0.28970337, 1.6256561
9.423584, -0.292099, 1.6436157
9.435547, -0.29089355, 1.7202301
9.436752, -0.28970337, 1.7405853
9.454697, -0.29328918, 1.7729034
9.451111, -0.31004333, 1.7776947
9.42598, -0.30047607, 1.7693176
9.449921, -0.29808044, 1.7717133
9.475052, -0.30166626, 1.7848816
9.441528, -0.2956848, 1.7633362
9.424774, -0.29447937, 1.766922
9.419983, -0.2861023, 1.7190399
9.421188, -0.27053833, 1.6783295
9.393646, -0.2741394, 1.6819305
9.411606, -0.2861023, 1.6220703
9.422379, -0.26934814, 1.632843
9.423584, -0.27293396, 1.6436157
9.414001, -0.27053833, 1.6148834
9.418793, -0.27174377, 1.6053162
9.421188, -0.2741394, 1.5909424
9.380478, -0.28730774, 1.538269
9.402023, -0.292099, 1.6005249
9.384079, -0.28370667, 1.6436157
9.419983, -0.28251648, 1.6687622
9.417587, -0.26576233, 1.6867218
9.440338, -0.28012085, 1.7058716
9.417587, -0.296875, 1.7190399
9.40921, -0.26934814, 1.7190399
9.411606, -0.2633667, 1.7154388
9.424774, -0.2813263, 1.7417755
9.396042, -0.29447937, 1.7154388
9.404419, -0.29447937, 1.6735535
9.429565, -0.26576233, 1.6400299
9.414001, -0.2813263, 1.6555939
9.415192, -0.2813263, 1.687912
9.405624, -0.26455688, 1.6699524
9.415192, -0.25857544, 1.6412201
9.429565, -0.25019836, 1.6376343
9.4379425, -0.30885315, 1.7262268
9.434357, -0.27893066, 1.7106628
9.388855, -0.26815796, 1.7549438
9.392456, -0.28970337, 1.7202301
9.421188, -0.28849792, 1.703476
9.3984375, -0.2813263, 1.7214355
9.445129, -0.29089355, 1.6974945
9.404419, -0.30166626, 1.6711578
9.404419, -0.29808044, 1.6986847
9.384079, -0.28370667, 1.727417
9.433151, -0.28730774, 1.6986847
9.451111, -0.29447937, 1.7058716
9.423584, -0.27772522, 1.6914978
9.453506, -0.26097107, 1.7310028
9.4379425, -0.25737, 1.7357941
9.431961, -0.27293396, 1.7393951
9.449921, -0.3040619, 1.7178345
9.412811, -0.28970337, 1.6783295
9.399643, -0.28730774, 1.6974945
9.424774, -0.30047607, 1.6687622
9.378082, -0.26934814, 1.6400299
9.391251, -0.29328918, 1.6065063
9.405624, -0.3028717, 1.6077118
9.392456, -0.27053833, 1.5957336
9.379288, -0.27893066, 1.5274963
9.397247, -0.28251648, 1.5394745
9.400833, -0.25737, 1.5263062
9.422379, -0.2861023, 1.5155334
9.422379, -0.28370667, 1.5430603
9.419983, -0.26815796, 1.5598297
9.381683, -0.2813263, 1.572998
9.42598, -0.28730774, 1.5909424
9.402023, -0.2741394, 1.6112976
9.429565, -0.27772522, 1.6292572
9.422379, -0.27653503, 1.6651611
9.442734, -0.27053833, 1.6699524
9.435547, -0.2861023, 1.656784
9.433151, -0.30645752, 1.6304474
9.412811, -0.30885315, 1.6148834
9.422379, -0.30166626, 1.593338
9.404419, -0.28370667, 1.5310974
9.40921, -0.30047607, 1.498764
9.376892, -0.28970337, 1.4712372
9.380478, -0.27174377, 1.3982086
9.385269, -0.28251648, 1.3994141
9.411606, -0.2753296, 1.3934326
9.397247, -0.26216125, 1.395813
9.412811, -0.27053833, 1.3970184
9.396042, -0.252594, 1.490387
9.424774, -0.27293396, 1.5430603
9.42598, -0.28012085, 1.5753784
9.458298, -0.29447937, 1.5598297
9.472656, -0.3136444, 1.5682068
9.470261, -0.30645752, 1.5574341
9.42836, -0.29808044, 1.5813751
9.433151, -0.331604, 1.5418701
9.396042, -0.292099, 1.4628601
9.393646, -0.2669525, 1.4760284
9.42598, -0.2669525, 1.4293365
9.415192, -0.26455688, 1.3802643
9.412811, -0.28370667, 1.4329224
9.399643, -0.2849121, 1.4532776
9.433151, -0.28012085, 1.4963837
9.435547, -0.26576233, 1.4736328
9.419983, -0.26815796, 1.5442657
9.436752, -0.26934814, 1.5849609
9.42836, -0.25857544, 1.6077118
9.417587, -0.26934814, 1.6112976
9.423584, -0.30047607, 1.6232758
9.423584, -0.27293396, 1.6256561
9.40921, -0.28849792, 1.6017151
9.442734, -0.26455688, 1.6184845
9.448715, -0.26576233, 1.6304474
9.434357, -0.2813263, 1.6280518
9.424774, -0.25138855, 1.6627655
9.442734, -0.24780273, 1.648407
9.422379, -0.25378418, 1.672348
9.416397, -0.2633667, 1.7166443
9.439133, -0.28251648, 1.7501678
9.433151, -0.24899292, 1.7369995
9.455902, -0.25976562, 1.7393951
9.458298, -0.28251648, 1.7609406
9.4379425, -0.2753296, 1.7489624
9.440338, -0.28251648, 1.7010803
9.422379, -0.24899292, 1.6376343
9.399643, -0.23703003, 1.6519928
9.429565, -0.24061584, 1.6388245
9.400833, -0.26815796, 1.5945435
9.388855, -0.26097107, 1.593338
9.416397, -0.27174377, 1.4975739
9.387665, -0.26815796, 1.5011597
9.418793, -0.2741394, 1.5287018
9.418793, -0.26216125, 1.533493
9.415192, -0.27772522, 1.5753784
9.435547, -0.26216125, 1.6065063
9.46907, -0.292099, 1.6304474
9.473862, -0.2753296, 1.6962891
9.454697, -0.2454071, 1.6962891
9.440338, -0.26934814, 1.7082672
9.42598, -0.25378418, 1.6903076
9.447525, -0.23822021, 1.6663666
9.406815, -0.28012085, 1.6196747
9.414001, -0.27772522, 1.6124878
9.412811, -0.2753296, 1.5837708
9.406815, -0.2561798, 1.5011597
9.40921, -0.24061584, 1.4784241
9.416397, -0.28970337, 1.4844055
9.393646, -0.26815796, 1.4437103
9.417587, -0.26934814, 1.4784241
9.392456, -0.2753296, 1.4951782
9.416397, -0.29089355, 1.4796143
9.386475, -0.28251648, 1.4951782
9.419983, -0.28012085, 1.5430603
9.440338, -0.28970337, 1.5682068
9.44632, -0.27053833, 1.5897522
9.452301, -0.25498962, 1.6101074
9.42598, -0.28370667, 1.5969391
9.40921, -0.29328918, 1.5909424
9.441528, -0.28849792, 1.6077118
9.443924, -0.32202148, 1.5598297
9.410416, -0.29089355, 1.5251007
9.396042, -0.28370667, 1.4556732
9.382874, -0.28370667, 1.4832153
9.404419, -0.26934814, 1.490387
9.3984375, -0.26576233, 1.4820099
9.403229, -0.22865295, 1.5095367
9.393646, -0.22984314, 1.5239105
9.412811, -0.23942566, 1.5454559
9.410416, -0.26455688, 1.5945435
9.415192, -0.27653503, 1.5981293
9.42836, -0.28730774, 1.6005249
9.419983, -0.28849792, 1.6352386
9.452301, -0.2861023, 1.6232758
9.451111, -0.27653503, 1.6220703
9.440338, -0.25378418, 1.632843
9.441528, -0.25138855, 1.672348
9.417587, -0.22625732, 1.6448212
9.448715, -0.26097107, 1.6508026
9.414001, -0.252594, 1.6759338
9.423584, -0.29328918, 1.6460114
9.442734, -0.30047607, 1.6424255
9.451111, -0.2753296, 1.6448212
9.42836, -0.2669525, 1.6160889
9.381683, -0.2813263, 1.6101074
9.387665, -0.25138855, 1.5957336
9.410416, -0.23342896, 1.608902
9.391251, -0.24780273, 1.5921478
9.387665, -0.27653503, 1.5418701
9.399643, -0.27772522, 1.5478516
9.424774, -0.28849792, 1.5478516
9.434357, -0.2956848, 1.5454559
9.436752, -0.28730774, 1.6124878
9.4379425, -0.28970337, 1.6388245
9.467865, -0.26934814, 1.6220703
9.44632, -0.26216125, 1.6603851
9.412811, -0.3028717, 1.687912
9.421188, -0.26455688, 1.6962891
9.42598, -0.27174377, 1.6986847
9.441528, -0.26934814, 1.7010803
9.4379425, -0.28370667, 1.6579895
9.418793, -0.2753296, 1.6448212
9.411606, -0.26934814, 1.5825653
9.42836, -0.2813263, 1.5849609
9.399643, -0.29808044, 1.5634155
9.418793, -0.2813263, 1.5514374
9.385269, -0.26934814, 1.5310974
9.405624, -0.25857544, 1.533493
9.418793, -0.2753296, 1.4760284
9.424774, -0.30166626, 1.4832153
9.430756, -0.30645752, 1.529892
9.443924, -0.29808044, 1.5358734
9.418793, -0.292099, 1.5191193
9.412811, -0.25737, 1.5227051
9.391251, -0.21427917, 1.593338
9.399643, -0.20350647, 1.6148834
9.379288, -0.17237854, 1.6543884
9.352951, -0.11730957, 1.7657166
9.331406, -0.11730957, 1.8423309
9.391251, -0.19992065, 1.8495178
9.4379425, -0.2741394, 1.7501678
9.433151, -0.38067627, 1.6460114
9.442734, -0.43574524, 1.5083466
9.454697, -0.49919128, 1.2713165
9.445129, -0.5207367, 1.1288605
9.453506, -0.49679565, 1.0474701
9.44632, -0.40222168, 1.0546417
9.435547, -0.3040619, 1.1121063
9.40921, -0.20111084, 1.2210388
9.400833, -0.09576416, 1.4616547
9.39006, -0.06703186, 1.703476
9.402023, -0.06463623, 1.9381104
9.461884, -0.1771698, 2.1655579
9.494202, -0.25498962, 2.2385712
9.4774475, -0.2956848, 2.2349854
9.392456, -0.31723022, 2.1523895
9.318237, -0.32081604, 2.0075378
9.297882, -0.31843567, 1.8519135
9.296692, -0.29447937, 1.656784
9.334991, -0.32920837, 1.4963837
9.436752, -0.33877563, 1.4173737
9.502594, -0.30645752, 1.3299866
9.5169525, -0.29328918, 1.3024445
9.52533, -0.26934814, 1.2976532
9.494202, -0.25737, 1.3886414
9.4379425, -0.2454071, 1.4808197
9.416397, -0.22984314, 1.5813751
9.345764, -0.23342896, 1.6843262
9.321823, -0.22505188, 1.7848816
9.312241, -0.2346344, 1.821991
9.333801, -0.25857544, 1.8423309
9.397247, -0.2741394, 1.8339539
9.451111, -0.2956848, 1.8243866
9.470261, -0.35194397, 1.7765045
9.494202, -0.35913086, 1.7142487
9.502594, -0.35554504, 1.6508026
9.48703, -0.3244171, 1.5490417
9.434357, -0.28251648, 1.4628601
9.387665, -0.30166626, 1.4161682
9.350555, -0.25857544, 1.4053955
9.352951, -0.21786499, 1.3371582
9.318237, -0.2238617, 1.3144226
9.343369, -0.24301147, 1.3647003
9.339783, -0.23822021, 1.3455353
9.374496, -0.27772522, 1.3922272
9.422379, -0.32202148, 1.419754
9.424774, -0.30885315, 1.4927826
9.418793, -0.292099, 1.5610199
9.46907, -0.30047607, 1.5873566
9.465469, -0.29447937, 1.6316528
9.42717, -0.27053833, 1.6795349
9.402023, -0.26455688, 1.6998901
9.414001, -0.252594, 1.6771393
9.42598, -0.23582458, 1.7393951
9.418793, -0.24061584, 1.7298126
9.417587, -0.24301147, 1.7776947
9.414001, -0.25138855, 1.7717133
9.419983, -0.2633667, 1.7346039
9.435547, -0.25019836, 1.7549438
9.415192, -0.27174377, 1.7178345
9.42717, -0.2633667, 1.7286072
9.404419, -0.24780273, 1.6508026
9.40921, -0.26815796, 1.6041107
9.396042, -0.28012085, 1.5717926
9.379288, -0.2454071, 1.572998
9.379288, -0.27893066, 1.5682068
9.403229, -0.29089355, 1.593338
9.42836, -0.26934814, 1.6005249
9.422379, -0.2741394, 1.6053162
9.419983, -0.2561798, 1.6543884
9.430756, -0.25857544, 1.6867218
9.419983, -0.2741394, 1.7357941
9.42717, -0.28012085, 1.7405853
9.455902, -0.28012085, 1.7812805
9.434357, -0.30166626, 1.806427
9.430756, -0.29089355, 1.7872772
9.430756, -0.28370667, 1.8088226
9.435547, -0.27293396, 1.7633362
9.429565, -0.25976562, 1.7214355
9.403229, -0.23822021, 1.7082672
9.417587, -0.2633667, 1.6543884
9.436752, -0.26216125, 1.6771393
9.412811, -0.25976562, 1.5861511
9.416397, -0.28370667, 1.5634155
9.4379425, -0.2956848, 1.529892
9.429565, -0.29808044, 1.5203247
9.422379, -0.29927063, 1.529892
9.393646, -0.3040619, 1.5430603
9.372101, -0.2669525, 1.5131378
9.394852, -0.2633667, 1.5741882
9.391251, -0.26097107, 1.5969391
9.376892, -0.252594, 1.5993195
9.382874, -0.20829773, 1.6292572
9.400833, -0.22625732, 1.6687622
9.417587, -0.25857544, 1.7154388
9.448715, -0.23942566, 1.7393951
9.457092, -0.26934814, 1.7549438
9.424774, -0.29089355, 1.7393951
9.436752, -0.28251648, 1.751358
9.44632, -0.292099, 1.7154388
9.445129, -0.2956848, 1.6699524
9.431961, -0.29447937, 1.6436157
9.433151, -0.28251648, 1.5909424
9.430756, -0.30166626, 1.5682068
9.42598, -0.28370667, 1.5406647
9.39006, -0.27174377, 1.5610199
9.400833, -0.252594, 1.4963837
9.418793, -0.28730774, 1.5023651
9.406815, -0.296875, 1.5646057
9.388855, -0.30047607, 1.4879913
9.384079, -0.29927063, 1.4975739
9.422379, -0.2813263, 1.4688416
9.419983, -0.27293396, 1.4832153
9.40921, -0.2956848, 1.4616547
9.421188, -0.31604004, 1.4520874
9.430756, -0.29328918, 1.5203247
9.42598, -0.28012085, 1.5430603
9.434357, -0.28251648, 1.5215149
9.447525, -0.28970337, 1.6256561
9.455902, -0.30166626, 1.6508026
9.465469, -0.27653503, 1.6699524
9.441528, -0.2669525, 1.7130585
9.429565, -0.28012085, 1.6986847
9.424774, -0.26815796, 1.7286072
9.419983, -0.27174377, 1.6651611
9.3984375, -0.25019836, 1.6436157
9.381683, -0.24061584, 1.5885468
9.386475, -0.23223877, 1.5598297
9.387665, -0.22865295, 1.5119324
9.374496, -0.23342896, 1.493988
9.400833, -0.28012085, 1.5011597
9.412811, -0.27653503, 1.5023651
9.433151, -0.27293396, 1.5191193
9.397247, -0.27893066, 1.5658112
9.445129, -0.27053833, 1.5765839
9.424774, -0.26815796, 1.6053162
9.399643, -0.25737, 1.6711578
9.386475, -0.24420166, 1.6807251
9.384079, -0.25737, 1.656784
9.39006, -0.22265625, 1.6962891
9.400833, -0.23223877, 1.6903076
9.443924, -0.25138855, 1.6651611
9.453506, -0.29447937, 1.648407
9.449921, -0.31723022, 1.6759338
9.42836, -0.2813263, 1.648407
9.406815, -0.27893066, 1.6160889
9.402023, -0.27893066, 1.577774
9.400833, -0.2861023, 1.5753784
9.4379425, -0.292099, 1.5873566
9.392456, -0.28849792, 1.5394745
9.410416, -0.2956848, 1.5514374
9.415192, -0.29089355, 1.5322876
9.473862, -0.28251648, 1.529892
9.440338, -0.28251648, 1.5442657
9.433151, -0.29328918, 1.5741882
9.402023, -0.29089355, 1.5945435
9.430756, -0.26934814, 1.5945435
9.434357, -0.26934814, 1.6148834
9.400833, -0.28251648, 1.6388245
9.399643, -0.28730774, 1.6591797
9.416397, -0.3040619, 1.6519928
9.423584, -0.2813263, 1.6124878
9.442734, -0.29447937, 1.5634155
9.418793, -0.27653503, 1.5897522
9.397247, -0.26934814, 1.6136932
9.454697, -0.23822021, 1.6400299
9.415192, -0.20111084, 1.6938934
9.406815, -0.19273376, 1.7070618
9.412811, -0.20948792, 1.7142487
9.396042, -0.24061584, 1.7058716
9.399643, -0.26576233, 1.624466
9.40802, -0.3327942, 1.577774
9.39006, -0.35794067, 1.5107422
9.396042, -0.42138672, 1.4377136
9.493011, -0.44172668, 1.391037
9.5169525, -0.43693542, 1.3491364
9.495407, -0.37709045, 1.3814545
9.483429, -0.32800293, 1.4173737
9.451111, -0.25498962, 1.5287018
9.39006, -0.1592102, 1.6651611
9.3589325, -0.120910645, 1.7812805
9.355347, -0.14604187, 1.8471222
9.352951, -0.22146606, 1.8878326
9.396042, -0.27653503, 1.9381104
9.42598, -0.29808044, 1.9512787
9.459488, -0.33877563, 1.9321136
9.479843, -0.3651123, 1.8495178
9.50618, -0.33998108, 1.7346039
9.470261, -0.32800293, 1.6927032
9.435547, -0.28730774, 1.5801697
9.416397, -0.2849121, 1.4975739
9.405624, -0.23342896, 1.4688416
9.406815, -0.25378418, 1.4329224
9.386475, -0.25857544, 1.419754
9.400833, -0.2669525, 1.430542
9.412811, -0.24420166, 1.4796143
9.433151, -0.252594, 1.5227051
9.399643, -0.27053833, 1.5394745
9.392456, -0.25976562, 1.6232758
9.414001, -0.22744751, 1.6304474
9.40921, -0.25378418, 1.6364441
9.440338, -0.2813263, 1.6759338
9.460693, -0.292099, 1.6974945
9.453506, -0.29328918, 1.6699524
9.467865, -0.30526733, 1.6615753
9.460693, -0.31124878, 1.5885468
9.440338, -0.30526733, 1.5598297
9.434357, -0.3148346, 1.5418701
9.394852, -0.2861023, 1.454483
9.388855, -0.26216125, 1.4389191
9.3984375, -0.2956848, 1.3682861
9.369705, -0.28012085, 1.3658905
9.381683, -0.26934814, 1.3527222
9.429565, -0.27174377, 1.3634949
9.42717, -0.29089355, 1.4125824
9.421188, -0.30526733, 1.4377136
9.423584, -0.28370667, 1.4604645

