x : y : Z 
0.624, 3.506, 8.191
0.519, 3.209, 7.769
0.222, 2.884, 7.52
0.222, 2.884, 7.52
0.021, 2.893, 7.482
0.021, 2.893, 7.482
0.05, 2.797, 7.53
0.05, 2.797, 7.53
0.059, 2.673, 7.377
-0.037, 2.74, 7.472
-0.037, 2.74, 7.472
0.203, 2.73, 7.97
0.548, 2.941, 8.411
0.844, 2.836, 8.564
0.844, 2.836, 8.564
0.806, 2.596, 7.942
1.103, 2.395, 7.434
1.103, 2.395, 7.434
1.84, 2.242, 7.463
1.84, 2.242, 7.463
2.731, 1.648, 8.028
4.081, 1.265, 8.535
4.081, 1.265, 8.535
4.714, 0.968, 7.817
4.714, 0.968, 7.817
4.043, 1.303, 7.07
2.836, 1.495, 7.961
2.836, 1.495, 7.961
2.262, 1.744, 8.478
2.233, 1.935, 8.219
2.233, 1.935, 8.219
2.224, 1.84, 8.152
2.224, 1.84, 8.152
2.099, 1.878, 8.2
1.984, 1.686, 8.689
1.984, 1.686, 8.689
1.869, 1.667, 9.043
1.429, 1.485, 8.622
1.429, 1.485, 8.622
1.208, 1.485, 8.382
1.314, 1.437, 10.508
1.314, 1.437, 10.508
1.879, 1.169, 8.363
1.879, 1.169, 8.363
1.601, 0.719, 9.206
1.601, 0.719, 9.206
0.931, 1.495, 10.116
1.62, 1.351, 9.953
1.62, 1.351, 9.953
2.338, 0.528, 8.938
2.338, 0.528, 8.938
2.147, 0.853, 8.679
1.544, 1.093, 7.405
1.544, 1.093, 7.405
1.199, 1.6, 6.266
1.199, 1.6, 6.266
0.854, 1.6, 5.902
0.222, 1.907, 5.643
0.222, 1.907, 5.643
-0.275, 2.29, 6.026
-0.629, 2.529, 6.984
-0.629, 2.529, 6.984
-0.84, 2.491, 8.334
-0.84, 2.491, 8.334
-0.946, 1.993, 10.547
-0.946, 1.993, 10.547
-1.453, 1.524, 10.633
-1.453, 1.524, 10.633
-1.683, 1.524, 10.729
-2.267, 1.591, 10.757
-3.005, 2.271, 9.982
-3.005, 2.271, 9.982
-3.704, 2.596, 8.631
-3.704, 2.596, 8.631
-3.809, 2.884, 7.664
-3.809, 2.884, 7.664
-3.474, 3.267, 7.07
-2.535, 3.477, 6.994
-1.798, 3.765, 6.898
-1.798, 3.765, 6.898
-0.629, 3.736, 7.664
-0.629, 3.736, 7.664
0.576, 2.941, 8.315
0.576, 2.941, 8.315
0.797, 3.018, 8.468
0.615, 2.75, 8.037
-0.869, 2.462, 8.047
-2.947, 2.07, 8.564
-2.947, 2.07, 8.564
-3.723, 1.753, 8.306
-3.072, 1.974, 7.769
-3.072, 1.974, 7.769
-2.382, 1.945, 7.099
-2.468, 1.792, 6.16
-2.468, 1.792, 6.16
-2.468, 1.581, 5.768
-2.545, 1.734, 6.055
-2.545, 2.194, 7.156
-2.545, 2.194, 7.156
-3.732, 2.338, 7.415
-3.732, 2.338, 7.415
-4.46, 1.888, 7.156
-4.834, 1.198, 6.572
-4.834, 1.198, 6.572
-5.006, 0.825, 6.208
-4.719, 0.604, 6.036
-4.719, 0.604, 6.036
-4.46, 0.556, 5.452
-4.69, 0.384, 5.03
-4.91, 0.413, 4.341
-4.91, 0.413, 4.341
-5.322, 0.432, 3.124
-5.322, 0.432, 3.124
-5.38, 0.365, 2.981
-5.437, 0.232, 3.392
-5.437, 0.232, 3.392
-5.514, 0.911, 5.461
-6.385, 2.05, 6.208
-7.535, 2.366, 7.788
-8.713, 1.658, 8.593
-8.713, 1.658, 8.593
-9.756, -0.103, 9.091
-9.756, -0.103, 9.091
-11.021, -0.611, 8.43
-10.82, -0.372, 7.396
-11.155, 1.303, 4.599
-11.155, 1.303, 4.599
-9.507, 0.978, 4.168
-9.507, 0.978, 4.168
-8.511, 1.054, 4.092
-8.722, 1.457, 4.369
-8.933, 1.648, 4.427
-8.933, 1.648, 4.427
-9.105, 1.38, 4.072
-9.948, 0.959, 3.728
-9.948, 0.959, 3.728
-10.513, 0.796, 3.527
-10.35, 0.547, 3.345
-9.756, 0.203, 3.402
-9.756, 0.203, 3.402
-9.584, 0.107, 3.019
-9.584, 0.107, 3.019
-9.651, -0.151, 2.789
-9.651, -0.151, 2.789
-9.756, -0.506, 2.531
-9.967, -0.841, 2.416
-9.967, -0.841, 2.416
-10.293, -0.812, 2.942
-10.81, -0.707, 3.776
-10.81, -0.707, 3.776
-11.002, -0.831, 4.638
-10.887, -0.975, 5.107
-10.887, -0.975, 5.107
-10.628, -1.176, 5.365
-10.628, -1.176, 5.365
-10.274, -1.444, 5.068
-10.015, -1.732, 4.475
-9.737, -1.952, 3.814
-9.737, -1.952, 3.814
-9.613, -2.086, 3.268
-9.613, -2.086, 3.268
-9.498, -2.105, 2.741
-9.747, -2.067, 2.636
-10.187, -1.904, 2.55
-10.187, -1.904, 2.55
-10.082, -2.115, 2.492
-10.178, -2.096, 2.435
-10.369, -2.0, 2.502
-10.207, -2.191, 2.425
-10.207, -2.191, 2.425
-9.718, -2.364, 2.396
-9.718, -2.364, 2.396
-9.546, -2.354, 2.396
-9.603, -2.239, 2.234
-9.603, -2.239, 2.234
-10.226, -2.096, 2.004
-10.226, -2.096, 2.004
-10.954, -2.143, 2.052
-10.954, -2.143, 2.052
-11.308, -2.431, 2.033
-11.011, -2.526, 1.707
-11.011, -2.526, 1.707
-10.456, -2.469, 1.353
-10.456, -2.469, 1.353
-10.025, -2.517, 0.989
-10.025, -2.517, 0.989
-9.804, -2.622, 0.692
-10.025, -2.651, 0.309
-10.025, -2.651, 0.309
-10.379, -2.44, 0.376
-10.695, -2.412, 0.653
-10.695, -2.412, 0.653
-11.021, -2.488, 0.72
-11.251, -2.603, 0.931
-11.691, -2.622, 1.439
-11.902, -2.68, 1.716
-11.816, -2.603, 1.822
-11.816, -2.603, 1.822
-11.662, -2.641, 1.851
-11.662, -2.641, 1.851
-11.423, -2.498, 1.879
-11.164, -2.459, 1.707
-11.107, -2.469, 1.63
-10.839, -2.402, 1.372
-10.839, -2.402, 1.372
-10.81, -2.316, 1.324
-10.733, -2.364, 1.065
-10.781, -2.316, 1.094
-10.753, -2.172, 0.835
-10.753, -2.172, 0.835
-10.695, -2.153, 0.644
-10.638, -2.172, 0.51
-10.599, -2.277, 0.433
-10.599, -2.277, 0.433
-10.36, -2.287, 0.452
-10.13, -2.421, 0.443
-10.13, -2.421, 0.443
-9.967, -2.459, 0.366
-9.938, -2.498, 0.318
-10.025, -2.45, 0.328
-10.025, -2.45, 0.328
-10.13, -2.354, 0.357
-10.331, -2.306, 0.28
-10.331, -2.306, 0.28
-10.599, -2.258, 0.222
-10.867, -2.22, 0.108
-10.867, -2.22, 0.108
-10.8, -2.297, 0.155
-10.8, -2.249, 0.27
-10.8, -2.249, 0.27
-10.714, -2.201, 0.27
-10.714, -2.201, 0.27
-10.724, -2.172, 0.127
-10.733, -2.163, 0.06
-10.733, -2.239, 0.021
-10.666, -2.21, -0.017
-10.523, -2.335, -0.122
-10.523, -2.335, -0.122
-10.561, -2.325, -0.218
-10.389, -2.412, -0.266
-10.389, -2.412, -0.266
-10.465, -2.335, -0.228
-10.35, -2.469, -0.39
-10.35, -2.469, -0.39
-10.35, -2.469, -0.467
-10.36, -2.507, -0.572
-10.408, -2.546, -0.534
-10.408, -2.546, -0.534
-10.293, -2.536, -0.563
-10.293, -2.536, -0.563
-10.13, -2.689, -0.841
-10.13, -2.689, -0.841
-10.092, -2.699, -0.965
-10.015, -2.843, -0.908
-9.814, -3.063, -0.879
-9.814, -3.063, -0.879
-9.699, -3.12, -0.86
-9.699, -3.12, -0.86
-9.814, -3.111, -0.649
-9.785, -3.206, -0.601
-9.747, -3.293, -0.486
-9.747, -3.293, -0.486
-9.594, -3.36, -0.505
-9.594, -3.36, -0.505
-9.488, -3.312, -0.544
-9.488, -3.312, -0.544
-9.431, -3.36, -0.448
-9.431, -3.36, -0.448
-9.373, -3.293, -0.592
-9.297, -3.206, -0.572
-9.297, -3.206, -0.572
-9.23, -3.35, -0.592
-9.23, -3.35, -0.592
-9.23, -3.283, -0.611
-9.268, -3.293, -0.611
-9.211, -3.274, -0.505
-9.211, -3.274, -0.505
-9.153, -3.216, -0.553
-9.057, -3.226, -0.62
-9.067, -3.149, -0.582
-9.067, -3.149, -0.582
-9.105, -3.187, -0.62
-9.009, -3.149, -0.697
-9.009, -3.149, -0.697
-8.885, -3.034, -0.821
-8.847, -3.092, -0.869
-8.78, -3.082, -0.994
-8.78, -3.082, -0.994
-8.77, -3.005, -1.051
-8.741, -2.91, -1.109
-8.741, -2.91, -1.109
-8.799, -2.833, -1.137
-8.799, -2.833, -1.137
-8.866, -2.843, -1.023
-8.933, -2.862, -1.003
-8.933, -2.862, -1.003
-9.019, -2.718, -0.927
-9.144, -2.68, -0.869
-9.144, -2.68, -0.869
-9.163, -2.708, -0.888
-9.144, -2.651, -0.984
-9.144, -2.651, -0.984
-9.163, -2.641, -1.013
-9.086, -2.613, -1.013
-9.134, -2.651, -1.003
-9.134, -2.651, -1.003
-9.211, -2.594, -0.975
-9.239, -2.651, -0.917
-9.278, -2.641, -0.936
-9.278, -2.641, -0.936
-9.383, -2.699, -0.869
-9.383, -2.699, -0.869
-9.469, -2.718, -0.879
-9.469, -2.718, -0.879
-9.354, -2.708, -0.812
-9.326, -2.814, -0.869
-9.316, -2.68, -1.003
-9.316, -2.68, -1.003
-9.412, -2.737, -0.869
-9.412, -2.737, -0.869
-9.527, -2.775, -0.869
-9.527, -2.804, -0.783
-9.527, -2.804, -0.783
-9.536, -2.833, -0.687
-9.536, -2.833, -0.687
-9.651, -2.756, -0.515
-9.651, -2.756, -0.515
-9.689, -2.843, -0.486
-9.728, -2.871, -0.39
-9.728, -2.823, -0.4
-9.728, -2.823, -0.4
-9.728, -2.862, -0.333
-9.728, -2.862, -0.333
-9.843, -2.843, -0.371
-9.795, -2.843, -0.438
-9.833, -2.756, -0.41
-9.9, -2.622, -0.458
-9.9, -2.622, -0.458
-9.938, -2.68, -0.381
-9.958, -2.641, -0.218
-9.958, -2.641, -0.218
-9.862, -2.689, -0.209
-9.785, -2.68, -0.141
-9.785, -2.68, -0.141
-9.9, -2.737, -0.276
-9.871, -2.881, -0.371
-9.871, -2.881, -0.371
-10.025, -3.053, -0.477
-10.168, -3.111, -0.62
-10.168, -3.111, -0.62
-10.159, -3.36, -0.735
-10.159, -3.36, -0.735
-10.159, -3.36, -0.735
-10.264, -3.484, -0.716
-10.264, -3.484, -0.716
-10.293, -3.341, -0.477
-10.35, -3.159, -0.199
-10.504, -2.938, -0.141
-10.504, -2.938, -0.141
-10.551, -2.728, -0.017
-10.551, -2.728, -0.017
-10.618, -2.641, -0.007
-10.618, -2.641, -0.007
-10.571, -2.565, -0.017
-10.484, -2.555, -0.151
-10.369, -2.613, -0.189
-10.369, -2.613, -0.189
-10.207, -2.775, -0.304
-10.207, -2.775, -0.304
-10.053, -2.967, -0.41
-9.824, -3.13, -0.601
-9.824, -3.13, -0.601
-9.68, -3.283, -0.63
-9.546, -3.388, -0.726
-9.546, -3.388, -0.726
-9.431, -3.379, -0.668
-9.335, -3.427, -0.62
-9.335, -3.427, -0.62
-9.249, -3.398, -0.477
-9.086, -3.398, -0.429
-9.086, -3.398, -0.429
-9.0, -3.465, -0.371
-8.942, -3.446, -0.314
-8.942, -3.446, -0.314
-8.952, -3.465, -0.218
-8.952, -3.465, -0.218
-8.847, -3.369, -0.103
-8.837, -3.408, -0.065
-8.837, -3.408, -0.065
-8.789, -3.254, 0.012
-8.76, -3.197, 0.117
-8.76, -3.197, 0.117
-8.818, -3.206, 0.165
-8.847, -3.254, 0.337
-8.847, -3.254, 0.337
-8.933, -3.274, 0.299
-9.019, -3.293, 0.385
-9.019, -3.321, 0.357
-9.201, -3.408, 0.203
-9.354, -3.513, 0.069
-9.354, -3.513, 0.069
-9.565, -3.58, -0.074
-9.766, -3.628, 0.05
-9.948, -3.542, 0.184
-10.025, -3.455, 0.261
-10.025, -3.455, 0.261
-10.082, -3.35, 0.491
-10.044, -3.226, 0.539
-10.044, -3.226, 0.539
-10.073, -3.12, 0.577
-10.168, -3.025, 0.558
-10.168, -3.025, 0.558
-10.216, -2.91, 0.606
-10.197, -2.91, 0.644
-10.197, -2.91, 0.644
-10.274, -2.814, 0.625
-10.341, -2.804, 0.462
-10.255, -2.938, 0.318
-10.255, -2.938, 0.318
-10.245, -2.996, 0.222
-10.245, -3.053, 0.194
-10.197, -3.082, 0.031
-10.197, -3.082, 0.031
-10.149, -3.12, -0.113
-10.101, -3.101, -0.151
-10.101, -3.101, -0.151
-10.111, -2.919, -0.122
-10.063, -2.89, -0.074
-10.063, -2.89, -0.074
-10.063, -2.91, 0.031
-10.063, -2.91, 0.031
-10.149, -2.747, 0.069
-10.14, -2.852, 0.175
-10.14, -2.852, 0.175
-10.053, -2.871, 0.165
-10.053, -2.871, 0.165
-9.967, -2.91, 0.136
-9.977, -2.967, 0.155
-9.814, -3.111, 0.117
-9.661, -3.245, 0.203
-9.661, -3.245, 0.203
-9.527, -3.321, 0.27
-9.393, -3.293, 0.309
-9.23, -3.226, 0.414
-9.23, -3.226, 0.414
-9.134, -3.197, 0.424
-9.134, -3.197, 0.424
-9.105, -3.197, 0.567
-9.0, -3.168, 0.586
-9.057, -3.331, 0.577
-9.182, -3.417, 0.596
-9.182, -3.417, 0.596
-9.201, -3.427, 0.663
-9.201, -3.427, 0.663
-9.22, -3.436, 0.586
-9.249, -3.379, 0.606
-9.22, -3.398, 0.567
-9.22, -3.398, 0.567
-9.335, -3.35, 0.548
-9.412, -3.274, 0.548
-9.412, -3.274, 0.548
-9.565, -3.149, 0.481
-9.603, -3.178, 0.586
-9.603, -3.178, 0.586
-9.728, -3.111, 0.682
-9.852, -3.015, 0.768
-9.852, -3.015, 0.768
-9.948, -2.977, 0.74
-9.948, -2.977, 0.74
-9.996, -2.871, 0.864
-10.14, -2.641, 1.075
-10.14, -2.641, 1.075
-10.216, -2.67, 1.18
-10.379, -2.661, 1.238
-10.379, -2.661, 1.238
-10.446, -2.661, 1.171
-10.216, -2.756, 1.008
-10.082, -2.823, 0.797
-10.082, -2.823, 0.797
-9.929, -2.929, 0.625
-9.929, -2.929, 0.625
-9.613, -3.206, 0.596
-9.613, -3.206, 0.596
-9.622, -3.206, 0.577
-9.555, -3.254, 0.73
-9.527, -3.455, 0.692
-9.527, -3.455, 0.692
-9.479, -3.465, 0.586
-9.479, -3.465, 0.586
-9.517, -3.542, 0.548
-9.326, -3.685, 0.395
-9.326, -3.685, 0.395
-9.287, -3.657, 0.376
-9.22, -3.695, 0.385
-9.22, -3.695, 0.385
-9.153, -3.695, 0.443
-9.23, -3.714, 0.366
-9.306, -3.647, 0.414
-9.306, -3.647, 0.414
-9.393, -3.647, 0.452
-9.393, -3.647, 0.452
-9.517, -3.609, 0.433
-9.517, -3.609, 0.433
-9.565, -3.666, 0.376
-9.565, -3.666, 0.376
-9.527, -3.57, 0.318
-9.622, -3.609, 0.29
-9.622, -3.609, 0.29
-9.498, -3.551, 0.309
-9.622, -3.59, 0.232
-9.575, -3.666, 0.194
-9.575, -3.666, 0.194
-9.517, -3.609, 0.261
-9.517, -3.609, 0.261
-9.44, -3.58, 0.155
-9.383, -3.59, 0.194
-9.383, -3.59, 0.194
-9.258, -3.523, 0.088
-9.249, -3.542, 0.127
-9.249, -3.542, 0.127
-9.268, -3.551, 0.108
-9.268, -3.551, 0.108
-9.191, -3.58, 0.184
-9.297, -3.609, 0.136
-9.316, -3.657, 0.127
-9.316, -3.657, 0.127
-9.479, -3.704, 0.146
-9.479, -3.704, 0.146
-9.469, -3.714, 0.136
-9.565, -3.609, 0.021
-9.565, -3.609, 0.021
-9.575, -3.657, -0.113
-9.575, -3.657, -0.113
-9.613, -3.609, -0.074
-9.747, -3.58, -0.18
-9.747, -3.58, -0.18
-9.728, -3.628, -0.17
-9.776, -3.647, -0.218
-9.776, -3.647, -0.218
-9.776, -3.618, -0.132
-9.776, -3.618, -0.132
-9.699, -3.628, -0.065
-9.699, -3.628, -0.065
-9.747, -3.647, 0.031
-9.632, -3.733, 0.117
-9.661, -3.666, 0.251
-9.661, -3.666, 0.251
-9.527, -3.704, 0.222
-9.527, -3.704, 0.222
-9.517, -3.695, 0.251
-9.316, -3.676, 0.261
-9.211, -3.685, 0.28
-9.211, -3.685, 0.28
-9.211, -3.733, 0.232
-9.211, -3.733, 0.232
-9.144, -3.743, 0.242
-9.144, -3.637, 0.127
-9.144, -3.637, 0.127
-9.163, -3.666, 0.213
-9.182, -3.676, 0.175
-9.182, -3.676, 0.175
-9.182, -3.676, 0.108
-9.268, -3.561, 0.05
-9.278, -3.523, 0.012
-9.278, -3.523, 0.012
-9.345, -3.503, -0.027
-9.45, -3.446, 0.05
-9.45, -3.446, 0.05
-9.498, -3.417, -0.036
-9.479, -3.494, 0.079
-9.479, -3.494, 0.079
-9.546, -3.475, 0.069
-9.575, -3.523, -0.055
-9.575, -3.523, -0.055
-9.689, -3.57, -0.046
-9.689, -3.57, -0.046
-9.737, -3.513, -0.094
-9.737, -3.532, -0.113
-9.699, -3.58, -0.036
-9.699, -3.58, -0.036
-9.785, -3.523, 0.012
-9.814, -3.542, 0.127
-9.814, -3.542, 0.127
-9.958, -3.408, 0.165
-9.958, -3.427, 0.357
-9.958, -3.427, 0.357
-10.015, -3.427, 0.261
-10.015, -3.427, 0.261
-10.053, -3.379, 0.222
-10.053, -3.408, 0.194
-10.053, -3.408, 0.194
-10.082, -3.369, 0.031
-10.082, -3.369, 0.031
-10.034, -3.35, 0.031
-10.034, -3.35, 0.031
-10.178, -3.35, -0.017
-10.178, -3.35, -0.017
-10.187, -3.379, -0.007
-10.207, -3.35, 0.04
-10.168, -3.436, -0.084
-10.101, -3.494, -0.161
-10.101, -3.494, -0.161
-10.006, -3.542, -0.247
-10.006, -3.542, -0.247
-9.958, -3.58, -0.141
-9.881, -3.666, -0.132
-9.871, -3.561, -0.17
-9.814, -3.59, -0.055
-9.737, -3.628, -0.046
-9.737, -3.628, -0.046
-9.709, -3.695, 0.04
-9.594, -3.772, -0.017
-9.527, -3.752, -0.074
-9.565, -3.819, -0.189
-9.44, -3.781, 0.002
-9.44, -3.781, 0.002
-9.373, -3.733, -0.027
-9.373, -3.733, -0.027
-9.249, -3.724, 0.012
-9.306, -3.733, -0.036
-9.153, -3.704, -0.036
-9.153, -3.704, -0.036
-9.134, -3.676, -0.084
-9.134, -3.676, -0.084
-9.211, -3.724, -0.228
-9.144, -3.781, -0.266
-9.144, -3.781, -0.266
-9.124, -3.743, -0.381
-9.057, -3.791, -0.448
-9.009, -3.819, -0.582
-9.009, -3.781, -0.678
-8.99, -3.819, -0.659
-8.99, -3.819, -0.659
-9.048, -3.791, -0.659
-9.048, -3.791, -0.659
-8.952, -3.8, -0.639
-9.0, -3.81, -0.678
-9.0, -3.81, -0.678
-8.99, -3.752, -0.649
-8.923, -3.714, -0.563
-8.923, -3.714, -0.563
-8.923, -3.618, -0.496
-8.923, -3.618, -0.496
-9.029, -3.676, -0.467
-9.029, -3.676, -0.467
-9.057, -3.618, -0.314
-9.096, -3.59, -0.333
-9.153, -3.599, -0.228
-9.153, -3.599, -0.228
-9.297, -3.628, -0.276
-9.297, -3.628, -0.276
-9.297, -3.676, -0.247
-9.258, -3.647, -0.323
-9.258, -3.647, -0.323
-9.326, -3.676, -0.419
-9.326, -3.676, -0.419
-9.326, -3.58, -0.39
-9.479, -3.484, -0.39
-9.507, -3.561, -0.534
-9.507, -3.561, -0.534
-9.632, -3.523, -0.687
-9.67, -3.417, -0.716
-9.67, -3.417, -0.716
-9.622, -3.532, -0.831
-9.689, -3.609, -0.898
-9.718, -3.532, -0.841
-9.804, -3.551, -0.812
-9.804, -3.551, -0.812
-9.881, -3.264, -0.774
-9.967, -3.235, -0.716
-9.996, -3.187, -0.668
-10.025, -3.187, -0.601
-9.977, -3.206, -0.582
-9.977, -3.206, -0.582
-9.9, -3.341, -0.62
-9.9, -3.341, -0.62
-9.843, -3.36, -0.63
-9.766, -3.455, -0.707
-9.766, -3.455, -0.707
-9.776, -3.417, -0.678
-9.776, -3.417, -0.678
-9.824, -3.379, -0.754
-9.824, -3.379, -0.754
-9.843, -3.341, -0.726
-9.843, -3.341, -0.726
-9.833, -3.321, -0.735
-9.824, -3.35, -0.86
-9.862, -3.35, -0.85
-9.862, -3.35, -0.85
-9.833, -3.35, -0.879
-9.824, -3.331, -0.908
-9.785, -3.436, -1.118
-9.737, -3.398, -1.042
-9.728, -3.436, -1.07
-9.728, -3.436, -1.07
-9.661, -3.417, -1.061
-9.661, -3.417, -1.061
-9.718, -3.436, -1.08
-9.718, -3.436, -1.205
-9.661, -3.513, -1.147
-9.661, -3.513, -1.147
-9.642, -3.484, -1.272
-9.575, -3.523, -1.339
-9.421, -3.551, -1.491
-9.421, -3.551, -1.491
-9.383, -3.523, -1.414
-9.373, -3.494, -1.367
-9.373, -3.494, -1.367
-9.326, -3.475, -1.31
-9.326, -3.503, -1.252
-9.287, -3.494, -1.147
-9.258, -3.523, -0.984
-9.278, -3.465, -0.908
-9.278, -3.465, -0.908
-9.373, -3.513, -0.812
-9.373, -3.513, -0.812
-9.364, -3.465, -0.716
-9.46, -3.446, -0.821
-9.46, -3.446, -0.821
-9.527, -3.379, -0.908
-9.527, -3.379, -0.908
-9.555, -3.398, -0.984
-9.546, -3.408, -1.042
-9.613, -3.398, -1.051
-9.632, -3.388, -1.032
-9.632, -3.388, -1.032
-9.651, -3.446, -0.994
-9.651, -3.446, -0.994
-9.709, -3.513, -0.984
-9.689, -3.465, -0.946
-9.594, -3.58, -0.908
-9.594, -3.58, -0.908
-9.536, -3.551, -0.927
-9.536, -3.551, -0.927
-9.354, -3.523, -0.956
-9.354, -3.523, -0.956
-9.306, -3.542, -0.869
-9.364, -3.551, -0.898
-9.364, -3.57, -0.888
-9.364, -3.57, -0.888
-9.469, -3.523, -0.888
-9.44, -3.561, -0.879
-9.44, -3.561, -0.879
-9.421, -3.503, -0.85
-9.326, -3.532, -0.898
-9.326, -3.532, -0.898
-9.316, -3.475, -0.898
-9.249, -3.484, -0.927
-9.249, -3.484, -0.927
-9.287, -3.427, -0.984
-9.287, -3.427, -0.984
-9.249, -3.436, -0.984
-9.249, -3.436, -0.984
-9.326, -3.379, -1.07
-9.421, -3.417, -1.137
-9.421, -3.417, -1.137
-9.421, -3.36, -1.157
-9.498, -3.341, -1.166
-9.488, -3.293, -1.176
-9.546, -3.293, -1.185
-9.546, -3.293, -1.185
-9.603, -3.245, -1.157
-9.603, -3.245, -1.157
-9.603, -3.312, -1.176
-9.603, -3.312, -1.176
-9.642, -3.274, -1.07
-9.603, -3.379, -1.042
-9.632, -3.302, -1.032
-9.632, -3.302, -1.032
-9.737, -3.283, -0.965
-9.756, -3.235, -1.013
-9.862, -3.274, -1.07
-9.862, -3.274, -1.07
-9.804, -3.321, -1.09
-9.766, -3.321, -1.061
-9.766, -3.321, -1.061
-9.699, -3.35, -1.157
-9.709, -3.302, -1.157
-9.68, -3.369, -1.137
-9.68, -3.369, -1.137
-9.795, -3.293, -1.137
-9.852, -3.274, -1.195
-9.804, -3.36, -1.348
-9.804, -3.283, -1.386
-9.804, -3.283, -1.386
-9.852, -3.312, -1.491
-9.852, -3.312, -1.491
-9.9, -3.302, -1.596
-9.9, -3.302, -1.596
-9.881, -3.35, -1.635
-9.881, -3.35, -1.635
-9.881, -3.321, -1.654
-9.919, -3.408, -1.692
-9.919, -3.408, -1.692
-9.814, -3.494, -1.654
-9.776, -3.513, -1.558
-9.776, -3.513, -1.558
-9.737, -3.532, -1.577
-9.737, -3.532, -1.577
-9.718, -3.446, -1.472
-9.718, -3.446, -1.472
-9.67, -3.436, -1.472
-9.622, -3.427, -1.51
-9.622, -3.427, -1.51
-9.575, -3.513, -1.462
-9.517, -3.523, -1.5
-9.517, -3.513, -1.481
-9.517, -3.513, -1.481
-9.402, -3.503, -1.51
-9.393, -3.542, -1.539
-9.393, -3.542, -1.539
-9.46, -3.503, -1.539
-9.46, -3.503, -1.539
-9.479, -3.465, -1.644
-9.479, -3.465, -1.644
-9.45, -3.551, -1.673
-9.479, -3.484, -1.615
-9.402, -3.398, -1.711
-9.402, -3.398, -1.711
-9.316, -3.446, -1.567
-9.316, -3.446, -1.567
-9.316, -3.513, -1.567
-9.316, -3.513, -1.567
-9.316, -3.455, -1.481
-9.383, -3.455, -1.51
-9.402, -3.446, -1.52
-9.431, -3.455, -1.587
-9.421, -3.398, -1.548
-9.421, -3.398, -1.548
-9.354, -3.388, -1.424
-9.364, -3.283, -1.395
-9.364, -3.283, -1.395
-9.364, -3.417, -1.386
-9.335, -3.388, -1.262
-9.412, -3.369, -1.185
-9.412, -3.369, -1.185
-9.45, -3.331, -1.195
-9.575, -3.274, -1.243
-9.575, -3.274, -1.243
-9.575, -3.274, -1.291
-9.575, -3.274, -1.291
-9.536, -3.245, -1.339
-9.613, -3.159, -1.424
-9.613, -3.159, -1.424
-9.613, -3.226, -1.51
-9.613, -3.226, -1.51
-9.661, -3.197, -1.615
-9.661, -3.197, -1.615
-9.756, -3.13, -1.52
-9.756, -3.025, -1.5
-9.795, -2.948, -1.424
-9.795, -2.948, -1.424
-9.756, -3.053, -1.377
-9.785, -3.12, -1.329
-9.785, -3.12, -1.329
-9.766, -3.178, -1.319
-9.699, -3.178, -1.243
-9.709, -3.12, -1.176
-9.709, -3.12, -1.176
-9.709, -3.082, -1.08
-9.718, -3.111, -1.109
-9.632, -3.12, -1.128
-9.68, -3.072, -1.118
-9.68, -3.072, -1.118
-9.584, -3.101, -1.157
-9.584, -3.101, -1.157
-9.594, -3.149, -1.166
-9.584, -3.245, -1.185
-9.584, -3.187, -1.224
-9.584, -3.187, -1.224
-9.565, -3.197, -1.157
-9.565, -3.149, -1.128
-9.565, -3.149, -1.128
-9.651, -3.092, -1.08
-9.718, -3.101, -0.956
-9.718, -3.101, -0.956
-9.785, -3.111, -0.946
-9.804, -3.149, -0.984
-9.776, -3.101, -0.879
-9.776, -3.101, -0.879
-9.728, -3.149, -0.821
-9.737, -3.092, -0.888
-9.737, -3.092, -0.888
-9.642, -3.168, -0.812
-9.67, -3.149, -0.86
-9.67, -3.149, -0.86
-9.824, -3.149, -0.869
-9.824, -3.149, -0.869
-9.871, -2.967, -0.888
-9.929, -2.881, -0.917
-10.034, -2.881, -1.061
-10.034, -2.881, -1.061
-9.996, -2.929, -1.185
-9.996, -2.929, -1.185
-9.996, -2.89, -1.137
-10.025, -2.938, -1.214
-10.025, -2.938, -1.214
-9.996, -2.938, -1.243
-9.996, -2.938, -1.243
-9.977, -3.005, -1.262
-9.871, -3.044, -1.405
-9.871, -3.044, -1.405
-9.833, -3.082, -1.358
-9.814, -3.082, -1.348
-9.814, -3.082, -1.348
-9.728, -3.197, -1.3
-9.594, -3.206, -1.252
-9.594, -3.206, -1.252
-9.68, -3.159, -1.166
-9.661, -3.178, -1.185
-9.536, -3.159, -1.157
-9.536, -3.159, -1.157
-9.555, -3.187, -1.243
-9.555, -3.187, -1.243
-9.584, -3.13, -1.339
-9.584, -3.206, -1.339
-9.728, -3.178, -1.367
-9.728, -3.178, -1.367
-9.766, -3.101, -1.348
-9.766, -3.101, -1.348
-9.728, -3.111, -1.367
-9.737, -3.111, -1.31
-9.776, -3.178, -1.3
-9.728, -3.159, -1.3
-9.728, -3.159, -1.3
-9.718, -3.12, -1.214
-9.718, -3.12, -1.214
-9.804, -3.178, -1.099
-9.862, -3.149, -1.032
-9.843, -3.159, -0.956
-9.919, -3.197, -0.956
-9.919, -3.197, -0.956
-9.958, -3.159, -0.802
-9.958, -3.159, -0.802
-9.938, -3.206, -0.879
-9.862, -3.274, -0.898
-9.862, -3.274, -0.898
-9.871, -3.206, -0.86
-9.948, -3.149, -0.936
-9.948, -3.149, -0.936
-9.967, -3.063, -0.927
-9.986, -3.034, -0.917
-9.986, -3.034, -0.917
-10.015, -3.044, -1.042
-10.015, -3.12, -1.042
-10.015, -3.12, -1.042
-9.948, -3.101, -1.07
-9.833, -3.187, -1.147
-9.833, -3.187, -1.147
-9.728, -3.245, -1.176
-9.565, -3.312, -1.214
-9.565, -3.312, -1.214
-9.498, -3.417, -1.185
-9.421, -3.36, -1.118
-9.421, -3.36, -1.118
-9.45, -3.341, -1.061
-9.431, -3.417, -1.013
-9.393, -3.35, -0.975
-9.393, -3.35, -0.975
-9.402, -3.446, -0.965
-9.469, -3.36, -0.965
-9.469, -3.36, -0.965
-9.584, -3.302, -0.917
-9.651, -3.321, -1.023
-9.814, -3.149, -1.042
-9.766, -3.178, -1.061
-9.766, -3.178, -1.061
-9.804, -3.178, -1.032
-9.68, -3.312, -1.042
-9.737, -3.254, -0.879
-9.737, -3.254, -0.879
-9.622, -3.331, -0.908
-9.622, -3.321, -0.85
-9.622, -3.321, -0.85
-9.594, -3.341, -0.831
-9.575, -3.283, -0.774
-9.555, -3.274, -0.735
-9.383, -3.331, -0.687
-9.383, -3.331, -0.687
-9.431, -3.321, -0.678
-9.431, -3.321, -0.678
-9.354, -3.36, -0.735
-9.345, -3.254, -0.697
-9.345, -3.235, -0.668
-9.345, -3.235, -0.668
-9.383, -3.139, -0.63
-9.402, -3.13, -0.639
-9.402, -3.13, -0.639
-9.431, -3.197, -0.745
-9.412, -3.264, -0.793
-9.412, -3.264, -0.793
-9.498, -3.168, -0.774
-9.498, -3.168, -0.774
-9.498, -3.111, -0.831
-9.469, -3.13, -0.802
-9.469, -3.13, -0.802
-9.575, -3.082, -0.783
-9.613, -3.034, -0.802
-9.613, -3.034, -0.802
-9.632, -3.072, -0.735
-9.622, -3.082, -0.764
-9.594, -3.101, -0.754
-9.613, -3.063, -0.831
-9.594, -3.082, -0.927
-9.594, -3.082, -0.927
-9.642, -3.053, -0.975
-9.67, -3.063, -1.013
-9.527, -3.206, -1.051
-9.527, -3.206, -1.051
-9.517, -3.254, -1.023
-9.421, -3.293, -1.032
-9.421, -3.293, -1.032
-9.46, -3.465, -0.956
-9.546, -3.436, -0.774
-9.546, -3.436, -0.774
-9.555, -3.427, -0.774
-9.642, -3.408, -0.726
-9.68, -3.446, -0.659
-9.68, -3.446, -0.659
-9.776, -3.369, -0.62
-9.871, -3.302, -0.687
-9.871, -3.302, -0.687
-9.967, -3.168, -0.707
-10.082, -3.12, -0.764
-10.006, -3.101, -0.793
-10.006, -3.101, -0.793
-9.929, -3.264, -0.783
-9.728, -3.408, -0.735
-9.689, -3.436, -0.85
-9.689, -3.436, -0.85
-9.536, -3.503, -0.707
-9.536, -3.503, -0.707
-9.565, -3.523, -0.716
-9.46, -3.475, -0.649
-9.44, -3.465, -0.687
-9.469, -3.494, -0.735
-9.469, -3.494, -0.735
-9.517, -3.513, -0.831
-9.46, -3.388, -0.956
-9.479, -3.446, -1.013
-9.469, -3.379, -1.013
-9.594, -3.35, -1.032
-9.594, -3.35, -1.032
-9.575, -3.302, -0.898
-9.575, -3.302, -0.898
-9.661, -3.274, -0.879
-9.661, -3.274, -0.879
-9.756, -3.254, -0.927
-9.766, -3.274, -0.879
-9.766, -3.274, -0.879
-9.833, -3.235, -0.812
-9.891, -3.216, -0.707
-9.891, -3.216, -0.707
-9.948, -3.159, -0.754
-10.082, -3.072, -0.764
-10.082, -3.072, -0.764
-10.14, -2.957, -0.707
-10.14, -2.957, -0.707
-10.092, -3.053, -0.726
-10.168, -2.996, -0.754
-10.092, -3.111, -0.716
-10.053, -3.053, -0.821
-10.053, -3.053, -0.821
-10.101, -2.996, -0.793
-10.101, -2.996, -0.793
-10.101, -3.025, -0.764
-10.101, -3.025, -0.764
-10.092, -3.044, -0.764
-10.034, -3.139, -0.697
-9.986, -3.159, -0.659
-9.986, -3.159, -0.659
-9.862, -3.226, -0.668
-9.862, -3.226, -0.668
-9.824, -3.36, -0.793
-9.824, -3.36, -0.793
-9.718, -3.417, -0.783
-9.709, -3.455, -0.812
-9.642, -3.561, -0.793
-9.642, -3.561, -0.793
-9.661, -3.58, -0.783
-9.622, -3.618, -0.841
-9.642, -3.657, -0.821
-9.642, -3.657, -0.821
-9.68, -3.609, -0.745
-9.642, -3.637, -0.687
-9.642, -3.637, -0.687
-9.555, -3.666, -0.582
-9.632, -3.657, -0.525
-9.536, -3.637, -0.534
-9.536, -3.637, -0.534
-9.527, -3.695, -0.544
-9.527, -3.695, -0.544
-9.46, -3.762, -0.668
-9.44, -3.676, -0.592
-9.393, -3.752, -0.601
-9.393, -3.752, -0.601
-9.354, -3.695, -0.601
-9.354, -3.695, -0.601
-9.287, -3.647, -0.611
-9.297, -3.666, -0.659
-9.345, -3.676, -0.726
-9.345, -3.676, -0.726
-9.306, -3.666, -0.649
-9.316, -3.647, -0.639
-9.211, -3.647, -0.639
-9.211, -3.647, -0.639
-9.163, -3.714, -0.716
-9.163, -3.714, -0.716
-9.22, -3.752, -0.754
-9.22, -3.752, -0.754
-9.172, -3.657, -0.687
-9.239, -3.724, -0.687
-9.306, -3.628, -0.639
-9.306, -3.628, -0.639
-9.335, -3.657, -0.563
-9.383, -3.647, -0.544
-9.412, -3.637, -0.458
-9.412, -3.59, -0.429
-9.412, -3.59, -0.429
-9.44, -3.551, -0.285
-9.469, -3.532, -0.362
-9.527, -3.465, -0.381
-9.527, -3.465, -0.381
-9.584, -3.542, -0.419
-9.584, -3.542, -0.419
-9.699, -3.523, -0.333
-9.709, -3.455, -0.438
-9.709, -3.513, -0.505
-9.728, -3.542, -0.515
-9.728, -3.542, -0.515
-9.613, -3.609, -0.697
-9.613, -3.609, -0.697
-9.488, -3.676, -0.726
-9.479, -3.647, -0.716
-9.536, -3.609, -0.668
-9.632, -3.542, -0.544
-9.632, -3.542, -0.544
-9.862, -3.417, -0.209
-9.862, -3.293, -0.094
-9.871, -3.293, -0.094
-9.871, -3.293, -0.094
-9.881, -3.216, -0.007
-9.881, -3.216, -0.007
-9.804, -3.293, -0.036
-9.804, -3.293, -0.036
-9.804, -3.417, -0.113
-9.814, -3.274, -0.237
-9.852, -3.245, -0.314
-9.852, -3.245, -0.314
-9.833, -3.178, -0.429
-9.795, -3.341, -0.515
-9.795, -3.341, -0.515
-9.737, -3.379, -0.601
-9.737, -3.379, -0.601
-9.68, -3.475, -0.668
-9.699, -3.523, -0.649
-9.699, -3.523, -0.649
-9.728, -3.551, -0.601
-9.881, -3.513, -0.62
-9.881, -3.513, -0.62
-9.977, -3.398, -0.534
-9.977, -3.398, -0.534
-10.053, -3.235, -0.39
-10.13, -3.274, -0.41
-10.13, -3.274, -0.41
-10.025, -3.321, -0.525
-10.025, -3.321, -0.525
-10.082, -3.283, -0.486
-10.063, -3.264, -0.525
-10.034, -3.398, -0.4
-10.025, -3.35, -0.486
-10.025, -3.35, -0.486
-9.843, -3.465, -0.304
-9.843, -3.465, -0.304
-9.785, -3.475, -0.371
-9.613, -3.561, -0.352
-9.642, -3.57, -0.352
-9.642, -3.57, -0.352
-9.613, -3.561, -0.323
-9.555, -3.465, -0.247
-9.594, -3.408, -0.266
-9.575, -3.388, -0.304
-9.651, -3.321, -0.381
-9.651, -3.321, -0.381
-9.642, -3.235, -0.438
-9.68, -3.206, -0.438
-9.728, -3.197, -0.467
-9.728, -3.197, -0.467
-9.737, -3.264, -0.515
-9.737, -3.264, -0.515
-9.632, -3.408, -0.362
-9.517, -3.475, -0.285
-9.488, -3.494, -0.314
-9.46, -3.475, -0.429
-9.46, -3.475, -0.429
-9.412, -3.494, -0.381
-9.517, -3.369, -0.247
-9.517, -3.369, -0.247
-9.776, -3.159, -0.18
-10.14, -2.852, -0.113
-10.293, -2.68, 0.184
-10.465, -2.507, 0.385
-10.465, -2.507, 0.385
-10.523, -2.354, 0.682
-10.609, -2.335, 0.835
-10.551, -2.325, 0.701
-10.551, -2.325, 0.701
-10.293, -2.412, 0.644
-9.938, -2.622, 0.74
-9.938, -2.622, 0.74
-9.469, -2.584, 0.673
-9.469, -2.584, 0.673
-9.335, -2.517, 0.692
-9.527, -2.373, 0.701
-9.527, -2.373, 0.701
-9.632, -2.412, 0.835
-10.14, -2.143, 0.874
-10.14, -2.143, 0.874
-10.36, -1.866, 0.883
-10.331, -1.847, 0.826
-10.331, -1.54, 1.037
-10.331, -1.54, 1.037
-10.398, -1.291, 1.41
-10.341, -1.291, 1.535
-10.341, -1.291, 1.535
-10.35, -1.406, 1.477
-10.14, -1.645, 1.209
-9.986, -1.712, 1.008
-9.986, -1.712, 1.008
-9.728, -1.645, 0.893
-9.728, -1.645, 0.893
-9.354, -1.827, 0.95
-9.191, -1.847, 1.161
-9.096, -1.808, 1.324
-9.134, -1.76, 1.697
-9.134, -1.76, 1.697
-9.335, -1.77, 2.157
-9.335, -1.77, 2.157
-9.642, -1.655, 2.617
-9.642, -1.655, 2.617
-9.996, -1.339, 2.904
-10.034, -1.301, 3.009
-10.034, -1.301, 3.009
-9.804, -1.339, 3.143
-9.622, -1.368, 3.0
-9.622, -1.368, 3.0
-9.469, -1.214, 3.038
-9.268, -1.349, 2.799
-9.144, -1.358, 2.617
-9.144, -1.358, 2.617
-9.038, -1.31, 2.511
-9.038, -1.31, 2.511
-8.875, -1.234, 2.588
-8.904, -1.09, 2.645
-8.923, -1.138, 2.78
-8.923, -1.138, 2.78
-8.904, -1.099, 2.732
-8.904, -1.099, 2.732
-8.875, -1.08, 2.722
-8.923, -0.898, 3.0
-8.923, -0.898, 3.0
-9.124, -0.793, 3.048
-9.124, -0.793, 3.048
-9.153, -0.85, 3.048
-9.096, -0.879, 3.0
-9.096, -0.879, 3.0
-8.885, -0.803, 2.837
-8.741, -0.755, 2.636
-8.559, -0.803, 2.454
-8.483, -0.822, 2.32
-8.818, -0.879, 2.339
-8.818, -0.879, 2.339
-9.182, -0.831, 2.617
-9.479, -0.774, 2.962
-9.479, -0.774, 2.962
-9.642, -0.745, 3.316
-9.68, -0.86, 3.498
-9.68, -0.86, 3.498
-9.709, -0.831, 3.527
-9.622, -0.831, 3.421
-9.546, -0.918, 3.402
-9.546, -0.918, 3.402
-9.555, -0.879, 3.392
-9.555, -0.879, 3.392
-9.68, -0.879, 3.392
-9.622, -0.85, 3.306
-9.536, -0.918, 3.345
-9.527, -0.85, 3.268
-9.527, -0.85, 3.268
-9.527, -0.898, 3.153
-9.536, -0.879, 3.115
-9.536, -0.879, 3.115
-9.507, -0.927, 3.038
-9.565, -0.898, 2.99
-9.517, -0.85, 3.096
-9.517, -0.85, 3.096
-9.488, -0.774, 3.019
-9.488, -0.774, 3.019
-9.565, -0.783, 3.009
-9.613, -0.774, 3.048
-9.565, -0.764, 2.99
-9.536, -0.803, 2.962
-9.536, -0.803, 2.962
-9.421, -0.87, 3.0
-9.421, -0.87, 3.0
-9.44, -0.793, 2.914
-9.23, -0.85, 2.875
-9.23, -0.85, 2.875
-9.144, -0.841, 2.962
-9.144, -0.841, 2.962
-9.182, -0.783, 2.866
-9.182, -0.783, 2.866
-9.201, -0.841, 2.942
-9.316, -0.85, 3.029
-9.383, -0.764, 3.191
-9.383, -0.764, 3.191
-9.326, -0.764, 3.249
-9.326, -0.764, 3.249
-9.249, -0.764, 3.23
-9.249, -0.764, 3.23
-9.249, -0.831, 3.105
-9.239, -0.793, 3.211
-9.163, -0.803, 3.278
-9.163, -0.803, 3.278
-9.201, -0.831, 3.163
-9.23, -0.793, 3.191
-9.23, -0.793, 3.191
-9.326, -0.85, 3.201
-9.46, -0.774, 3.287
-9.46, -0.726, 3.278
-9.527, -0.736, 3.22
-9.527, -0.736, 3.22
-9.536, -0.764, 3.124
-9.565, -0.764, 3.134
-9.45, -0.822, 3.143
-9.45, -0.822, 3.143
-9.46, -0.783, 3.057
-9.364, -0.87, 3.105
-9.364, -0.87, 3.105
-9.354, -0.889, 3.172
-9.326, -0.87, 3.325
-9.326, -0.87, 3.325
-9.268, -0.889, 3.354
-9.364, -0.946, 3.354
-9.364, -0.946, 3.354
-9.306, -0.946, 3.364
-9.249, -0.918, 3.345
-9.297, -0.946, 3.143
-9.297, -0.946, 3.143
-9.383, -1.004, 3.076
-9.46, -0.994, 3.057
-9.46, -0.994, 3.057
-9.67, -0.946, 3.019
-9.709, -0.937, 2.962
-9.852, -0.803, 3.009
-9.871, -0.87, 2.962
-9.871, -0.87, 2.962
-9.977, -0.707, 3.105
-10.006, -0.697, 3.22
-10.034, -0.669, 3.134
-10.034, -0.669, 3.134
-10.149, -0.592, 3.182
-10.149, -0.563, 3.22
-10.149, -0.563, 3.22
-10.159, -0.544, 3.258
-10.111, -0.601, 3.201
-10.13, -0.678, 3.038
-10.13, -0.678, 3.038
-10.111, -0.707, 2.894
-10.044, -0.707, 2.971
-10.044, -0.707, 2.971
-10.006, -0.831, 2.741
-9.862, -0.889, 2.655
-9.862, -0.889, 2.655
-9.737, -0.946, 2.531
-9.689, -0.946, 2.492
-9.689, -0.946, 2.492
-9.728, -0.937, 2.329
-9.603, -0.975, 2.396
-9.479, -1.032, 2.406
-9.479, -1.032, 2.406
-9.412, -1.09, 2.339
-9.412, -1.09, 2.339
-9.316, -1.157, 2.349
-9.316, -1.157, 2.349
-9.345, -1.224, 2.253
-9.431, -1.243, 2.435
-9.412, -1.234, 2.483
-9.412, -1.234, 2.483
-9.421, -1.243, 2.511
-9.421, -1.243, 2.511
-9.46, -1.262, 2.435
-9.46, -1.262, 2.435
-9.517, -1.224, 2.416
-9.536, -1.167, 2.492
-9.488, -1.214, 2.387
-9.488, -1.214, 2.387
-9.46, -1.214, 2.358
-9.46, -1.214, 2.358
-9.44, -1.205, 2.377
-9.469, -1.272, 2.243
-9.364, -1.253, 2.224
-9.345, -1.176, 2.147
-9.345, -1.176, 2.147
-9.44, -1.291, 2.205
-9.44, -1.291, 2.205
-9.575, -1.301, 2.147
-9.575, -1.301, 2.147
-9.632, -1.387, 2.176
-9.603, -1.281, 2.176
-9.603, -1.281, 2.176
-9.469, -1.454, 1.946
-9.469, -1.454, 1.946
-9.383, -1.425, 1.898
-9.297, -1.387, 1.822
-9.268, -1.32, 1.946
-9.306, -1.396, 1.87
-9.306, -1.396, 1.87
-9.335, -1.444, 1.812
-9.249, -1.483, 1.669
-9.211, -1.473, 1.63
-9.211, -1.473, 1.63
-9.22, -1.53, 1.496
-9.326, -1.511, 1.525
-9.498, -1.454, 1.678
-9.498, -1.454, 1.678
-9.603, -1.454, 1.602
-9.718, -1.406, 1.64
-9.958, -1.291, 1.592
-9.958, -1.291, 1.592
-10.178, -1.08, 1.525
-10.178, -1.08, 1.525
-10.369, -0.965, 1.439
-10.379, -0.985, 1.295
-10.312, -1.08, 1.228
-10.312, -1.08, 1.228
-10.264, -1.167, 1.113
-10.274, -1.119, 0.998
-10.274, -1.119, 0.998
-10.312, -1.157, 0.989
-10.465, -1.013, 1.257
-10.523, -0.783, 1.64
-10.523, -0.783, 1.64
-10.465, -0.774, 1.851
-10.465, -0.774, 1.851
-10.379, -0.831, 1.937
-10.456, -0.898, 1.86
-10.456, -0.898, 1.86
-10.331, -0.994, 1.764
-10.111, -1.147, 1.467
-10.111, -1.147, 1.467
-10.044, -1.281, 1.056
-10.044, -1.281, 1.056
-9.958, -1.329, 0.883
-9.958, -1.329, 0.883
-9.948, -1.349, 0.874
-10.168, -1.205, 0.931
-10.168, -1.205, 0.931
-10.245, -1.138, 0.979
-10.427, -1.052, 1.084
-10.609, -0.965, 1.199
-10.791, -0.908, 1.276
-10.791, -0.908, 1.276
-10.887, -0.975, 1.286
-10.925, -0.965, 1.314
-10.925, -0.965, 1.314
-10.887, -1.004, 1.228
-10.829, -1.042, 1.257
-10.724, -1.061, 1.161
-10.59, -1.147, 1.123
-10.59, -1.147, 1.123
-10.398, -1.281, 0.95
-10.398, -1.281, 0.95
-10.389, -1.396, 0.845
-10.322, -1.435, 0.902
-10.312, -1.463, 0.788
-10.235, -1.55, 0.768
-10.235, -1.55, 0.768
-10.207, -1.559, 0.826
-10.053, -1.645, 0.855
-10.053, -1.703, 0.797
-10.053, -1.703, 0.797
-9.948, -1.732, 0.788
-9.728, -1.914, 0.807
-9.728, -1.914, 0.807
-9.699, -1.981, 0.73
-9.594, -2.009, 0.768
-9.594, -2.009, 0.768
-9.594, -2.0, 0.902
-9.555, -2.086, 0.941
-9.555, -2.086, 0.941
-9.527, -2.096, 1.008
-9.421, -2.057, 1.008
-9.383, -2.038, 1.084
-9.46, -2.096, 1.142
-9.46, -2.096, 1.142
-9.479, -1.99, 1.171
-9.546, -1.961, 1.075
-9.546, -1.961, 1.075
-9.632, -1.837, 0.969
-9.718, -1.847, 0.979
-9.871, -1.732, 0.883
-9.871, -1.732, 0.883
-9.824, -1.751, 0.74
-9.891, -1.674, 0.596
-9.891, -1.674, 0.596
-9.881, -1.626, 0.5
-9.986, -1.521, 0.404
-10.159, -1.387, 0.539
-10.159, -1.387, 0.539
-10.226, -1.368, 0.539
-10.226, -1.368, 0.539
-10.149, -1.358, 0.567
-10.149, -1.358, 0.567
-10.111, -1.377, 0.577
-10.101, -1.406, 0.673
-10.101, -1.406, 0.673
-10.025, -1.511, 0.673
-9.948, -1.492, 0.74
-9.996, -1.492, 0.778
-9.948, -1.53, 0.749
-9.948, -1.53, 0.749
-9.967, -1.54, 0.778
-9.967, -1.54, 0.778
-9.871, -1.607, 0.797
-9.871, -1.607, 0.797
-9.919, -1.559, 0.807
-9.871, -1.626, 0.912
-9.871, -1.626, 0.912
-9.977, -1.607, 0.893
-10.063, -1.54, 0.941
-10.063, -1.54, 0.941
-10.111, -1.463, 0.902
-10.092, -1.377, 0.845
-10.178, -1.281, 0.74
-10.178, -1.281, 0.74
-10.053, -1.339, 0.586
-10.053, -1.339, 0.586
-10.073, -1.368, 0.539
-10.073, -1.368, 0.539
-10.006, -1.406, 0.395
-9.958, -1.387, 0.366
-10.044, -1.425, 0.395
-10.044, -1.425, 0.395
-10.025, -1.463, 0.366
-10.111, -1.301, 0.414
-10.168, -1.368, 0.433
-10.207, -1.281, 0.376
-10.207, -1.281, 0.376
-10.245, -1.234, 0.443
-10.312, -1.147, 0.548
-10.312, -1.147, 0.548
-10.398, -1.023, 0.615
-10.398, -1.023, 0.615
-10.408, -1.032, 0.692
-10.484, -0.918, 0.673
-10.436, -0.927, 0.692
-10.436, -0.927, 0.692
-10.494, -0.937, 0.73
-10.494, -0.937, 0.73
-10.513, -0.908, 0.788
-10.513, -0.908, 0.788
-10.484, -0.965, 0.663
-10.456, -1.013, 0.663
-10.456, -1.013, 0.663
-10.475, -0.956, 0.548
-10.475, -0.956, 0.548
-10.389, -0.946, 0.462
-10.322, -0.975, 0.414
-10.322, -0.975, 0.414
-10.331, -1.023, 0.337
-10.302, -0.946, 0.357
-10.302, -0.946, 0.357
-10.197, -1.042, 0.29
-10.044, -1.147, 0.309
-10.053, -1.167, 0.424
-10.053, -1.167, 0.424
-10.053, -1.253, 0.357
-10.053, -1.253, 0.357
-9.967, -1.329, 0.376
-9.967, -1.329, 0.376
-9.958, -1.435, 0.539
-10.092, -1.32, 0.673
-10.092, -1.32, 0.673
-10.063, -1.377, 0.692
-10.063, -1.425, 0.711
-10.063, -1.425, 0.711
-10.073, -1.396, 0.634
-10.073, -1.396, 0.634
-10.053, -1.454, 0.615
-10.101, -1.454, 0.519
-10.006, -1.454, 0.539
-10.006, -1.454, 0.539
-10.073, -1.396, 0.452
-9.958, -1.463, 0.452
-9.958, -1.463, 0.452
-9.967, -1.53, 0.471
-9.967, -1.502, 0.634
-9.967, -1.502, 0.634
-9.967, -1.559, 0.519
-9.938, -1.463, 0.577
-9.9, -1.473, 0.51
-9.862, -1.502, 0.424
-9.862, -1.502, 0.424
-9.843, -1.54, 0.347
-9.843, -1.54, 0.347
-9.728, -1.598, 0.385
-9.699, -1.693, 0.261
-9.699, -1.703, 0.242
-9.728, -1.674, 0.318
-9.728, -1.674, 0.318
-9.795, -1.655, 0.29
-9.814, -1.636, 0.29
-9.814, -1.636, 0.29
-9.843, -1.655, 0.328
-9.843, -1.655, 0.328
-9.699, -1.722, 0.328
-9.699, -1.722, 0.328
-9.67, -1.684, 0.385
-9.68, -1.703, 0.404
-9.68, -1.703, 0.404
-9.651, -1.626, 0.519
-9.651, -1.626, 0.519
-9.68, -1.588, 0.443
-9.871, -1.435, 0.577
-9.871, -1.435, 0.577
-9.9, -1.444, 0.653
-9.919, -1.425, 0.653
-10.006, -1.349, 0.72
-10.006, -1.349, 0.72
-10.187, -1.138, 0.663
-10.187, -1.138, 0.663
-10.216, -1.147, 0.634
-10.341, -0.946, 0.701
-10.341, -0.946, 0.701
-10.36, -0.985, 0.682
-10.398, -0.783, 0.788
-10.465, -0.755, 0.902
-10.494, -0.745, 0.893
-10.513, -0.774, 0.855
-10.465, -0.822, 0.788
-10.465, -0.822, 0.788
-10.436, -0.965, 0.778
-10.341, -1.042, 0.644
-10.389, -1.032, 0.644
-10.504, -1.061, 0.586
-10.504, -1.061, 0.586
-10.571, -1.071, 0.682
-10.647, -1.052, 0.596
-10.647, -1.052, 0.596
-10.705, -1.052, 0.682
-10.733, -1.176, 0.701
-10.753, -1.224, 0.682
-10.753, -1.224, 0.682
-10.714, -1.272, 0.701
-10.714, -1.272, 0.701
-10.781, -1.253, 0.682
-10.858, -1.349, 0.73
-10.829, -1.329, 0.797
-10.829, -1.329, 0.797
-10.82, -1.31, 0.816
-10.82, -1.31, 0.816
-10.791, -1.349, 0.826
-10.647, -1.368, 0.835
-10.465, -1.54, 0.749
-10.465, -1.54, 0.749
-10.111, -1.684, 0.653
-10.111, -1.684, 0.653
-9.977, -1.76, 0.682
-9.891, -1.789, 0.586
-9.891, -1.789, 0.586
-9.891, -1.827, 0.5
-9.9, -1.808, 0.586
-9.9, -1.808, 0.586
-9.833, -1.827, 0.519
-9.776, -1.875, 0.452
-9.776, -1.875, 0.452
-9.67, -1.894, 0.395
-9.632, -2.009, 0.261
-9.575, -2.0, 0.27
-9.555, -2.086, 0.213
-9.555, -2.086, 0.213
-9.536, -2.086, 0.136
-9.67, -2.067, 0.251
-9.67, -2.067, 0.251
-9.766, -1.981, 0.414
-9.919, -1.866, 0.481
-9.919, -1.866, 0.481
-10.034, -1.799, 0.615
-10.034, -1.799, 0.615
-10.168, -1.703, 0.72
-10.331, -1.559, 0.788
-10.331, -1.559, 0.788
-10.389, -1.559, 0.797
-10.389, -1.559, 0.797
-10.379, -1.607, 0.855
-10.36, -1.473, 0.788
-10.35, -1.502, 0.653
-10.264, -1.53, 0.673
-10.226, -1.578, 0.615
-10.226, -1.578, 0.615
-10.178, -1.55, 0.529
-10.178, -1.55, 0.529
-10.053, -1.684, 0.481
-9.977, -1.703, 0.366
-9.824, -1.77, 0.337
-9.824, -1.77, 0.337
-9.737, -1.827, 0.337
-9.689, -1.894, 0.347
-9.546, -1.942, 0.471
-9.546, -1.942, 0.471
-9.498, -1.933, 0.539
-9.498, -1.933, 0.539
-9.565, -1.904, 0.586
-9.565, -1.904, 0.586
-9.565, -1.799, 0.644
-9.661, -1.779, 0.711
-9.824, -1.636, 0.711
-9.824, -1.578, 0.788
-9.824, -1.578, 0.788
-9.843, -1.54, 0.807
-9.871, -1.521, 0.845
-9.919, -1.416, 0.816
-9.919, -1.416, 0.816
-10.082, -1.32, 0.931
-10.082, -1.32, 0.931
-10.14, -1.32, 0.883
-10.13, -1.329, 0.874
-10.13, -1.329, 0.874
-10.111, -1.272, 0.883
-10.111, -1.272, 0.883
-10.015, -1.262, 0.922
-9.996, -1.377, 0.816
-9.996, -1.377, 0.816
-9.929, -1.406, 0.835
-9.929, -1.406, 0.835
-10.101, -1.301, 0.893
-10.168, -1.262, 0.969
-10.168, -1.262, 0.969
-10.197, -1.205, 0.969
-10.245, -1.157, 0.96
-10.36, -1.042, 0.941
-10.36, -1.042, 0.941
-10.389, -1.032, 0.922
-10.408, -1.061, 0.922
-10.35, -1.09, 0.835
-10.379, -1.061, 0.874
-10.379, -1.061, 0.874
-10.35, -1.147, 0.788
-10.302, -1.253, 0.826
-10.245, -1.349, 0.749
-10.245, -1.349, 0.749
-10.245, -1.425, 0.835
-10.245, -1.425, 0.835
-10.274, -1.435, 0.826
-10.197, -1.473, 0.941
-10.063, -1.569, 0.931
-9.91, -1.684, 0.893
-9.91, -1.684, 0.893
-9.728, -1.818, 0.941
-9.728, -1.818, 0.941
-9.689, -1.856, 1.017
-9.689, -1.856, 1.017
-9.393, -1.856, 1.104
-9.393, -1.856, 1.104
-9.373, -1.904, 1.19
-9.335, -1.847, 1.228
-9.268, -1.866, 1.151
-9.268, -1.866, 1.151
-9.23, -1.856, 1.132
-9.172, -1.818, 1.161
-9.191, -1.808, 0.96
-9.191, -1.808, 0.96
-9.316, -1.751, 0.979
-9.316, -1.751, 0.979
-9.613, -1.655, 0.845
-9.871, -1.463, 0.845
-10.092, -1.253, 0.749
-10.092, -1.253, 0.749
-10.302, -1.013, 0.711
-10.571, -0.841, 0.615
-10.571, -0.841, 0.615
-10.484, -0.918, 0.529
-10.484, -0.918, 0.529
-10.523, -0.918, 0.51
-10.628, -0.956, 0.452
-10.628, -0.956, 0.452
-10.609, -0.956, 0.491
-10.647, -0.937, 0.615
-10.647, -0.937, 0.615
-10.657, -0.937, 0.749
-10.599, -1.013, 0.845
-10.532, -1.004, 0.931
-10.532, -1.004, 0.931
-10.446, -1.157, 0.969
-10.408, -1.186, 0.989
-10.408, -1.186, 0.989
-10.312, -1.281, 0.95
-10.312, -1.281, 0.95
-10.264, -1.262, 0.95
-10.226, -1.349, 0.931
-10.226, -1.349, 0.931
-10.331, -1.243, 0.969
-10.331, -1.243, 0.969
-10.35, -1.243, 0.902
-10.379, -1.32, 0.835
-10.331, -1.291, 0.797
-10.331, -1.291, 0.797
-10.36, -1.176, 0.883
-10.36, -1.176, 0.883
-10.436, -1.291, 0.759
-10.436, -1.291, 0.759
-10.36, -1.272, 0.893
-10.293, -1.329, 0.855
-10.293, -1.329, 0.855
-10.245, -1.387, 0.95
-10.149, -1.463, 1.008
-10.149, -1.463, 1.008
-10.13, -1.492, 1.017
-10.13, -1.492, 1.017
-10.101, -1.483, 1.065
-10.063, -1.492, 1.094
-10.063, -1.492, 1.094
-10.015, -1.55, 1.046
-9.958, -1.598, 1.056
-9.958, -1.598, 1.056
-10.025, -1.588, 1.008
-9.948, -1.55, 0.931
-9.948, -1.55, 0.931
-9.871, -1.617, 0.893
-9.843, -1.578, 0.893
-9.843, -1.578, 0.893
-9.862, -1.665, 0.845
-9.862, -1.598, 0.845
-9.871, -1.636, 0.749
-9.871, -1.636, 0.749
-9.919, -1.617, 0.74
-9.728, -1.703, 0.701
-9.728, -1.703, 0.701
-9.737, -1.703, 0.634
-9.642, -1.76, 0.644
-9.642, -1.76, 0.644
-9.709, -1.703, 0.673
-9.833, -1.665, 0.73
-9.833, -1.665, 0.73
-9.891, -1.598, 0.759
-9.958, -1.588, 0.816
-9.996, -1.53, 0.979
-9.996, -1.53, 0.979
-9.919, -1.521, 1.027
-10.034, -1.588, 1.037
-10.034, -1.588, 1.037
-9.948, -1.665, 1.084
-9.919, -1.598, 1.017
-9.814, -1.655, 0.998
-9.814, -1.655, 0.998
-9.871, -1.607, 1.037
-9.967, -1.463, 1.017
-9.948, -1.463, 0.96
-9.948, -1.463, 0.96
-9.9, -1.473, 0.969
-9.871, -1.521, 0.883
-9.871, -1.521, 0.883
-9.871, -1.521, 0.883
-9.91, -1.406, 0.893
-10.025, -1.387, 0.788

