x : y : Z 
0.08619126, 3.4955344, 8.111555
-0.6895301, 3.169923, 8.1402855
-0.641646, 2.719813, 8.992621
-0.7661445, 2.3750482, 9.490616
-0.20111294, 2.0207062, 9.433155
0.5650316, 1.8866309, 9.902418
0.89064306, 1.8674773, 9.346964
1.0726024, 1.6280571, 9.950302
2.078167, 1.292869, 10.390836
0.92895025, 1.5610195, 8.082825
0.35434186, 1.0055647, 8.781932
0.90021986, 1.436521, 9.375694
1.685518, 1.3024458, 10.0269165
0.47884035, 0.05746084, 10.553641
-1.6089035, -0.019153614, 9.548077
-1.6759412, 0.78529817, 9.940725
-0.019153614, 2.2697031, 10.390836
0.45968673, 2.4708161, 10.180145
-0.24899697, 2.5474305, 9.414001
-0.6799533, 2.3080103, 9.155427
-0.21068975, 2.1164744, 9.011775
-0.019153614, 1.9728222, 8.887277
-0.34476504, 1.8579005, 8.762778
-0.51714754, 2.078167, 9.155427
-0.32561144, 2.2409728, 9.308656
-0.61291564, 2.27928, 9.509769
-0.6991069, 2.3654714, 9.385271
-0.6991069, 2.6910827, 9.021352
-1.5705963, 2.7581203, 9.260772
-1.8291701, 2.7964275, 8.2169
-1.0342951, 3.4476504, 8.389283
-1.292869, 2.4229321, 9.375694
-0.90979666, 2.5091233, 9.375694
-0.5267244, 2.3175871, 9.136273
-0.5267244, 2.2122424, 8.686164
-0.25857377, 2.3080103, 8.619126
-0.076614454, 2.231396, 9.078813
0.2681506, 2.030283, 9.3661175
0.6607997, 1.8962077, 9.758766
0.5363012, 1.7046716, 9.902418
0.58418524, 1.7717092, 9.835381
0.50757074, 1.9536686, 9.461885
0.33518824, 2.0685902, 9.222465
0.4213795, 2.2601264, 9.241618
0.39264908, 2.0398598, 9.442732
0.34476504, 1.9919758, 9.308656
0.1436521, 1.8674773, 9.615114
0.36391866, 1.8770541, 9.097966
0.31603462, 1.8100165, 9.203311
0.5267244, 1.7717092, 9.203311
0.7374141, 1.2737153, 9.969456
0.93852705, 1.1204864, 10.007763
0.6512229, 1.2354081, 9.940725
0.7757214, 1.4173675, 9.385271
0.17238252, 1.388637, 9.299079
-1.1492168, 0.78529817, 9.461885
-4.960786, 5.535394, 7.2304893
-4.185065, 7.0964136, 6.8091097
-4.76925, 4.9320555, 8.561666
-1.8962077, 2.231396, 14.164097
-0.25857377, -0.48841715, 19.325996
0.1340753, -1.3503298, 15.514427
0.6703765, -1.6759412, 11.21444
1.5035586, -3.4284968, 8.686164
3.1124623, -5.1906295, 4.644751
3.7253778, -5.9280434, 0.5363012
1.8579005, -6.694188, -1.6950948
-0.5267244, -7.326257, -2.2505496
-3.371036, -6.703765, -0.7374141
-6.742072, -6.8569937, 0.91937345
-14.441825, -8.341399, 2.6910827
-17.630901, -8.695741, 3.2369606
-19.086576, -8.916007, 4.261679
-19.086576, -7.785944, 6.3111157
-19.086576, -2.2888567, 9.059659
-19.086576, 0.6512229, 8.810662
-15.887922, -0.89064306, 6.7708025
-7.517793, 2.4708161, 3.1890767
-11.21444, 5.793968, 0.61291564
-18.119318, 6.9527617, 1.436521
-18.47366, 4.9703627, 1.4269443
-15.8304615, 1.8195933, 4.7979803
-14.614207, -1.0726024, 6.83784
-13.589489, -2.384625, 7.5848308
-15.734694, -4.7884035, 6.493075
-13.838486, -5.851429, 6.5696893
-12.363658, -6.3111157, 6.2345014
-11.051635, -6.5218053, 5.1235914
-8.820239, -6.1004257, 4.0701427
-7.517793, -5.765238, 2.8538885
-5.659893, -5.554548, 2.0494366
-3.5817258, -6.205771, 0.2777274
-0.8331822, -6.8282633, -1.3599066
0.7086837, -7.5944076, -2.2218192
0.11492168, -7.9487495, -0.22026655
-2.528277, -7.728483, 2.7389667
-5.899313, -7.2687964, 3.763685
-9.260772, -7.249643, 3.8881836
-11.377247, -7.517793, 3.8402996
-13.158532, -8.0924015, 4.223372
-15.035586, -8.0924015, 5.4683566
-17.142485, -6.8665705, 7.297527
-18.981232, -2.920926, 9.548077
-19.086576, -0.9576807, 8.274361
-14.5759, -1.4652514, 3.1411927
-8.063671, -0.38307226, 2.0015526
-8.647857, 1.1779473, 2.0590134
-11.779472, 3.064578, 2.0111294
-16.041151, 3.4572272, 3.0071173
-17.199945, 1.3503298, 2.767697
-14.12579, -0.7469909, 2.7102363
-13.378799, -2.327164, 4.960786
-14.537593, -3.5338416, 6.042965
-15.820885, -4.8745947, 5.66947
-15.179238, -6.3589997, 6.3781533
-12.765883, -7.441179, 8.159439
-10.486604, -7.575254, 8.829816
-8.446744, -6.933608, 7.2304893
-6.885724, -6.1866174, 5.707777
-5.4300494, -5.631162, 4.759673
-4.405331, -5.889736, 3.2752678
-2.3080103, -6.339846, 0.7661445
-0.29688102, -6.7612257, -1.2066777
-0.095768064, -6.8186865, -0.45968673
-1.4556746, -6.6079965, 2.480393
-3.5242648, -6.4164605, 3.0550013
-5.535394, -6.215348, 2.873042
-7.7572136, -6.397307, 3.8786068
-10.093954, -6.933608, 4.3766007
-11.693281, -7.2304893, 5.056554
-13.263878, -7.3166804, 6.0621185
-15.380352, -6.6654577, 7.5082164
-16.395493, -4.3478703, 8.647857
-16.85518, -1.3024458, 9.720459
-14.796166, -0.78529817, 8.925584
-9.576807, 0.7182605, 6.8091097
-9.950302, 3.2273839, 4.9224787
-13.962984, 4.7500963, 3.8307228
-16.711529, 4.309563, 3.4093432
-15.8783455, 2.1547816, 3.8019924
-13.196839, -0.047884032, 5.48751
-12.689269, -1.6567876, 8.312668
-13.924677, -3.3135753, 9.11712
-14.250289, -4.817134, 8.274361
-13.350069, -5.899313, 7.7189064
-11.856087, -6.493075, 7.383718
-9.787497, -6.397307, 6.7229185
-7.690176, -6.090849, 5.889736
-5.9184666, -6.3206925, 4.1946416
-3.8594532, -6.799533, 0.49799395
-1.7621324, -6.703765, -2.2697031
-1.0055647, -6.397307, -1.5035586
-1.4748282, -6.196194, 0.63206923
-2.633622, -6.033388, 2.1164744
-3.466804, -5.90889, 2.9017725
-4.7500963, -5.9184666, 3.821146
-7.728483, -6.6367273, 4.654328
-10.342952, -7.153875, 4.548983
-11.903971, -7.3071036, 4.2904096
-13.40753, -7.383718, 5.899313
-14.834474, -6.531382, 7.2113357
-15.342045, -4.462792, 7.776367
-15.868769, -2.1930888, 8.7532015
-15.725117, -2.27928, 7.3645644
-11.616667, -2.1260512, 5.4683566
-9.653421, -1.436521, 4.012682
-9.375694, -0.7661445, 1.9153614
-9.260772, -0.47884035, 1.3503298
-9.624691, -0.21068975, 2.72939
-10.927136, 0.11492168, 4.2999864
-12.6222315, -0.32561144, 5.2385135
-13.043611, -1.5131354, 5.1235914
-12.564771, -2.4995465, 4.5777135
-12.181698, -3.4093432, 4.596867
-11.415554, -4.1946416, 4.663905
-10.898406, -4.8458643, 5.1523223
-11.003751, -5.93762, 6.0621185
-11.530476, -6.895301, 7.0485296
-11.87524, -7.019799, 6.4739213
-11.425131, -6.301539, 5.0661306
-10.91756, -6.1004257, 4.10845
-9.9790325, -5.8801594, 3.916914
-8.887277, -5.5641246, 4.060566
-7.9104424, -5.257667, 3.6966474
-6.8282633, -5.00867, 3.2465374
-5.2768207, -5.21936, 2.4420857
-2.9783869, -5.813122, 0.6799533
-0.31603462, -5.315128, -0.7374141
0.47884035, -4.6255975, 0.06703765
-2.1547816, -4.5777135, 2.231396
-5.257667, -4.807557, 3.2465374
-6.291962, -4.960786, 2.7581203
-7.28795, -5.554548, 2.8060043
-9.155427, -6.6175733, 3.6487634
-11.281479, -7.7189064, 4.9799395
-13.599066, -7.9870567, 7.1347213
-16.40507, -5.583278, 11.013328
-19.086576, -4.462792, 11.15698
-17.017986, -4.462792, 5.9663506
-11.60709, -4.462792, 5.48751
-10.965444, -3.1603463, 7.7093296
-10.524911, -1.8674773, 6.033388
-9.289502, -1.6376339, 4.1276035
-7.776367, -0.94810385, 4.156334
-6.6750345, -0.45010993, 4.050989
-5.803545, -0.33518824, 3.8498764
-5.6790466, -0.7278373, 4.3287168
-6.742072, -1.6280571, 5.363012
-9.069236, -2.27928, 6.3589997
-10.419566, -1.4748282, 6.167464
-12.459426, -1.2545617, 6.2345014
-13.283031, -2.7964275, 2.5761611
-10.275913, -2.96881, -2.3175871
-9.346964, -2.8060043, -1.1013328
-9.414001, -2.8443117, 2.8443117
-9.155427, -2.920926, 4.5777135
-9.902418, -3.323152, 5.506664
-11.21444, -3.763685, 4.654328
-11.176133, -4.1371803, 4.098873
-9.615114, -4.3478703, 4.6255975
-8.494628, -4.5394063, 5.161899
-7.565677, -4.5872903, 5.133168
-6.8282633, -4.5394063, 4.721366
-6.1866174, -4.271256, 4.3287168
-5.602432, -3.9360676, 3.7445314
-5.3725886, -3.7062242, 2.5570073
-4.6160207, -3.3423057, 2.0398598
-4.175488, -3.1507695, 1.6184803
-4.759673, -2.873042, 0.9768343
-6.6271505, -3.4955344, 0.89064306
-8.963891, -4.5777135, 1.0151415
-11.118672, -2.384625, 3.5051112
-14.374787, -1.8770541, 3.5817258
-13.694834, -0.23942018, 3.3135753
-13.474567, 0.2777274, 2.231396
-12.354081, 0.05746084, 1.4173675
-11.15698, -0.545878, 2.5953147
-10.04607, -0.89064306, 3.4572272
-9.251195, -1.1492168, 3.7924154
-8.887277, -1.3694834, 4.0318356
-8.322245, -1.5897499, 3.9264908
-8.274361, -1.9153614, 4.0892963
-8.312668, -2.2984335, 3.9935284
-8.00621, -2.633622, 4.405331
-7.4603324, -2.8538885, 4.6160207
-6.7612257, -2.8538885, 5.046977
-6.6079965, -2.8443117, 5.2863975
-6.6846113, -2.777274, 5.21936
-6.7324953, -2.5474305, 4.7405195
-6.7708025, -2.2888567, 4.2904096
-6.9623384, -2.27928, 3.9456444
-7.3549876, -2.2122424, 3.8498764
-7.6231384, -1.9057846, 3.8019924
-8.169016, -1.6089035, 3.5434184
-8.523358, -1.5514427, 2.9113493
-8.331821, -1.436521, 2.384625
-8.437167, -1.436521, 2.4899697
-8.580819, -1.4939818, 3.1603463
-9.059659, -1.532289, 3.074155
-9.653421, -1.5705963, 3.1124623
-10.036493, -1.6280571, 2.882619
-9.634268, -1.5514427, 3.2273839
-9.212888, -1.6663644, 3.41892
-8.983045, -1.6376339, 2.6144683
-9.002198, -1.8387469, 2.528277
-9.691729, -1.7429788, 1.2066777
-9.662998, -2.4612393, 1.6759412
-7.872135, -3.1986535, 4.146757
-7.1347213, -3.9360676, 4.2521024
-7.1155677, -3.9456444, 3.8307228
-7.2209125, -3.4476504, 2.9592333
-7.7667904, -3.2465374, 3.5051112
-8.159439, -3.6966474, 4.1276035
-7.680599, -3.715801, 3.916914
-8.015787, -3.6966474, 3.667917
-8.082825, -3.5434184, 3.7924154
-8.226477, -3.763685, 4.060566
-7.8625584, -3.9552212, 3.9360676
-7.6710224, -4.0222588, 3.4476504
-7.651869, -3.916914, 3.122039
-7.785944, -3.916914, 3.4380736
-8.101978, -3.715801, 3.8594532
-8.121132, -3.6008794, 4.1276035
-7.9583263, -3.7445314, 4.5394063
-7.536947, -3.6583402, 4.501099
-7.192182, -3.4476504, 3.9552212
-7.393295, -3.5051112, 3.2848446
-7.690176, -3.5434184, 3.371036
-7.967903, -3.667917, 3.7349546
-7.9008656, -3.9360676, 4.146757
-7.8050976, -4.1659107, 3.8307228
-7.8529816, -4.146757, 3.3901896
-8.025364, -4.0892963, 3.7062242
-7.8529816, -3.916914, 3.7541082
-7.5848308, -3.8498764, 3.8307228
-7.5561004, -3.8881836, 3.9839516
-7.517793, -3.9743748, 3.715801
-7.431602, -4.098873, 3.763685
-7.374141, -4.0797195, 4.003105
-7.603985, -3.8594532, 3.9264908
-7.9104424, -3.6774938, 3.8115692
-8.063671, -3.5338416, 3.964798
-7.967903, -3.4476504, 4.10845
-7.776367, -3.3806129, 4.1371803
-7.642292, -3.3614593, 4.060566
-7.9008656, -3.5817258, 4.012682
-8.283937, -3.6583402, 4.1371803
-7.881712, -3.5913026, 4.1276035
-7.6710224, -3.620033, 4.4436383
-7.5561004, -3.5625722, 4.7309427
-7.297527, -3.3806129, 4.903325
-7.2592196, -3.1411927, 4.7788267
-6.981492, -2.8443117, 5.0182467
-6.885724, -2.7102363, 5.2863975
-7.1826053, -2.7868507, 5.401319
-7.7667904, -2.7102363, 4.951209
-8.264784, -2.6623523, 4.271256
-8.293514, -2.777274, 4.3861775
-7.8146744, -2.882619, 4.7022123
-7.4986396, -3.0358477, 5.056554
-7.2113357, -2.930503, 5.161899
-7.1634517, -2.7581203, 5.315128
-7.479486, -2.327164, 5.046977
-7.7189064, -2.3750482, 4.912902
-7.517793, -2.4420857, 4.9703627
-7.2687964, -2.4133554, 4.912902
-7.1347213, -2.4612393, 4.9895163
-7.1059904, -2.4133554, 5.1810527
-7.345411, -2.4229321, 5.056554
-7.4603324, -2.2697031, 5.133168
-7.833828, -2.3080103, 4.8458643
-7.7093296, -2.2218192, 4.606444
-7.603985, -2.1260512, 4.4436383
-7.97748, -2.2697031, 4.1659107
-8.063671, -2.3463178, 4.060566
-7.872135, -2.3080103, 4.4723687
-7.6614456, -2.4420857, 4.9703627
-7.4603324, -2.528277, 5.056554
-7.680599, -2.777274, 4.5681367
-7.7189064, -2.6719291, 3.9456444
-7.73806, -2.4708161, 3.8977604
-7.8050976, -2.5378537, 4.185065
-7.8912888, -2.4899697, 4.175488
-7.872135, -2.5953147, 4.7022123
-7.5561004, -2.5378537, 4.817134
-7.5465236, -2.7102363, 4.7979803
-7.5848308, -2.5474305, 4.405331
-8.034941, -2.4516625, 3.9839516
-8.0445175, -2.231396, 3.8881836
-8.207323, -2.0973208, 3.9073372
-8.37013, -2.1068976, 4.1180267
-8.2169, -2.1547816, 4.261679
-8.0924015, -2.0015526, 4.280833
-8.073248, -1.9728222, 4.261679
-8.226477, -2.078167, 4.2042184
-8.350976, -2.135628, 3.8115692
-7.9966335, -2.0494366, 3.620033
-7.747637, -1.9249382, 3.7253778
-7.9487495, -1.9057846, 4.1180267
-8.197746, -1.8387469, 4.146757
-8.197746, -1.7525556, 4.1659107
-8.015787, -1.5801731, 4.185065

