x : y : Z 
3.4177246, -9.291901, 0.3615265
3.3925781, -9.273941, 0.31604004
3.3901825, -9.2643585, 0.35075378
3.3878021, -9.295486, 0.3327942
3.3566742, -9.26796, 0.31843567
3.3423004, -9.2883, 0.31604004
3.4009705, -9.282318, 0.29447937
3.3806152, -9.285904, 0.32321167
3.3710327, -9.281128, 0.30885315
3.375824, -9.270355, 0.33039856
3.3925781, -9.289505, 0.3028717
3.3830109, -9.282318, 0.2669525
3.3937836, -9.293091, 0.27053833
3.3746338, -9.282318, 0.28370667
3.368637, -9.245209, 0.2849121
3.3566742, -9.296692, 0.2861023
3.3470917, -9.299072, 0.25976562
3.375824, -9.289505, 0.22865295
3.3710327, -9.317032, 0.27653503
3.3650513, -9.287109, 0.3076477
3.336319, -9.258377, 0.24061584
3.336319, -9.285904, 0.2633667
3.327942, -9.297882, 0.26934814
3.3578644, -9.306259, 0.25976562
3.3411102, -9.297882, 0.23703003
3.3016052, -9.293091, 0.27053833
3.308792, -9.314636, 0.28251648
3.2956238, -9.296692, 0.2741394
3.2872314, -9.282318, 0.28730774
3.312378, -9.303864, 0.2849121
3.3219604, -9.333801, 0.27053833
3.2597046, -9.343369, 0.2454071
3.250122, -9.331406, 0.27174377
3.248932, -9.318237, 0.30645752
3.2465363, -9.300278, 0.28370667
3.2788544, -9.293091, 0.27174377
3.2429504, -9.297882, 0.31124878
3.2513275, -9.313446, 0.31723022
3.2094269, -9.331406, 0.28849792
3.1926727, -9.31105, 0.28970337
3.2046356, -9.318237, 0.3136444
3.2381592, -9.318237, 0.32081604
3.2201996, -9.308655, 0.30885315
3.2130127, -9.323029, 0.32920837
3.233368, -9.342178, 0.3244171
3.2118225, -9.344574, 0.32920837
3.1795044, -9.3194275, 0.3435669
3.1998444, -9.296692, 0.36392212
3.1998444, -9.3302, 0.36631775
3.1819, -9.3589325, 0.33039856
3.197464, -9.32901, 0.33638
3.210617, -9.352951, 0.33758545
3.1950684, -9.312241, 0.3651123
3.2321777, -9.320633, 0.3722992
3.1830902, -9.334991, 0.36631775
3.162735, -9.324219, 0.34117126
3.197464, -9.343369, 0.34117126
3.1926727, -9.331406, 0.39265442
3.2070312, -9.321823, 0.38905334
3.20224, -9.308655, 0.38426208
3.2130127, -9.300278, 0.40222168
3.1914673, -9.334991, 0.40342712
3.2201996, -9.313446, 0.42855835
3.2321777, -9.332596, 0.37469482
3.1962585, -9.32901, 0.3866577
3.20224, -9.317032, 0.4010315
3.2130127, -9.307465, 0.42736816
3.2166138, -9.317032, 0.41059875
3.2345734, -9.339783, 0.3615265
3.2357635, -9.315842, 0.3938446
3.2465363, -9.318237, 0.3818817
3.2632904, -9.299072, 0.38905334
3.250122, -9.303864, 0.38067627
3.2154083, -9.326614, 0.4010315
3.2549133, -9.325409, 0.40222168
3.2632904, -9.302673, 0.39982605
3.269287, -9.294296, 0.37948608
3.250122, -9.301468, 0.39144897
3.2764587, -9.293091, 0.3866577
3.272873, -9.285904, 0.3902588
3.2980194, -9.284714, 0.37709045
3.3171692, -9.295486, 0.37828064
3.312378, -9.301468, 0.34835815
3.2932281, -9.278732, 0.36871338
3.2776642, -9.293091, 0.36750793
3.3040009, -9.284714, 0.37709045
3.2980194, -9.276337, 0.37709045
3.2908325, -9.296692, 0.3818817
3.308792, -9.287109, 0.3435669
3.336319, -9.314636, 0.38786316
3.3351288, -9.303864, 0.3651123
3.348297, -9.312241, 0.35194397
3.3423004, -9.276337, 0.35913086
3.305191, -9.284714, 0.32321167
3.3339233, -9.2799225, 0.33638
3.320755, -9.271545, 0.3256073
3.3315277, -9.257187, 0.292099
3.3351288, -9.284714, 0.33518982
3.327942, -9.282318, 0.34835815
3.3590698, -9.282318, 0.3040619
3.3327332, -9.287109, 0.30526733
3.3722382, -9.271545, 0.296875
3.36026, -9.2883, 0.30166626
3.351883, -9.284714, 0.30526733
3.3566742, -9.290695, 0.28730774
3.375824, -9.287109, 0.292099
3.367447, -9.293091, 0.27772522
3.3961792, -9.283524, 0.29089355
3.3925781, -9.2883, 0.3076477
3.4009705, -9.303864, 0.2813263
3.399765, -9.299072, 0.2861023
3.3590698, -9.307465, 0.29328918
3.3746338, -9.313446, 0.26455688
3.3901825, -9.287109, 0.30047607
3.3722382, -9.295486, 0.25737
3.3722382, -9.331406, 0.2741394
3.3710327, -9.282318, 0.25737
3.3746338, -9.2799225, 0.21308899
3.3878021, -9.297882, 0.24182129
3.3698425, -9.287109, 0.24061584
3.3435059, -9.278732, 0.25498962
3.3231506, -9.289505, 0.28849792
3.3063965, -9.289505, 0.25138855
3.3435059, -9.294296, 0.24301147
3.3375244, -9.294296, 0.25019836
3.308792, -9.307465, 0.26815796
3.2644958, -9.273941, 0.25378418
3.3016052, -9.261963, 0.29447937
3.2800598, -9.2643585, 0.30526733
3.3027954, -9.306259, 0.3076477
3.265686, -9.307465, 0.3028717
3.2908325, -9.287109, 0.30885315
3.305191, -9.297882, 0.34835815
3.3099823, -9.287109, 0.3543396
3.3411102, -9.285904, 0.35673523
3.2920227, -9.305069, 0.35673523
3.2764587, -9.327805, 0.37348938
3.2800598, -9.317032, 0.35913086
3.2585144, -9.276337, 0.33877563
3.2920227, -9.300278, 0.40940857
3.2800598, -9.31105, 0.36631775
3.2740784, -9.302673, 0.37948608
3.2740784, -9.295486, 0.3902588
3.26091, -9.285904, 0.36271667
3.289627, -9.308655, 0.39982605
3.2561188, -9.277527, 0.40582275
3.2644958, -9.303864, 0.41059875
3.2549133, -9.3194275, 0.37469482
3.3027954, -9.299072, 0.3866577
3.2477417, -9.342178, 0.3902588
3.257309, -9.3194275, 0.39863586
3.2704773, -9.307465, 0.38905334
3.2273865, -9.323029, 0.4189911
3.2680817, -9.305069, 0.42736816
3.2477417, -9.299072, 0.40940857
3.2405548, -9.303864, 0.40701294
3.2118225, -9.301468, 0.38786316
3.2525177, -9.305069, 0.44532776
3.2309723, -9.314636, 0.39505005
3.217804, -9.295486, 0.39743042
3.2405548, -9.300278, 0.37948608
3.2513275, -9.313446, 0.37109375
3.26091, -9.287109, 0.3543396
3.2225952, -9.2643585, 0.39505005
3.2561188, -9.305069, 0.39505005
3.265686, -9.295486, 0.3543396
3.2597046, -9.290695, 0.37469482
3.2525177, -9.290695, 0.36750793
3.289627, -9.301468, 0.36392212
3.3063965, -9.30986, 0.3722992
3.269287, -9.301468, 0.35913086
3.2908325, -9.283524, 0.34117126
3.2956238, -9.296692, 0.32081604
3.2549133, -9.307465, 0.30885315
3.2597046, -9.277527, 0.34596252
3.305191, -9.2799225, 0.32081604
3.3027954, -9.2643585, 0.30047607
3.2752686, -9.276337, 0.292099
3.2824554, -9.317032, 0.3136444
3.2824554, -9.299072, 0.27653503
3.3231506, -9.315842, 0.25498962
3.2992096, -9.314636, 0.26934814
3.3411102, -9.284714, 0.2741394
3.3195648, -9.277527, 0.27174377
3.3267365, -9.300278, 0.26934814
3.3315277, -9.3194275, 0.23342896
3.329132, -9.285904, 0.19631958
3.3554688, -9.253586, 0.22505188
3.305191, -9.2799225, 0.24420166
3.3040009, -9.271545, 0.19631958
3.327942, -9.287109, 0.21069336
3.3040009, -9.266754, 0.19992065
3.3111877, -9.273941, 0.21308899
3.3219604, -9.281128, 0.16281128
3.2980194, -9.281128, 0.20829773
3.3231506, -9.31105, 0.17118835
3.3267365, -9.276337, 0.21427917
3.327942, -9.284714, 0.19992065
3.344696, -9.296692, 0.1663971
3.344696, -9.285904, 0.19273376
3.348297, -9.308655, 0.20469666
3.3506927, -9.290695, 0.22744751
3.3303375, -9.291901, 0.24182129
3.324356, -9.275131, 0.22146606
3.3315277, -9.2883, 0.22265625
3.3327332, -9.277527, 0.27174377
3.329132, -9.283524, 0.252594
3.3003998, -9.323029, 0.28849792
3.351883, -9.313446, 0.25138855
3.3171692, -9.313446, 0.2861023
3.3339233, -9.315842, 0.29808044
3.3530731, -9.332596, 0.29447937
3.336319, -9.323029, 0.26576233
3.3063965, -9.26915, 0.27653503
3.3327332, -9.273941, 0.27653503
3.3195648, -9.281128, 0.3327942
3.305191, -9.296692, 0.31962585
3.289627, -9.263168, 0.31124878
3.2680817, -9.2799225, 0.31004333
3.26091, -9.289505, 0.35554504
3.2908325, -9.296692, 0.31962585
3.3027954, -9.297882, 0.3327942
3.3099823, -9.301468, 0.33039856
3.2992096, -9.297882, 0.3615265
3.2836456, -9.323029, 0.32920837
3.320755, -9.305069, 0.33758545
3.296814, -9.317032, 0.36392212
3.2549133, -9.2883, 0.375885
3.2632904, -9.306259, 0.34117126
3.2716827, -9.300278, 0.36990356
3.2405548, -9.285904, 0.34954834
3.265686, -9.295486, 0.4010315
3.3171692, -9.272736, 0.3866577
3.2597046, -9.2799225, 0.35913086
3.2525177, -9.295486, 0.3818817
3.2561188, -9.291901, 0.3902588
3.2525177, -9.299072, 0.35913086
3.289627, -9.289505, 0.39743042
3.2704773, -9.336197, 0.37948608
3.2740784, -9.333801, 0.39144897
3.2920227, -9.314636, 0.3902588
3.2740784, -9.351746, 0.35673523
3.2704773, -9.345764, 0.40342712
3.2836456, -9.323029, 0.38426208
3.2632904, -9.326614, 0.39505005
3.2597046, -9.314636, 0.37709045
3.226181, -9.276337, 0.42855835
3.2285767, -9.277527, 0.41299438
3.2393494, -9.278732, 0.40701294
3.233368, -9.265564, 0.39144897
3.2549133, -9.248795, 0.42736816
3.245346, -9.254791, 0.41059875
3.2309723, -9.239227, 0.4225769
3.2381592, -9.260773, 0.44293213
3.233368, -9.261963, 0.39982605
3.296814, -9.260773, 0.41659546
3.313568, -9.278732, 0.44293213
3.3339233, -9.291901, 0.43693542
3.351883, -9.271545, 0.44651794
3.3530731, -9.305069, 0.42736816
3.3854065, -9.307465, 0.44172668
3.4033508, -9.325409, 0.43215942
3.4021606, -9.312241, 0.4513092
3.3949738, -9.284714, 0.4584961
3.4129333, -9.293091, 0.44770813
3.415329, -9.277527, 0.44651794
3.4057465, -9.295486, 0.43814087
3.4021606, -9.284714, 0.4524994
3.3901825, -9.2799225, 0.42018127
3.3925781, -9.303864, 0.39863586
3.3806152, -9.281128, 0.36871338
3.3710327, -9.276337, 0.39624023
3.3578644, -9.302673, 0.3866577
3.3698425, -9.313446, 0.37469482
3.3578644, -9.317032, 0.3435669
3.3530731, -9.321823, 0.29927063
3.3878021, -9.345764, 0.28849792
3.3566742, -9.315842, 0.28849792
3.3255463, -9.3302, 0.27893066
3.3339233, -9.338577, 0.25737
3.3327332, -9.323029, 0.252594
3.320755, -9.331406, 0.23942566
3.3159637, -9.350555, 0.21548462
3.2788544, -9.351746, 0.20469666
3.2704773, -9.350555, 0.23103333
3.284851, -9.342178, 0.17477417
3.2525177, -9.343369, 0.21786499
3.2405548, -9.334991, 0.22865295
3.2237854, -9.332596, 0.17956543
3.210617, -9.317032, 0.16400146
3.217804, -9.313446, 0.20111084
3.1878815, -9.3302, 0.19752502
3.1854858, -9.361328, 0.24420166
3.217804, -9.375687, 0.16041565
3.205841, -9.414001, 0.18315125
3.2142181, -9.44632, 0.16879272
3.2130127, -9.42717, 0.19273376
3.1687317, -9.423584, 0.21786499
3.162735, -9.419983, 0.23822021
3.1124573, -9.376892, 0.16758728
3.1160583, -9.363724, 0.16281128
3.1016846, -9.357742, 0.22146606
3.0538025, -9.361328, 0.25138855
3.031067, -9.339783, 0.24182129
3.0119019, -9.360138, 0.26576233
3.0214844, -9.34697, 0.22865295
3.020279, -9.349365, 0.26455688
2.9975433, -9.388855, 0.26815796
3.0645752, -9.386475, 0.28730774
3.04422, -9.386475, 0.30526733
3.0430298, -9.393646, 0.32202148
3.078949, -9.392456, 0.33398438
3.0502167, -9.363724, 0.34117126
3.0430298, -9.376892, 0.3076477
3.059784, -9.364914, 0.36032104
3.0765533, -9.338577, 0.33758545
3.032257, -9.345764, 0.331604
3.0514069, -9.354141, 0.3471527
3.0370483, -9.314636, 0.3866577
3.0178986, -9.297882, 0.4118042
3.0370483, -9.337387, 0.39624023
3.0190887, -9.302673, 0.4237671
2.992752, -9.2883, 0.4010315
2.9879608, -9.284714, 0.42497253
2.9879608, -9.271545, 0.3938446
2.968811, -9.281128, 0.4010315
2.975998, -9.293091, 0.43574524
2.9580383, -9.318237, 0.4524994
2.9736023, -9.303864, 0.41419983
2.9352875, -9.318237, 0.41059875
2.913742, -9.3194275, 0.44651794
2.9975433, -9.325409, 0.43215942
2.9723969, -9.327805, 0.44891357
2.960434, -9.32901, 0.44891357
2.9676056, -9.331406, 0.44293213
2.9472656, -9.327805, 0.47166443
2.9089508, -9.305069, 0.43814087
2.9257202, -9.2883, 0.43693542
2.9185333, -9.244019, 0.45729065
2.8945923, -9.275131, 0.45489502
2.917328, -9.283524, 0.45610046
2.9664154, -9.305069, 0.46087646
2.9747925, -9.302673, 0.48721313
2.975998, -9.339783, 0.5051727
2.9879608, -9.368515, 0.5051727
3.035843, -9.404419, 0.5195465
3.032257, -9.454697, 0.4920044
3.0514069, -9.479843, 0.50756836
3.078949, -9.481033, 0.48362732
3.0526123, -9.4774475, 0.5135498
3.0693665, -9.521744, 0.48960876
3.1160583, -9.50737, 0.5315094
3.0933075, -9.521744, 0.49679565
3.1136627, -9.538498, 0.52911377
3.083725, -9.539703, 0.50756836
3.0825348, -9.481033, 0.5015869
3.0669708, -9.4379425, 0.5171509
3.0585938, -9.415192, 0.54467773
3.0178986, -9.39006, 0.5123596
2.9424744, -9.300278, 0.49560547
2.9412842, -9.258377, 0.50038147
2.9089508, -9.233246, 0.5351105
2.889801, -9.191345, 0.52194214
2.8550873, -9.166199, 0.5279236
2.8646698, -9.203308, 0.5422821
2.857483, -9.2404175, 0.54707336
2.9340973, -9.302673, 0.50038147
2.9700012, -9.388855, 0.5195465
3.0071106, -9.50618, 0.48960876
3.0813446, -9.641449, 0.45968628
3.1076813, -9.7300415, 0.4920044
3.1651306, -9.7743225, 0.4920044
3.1747131, -9.828201, 0.43814087
3.1830902, -9.8138275, 0.4584961
3.1771088, -9.791092, 0.47764587
3.1220398, -9.749191, 0.49320984
3.0418396, -9.691727, 0.5063782
3.0226746, -9.594757, 0.45489502
3.0047302, -9.501389, 0.49919128
3.0107117, -9.434357, 0.51116943
3.0047302, -9.380478, 0.5386963
3.0107117, -9.340973, 0.51116943
2.991562, -9.345764, 0.47644043
2.980774, -9.350555, 0.4920044
3.02388, -9.337387, 0.51594543
3.047821, -9.3302, 0.5207367
3.063385, -9.387665, 0.5482788
3.075348, -9.400833, 0.5530548
3.1244354, -9.439133, 0.57221985
3.1711273, -9.470261, 0.55545044
3.2118225, -9.455902, 0.549469
3.2034454, -9.482239, 0.5638275
3.2237854, -9.461884, 0.6212921
3.2776642, -9.453506, 0.5985565
3.2704773, -9.439133, 0.5817871
3.2872314, -9.424774, 0.57341003
3.296814, -9.352951, 0.58418274
3.2956238, -9.326614, 0.59376526
3.3003998, -9.3302, 0.5925598
3.3315277, -9.291901, 0.57580566
3.320755, -9.31105, 0.54707336
3.3315277, -9.293091, 0.5386963
3.384201, -9.2595825, 0.5386963
3.4093475, -9.296692, 0.52911377
3.4033508, -9.30986, 0.49679565
3.4488525, -9.305069, 0.46087646
3.470398, -9.326614, 0.4524994
3.4907532, -9.312241, 0.39743042
3.5194702, -9.3194275, 0.3651123
3.5218658, -9.338577, 0.37709045
3.5170898, -9.331406, 0.31962585
3.509903, -9.337387, 0.27772522
3.4883575, -9.308655, 0.28970337
3.4907532, -9.317032, 0.2346344
3.485962, -9.299072, 0.19992065
3.4656067, -9.265564, 0.17358398
3.430893, -9.271545, 0.104141235
3.4273071, -9.277527, 0.068237305
3.4332886, -9.2883, 0.0
3.4129333, -9.303864, -0.02633667
3.4320831, -9.334991, -0.07901001
3.4261017, -9.336197, -0.12210083
3.384201, -9.314636, -0.15083313
3.3578644, -9.333801, -0.22146606
3.3710327, -9.354141, -0.2669525
3.3470917, -9.315842, -0.26815796
3.28125, -9.293091, -0.29328918
3.28125, -9.299072, -0.30885315
3.2166138, -9.255981, -0.32321167
3.217804, -9.2883, -0.3244171
3.1567535, -9.25, -0.33518982
3.1328125, -9.25, -0.26934814
3.1483765, -9.307465, -0.3040619
3.126831, -9.306259, -0.27293396
3.0885162, -9.345764, -0.25737
3.1052856, -9.36731, -0.18196106
3.0968933, -9.396042, -0.1771698
3.0933075, -9.40921, -0.1771698
3.047821, -9.40802, -0.116119385
3.0190887, -9.374496, -0.05267334
2.9903564, -9.396042, -0.03112793
2.9903564, -9.386475, -0.010772705
2.999939, -9.357742, 0.07182312
2.977188, -9.363724, 0.08140564
2.960434, -9.36731, 0.10774231
2.952057, -9.384079, 0.15802002
2.9101562, -9.351746, 0.21188354
2.9125519, -9.357742, 0.23822021
2.9161377, -9.404419, 0.27053833
2.9233246, -9.423584, 0.28849792
2.9185333, -9.400833, 0.292099
2.8909912, -9.404419, 0.32681274
2.86586, -9.394852, 0.3818817
2.9125519, -9.3984375, 0.42497253
2.9352875, -9.396042, 0.4297638
2.9017792, -9.404419, 0.4812317
2.8945923, -9.403229, 0.52433777
2.9089508, -9.374496, 0.53749084
2.8778229, -9.380478, 0.5482788
2.8862152, -9.368515, 0.5590515
2.9125519, -9.375687, 0.5710144
2.9304962, -9.369705, 0.6105194
2.9472656, -9.394852, 0.6464386
2.980774, -9.419983, 0.64523315
2.9783936, -9.403229, 0.6775665
3.0035248, -9.421188, 0.6536102
3.0059204, -9.443924, 0.6871338
3.0406342, -9.421188, 0.72065735
3.0573883, -9.39006, 0.7182617
3.063385, -9.370911, 0.73861694
3.0801392, -9.368515, 0.7589569
3.0980988, -9.338577, 0.76734924
3.063385, -9.32901, 0.7577667
3.0980988, -9.315842, 0.80804443
3.094513, -9.337387, 0.7876892
3.1088715, -9.317032, 0.8056488
3.083725, -9.321823, 0.841568
3.087326, -9.285904, 0.8247986
3.1016846, -9.290695, 0.83677673
3.1244354, -9.318237, 0.826004
3.1016846, -9.3194275, 0.79248047
3.1040802, -9.323029, 0.7912903
3.1280212, -9.320633, 0.7948761
3.142395, -9.331406, 0.8307953
3.1651306, -9.308655, 0.7912903
3.1555634, -9.299072, 0.7972717
3.1447906, -9.312241, 0.7876892
3.1854858, -9.331406, 0.7841034
3.1675262, -9.32901, 0.7553711
3.1447906, -9.325409, 0.74339294
3.1687317, -9.321823, 0.7553711
3.1376038, -9.303864, 0.75057983
3.1256256, -9.273941, 0.70628357
3.1328125, -9.317032, 0.7194519
3.1447906, -9.326614, 0.69911194
3.142395, -9.323029, 0.7086792
3.1435852, -9.307465, 0.6787567
3.1340027, -9.308655, 0.65960693
3.1328125, -9.332596, 0.66319275
3.154358, -9.3302, 0.6392517
3.1842957, -9.34697, 0.64523315
3.166336, -9.3194275, 0.6177063
3.162735, -9.325409, 0.55426025
3.210617, -9.342178, 0.5877838
3.1926727, -9.333801, 0.5410919
3.2034454, -9.318237, 0.50398254
3.1926727, -9.333801, 0.4980011
3.2225952, -9.305069, 0.4441223
3.2070312, -9.336197, 0.4908142
3.2465363, -9.315842, 0.44891357
3.229782, -9.302673, 0.36990356
3.2429504, -9.293091, 0.3615265
3.2441406, -9.315842, 0.331604
3.2357635, -9.300278, 0.31124878
3.305191, -9.302673, 0.3028717
3.2860413, -9.305069, 0.26455688
3.3255463, -9.324219, 0.22744751
3.3650513, -9.324219, 0.21786499
3.4009705, -9.297882, 0.15681458
3.4177246, -9.327805, 0.15562439
3.478775, -9.339783, 0.12449646
3.5063019, -9.326614, 0.07661438
3.4739838, -9.305069, -0.02394104
3.4261017, -9.270355, -0.063446045
3.3459015, -9.2595825, -0.089782715
3.3147736, -9.222458, -0.06703186
3.3854065, -9.203308, -0.104141235
3.447647, -9.218872, -0.13526917
3.5158844, -9.227249, -0.20829773
3.59729, -9.222458, -0.23223877
3.6164398, -9.275131, -0.2669525
3.6463623, -9.266754, -0.28849792
3.621231, -9.23204, -0.2741394
3.59729, -9.2248535, -0.28730774
3.6080627, -9.197327, -0.30526733
3.605667, -9.163803, -0.32681274
3.624817, -9.191345, -0.32681274
3.6320038, -9.196121, -0.3040619
3.6188354, -9.198517, -0.27174377
3.5901031, -9.191345, -0.2561798
3.5924988, -9.223663, -0.19154358
3.5781403, -9.23085, -0.123306274
3.5841217, -9.235626, -0.0574646
3.6068573, -9.228455, -0.0059814453
3.609253, -9.254791, 0.029922485
3.5781403, -9.270355, 0.068237305
3.5529938, -9.254791, 0.14485168
3.5314484, -9.266754, 0.19871521
3.526657, -9.26915, 0.23223877
3.5003204, -9.26915, 0.27772522
3.5158844, -9.271545, 0.3040619
3.4596252, -9.26915, 0.32081604
3.4428558, -9.244019, 0.36392212
3.4524384, -9.287109, 0.37469482
3.4620209, -9.284714, 0.37709045
3.4261017, -9.287109, 0.40222168
3.4249115, -9.302673, 0.39743042
3.4332886, -9.343369, 0.45610046
3.4380798, -9.350555, 0.46087646
3.415329, -9.372101, 0.44532776
3.3889923, -9.349365, 0.4441223
3.3782196, -9.356537, 0.46087646
3.3734283, -9.339783, 0.48483276
3.3901825, -9.352951, 0.43814087
3.313568, -9.352951, 0.48602295
3.2752686, -9.30986, 0.49919128
3.2465363, -9.281128, 0.5087738
3.1950684, -9.275131, 0.56622314
3.1890717, -9.26796, 0.5985565
3.2142181, -9.307465, 0.57580566
3.265686, -9.339783, 0.6033325
3.2872314, -9.334991, 0.6081238
3.2632904, -9.336197, 0.6404419
3.2513275, -9.344574, 0.67277527
3.2190094, -9.363724, 0.72424316
3.217804, -9.350555, 0.7003021
3.1830902, -9.362518, 0.7445984
3.1363983, -9.34697, 0.7841034
3.12323, -9.343369, 0.72424316
3.142395, -9.337387, 0.74339294
3.1220398, -9.3194275, 0.7290344
3.1615448, -9.349365, 0.69192505
3.193863, -9.403229, 0.6823425
3.1914673, -9.361328, 0.6572113
3.1830902, -9.3589325, 0.6212921
3.1292267, -9.376892, 0.6500244
3.0813446, -9.3302, 0.6201019
3.0430298, -9.3302, 0.58418274
3.039444, -9.318237, 0.6069336
3.0095062, -9.308655, 0.56503296
2.977188, -9.293091, 0.59495544
2.9783936, -9.282318, 0.5698242
3.032257, -9.301468, 0.55545044
3.0657806, -9.352951, 0.52433777
3.083725, -9.34697, 0.51594543
3.1555634, -9.388855, 0.48960876
3.1376038, -9.39006, 0.47166443
3.138794, -9.397247, 0.48721313
3.087326, -9.364914, 0.49320984
3.0765533, -9.303864, 0.4441223
3.0214844, -9.278732, 0.44651794
2.9747925, -9.282318, 0.45370483
3.0502167, -9.312241, 0.43215942
3.1136627, -9.332596, 0.45729065
3.1435852, -9.356537, 0.43814087
3.178299, -9.360138, 0.42855835
3.2249908, -9.372101, 0.45489502
3.2824554, -9.387665, 0.45968628
3.248932, -9.388855, 0.44770813
3.205841, -9.302673, 0.4225769
3.178299, -9.278732, 0.44891357
3.1890717, -9.266754, 0.43215942
3.233368, -9.247604, 0.45010376
3.2704773, -9.263168, 0.38426208
3.2752686, -9.25, 0.37348938
3.3315277, -9.273941, 0.43215942
3.3494873, -9.295486, 0.43095398
3.3255463, -9.297882, 0.4441223
3.3734283, -9.287109, 0.44172668
3.4117432, -9.282318, 0.41539
3.3901825, -9.287109, 0.4237671
3.408142, -9.289505, 0.4513092
3.4368744, -9.257187, 0.41659546
3.4775848, -9.300278, 0.39144897
3.4739838, -9.289505, 0.37828064
3.5206757, -9.297882, 0.34954834
3.525467, -9.308655, 0.3076477
3.502716, -9.293091, 0.331604
3.4967346, -9.263168, 0.31843567
3.5015259, -9.252396, 0.2956848
3.423706, -9.228455, 0.29808044
3.4584198, -9.203308, 0.32081604
3.4763794, -9.218872, 0.33039856
3.4811707, -9.222458, 0.35075378
3.509903, -9.247604, 0.34835815
3.557785, -9.25119, 0.40222168
3.545807, -9.263168, 0.34117126
3.580536, -9.283524, 0.34117126
3.580536, -9.32901, 0.37709045
3.5877075, -9.2799225, 0.36990356
3.5553894, -9.293091, 0.36631775
3.533844, -9.287109, 0.32681274
3.5434113, -9.246414, 0.34954834
3.564972, -9.228455, 0.28970337
3.5589752, -9.23085, 0.2633667
3.566162, -9.216476, 0.25378418
3.5673676, -9.2200775, 0.23103333
3.5374298, -9.248795, 0.20111084
3.5218658, -9.236832, 0.19154358
3.5110931, -9.2248535, 0.19631958
3.5063019, -9.254791, 0.15083313
3.4991302, -9.235626, 0.1592102
3.4667969, -9.281128, 0.19154358
3.4500427, -9.2883, 0.17837524
3.454834, -9.305069, 0.1771698
3.4823608, -9.327805, 0.123306274
3.4667969, -9.30986, 0.1257019
3.4261017, -9.282318, 0.118515015
3.4177246, -9.263168, 0.14006042
3.3889923, -9.276337, 0.16879272
3.3590698, -9.263168, 0.16400146
3.3411102, -9.258377, 0.17118835
3.320755, -9.261963, 0.19033813
3.3303375, -9.270355, 0.16998291
3.312378, -9.290695, 0.20709229
3.305191, -9.276337, 0.2059021
3.3075867, -9.295486, 0.19392395
3.2585144, -9.289505, 0.26216125
3.2597046, -9.287109, 0.27053833
3.229782, -9.299072, 0.30047607
3.2285767, -9.294296, 0.26097107
3.229782, -9.302673, 0.29089355
3.20224, -9.317032, 0.35075378
3.2249908, -9.30986, 0.35554504
3.250122, -9.333801, 0.3818817
3.2094269, -9.337387, 0.39144897
3.210617, -9.3194275, 0.4010315
3.1890717, -9.30986, 0.44293213
3.162735, -9.331406, 0.47644043
3.1483765, -9.3302, 0.47764587
3.1411896, -9.2883, 0.49320984
3.1639404, -9.289505, 0.5063782
3.1795044, -9.307465, 0.55784607
3.150772, -9.294296, 0.5458832
3.150772, -9.296692, 0.5877838
3.1591492, -9.32901, 0.59495544
3.1603394, -9.3302, 0.63446045
3.157959, -9.345764, 0.6188965
3.1639404, -9.338577, 0.66319275
3.1519623, -9.299072, 0.66200256
3.1483765, -9.305069, 0.6943207
3.1531677, -9.296692, 0.73501587
3.166336, -9.295486, 0.74938965
3.2118225, -9.291901, 0.76734924
3.2237854, -9.290695, 0.786499
3.2381592, -9.295486, 0.7745209
3.2225952, -9.302673, 0.80085754
3.2345734, -9.271545, 0.8271942
3.229782, -9.253586, 0.81881714
3.257309, -9.277527, 0.8092346
3.2621002, -9.272736, 0.7972717
3.2441406, -9.273941, 0.79248047
3.2932281, -9.248795, 0.76734924
3.313568, -9.248795, 0.7661438
3.2908325, -9.284714, 0.76135254
3.2932281, -9.315842, 0.70628357
3.2776642, -9.294296, 0.6979065
3.2537231, -9.325409, 0.6823425
3.2632904, -9.314636, 0.6943207
3.2776642, -9.285904, 0.64164734
3.336319, -9.2799225, 0.62368774
3.3375244, -9.26915, 0.5805969
3.3099823, -9.26915, 0.549469
3.3255463, -9.301468, 0.5195465
3.3506927, -9.287109, 0.47525024
3.3183594, -9.254791, 0.41778564
3.3231506, -9.236832, 0.35913086
3.305191, -9.253586, 0.3531494
3.3267365, -9.25, 0.331604
3.3399048, -9.273941, 0.296875
3.3219604, -9.235626, 0.2669525
3.3339233, -9.272736, 0.19752502
3.3614655, -9.2799225, 0.18554688
3.351883, -9.303864, 0.15441895
3.3854065, -9.273941, 0.106536865
3.4105377, -9.252396, 0.03352356
3.4440613, -9.23204, 0.013168335
3.4320831, -9.2404175, 0.0059814453
3.4165192, -9.260773, 0.022750854
3.4751892, -9.235626, 0.0035858154
3.4644165, -9.222458, -0.04788208
3.470398, -9.263168, -0.03591919
3.4847565, -9.204514, 0.0023956299
3.5075073, -9.200912, 0.011978149
3.5063019, -9.246414, 0.0011901855
3.5063019, -9.247604, -0.011978149
3.5134888, -9.2248535, 0.01675415
3.5170898, -9.2404175, 0.046691895
3.5194702, -9.226059, 0.07661438
3.5446167, -9.257187, 0.096969604
3.5146942, -9.233246, 0.17597961
3.4991302, -9.235626, 0.16879272
3.5051117, -9.248795, 0.17956543
3.525467, -9.244019, 0.1951294
3.5122986, -9.2404175, 0.19752502
3.4823608, -9.25119, 0.18554688
3.4979248, -9.246414, 0.22265625
3.470398, -9.244019, 0.27293396
3.4332886, -9.273941, 0.26455688
3.4249115, -9.272736, 0.32321167
3.4201202, -9.26796, 0.3327942
3.3794098, -9.2799225, 0.30645752
3.4368744, -9.278732, 0.37109375
3.4452515, -9.301468, 0.36750793
3.4045563, -9.31105, 0.35794067
3.4141388, -9.291901, 0.36871338
3.3650513, -9.30986, 0.39863586
3.3183594, -9.3302, 0.40222168
3.3040009, -9.294296, 0.41059875
3.289627, -9.2799225, 0.45010376
3.2860413, -9.289505, 0.42497253
3.3063965, -9.273941, 0.4333496
3.3016052, -9.303864, 0.45489502
3.296814, -9.317032, 0.4692688
3.2537231, -9.308655, 0.4584961
3.2513275, -9.289505, 0.4620819
3.2225952, -9.306259, 0.45968628
3.26091, -9.337387, 0.4632721
3.272873, -9.315842, 0.4620819
3.248932, -9.307465, 0.4524994
3.2201996, -9.294296, 0.4441223
3.1914673, -9.318237, 0.45010376
3.157959, -9.306259, 0.47525024
3.1842957, -9.324219, 0.52194214
3.2130127, -9.318237, 0.5315094
3.1962585, -9.333801, 0.5315094
3.2381592, -9.373306, 0.5410919
3.2561188, -9.34816, 0.5458832
3.2118225, -9.349365, 0.5566559
3.20224, -9.320633, 0.55545044
3.1926727, -9.323029, 0.5746155
3.1651306, -9.294296, 0.5698242
3.1759033, -9.294296, 0.5386963
3.1723175, -9.265564, 0.5506592
3.1759033, -9.284714, 0.5638275
3.2225952, -9.299072, 0.5518646
3.217804, -9.313446, 0.5386963
3.2273865, -9.3194275, 0.5458832
3.2273865, -9.324219, 0.5482788
3.2010498, -9.312241, 0.59495544
3.1962585, -9.326614, 0.61172485
3.2166138, -9.3194275, 0.54348755
3.2201996, -9.313446, 0.5913696
3.2225952, -9.323029, 0.57580566
3.197464, -9.318237, 0.5566559
3.26091, -9.294296, 0.56503296
3.2908325, -9.303864, 0.5638275
3.2740784, -9.290695, 0.6069336
3.2668915, -9.3194275, 0.59495544
3.257309, -9.314636, 0.5626373
3.2621002, -9.299072, 0.5686188
3.2824554, -9.294296, 0.56144714
3.2764587, -9.291901, 0.5602417
3.3063965, -9.290695, 0.549469
3.344696, -9.321823, 0.5303192
3.3494873, -9.327805, 0.50756836
3.3470917, -9.308655, 0.54348755
3.367447, -9.308655, 0.51475525
3.3937836, -9.306259, 0.5087738
3.3734283, -9.314636, 0.5171509
3.3626556, -9.2643585, 0.4632721
3.3662415, -9.305069, 0.3938446
3.351883, -9.278732, 0.41778564
3.3806152, -9.2799225, 0.39144897
3.4045563, -9.26915, 0.33758545
3.406952, -9.26915, 0.34477234
3.4213104, -9.285904, 0.26576233
3.4021606, -9.2799225, 0.21069336
3.4033508, -9.281128, 0.20709229
3.4201202, -9.305069, 0.123306274
3.4093475, -9.297882, 0.099365234
3.391388, -9.289505, 0.0574646
3.4141388, -9.294296, 0.041900635
3.4284973, -9.295486, 0.0035858154
3.446457, -9.261963, -0.020355225
3.4344788, -9.273941, -0.022750854
3.4201202, -9.302673, -0.077804565
3.423706, -9.291901, -0.116119385
3.3746338, -9.281128, -0.080200195
3.3650513, -9.2799225, -0.07901001
3.3650513, -9.2643585, -0.063446045
3.3542786, -9.247604, -0.092178345
3.3351288, -9.273941, -0.06225586
3.3375244, -9.261963, 0.0011901855
3.3219604, -9.265564, 0.03352356
3.3016052, -9.300278, 0.011978149
3.2956238, -9.338577, 0.056259155
3.3016052, -9.30986, 0.10295105
3.2944183, -9.306259, 0.1197052
3.2872314, -9.312241, 0.16160583
3.296814, -9.317032, 0.20829773
3.2764587, -9.303864, 0.23703003
3.2585144, -9.301468, 0.22744751
3.2513275, -9.31105, 0.2669525
3.2680817, -9.293091, 0.34117126
3.3003998, -9.282318, 0.296875
3.284851, -9.307465, 0.34596252
3.2716827, -9.313446, 0.3818817
3.229782, -9.301468, 0.3866577
3.2010498, -9.302673, 0.43455505
3.2130127, -9.326614, 0.41659546
3.2321777, -9.331406, 0.46566772
3.2525177, -9.336197, 0.4584961
3.2094269, -9.34816, 0.45968628
3.1842957, -9.327805, 0.45489502
3.2405548, -9.342178, 0.49919128
3.221405, -9.34697, 0.50756836
3.226181, -9.321823, 0.49440002
3.265686, -9.307465, 0.51834106
3.241745, -9.308655, 0.5279236
3.217804, -9.307465, 0.5458832
3.2249908, -9.3194275, 0.5195465
3.2285767, -9.323029, 0.51834106
3.2237854, -9.291901, 0.5279236
3.2644958, -9.291901, 0.5422821
3.2668915, -9.31105, 0.5638275
3.2549133, -9.31105, 0.5231323
3.2249908, -9.308655, 0.48243713
3.2285767, -9.326614, 0.4908142
3.2357635, -9.318237, 0.4728546
3.221405, -9.307465, 0.48841858
3.2429504, -9.300278, 0.4584961
3.2597046, -9.332596, 0.45610046
3.2704773, -9.354141, 0.43933105
3.2740784, -9.3194275, 0.41659546
3.2537231, -9.307465, 0.43215942
3.2154083, -9.303864, 0.40342712
3.1854858, -9.275131, 0.37109375
3.2142181, -9.275131, 0.35673523
3.2190094, -9.278732, 0.39982605
3.245346, -9.276337, 0.4118042
3.2345734, -9.272736, 0.36631775
3.2537231, -9.277527, 0.3818817
3.2621002, -9.305069, 0.41419983
3.2597046, -9.327805, 0.38067627
3.2980194, -9.334991, 0.37828064
3.3267365, -9.3589325, 0.41419983
3.2776642, -9.336197, 0.3435669
3.3195648, -9.332596, 0.34835815
3.3111877, -9.323029, 0.35194397
3.284851, -9.31105, 0.36392212
3.2776642, -9.295486, 0.40701294
3.2824554, -9.287109, 0.41059875
3.308792, -9.2799225, 0.39624023
3.3183594, -9.289505, 0.38426208
3.3040009, -9.302673, 0.3818817
3.3111877, -9.296692, 0.4297638
3.312378, -9.285904, 0.38786316
3.3351288, -9.300278, 0.33877563
3.329132, -9.2883, 0.33398438
3.3231506, -9.2799225, 0.3531494
3.3183594, -9.31105, 0.34954834
3.3159637, -9.317032, 0.34117126
3.2872314, -9.306259, 0.3076477
3.2800598, -9.307465, 0.36871338
3.3111877, -9.300278, 0.3818817
3.2932281, -9.315842, 0.35554504
3.2980194, -9.287109, 0.35075378
3.2800598, -9.332596, 0.37348938
3.3027954, -9.294296, 0.37109375
3.329132, -9.2799225, 0.37109375
3.3626556, -9.283524, 0.36271667
3.3423004, -9.291901, 0.31962585
3.329132, -9.266754, 0.33039856
3.3530731, -9.2595825, 0.3423767
3.3339233, -9.278732, 0.36631775
3.3710327, -9.241623, 0.33998108
3.3662415, -9.260773, 0.3543396
3.3375244, -9.293091, 0.33758545
3.3411102, -9.308655, 0.32202148
3.3542786, -9.294296, 0.3471527
3.336319, -9.277527, 0.3256073
3.3578644, -9.275131, 0.33998108
3.368637, -9.306259, 0.31843567
3.3470917, -9.300278, 0.36750793
3.3734283, -9.301468, 0.33877563
3.3698425, -9.271545, 0.34835815
3.367447, -9.273941, 0.32800293
3.3387146, -9.271545, 0.2861023
3.3339233, -9.261963, 0.28730774
3.3231506, -9.281128, 0.3136444
3.3387146, -9.270355, 0.32321167
3.336319, -9.296692, 0.2669525
3.327942, -9.297882, 0.29089355
3.3303375, -9.295486, 0.29089355
3.327942, -9.277527, 0.252594
3.2920227, -9.282318, 0.27653503
3.2824554, -9.293091, 0.32321167
3.3171692, -9.277527, 0.31723022
3.313568, -9.2799225, 0.31004333
3.3003998, -9.275131, 0.28370667
3.2920227, -9.277527, 0.29328918
3.2992096, -9.255981, 0.32321167
3.2824554, -9.281128, 0.30885315
3.2585144, -9.291901, 0.2956848
3.2537231, -9.2799225, 0.30645752
3.26091, -9.297882, 0.32202148
3.2752686, -9.295486, 0.26455688
3.2788544, -9.294296, 0.30885315
3.28125, -9.294296, 0.3028717
3.2429504, -9.337387, 0.27293396
3.221405, -9.30986, 0.30526733
3.2668915, -9.289505, 0.28370667
3.2465363, -9.294296, 0.24780273
3.2309723, -9.285904, 0.2741394
3.2321777, -9.315842, 0.27174377
3.2237854, -9.315842, 0.24301147
3.2321777, -9.313446, 0.26934814
3.2357635, -9.313446, 0.28251648
3.2237854, -9.3194275, 0.2561798
3.26091, -9.343369, 0.21786499
3.2190094, -9.315842, 0.28012085
3.2477417, -9.295486, 0.27893066
3.2644958, -9.293091, 0.2861023
3.269287, -9.307465, 0.33998108
3.2788544, -9.313446, 0.3423767
3.2585144, -9.3194275, 0.37469482
3.1962585, -9.291901, 0.38786316
3.2285767, -9.296692, 0.41419983
3.2405548, -9.317032, 0.41419983
3.2273865, -9.338577, 0.46566772
3.2477417, -9.344574, 0.46687317
3.2393494, -9.352951, 0.47883606
3.2381592, -9.320633, 0.44770813
3.2357635, -9.337387, 0.4632721
3.2034454, -9.302673, 0.4692688
3.1699219, -9.296692, 0.4980011
3.1830902, -9.313446, 0.4920044
3.226181, -9.318237, 0.46566772
3.2357635, -9.344574, 0.4584961
3.2046356, -9.320633, 0.4297638
3.2094269, -9.312241, 0.44770813
3.1615448, -9.305069, 0.48362732
3.1771088, -9.265564, 0.44532776
3.2201996, -9.265564, 0.4513092
3.2549133, -9.275131, 0.4584961
3.313568, -9.294296, 0.47644043
3.2561188, -9.290695, 0.46447754
3.3063965, -9.290695, 0.44532776
3.2788544, -9.284714, 0.44651794
3.3003998, -9.307465, 0.45968628
3.327942, -9.314636, 0.44172668
3.3889923, -9.306259, 0.44770813
3.4021606, -9.321823, 0.42736816
3.4189148, -9.369705, 0.42497253
3.4284973, -9.380478, 0.40222168
3.4763794, -9.400833, 0.43814087
3.51828, -9.380478, 0.42497253
3.5374298, -9.382874, 0.38786316
3.530243, -9.378082, 0.37469482
3.5122986, -9.355347, 0.375885
3.4608154, -9.293091, 0.3471527
3.4225159, -9.261963, 0.32321167
3.3578644, -9.217682, 0.3435669
3.329132, -9.222458, 0.3256073
3.3147736, -9.197327, 0.3244171
3.269287, -9.206909, 0.29927063
3.257309, -9.260773, 0.32321167
3.2525177, -9.294296, 0.2861023
3.2585144, -9.291901, 0.24780273
3.28125, -9.351746, 0.24420166
3.2632904, -9.394852, 0.3028717
3.2513275, -9.434357, 0.25737
3.2788544, -9.447525, 0.28251648
3.2585144, -9.464279, 0.31124878
3.2237854, -9.431961, 0.30885315
3.1962585, -9.378082, 0.33039856
3.2285767, -9.364914, 0.35794067
3.1747131, -9.334991, 0.3423767
3.1567535, -9.295486, 0.36871338
3.1399994, -9.277527, 0.40582275
3.1088715, -9.285904, 0.44770813
3.075348, -9.278732, 0.4225769
3.039444, -9.263168, 0.4237671
3.071762, -9.282318, 0.46806335
3.063385, -9.270355, 0.53749084
3.0921173, -9.312241, 0.549469
3.0825348, -9.342178, 0.56503296
3.1124573, -9.364914, 0.56144714
3.147171, -9.360138, 0.5590515
3.1399994, -9.356537, 0.5961609
3.1519623, -9.354141, 0.59376526
3.1567535, -9.323029, 0.61291504
3.1328125, -9.331406, 0.628479
3.1076813, -9.327805, 0.57341003
3.071762, -9.321823, 0.6141052
3.1160583, -9.315842, 0.60214233
3.0897217, -9.318237, 0.57221985
3.1016846, -9.338577, 0.5853882
3.1256256, -9.317032, 0.55545044
3.1352081, -9.34697, 0.57221985
3.1196442, -9.3589325, 0.56144714
3.1495667, -9.369705, 0.533905
3.1830902, -9.343369, 0.5231323
3.1771088, -9.339783, 0.49919128
3.197464, -9.366119, 0.49919128
3.2225952, -9.334991, 0.5135498
3.2166138, -9.324219, 0.45968628
3.2190094, -9.318237, 0.47166443
3.2345734, -9.313446, 0.45010376
3.2585144, -9.303864, 0.44891357
3.2944183, -9.281128, 0.40582275
3.3063965, -9.265564, 0.39863586
3.3303375, -9.239227, 0.38905334
3.3638458, -9.26796, 0.36271667
3.3387146, -9.308655, 0.3435669
3.3554688, -9.3194275, 0.32800293
3.3925781, -9.302673, 0.32800293
3.3542786, -9.306259, 0.3028717
3.3722382, -9.282318, 0.2454071
3.3925781, -9.2799225, 0.2669525
3.3973694, -9.273941, 0.24780273
3.3985748, -9.233246, 0.1879425
3.3782196, -9.227249, 0.13647461
3.3734283, -9.23085, 0.14245605
3.4105377, -9.248795, 0.17477417
3.4356842, -9.226059, 0.1304779
3.4416656, -9.2200775, 0.116119385
3.4620209, -9.239227, 0.11253357
3.4584198, -9.2595825, 0.123306274
3.4847565, -9.246414, 0.12928772
3.4895477, -9.239227, 0.09815979
3.4991302, -9.252396, 0.08380127
3.4967346, -9.281128, 0.104141235
3.4847565, -9.255981, 0.118515015
3.4823608, -9.242813, 0.15083313
3.4811707, -9.2595825, 0.13526917
3.43927, -9.242813, 0.15083313
3.4572296, -9.241623, 0.15562439
3.4452515, -9.2404175, 0.12928772
3.4452515, -9.261963, 0.17477417
3.4524384, -9.2404175, 0.19631958
3.415329, -9.260773, 0.22744751
3.3961792, -9.289505, 0.2561798
3.391388, -9.282318, 0.28251648
3.3901825, -9.284714, 0.2741394
3.3638458, -9.283524, 0.31004333
3.36026, -9.305069, 0.3076477
3.3542786, -9.321823, 0.34117126
3.3411102, -9.299072, 0.3435669
3.2836456, -9.289505, 0.34117126
3.3016052, -9.271545, 0.38905334
3.3027954, -9.289505, 0.4118042
3.2764587, -9.301468, 0.4297638
3.2788544, -9.255981, 0.3902588
3.250122, -9.2883, 0.4010315
3.2201996, -9.277527, 0.42855835
3.2225952, -9.2883, 0.46687317
3.2249908, -9.2883, 0.43814087
3.2824554, -9.282318, 0.4524994
3.2776642, -9.295486, 0.46806335
3.2465363, -9.287109, 0.44172668
3.257309, -9.297882, 0.44891357
3.28125, -9.305069, 0.47883606
3.248932, -9.332596, 0.47045898
3.2800598, -9.327805, 0.44172668
3.248932, -9.302673, 0.4441223
3.2201996, -9.315842, 0.4692688
3.26091, -9.306259, 0.42855835
3.248932, -9.315842, 0.46806335
3.2549133, -9.30986, 0.45370483
3.257309, -9.30986, 0.37828064
3.2381592, -9.301468, 0.39265442
3.2465363, -9.300278, 0.40940857
3.2980194, -9.312241, 0.4010315
3.2345734, -9.31105, 0.40582275
3.250122, -9.337387, 0.4189911
3.2704773, -9.301468, 0.3938446
3.2525177, -9.282318, 0.38546753
3.250122, -9.272736, 0.40342712
3.2704773, -9.297882, 0.4046173
3.2561188, -9.252396, 0.375885
3.2920227, -9.290695, 0.37828064
3.2860413, -9.2799225, 0.3818817
3.289627, -9.300278, 0.33877563
3.2752686, -9.290695, 0.33398438
3.2908325, -9.287109, 0.35554504
3.2944183, -9.302673, 0.37348938
3.3063965, -9.276337, 0.35913086
3.3063965, -9.308655, 0.33998108
3.3147736, -9.293091, 0.35794067
3.3231506, -9.308655, 0.3651123
3.2908325, -9.301468, 0.39144897
3.348297, -9.291901, 0.34117126
3.3399048, -9.285904, 0.34117126
3.3710327, -9.26915, 0.36631775
3.36026, -9.261963, 0.3615265
3.367447, -9.278732, 0.3435669
3.3937836, -9.296692, 0.35194397
3.3782196, -9.31105, 0.35075378
3.4177246, -9.285904, 0.3136444
3.408142, -9.281128, 0.31004333
3.3794098, -9.2595825, 0.36271667
3.3830109, -9.295486, 0.31004333
3.3961792, -9.263168, 0.33638
3.4177246, -9.283524, 0.33638
3.4201202, -9.233246, 0.3136444
3.4105377, -9.263168, 0.2956848
3.3961792, -9.234436, 0.2849121
3.3554688, -9.266754, 0.30047607
3.3794098, -9.260773, 0.3028717
3.4284973, -9.2595825, 0.26815796
3.4021606, -9.258377, 0.2633667
3.4045563, -9.278732, 0.28370667
3.4141388, -9.278732, 0.29089355
3.4129333, -9.260773, 0.27174377
3.3698425, -9.26796, 0.24420166
3.3794098, -9.285904, 0.2454071
3.3878021, -9.277527, 0.2753296
3.3818054, -9.265564, 0.2059021
3.4093475, -9.273941, 0.22146606
3.3794098, -9.278732, 0.2813263
3.3925781, -9.261963, 0.23342896
3.4129333, -9.285904, 0.24659729
3.4057465, -9.282318, 0.22984314
3.4201202, -9.300278, 0.24659729
3.375824, -9.26796, 0.24420166
3.3650513, -9.26796, 0.26216125
3.375824, -9.252396, 0.24659729
3.3794098, -9.275131, 0.23342896
3.3794098, -9.266754, 0.23703003
3.3614655, -9.26796, 0.22505188
3.3506927, -9.2643585, 0.21069336
3.3303375, -9.276337, 0.22744751
3.3578644, -9.2595825, 0.25498962
3.3506927, -9.270355, 0.21786499
3.3554688, -9.283524, 0.20111084
3.3411102, -9.300278, 0.19871521
3.3722382, -9.300278, 0.20469666
3.3530731, -9.26796, 0.21188354
3.3159637, -9.261963, 0.23342896
3.28125, -9.260773, 0.18196106
3.2668915, -9.2799225, 0.18196106
3.284851, -9.270355, 0.19154358
3.2980194, -9.289505, 0.24420166
3.2776642, -9.301468, 0.20829773
3.2920227, -9.302673, 0.22265625
3.296814, -9.318237, 0.22865295
3.2788544, -9.321823, 0.21786499
3.2644958, -9.308655, 0.21427917
3.2932281, -9.305069, 0.20231628
3.2680817, -9.258377, 0.21786499
3.269287, -9.290695, 0.1879425
3.250122, -9.295486, 0.19273376
3.2465363, -9.277527, 0.2561798
3.2441406, -9.282318, 0.25857544
3.2465363, -9.318237, 0.25378418
3.2632904, -9.278732, 0.26216125
3.2513275, -9.306259, 0.25378418
3.2621002, -9.282318, 0.26934814
3.2752686, -9.26796, 0.3244171
3.2621002, -9.281128, 0.29808044
3.2537231, -9.300278, 0.29089355
3.257309, -9.307465, 0.31723022
3.250122, -9.300278, 0.33039856
3.2920227, -9.291901, 0.31004333
3.2908325, -9.291901, 0.34477234
3.272873, -9.275131, 0.3471527
3.2549133, -9.291901, 0.3028717
3.2824554, -9.282318, 0.34477234
3.296814, -9.26796, 0.34596252
3.305191, -9.270355, 0.35075378
3.3075867, -9.287109, 0.36871338
3.3195648, -9.278732, 0.36392212
3.3171692, -9.299072, 0.35794067
3.3267365, -9.284714, 0.37948608
3.3267365, -9.291901, 0.36631775
3.3327332, -9.307465, 0.33398438
3.3614655, -9.301468, 0.33398438
3.3411102, -9.272736, 0.3722992
3.308792, -9.289505, 0.35075378
3.3303375, -9.273941, 0.34835815
3.320755, -9.270355, 0.35794067
3.3267365, -9.255981, 0.3830719
3.3375244, -9.2643585, 0.3651123
3.3195648, -9.255981, 0.35554504
3.3506927, -9.275131, 0.34954834
3.3255463, -9.271545, 0.36631775
3.2872314, -9.266754, 0.39743042
3.3614655, -9.315842, 0.37948608
3.3889923, -9.324219, 0.36271667
3.3566742, -9.30986, 0.35554504
3.3614655, -9.300278, 0.35554504
3.3423004, -9.281128, 0.35075378
3.329132, -9.290695, 0.35913086
3.3171692, -9.313446, 0.33758545
3.320755, -9.284714, 0.34477234
3.305191, -9.271545, 0.33398438
3.3231506, -9.278732, 0.3471527
3.2932281, -9.260773, 0.38786316
3.327942, -9.246414, 0.32920837
3.3423004, -9.270355, 0.30885315
3.3399048, -9.271545, 0.3435669
3.3183594, -9.270355, 0.34954834
3.3231506, -9.23085, 0.31723022
3.3327332, -9.260773, 0.3148346
3.3183594, -9.277527, 0.32681274
3.3411102, -9.26796, 0.2956848
3.3111877, -9.283524, 0.35075378
3.3375244, -9.294296, 0.33758545
3.3590698, -9.2883, 0.34477234
3.344696, -9.283524, 0.3423767
3.320755, -9.272736, 0.37109375
3.3746338, -9.271545, 0.36032104
3.3530731, -9.283524, 0.35075378
3.3530731, -9.26796, 0.3615265
3.3734283, -9.277527, 0.39265442
3.3878021, -9.2883, 0.36032104
3.3985748, -9.276337, 0.33998108
3.3961792, -9.2595825, 0.3902588
3.384201, -9.284714, 0.375885
3.3925781, -9.290695, 0.3615265
3.375824, -9.277527, 0.33998108
3.399765, -9.261963, 0.3148346
3.3806152, -9.283524, 0.34117126
3.3506927, -9.26915, 0.37948608
3.367447, -9.263168, 0.32920837
3.3901825, -9.285904, 0.31843567
3.3985748, -9.295486, 0.2813263
3.3662415, -9.303864, 0.30526733
3.384201, -9.294296, 0.2861023
3.3770142, -9.320633, 0.2956848
3.367447, -9.293091, 0.30526733
3.3399048, -9.30986, 0.28849792
3.3231506, -9.31105, 0.24780273
3.3075867, -9.308655, 0.23942566
3.3351288, -9.307465, 0.2741394
3.320755, -9.2883, 0.23342896
3.3063965, -9.284714, 0.22984314
3.305191, -9.294296, 0.24182129
3.2597046, -9.306259, 0.24420166
3.2644958, -9.302673, 0.25976562
3.233368, -9.315842, 0.27653503
3.269287, -9.287109, 0.27174377
3.2549133, -9.302673, 0.2861023
3.28125, -9.325409, 0.2741394
3.2740784, -9.320633, 0.29328918
3.2561188, -9.340973, 0.27293396
3.241745, -9.321823, 0.28970337
3.2621002, -9.318237, 0.28251648
3.2477417, -9.320633, 0.26576233
3.248932, -9.340973, 0.292099
3.2537231, -9.327805, 0.27893066
3.229782, -9.313446, 0.28849792
3.2345734, -9.31105, 0.2849121
3.1830902, -9.282318, 0.3040619
3.2010498, -9.294296, 0.31124878
3.2321777, -9.294296, 0.2956848
3.2525177, -9.312241, 0.28370667
3.2094269, -9.306259, 0.26934814
3.248932, -9.285904, 0.34117126
3.2273865, -9.308655, 0.35075378
3.2321777, -9.308655, 0.39265442
3.2130127, -9.336197, 0.35075378
3.248932, -9.308655, 0.34596252
3.2632904, -9.276337, 0.37469482
3.2309723, -9.265564, 0.41659546
3.250122, -9.275131, 0.40701294
3.2537231, -9.260773, 0.42855835
3.2836456, -9.271545, 0.39265442
3.2429504, -9.271545, 0.3902588
3.2549133, -9.295486, 0.3651123
3.2788544, -9.2799225, 0.35194397
3.2956238, -9.266754, 0.37709045
3.3099823, -9.2883, 0.3531494
3.3159637, -9.296692, 0.3543396
3.3662415, -9.281128, 0.36271667
3.3459015, -9.31105, 0.34477234
3.3327332, -9.291901, 0.34835815
3.3327332, -9.2883, 0.3543396
3.3470917, -9.278732, 0.37948608
3.3590698, -9.285904, 0.33998108
3.3650513, -9.281128, 0.3531494
3.3626556, -9.273941, 0.33398438
3.3626556, -9.302673, 0.30885315
3.3734283, -9.277527, 0.31124878
3.3830109, -9.271545, 0.3136444
3.4009705, -9.252396, 0.29808044
3.3818054, -9.277527, 0.26934814
3.4021606, -9.271545, 0.27174377
3.4273071, -9.272736, 0.27053833
3.4452515, -9.2595825, 0.23342896
3.4320831, -9.2595825, 0.24659729
3.43927, -9.26796, 0.26815796
3.4165192, -9.277527, 0.2346344
3.4273071, -9.261963, 0.21907043
3.4249115, -9.2404175, 0.22505188
3.4177246, -9.258377, 0.26097107
3.4033508, -9.254791, 0.20469666
3.4117432, -9.26915, 0.24182129
3.4249115, -9.245209, 0.22984314
3.3949738, -9.244019, 0.24780273
3.4249115, -9.26915, 0.18914795
3.4201202, -9.282318, 0.23582458
3.415329, -9.271545, 0.24301147
3.3830109, -9.290695, 0.19154358
3.3722382, -9.299072, 0.17358398
3.3459015, -9.290695, 0.16281128
3.3470917, -9.290695, 0.13526917
3.3171692, -9.289505, 0.17597961
3.3111877, -9.302673, 0.1951294
3.2920227, -9.287109, 0.17237854
3.3075867, -9.295486, 0.20350647
3.2992096, -9.306259, 0.20709229
3.288437, -9.315842, 0.18914795
3.2776642, -9.295486, 0.1663971
3.2716827, -9.291901, 0.1879425
3.2393494, -9.318237, 0.22625732
3.2513275, -9.327805, 0.24659729
3.248932, -9.314636, 0.21427917
3.2237854, -9.332596, 0.25138855
3.2070312, -9.318237, 0.3076477
3.217804, -9.31105, 0.2861023
3.2369537, -9.313446, 0.29089355
3.2549133, -9.301468, 0.2741394
3.2597046, -9.340973, 0.28970337
3.2201996, -9.307465, 0.26097107
3.2142181, -9.317032, 0.29808044
3.2225952, -9.3302, 0.30885315
3.210617, -9.303864, 0.31604004
3.229782, -9.31105, 0.29328918
3.250122, -9.327805, 0.31723022
3.2273865, -9.308655, 0.37948608
3.2429504, -9.326614, 0.33998108
3.2513275, -9.317032, 0.34954834
3.2561188, -9.313446, 0.37348938
3.2716827, -9.324219, 0.36271667
3.2429504, -9.313446, 0.42616272
3.2405548, -9.326614, 0.39624023
3.2585144, -9.302673, 0.42018127
3.2441406, -9.31105, 0.375885
3.2309723, -9.332596, 0.37948608
3.2465363, -9.320633, 0.4118042
3.2740784, -9.32901, 0.4225769
3.2441406, -9.293091, 0.42736816
3.2357635, -9.305069, 0.41059875
3.2597046, -9.323029, 0.4237671
3.2525177, -9.302673, 0.38426208
3.2716827, -9.321823, 0.4189911
3.2944183, -9.303864, 0.42138672
3.2776642, -9.312241, 0.44172668
3.2357635, -9.287109, 0.43933105
3.217804, -9.299072, 0.45370483
3.2225952, -9.305069, 0.43574524
3.2225952, -9.303864, 0.43455505
3.2130127, -9.315842, 0.44293213
3.2668915, -9.31105, 0.44651794
3.2525177, -9.307465, 0.43455505
3.2680817, -9.338577, 0.4237671
3.272873, -9.320633, 0.43693542
3.241745, -9.321823, 0.42138672
3.2273865, -9.30986, 0.43933105
3.226181, -9.291901, 0.4297638
3.2237854, -9.290695, 0.43933105
3.2225952, -9.301468, 0.4740448
3.257309, -9.324219, 0.48960876
3.250122, -9.31105, 0.4980011
3.2393494, -9.325409, 0.48960876
3.2405548, -9.307465, 0.46806335
3.2393494, -9.301468, 0.4812317
3.2549133, -9.301468, 0.46447754
3.241745, -9.318237, 0.4692688
3.269287, -9.326614, 0.50038147
3.308792, -9.313446, 0.45489502
3.288437, -9.31105, 0.41299438
3.265686, -9.307465, 0.40701294
3.2621002, -9.31105, 0.4010315
3.2525177, -9.294296, 0.45010376
3.250122, -9.272736, 0.40222168
3.2632904, -9.308655, 0.37709045
3.248932, -9.278732, 0.36871338
3.2477417, -9.275131, 0.3435669
3.2776642, -9.3302, 0.32081604
3.2872314, -9.340973, 0.24420166
3.2752686, -9.32901, 0.21188354
3.2644958, -9.34816, 0.22505188
3.2537231, -9.30986, 0.1879425
3.217804, -9.301468, 0.14125061
3.1687317, -9.30986, 0.18435669
3.1795044, -9.2799225, 0.15441895
3.2034454, -9.282318, 0.14604187
3.248932, -9.3302, 0.14964294
3.2345734, -9.350555, 0.15441895
3.2201996, -9.326614, 0.13887024
3.2046356, -9.31105, 0.13287354
3.1962585, -9.307465, 0.12928772
3.178299, -9.313446, 0.18196106
3.197464, -9.339783, 0.19631958
3.2405548, -9.314636, 0.20709229
3.1842957, -9.300278, 0.26934814
3.2405548, -9.332596, 0.24182129
3.2836456, -9.320633, 0.27293396
3.269287, -9.31105, 0.3256073
3.289627, -9.325409, 0.34954834
3.2309723, -9.306259, 0.37469482
3.2525177, -9.318237, 0.40222168
3.2704773, -9.291901, 0.40821838
3.2908325, -9.261963, 0.43215942
3.28125, -9.283524, 0.39505005
3.2740784, -9.271545, 0.46687317
3.2644958, -9.26915, 0.4584961
3.2716827, -9.281128, 0.48362732
3.3231506, -9.293091, 0.4189911
3.3530731, -9.2883, 0.40940857
3.344696, -9.305069, 0.4632721
3.348297, -9.281128, 0.41539
3.3662415, -9.277527, 0.45370483
3.368637, -9.261963, 0.4584961
3.3662415, -9.266754, 0.41659546
3.3710327, -9.263168, 0.43215942
3.3865967, -9.26915, 0.4800415
3.3806152, -9.287109, 0.45010376
3.3578644, -9.312241, 0.43814087
3.3698425, -9.313446, 0.42138672
3.3650513, -9.305069, 0.35194397
3.3578644, -9.307465, 0.34954834
3.3399048, -9.272736, 0.3076477
3.3255463, -9.282318, 0.331604
3.3470917, -9.239227, 0.37469482
3.3626556, -9.2595825, 0.3651123
3.4129333, -9.23204, 0.38426208
3.4105377, -9.23085, 0.36871338
3.4189148, -9.257187, 0.32920837
3.399765, -9.26915, 0.3136444
3.4189148, -9.270355, 0.33039856
3.4225159, -9.302673, 0.33398438
3.3961792, -9.293091, 0.30166626
3.4093475, -9.303864, 0.3028717
3.430893, -9.331406, 0.2861023
3.4105377, -9.31105, 0.29808044
3.3937836, -9.2883, 0.3148346
3.3889923, -9.287109, 0.31604004
3.368637, -9.25119, 0.33638
3.3734283, -9.242813, 0.35075378
3.3542786, -9.228455, 0.3435669
3.3626556, -9.222458, 0.34117126
3.3854065, -9.255981, 0.3543396
3.4093475, -9.260773, 0.331604
3.4213104, -9.275131, 0.33398438
3.4117432, -9.278732, 0.37469482
3.3925781, -9.315842, 0.35194397
3.348297, -9.331406, 0.3423767
3.329132, -9.294296, 0.35673523
3.2680817, -9.278732, 0.3722992
3.217804, -9.302673, 0.4189911
3.2357635, -9.265564, 0.4010315
3.26091, -9.297882, 0.35794067
3.2776642, -9.332596, 0.4046173
3.305191, -9.312241, 0.40342712
3.2321777, -9.294296, 0.35794067
3.2118225, -9.306259, 0.41059875
3.2369537, -9.305069, 0.39144897
3.2321777, -9.296692, 0.37469482
3.2201996, -9.3194275, 0.39624023
3.2094269, -9.342178, 0.36271667
3.1914673, -9.31105, 0.35794067
3.2201996, -9.317032, 0.33877563
3.226181, -9.306259, 0.33518982
3.2513275, -9.323029, 0.34954834
3.233368, -9.301468, 0.36871338
3.2225952, -9.2883, 0.40940857
3.2201996, -9.282318, 0.39624023
3.2632904, -9.3194275, 0.37948608
3.2680817, -9.31105, 0.3938446
3.229782, -9.300278, 0.3471527
3.2309723, -9.30986, 0.32800293
3.2716827, -9.350555, 0.26934814
3.2788544, -9.334991, 0.3028717
3.3027954, -9.369705, 0.37828064
3.2357635, -9.399643, 0.41059875
3.1555634, -9.344574, 0.45729065
3.154358, -9.323029, 0.45610046
3.1220398, -9.263168, 0.4513092
3.1280212, -9.2643585, 0.4740448
3.1639404, -9.255981, 0.5135498
3.190277, -9.278732, 0.5303192
3.2166138, -9.337387, 0.5985565
3.2513275, -9.356537, 0.5985565
3.269287, -9.364914, 0.54467773
3.2321777, -9.344574, 0.57699585
3.2166138, -9.305069, 0.5506592
3.186676, -9.312241, 0.5686188
3.1483765, -9.308655, 0.5506592
3.1699219, -9.30986, 0.5279236
3.2872314, -9.344574, 0.52671814
3.3375244, -9.357742, 0.44293213
3.3961792, -9.34816, 0.4405365
3.375824, -9.323029, 0.4225769
3.3459015, -9.296692, 0.36631775
3.3411102, -9.253586, 0.35194397
3.3566742, -9.245209, 0.40701294
3.3578644, -9.233246, 0.4225769
3.3590698, -9.245209, 0.49919128
3.3614655, -9.241623, 0.5279236
3.4009705, -9.245209, 0.5518646
3.4093475, -9.277527, 0.5231323
3.4261017, -9.26915, 0.53630066
3.4380798, -9.332596, 0.5231323
3.4883575, -9.3302, 0.5566559
3.4404755, -9.352951, 0.48960876
3.399765, -9.320633, 0.47045898
3.3387146, -9.291901, 0.45729065
3.2992096, -9.273941, 0.46447754
3.245346, -9.242813, 0.47525024
3.2249908, -9.246414, 0.48602295
3.2477417, -9.238022, 0.49560547
3.2190094, -9.277527, 0.49320984
3.2154083, -9.308655, 0.52911377
3.2381592, -9.372101, 0.5063782
3.2369537, -9.369705, 0.5458832
3.257309, -9.345764, 0.5913696
3.257309, -9.30986, 0.5793915
3.2477417, -9.307465, 0.60572815
3.2369537, -9.291901, 0.6081238
3.217804, -9.2595825, 0.5925598
3.2046356, -9.270355, 0.61650085
3.2201996, -9.270355, 0.6464386
3.241745, -9.283524, 0.61291504
3.2477417, -9.285904, 0.5997467
3.2992096, -9.324219, 0.57221985
3.2441406, -9.372101, 0.57221985
3.2166138, -9.344574, 0.5422821
3.2549133, -9.32901, 0.52911377
3.2537231, -9.352951, 0.52552795
3.2441406, -9.3302, 0.4728546
3.26091, -9.332596, 0.4740448
3.2585144, -9.332596, 0.50756836
3.1998444, -9.289505, 0.4584961
3.1998444, -9.300278, 0.42855835
3.2166138, -9.295486, 0.41539
3.210617, -9.275131, 0.3902588
3.1603394, -9.276337, 0.39624023
3.2285767, -9.291901, 0.35554504
3.2369537, -9.3302, 0.35913086
3.2369537, -9.32901, 0.2956848
3.2537231, -9.317032, 0.24780273
3.2632904, -9.338577, 0.296875
3.2537231, -9.326614, 0.23582458
3.2668915, -9.321823, 0.24420166
3.2668915, -9.325409, 0.23103333
3.2632904, -9.323029, 0.20350647
3.2597046, -9.312241, 0.1663971
3.2249908, -9.293091, 0.16758728
3.20224, -9.281128, 0.14964294
3.229782, -9.281128, 0.16879272
3.2525177, -9.283524, 0.14364624
3.2621002, -9.3194275, 0.16160583
3.2345734, -9.327805, 0.1771698
3.1926727, -9.323029, 0.21548462
3.1914673, -9.324219, 0.2059021
3.217804, -9.337387, 0.17237854
3.308792, -9.372101, 0.21188354
3.3901825, -9.36731, 0.25378418
3.408142, -9.3589325, 0.2753296
3.4117432, -9.325409, 0.25138855
3.4045563, -9.300278, 0.26097107
3.367447, -9.238022, 0.29447937
3.305191, -9.214081, 0.32681274
3.2824554, -9.198517, 0.30526733
3.3231506, -9.227249, 0.31004333
3.3638458, -9.278732, 0.3423767
3.3961792, -9.307465, 0.34835815
3.4249115, -9.317032, 0.35075378
3.4045563, -9.338577, 0.3423767
3.4249115, -9.334991, 0.36271667
3.4201202, -9.323029, 0.39505005
3.3662415, -9.31105, 0.3818817
3.3590698, -9.308655, 0.3830719
3.3339233, -9.308655, 0.39624023
3.312378, -9.289505, 0.42138672
3.308792, -9.305069, 0.42616272
3.2752686, -9.301468, 0.43814087
3.2668915, -9.282318, 0.44172668
3.2740784, -9.287109, 0.42018127
3.2525177, -9.299072, 0.47764587
3.2908325, -9.303864, 0.4405365
3.2980194, -9.321823, 0.44891357
3.2836456, -9.313446, 0.47644043
3.2800598, -9.321823, 0.4620819
3.3027954, -9.336197, 0.4513092
3.2597046, -9.324219, 0.46087646
3.269287, -9.307465, 0.44891357
3.2632904, -9.324219, 0.45010376
3.2405548, -9.318237, 0.5087738
3.2704773, -9.307465, 0.51834106
3.2429504, -9.308655, 0.49320984
3.2357635, -9.300278, 0.4812317
3.272873, -9.284714, 0.53271484
3.2872314, -9.296692, 0.5171509
3.2668915, -9.305069, 0.5530548
3.248932, -9.285904, 0.5458832
3.2201996, -9.295486, 0.53749084
3.2249908, -9.339783, 0.57341003
3.2094269, -9.326614, 0.5817871
3.248932, -9.315842, 0.58299255
3.26091, -9.290695, 0.5398865
3.2872314, -9.302673, 0.5698242
3.2525177, -9.3194275, 0.5458832
3.2537231, -9.30986, 0.5279236
3.265686, -9.281128, 0.5566559
3.2405548, -9.3194275, 0.56622314
3.241745, -9.307465, 0.5231323
3.2405548, -9.294296, 0.5123596
3.2321777, -9.303864, 0.5171509
3.250122, -9.317032, 0.5279236
3.284851, -9.303864, 0.5458832
3.257309, -9.313446, 0.5590515
3.2369537, -9.327805, 0.55426025
3.2166138, -9.338577, 0.509964
3.2225952, -9.31105, 0.54467773
3.248932, -9.294296, 0.509964
3.248932, -9.326614, 0.5015869
3.2525177, -9.30986, 0.4920044
3.2764587, -9.345764, 0.45610046
3.2273865, -9.302673, 0.44293213
3.2118225, -9.265564, 0.45610046
3.2142181, -9.295486, 0.4513092
3.248932, -9.315842, 0.45729065
3.26091, -9.325409, 0.40701294
3.250122, -9.318237, 0.3818817
3.2561188, -9.308655, 0.39144897
3.2621002, -9.324219, 0.32800293
3.2345734, -9.3302, 0.30526733
3.2549133, -9.314636, 0.29808044
3.2429504, -9.31105, 0.30885315
3.2465363, -9.323029, 0.27053833
3.2381592, -9.323029, 0.22625732
3.2237854, -9.337387, 0.23103333
3.229782, -9.320633, 0.20111084
3.2429504, -9.31105, 0.20350647
3.2632904, -9.296692, 0.19992065
3.2477417, -9.300278, 0.17597961
3.269287, -9.333801, 0.18196106
3.320755, -9.301468, 0.16998291
3.2740784, -9.26915, 0.14964294
3.2752686, -9.283524, 0.13887024
3.312378, -9.266754, 0.16160583
3.3099823, -9.290695, 0.16879272
3.2836456, -9.293091, 0.1376648
3.288437, -9.294296, 0.15562439
3.308792, -9.296692, 0.104141235
3.3375244, -9.282318, 0.1771698
3.3147736, -9.296692, 0.16160583
3.3231506, -9.295486, 0.15322876
3.3231506, -9.282318, 0.1663971
3.3147736, -9.317032, 0.15562439
3.3351288, -9.312241, 0.16998291
3.3267365, -9.26796, 0.19154358
3.3063965, -9.271545, 0.20111084
3.3530731, -9.281128, 0.20948792
3.367447, -9.299072, 0.27893066
3.3650513, -9.287109, 0.32321167
3.336319, -9.283524, 0.26455688
3.3494873, -9.302673, 0.25857544
3.3255463, -9.325409, 0.30166626
3.28125, -9.296692, 0.33758545
3.3003998, -9.303864, 0.331604
3.3159637, -9.2883, 0.29808044
3.327942, -9.295486, 0.3256073
3.3267365, -9.3302, 0.37469482
3.3111877, -9.305069, 0.35794067
3.324356, -9.295486, 0.35794067
3.3040009, -9.282318, 0.38786316
3.288437, -9.301468, 0.3471527
3.2740784, -9.303864, 0.37948608
3.2704773, -9.296692, 0.37709045
3.265686, -9.287109, 0.4118042
3.269287, -9.289505, 0.3902588
3.2776642, -9.299072, 0.43455505
3.308792, -9.314636, 0.41659546
3.2932281, -9.339783, 0.37109375
3.2908325, -9.339783, 0.35554504
3.3027954, -9.337387, 0.4010315
3.2525177, -9.315842, 0.4118042
3.245346, -9.326614, 0.4118042
3.2549133, -9.3194275, 0.41539
3.2621002, -9.337387, 0.42616272
3.2513275, -9.332596, 0.40342712
3.2249908, -9.308655, 0.4189911
3.241745, -9.308655, 0.39265442
3.2369537, -9.3302, 0.39624023
3.2046356, -9.314636, 0.41059875
3.221405, -9.320633, 0.39505005
3.2201996, -9.295486, 0.4297638
3.190277, -9.303864, 0.43693542
3.1615448, -9.342178, 0.38905334
3.193863, -9.338577, 0.3938446
3.221405, -9.343369, 0.36990356
3.2357635, -9.325409, 0.36631775
3.2285767, -9.337387, 0.43215942
3.2082367, -9.332596, 0.44651794
3.2249908, -9.326614, 0.4584961
3.2082367, -9.344574, 0.43814087
3.1950684, -9.337387, 0.42855835
3.226181, -9.295486, 0.46566772
3.226181, -9.302673, 0.44770813
3.2190094, -9.318237, 0.4524994
3.2405548, -9.302673, 0.4800415
3.241745, -9.3194275, 0.4728546
3.2537231, -9.31105, 0.43455505
3.248932, -9.302673, 0.48243713
3.2357635, -9.332596, 0.45968628
3.2513275, -9.3302, 0.48721313
3.296814, -9.30986, 0.4800415
3.3003998, -9.349365, 0.47644043
3.2680817, -9.296692, 0.50038147
3.2956238, -9.312241, 0.47045898
3.2716827, -9.318237, 0.5123596
3.2932281, -9.303864, 0.51594543
3.3099823, -9.303864, 0.45489502
3.3111877, -9.312241, 0.49320984
3.2836456, -9.306259, 0.4920044
3.2860413, -9.313446, 0.46566772
3.296814, -9.312241, 0.4225769
3.2932281, -9.3302, 0.4513092
3.2980194, -9.323029, 0.4620819
3.3040009, -9.320633, 0.4584961
3.3099823, -9.3194275, 0.43693542
3.327942, -9.314636, 0.4189911
3.2992096, -9.307465, 0.42736816
3.2597046, -9.325409, 0.3866577
3.2824554, -9.314636, 0.3722992
3.2824554, -9.312241, 0.35194397
3.26091, -9.261963, 0.32681274
3.2405548, -9.284714, 0.35194397
3.296814, -9.336197, 0.3244171
3.2776642, -9.302673, 0.25378418
3.296814, -9.324219, 0.2669525
3.284851, -9.323029, 0.2753296
3.3159637, -9.308655, 0.2849121
3.3111877, -9.324219, 0.2346344
3.313568, -9.283524, 0.18914795
3.2824554, -9.282318, 0.20829773
3.2920227, -9.299072, 0.1879425
3.2944183, -9.307465, 0.20111084
3.2704773, -9.313446, 0.20469666
3.2776642, -9.278732, 0.21548462
3.2980194, -9.289505, 0.19992065
3.320755, -9.305069, 0.20469666
3.2716827, -9.30986, 0.16879272
3.2860413, -9.296692, 0.17237854
3.269287, -9.285904, 0.16520691
3.2740784, -9.301468, 0.18554688
3.2597046, -9.301468, 0.15562439
3.3027954, -9.31105, 0.19392395
3.2836456, -9.336197, 0.17118835
3.2441406, -9.291901, 0.2238617
3.2632904, -9.299072, 0.25737
3.2716827, -9.333801, 0.22265625
3.2704773, -9.306259, 0.25378418
3.26091, -9.331406, 0.24182129
3.2621002, -9.317032, 0.21786499
3.2644958, -9.312241, 0.23103333
3.2716827, -9.306259, 0.2346344
3.2513275, -9.302673, 0.25019836
3.229782, -9.305069, 0.24659729
3.2357635, -9.306259, 0.27653503
3.2225952, -9.302673, 0.27174377
3.2537231, -9.300278, 0.28849792
3.245346, -9.283524, 0.3040619
3.2225952, -9.3194275, 0.28251648
3.2477417, -9.306259, 0.3136444
3.2644958, -9.315842, 0.31843567
3.248932, -9.327805, 0.34596252
3.2429504, -9.324219, 0.37469482
3.2369537, -9.336197, 0.32321167
3.2525177, -9.303864, 0.30526733
3.233368, -9.324219, 0.3722992
3.217804, -9.3302, 0.37109375
3.2465363, -9.303864, 0.36392212
3.2249908, -9.275131, 0.36392212
3.221405, -9.2883, 0.3651123
3.248932, -9.299072, 0.3818817
3.2142181, -9.314636, 0.3938446
3.2321777, -9.318237, 0.37348938
3.241745, -9.290695, 0.34954834
3.2381592, -9.302673, 0.42855835
3.2285767, -9.308655, 0.40940857
3.2465363, -9.338577, 0.37828064
3.257309, -9.31105, 0.36990356
3.250122, -9.31105, 0.4333496
3.2477417, -9.338577, 0.44172668
3.2321777, -9.333801, 0.3830719
3.2273865, -9.34697, 0.3531494
3.229782, -9.3194275, 0.38546753
3.2561188, -9.306259, 0.3866577
3.2632904, -9.305069, 0.39624023
3.2369537, -9.327805, 0.41299438
3.2190094, -9.314636, 0.40342712
3.226181, -9.317032, 0.36271667
3.2477417, -9.34697, 0.37348938
3.2154083, -9.340973, 0.39265442
3.2082367, -9.350555, 0.3435669
3.233368, -9.338577, 0.40222168
3.226181, -9.326614, 0.39624023
3.2561188, -9.301468, 0.3866577
3.1914673, -9.315842, 0.3818817
3.2046356, -9.290695, 0.375885
3.2597046, -9.308655, 0.4046173
3.2369537, -9.320633, 0.36392212
3.2309723, -9.327805, 0.36990356
3.241745, -9.320633, 0.36750793
3.2321777, -9.336197, 0.3651123
3.2405548, -9.333801, 0.41659546
3.2477417, -9.326614, 0.4118042
3.2225952, -9.317032, 0.36990356
3.2585144, -9.344574, 0.40821838
3.2381592, -9.345764, 0.4046173
3.2381592, -9.306259, 0.4118042
3.233368, -9.299072, 0.4189911
3.241745, -9.31105, 0.4118042
3.265686, -9.300278, 0.40701294
3.2788544, -9.320633, 0.39144897
3.2764587, -9.313446, 0.36990356
3.2932281, -9.325409, 0.41419983
3.2932281, -9.336197, 0.41539
3.284851, -9.325409, 0.3651123
3.2788544, -9.3302, 0.4118042
3.284851, -9.307465, 0.44770813
3.289627, -9.301468, 0.42138672
3.2920227, -9.320633, 0.40940857
3.3016052, -9.296692, 0.42736816
3.2956238, -9.303864, 0.4118042
3.272873, -9.31105, 0.39863586
3.3075867, -9.315842, 0.3543396
3.2872314, -9.314636, 0.3818817
3.3075867, -9.339783, 0.4189911
3.3171692, -9.307465, 0.39505005
3.272873, -9.300278, 0.3830719
3.3075867, -9.333801, 0.4046173
3.312378, -9.321823, 0.40821838
3.2920227, -9.334991, 0.3866577
3.2956238, -9.312241, 0.3902588
3.265686, -9.301468, 0.40940857
3.2621002, -9.301468, 0.3902588
3.2776642, -9.31105, 0.36990356
3.2740784, -9.303864, 0.39505005
3.2621002, -9.294296, 0.35075378
3.2800598, -9.305069, 0.39863586
3.2704773, -9.294296, 0.34835815
3.2465363, -9.283524, 0.33758545
3.2441406, -9.320633, 0.36871338
3.2190094, -9.327805, 0.3722992
3.2273865, -9.331406, 0.33638
3.2321777, -9.321823, 0.31004333
3.2393494, -9.3302, 0.32920837
3.2405548, -9.300278, 0.32321167
3.2154083, -9.339783, 0.29328918
3.221405, -9.32901, 0.33998108
3.2393494, -9.324219, 0.296875
3.2381592, -9.301468, 0.30166626
3.2082367, -9.315842, 0.32800293
3.2249908, -9.302673, 0.3028717
3.190277, -9.2799225, 0.28370667
3.2166138, -9.296692, 0.31604004
3.226181, -9.331406, 0.331604
3.217804, -9.300278, 0.3028717
3.1986542, -9.333801, 0.296875
3.1914673, -9.349365, 0.26934814
3.1962585, -9.313446, 0.29328918
3.2070312, -9.3194275, 0.3148346
3.241745, -9.338577, 0.3040619
3.233368, -9.326614, 0.31004333
3.2142181, -9.323029, 0.30645752
3.257309, -9.325409, 0.30166626
3.2525177, -9.312241, 0.32920837
3.2309723, -9.331406, 0.33758545
3.1986542, -9.320633, 0.33998108
3.1771088, -9.313446, 0.28251648
3.250122, -9.300278, 0.28849792
3.2225952, -9.308655, 0.31843567
3.229782, -9.321823, 0.28970337
3.2285767, -9.323029, 0.27893066
3.2585144, -9.320633, 0.29089355
3.2561188, -9.307465, 0.2956848
3.2872314, -9.306259, 0.30885315
3.2800598, -9.339783, 0.31004333
3.2429504, -9.318237, 0.33518982
3.229782, -9.293091, 0.33638
3.3063965, -9.300278, 0.32321167
3.269287, -9.305069, 0.32321167
3.2429504, -9.314636, 0.3531494
3.272873, -9.326614, 0.3256073
3.269287, -9.289505, 0.29927063
3.2680817, -9.31105, 0.3028717
3.2776642, -9.306259, 0.33877563
3.2680817, -9.277527, 0.35794067
3.3027954, -9.300278, 0.28849792
3.269287, -9.325409, 0.2849121
3.2944183, -9.302673, 0.3040619
3.2956238, -9.278732, 0.31843567
3.2716827, -9.301468, 0.31004333
3.265686, -9.313446, 0.31962585
3.2357635, -9.321823, 0.31962585
3.2920227, -9.302673, 0.31604004
3.2932281, -9.306259, 0.29328918
3.2632904, -9.315842, 0.2753296
3.269287, -9.302673, 0.29808044
3.272873, -9.318237, 0.29447937
3.2321777, -9.312241, 0.30645752
3.2429504, -9.349365, 0.28970337
3.2680817, -9.301468, 0.29328918
3.308792, -9.313446, 0.2849121
3.2644958, -9.337387, 0.27893066
3.2632904, -9.31105, 0.296875
3.2309723, -9.334991, 0.3136444
3.2321777, -9.343369, 0.27772522
3.2273865, -9.336197, 0.31843567
3.248932, -9.342178, 0.30885315
3.26091, -9.337387, 0.28251648
3.2285767, -9.338577, 0.29447937
3.226181, -9.343369, 0.33758545
3.205841, -9.357742, 0.31004333
3.2225952, -9.340973, 0.3256073
3.2142181, -9.318237, 0.29927063
3.2010498, -9.342178, 0.31004333
3.1795044, -9.313446, 0.31843567
3.1830902, -9.327805, 0.3327942
3.2201996, -9.345764, 0.32081604
3.1842957, -9.334991, 0.3244171
3.1962585, -9.325409, 0.3244171
3.2034454, -9.331406, 0.3543396
3.1771088, -9.306259, 0.331604
3.1890717, -9.30986, 0.3722992
3.154358, -9.3302, 0.37948608
3.1806946, -9.327805, 0.3435669
3.210617, -9.32901, 0.36271667
3.1986542, -9.339783, 0.37709045
3.1687317, -9.334991, 0.3818817
3.2142181, -9.332596, 0.40582275
3.2070312, -9.354141, 0.41659546
3.2070312, -9.333801, 0.4225769
3.2405548, -9.34816, 0.40940857
3.248932, -9.352951, 0.38905334
3.2525177, -9.302673, 0.41059875
3.2309723, -9.296692, 0.4524994
3.26091, -9.317032, 0.4728546
3.2465363, -9.323029, 0.46566772
3.2381592, -9.314636, 0.50398254
3.241745, -9.297882, 0.47883606
3.2716827, -9.320633, 0.47166443
3.284851, -9.313446, 0.4980011
3.3099823, -9.283524, 0.4908142
3.2716827, -9.313446, 0.5015869
3.2644958, -9.297882, 0.48362732
3.2704773, -9.293091, 0.44293213
3.2752686, -9.317032, 0.41059875
3.26091, -9.313446, 0.44770813
3.221405, -9.30986, 0.41419983
3.2465363, -9.326614, 0.3938446
3.217804, -9.305069, 0.38426208
3.233368, -9.320633, 0.39982605
3.2764587, -9.343369, 0.4225769
3.2824554, -9.343369, 0.4333496
3.2752686, -9.323029, 0.33998108
3.2704773, -9.334991, 0.3818817
3.269287, -9.323029, 0.37348938
3.3027954, -9.30986, 0.32920837
3.2716827, -9.312241, 0.3136444
3.2680817, -9.297882, 0.37948608
3.272873, -9.289505, 0.36032104
3.2824554, -9.283524, 0.34954834
3.3147736, -9.282318, 0.32800293
3.329132, -9.293091, 0.30526733
3.3399048, -9.318237, 0.3471527
3.3159637, -9.340973, 0.33998108
3.3183594, -9.317032, 0.35075378
3.3423004, -9.301468, 0.33877563
3.348297, -9.332596, 0.3028717
3.3590698, -9.332596, 0.331604
3.3566742, -9.352951, 0.331604
3.336319, -9.363724, 0.31004333
3.2932281, -9.325409, 0.30526733
3.3255463, -9.302673, 0.31604004
3.329132, -9.337387, 0.24182129
3.3027954, -9.321823, 0.26815796
3.3016052, -9.340973, 0.29927063
3.3171692, -9.349365, 0.25976562
3.2800598, -9.342178, 0.24780273
3.289627, -9.361328, 0.2454071
3.288437, -9.387665, 0.25378418
3.28125, -9.392456, 0.23342896
3.2513275, -9.370911, 0.23822021
3.2273865, -9.374496, 0.24061584
3.2405548, -9.375687, 0.23103333
3.2309723, -9.406815, 0.21188354
3.1926727, -9.39006, 0.2238617
3.1819, -9.396042, 0.24659729
3.1830902, -9.436752, 0.22984314
3.190277, -9.414001, 0.19631958
3.2010498, -9.417587, 0.21548462
3.138794, -9.423584, 0.23582458
3.0897217, -9.362518, 0.24420166
3.0825348, -9.354141, 0.23223877
3.094513, -9.385269, 0.25976562
3.0514069, -9.385269, 0.27772522
3.0454254, -9.404419, 0.24899292
3.0095062, -9.394852, 0.24780273
2.9975433, -9.423584, 0.2454071
3.0119019, -9.453506, 0.24659729
3.0047302, -9.448715, 0.22865295
3.0011292, -9.459488, 0.24061584
2.960434, -9.457092, 0.25857544
2.9221191, -9.440338, 0.29927063
2.8874054, -9.431961, 0.28370667
2.9257202, -9.396042, 0.27053833
2.9041595, -9.380478, 0.29447937
2.9005737, -9.366119, 0.30645752
2.8766327, -9.350555, 0.292099
2.898178, -9.324219, 0.296875
2.9149475, -9.340973, 0.3435669
2.8862152, -9.320633, 0.37469482
2.8993835, -9.352951, 0.36750793
2.9041595, -9.331406, 0.3651123
2.8838196, -9.326614, 0.39743042
2.8718414, -9.342178, 0.38546753
2.8778229, -9.305069, 0.41778564
2.8598785, -9.313446, 0.4405365
2.8479004, -9.30986, 0.45010376
2.8131866, -9.306259, 0.48243713
2.817978, -9.291901, 0.47045898
2.8455048, -9.277527, 0.44532776
2.8491058, -9.300278, 0.5063782
2.8682556, -9.284714, 0.52194214
2.8359375, -9.255981, 0.51834106
2.8167725, -9.25, 0.50038147
2.7832642, -9.255981, 0.4908142
2.795227, -9.233246, 0.50756836
2.7916412, -9.222458, 0.5422821
2.771286, -9.258377, 0.52911377
2.7832642, -9.214081, 0.49440002
2.8131866, -9.238022, 0.4980011
2.817978, -9.246414, 0.5351105
2.8515015, -9.241623, 0.5458832
2.8634644, -9.2643585, 0.55784607
2.889801, -9.271545, 0.5351105
2.9221191, -9.306259, 0.5530548
2.9101562, -9.323029, 0.5602417
2.9304962, -9.327805, 0.5746155
2.991562, -9.387665, 0.5746155
2.9747925, -9.392456, 0.55784607
2.9951477, -9.388855, 0.5674286
2.9987335, -9.399643, 0.5925598
2.992752, -9.403229, 0.55545044
3.0107117, -9.363724, 0.53271484
2.984375, -9.320633, 0.5853882
2.9508514, -9.301468, 0.5698242
2.8838196, -9.2404175, 0.5530548
2.8275452, -9.17218, 0.5710144
2.7976227, -9.103958, 0.54707336
2.7293854, -9.03212, 0.5422821
2.7329865, -9.002197, 0.61531067
2.6743164, -9.015366, 0.6320648
2.7018585, -9.095566, 0.64523315
2.755722, -9.229645, 0.62727356
2.8215637, -9.405624, 0.63446045
2.917328, -9.616318, 0.6296692
3.0502167, -9.876083, 0.6296692
3.1304169, -10.101135, 0.65600586
3.2046356, -10.326187, 0.6751709
3.2585144, -10.462662, 0.6643982
3.289627, -10.597931, 0.6500244
3.3040009, -10.663773, 0.68833923
3.2537231, -10.65419, 0.6691742
3.205841, -10.606308, 0.6979065
3.1004944, -10.524918, 0.66200256
3.031067, -10.372879, 0.628479
2.8933868, -10.211273, 0.62249756
2.7640991, -10.008957, 0.5997467
2.6515808, -9.799469, 0.5877838
2.5402527, -9.569626, 0.56144714
2.443283, -9.384079, 0.5315094
2.4121552, -9.278732, 0.55784607
2.363083, -9.131485, 0.5482788
2.3115997, -9.093185, 0.533905
2.3139954, -9.103958, 0.5506592
2.3582916, -9.121902, 0.4632721
2.4085693, -9.154236, 0.46687317
2.4552612, -9.229645, 0.47883606
2.5605927, -9.308655, 0.48841858
2.6467896, -9.430756, 0.50756836
2.7605133, -9.5169525, 0.549469
2.8670502, -9.539703, 0.56622314
2.920929, -9.550476, 0.60214233
3.0190887, -9.528915, 0.6260834
3.032257, -9.50618, 0.6320648
3.099289, -9.447525, 0.6607971
3.1040802, -9.376892, 0.6248932
3.1088715, -9.261963, 0.62727356
3.0980988, -9.154236, 0.6979065
3.1328125, -9.075226, 0.70150757
3.193863, -9.040512, 0.7254486
3.210617, -9.018951, 0.73501587
3.210617, -9.03093, 0.75057983
3.296814, -9.054871, 0.79367065
3.3889923, -9.131485, 0.7757263
3.4991302, -9.226059, 0.7553711
3.5996857, -9.32901, 0.762558
3.712204, -9.421188, 0.76135254
3.7864227, -9.52533, 0.77931213
3.8833923, -9.645035, 0.7338257
3.949234, -9.740814, 0.73143005
3.9875488, -9.738419, 0.707489
4.0150757, -9.6953125, 0.67277527
4.003113, -9.64743, 0.65122986
3.964798, -9.58519, 0.61650085
3.9217072, -9.510971, 0.5817871
3.8498688, -9.399643, 0.5518646
3.8019867, -9.294296, 0.5626373
3.751709, -9.214081, 0.5051727
3.7098083, -9.127899, 0.4584961
3.6547546, -9.093185, 0.3866577
3.6415863, -9.078812, 0.33758545
3.628418, -9.09198, 0.3148346
3.6224213, -9.118317, 0.25138855
3.6152496, -9.163803, 0.18675232
3.5841217, -9.199722, 0.1197052
3.585312, -9.228455, 0.084991455
3.5709534, -9.282318, 0.0035858154
3.5924988, -9.314636, -0.073028564
3.5446167, -9.364914, -0.1663971
3.5110931, -9.349365, -0.16400146
3.4680023, -9.32901, -0.2454071
3.4452515, -9.343369, -0.33877563
3.399765, -9.318237, -0.45729065
3.313568, -9.285904, -0.52552795
3.2393494, -9.253586, -0.6033325
3.1615448, -9.204514, -0.6967163
3.114853, -9.20929, -0.7266388
3.0693665, -9.198517, -0.81762695
2.999939, -9.179367, -0.8535309
2.9628296, -9.191345, -0.8774719
2.94487, -9.2200775, -0.87028503
2.8646698, -9.254791, -0.85113525
2.8610687, -9.284714, -0.7984619
2.8598785, -9.324219, -0.75297546
2.8251648, -9.345764, -0.6895294
2.8143768, -9.363724, -0.60572815
2.810791, -9.3984375, -0.5590515
2.7760773, -9.436752, -0.47764587
2.7653046, -9.435547, -0.36990356
2.7988281, -9.430756, -0.27293396
2.7461548, -9.410416, -0.18914795
2.7593231, -9.384079, -0.077804565
2.7640991, -9.42717, -0.022750854
2.762909, -9.410416, 0.02154541
2.771286, -9.406815, 0.09815979
2.7964325, -9.429565, 0.23822021
2.8167725, -9.445129, 0.31962585
2.8335419, -9.455902, 0.37709045
2.8526917, -9.4774475, 0.45729065
2.9017792, -9.463089, 0.5087738
2.898178, -9.497803, 0.54707336
2.9089508, -9.455902, 0.56622314
2.9352875, -9.465469, 0.5973511
2.9257202, -9.490616, 0.62368774
2.9723969, -9.495407, 0.6823425
2.9400787, -9.458298, 0.7362213
2.936493, -9.455902, 0.76734924
2.94487, -9.439133, 0.8044586
2.9304962, -9.436752, 0.7649536
2.936493, -9.455902, 0.7266388
2.917328, -9.433151, 0.73861694
2.9161377, -9.44632, 0.786499
2.9592285, -9.451111, 0.7960663
2.9700012, -9.455902, 0.786499
2.9879608, -9.452301, 0.82121277
2.9556427, -9.463089, 0.77212524
2.9592285, -9.465469, 0.77093506
2.9281158, -9.464279, 0.79966736
2.9304962, -9.4379425, 0.82240295
2.9197235, -9.449921, 0.82240295
2.881424, -9.479843, 0.78889465
2.8766327, -9.436752, 0.80804443
2.9005737, -9.400833, 0.806839
2.8598785, -9.391251, 0.8056488
2.8862152, -9.39006, 0.81044006
2.9017792, -9.373306, 0.78889465
2.8909912, -9.3589325, 0.7733307
2.8718414, -9.361328, 0.8140259
2.8491058, -9.385269, 0.7733307
2.8562775, -9.350555, 0.7577667
2.889801, -9.364914, 0.7972717
2.9005737, -9.403229, 0.746994
2.9077606, -9.368515, 0.746994
2.9328918, -9.352951, 0.78289795
2.9065552, -9.391251, 0.7805023
2.9340973, -9.373306, 0.8379669
2.9328918, -9.323029, 0.8056488
2.9149475, -9.314636, 0.7960663
2.9508514, -9.2883, 0.7876892
2.953247, -9.285904, 0.79966736
2.9616241, -9.270355, 0.84036255
2.9580383, -9.270355, 0.826004
2.9592285, -9.261963, 0.80085754
2.956833, -9.270355, 0.8200073
3.031067, -9.272736, 0.8092346
3.0490112, -9.287109, 0.80085754
3.047821, -9.315842, 0.81163025
3.0621796, -9.30986, 0.81762695
3.1016846, -9.30986, 0.82240295
3.1040802, -9.333801, 0.8164215
3.1340027, -9.338577, 0.79966736
3.1399994, -9.345764, 0.8355713
3.1447906, -9.313446, 0.82958984
3.166336, -9.283524, 0.7912903
3.142395, -9.296692, 0.75057983
3.1495667, -9.287109, 0.7685394
3.1842957, -9.227249, 0.8032532
3.1531677, -9.23085, 0.74220276
3.1603394, -9.239227, 0.69911194
3.1687317, -9.2404175, 0.72784424
3.1687317, -9.25, 0.7182617
3.2130127, -9.226059, 0.70628357
3.245346, -9.25, 0.7266388
3.2764587, -9.265564, 0.683548
3.336319, -9.2799225, 0.65242004
3.348297, -9.273941, 0.6260834
3.3794098, -9.323029, 0.5913696
3.3878021, -9.337387, 0.5901642
3.4273071, -9.376892, 0.60214233
3.4691925, -9.352951, 0.5686188
3.4919434, -9.36731, 0.52671814
3.4835663, -9.336197, 0.47644043
3.4811707, -9.324219, 0.4620819
3.5206757, -9.301468, 0.40940857
3.542221, -9.308655, 0.37948608
3.530243, -9.317032, 0.32081604
3.526657, -9.295486, 0.23942566
3.5757446, -9.293091, 0.16520691
3.5996857, -9.26915, 0.120910645
3.6080627, -9.282318, 0.020355225
3.6176453, -9.326614, -0.07421875
3.6320038, -9.361328, -0.17837524
3.6547546, -9.339783, -0.2669525
3.688263, -9.317032, -0.41299438
3.7301636, -9.318237, -0.51834106
3.7134094, -9.307465, -0.60214233
3.7086182, -9.315842, -0.7517853
3.7289734, -9.277527, -0.8846588
3.7182007, -9.229645, -0.9337311
3.7014313, -9.202118, -1.0343018
3.6786957, -9.199722, -1.1312561
3.69664, -9.156631, -1.1911163
3.683487, -9.133881, -1.217453
3.7110138, -9.138672, -1.296463
3.6822815, -9.1458435, -1.2162476
3.6583405, -9.1410675, -1.1611938
3.645172, -9.173386, -1.0797882
3.6547546, -9.18895, -0.9540863
3.6595306, -9.198517, -0.846344
3.6308136, -9.253586, -0.7158661
3.6068573, -9.26915, -0.59495544
3.612854, -9.293091, -0.46806335
3.5601807, -9.291901, -0.40701294
3.5374298, -9.307465, -0.30885315
3.541031, -9.324219, -0.22625732
3.5122986, -9.334991, -0.13168335
3.4823608, -9.366119, -0.027526855
3.4775848, -9.337387, 0.03591919
3.4524384, -9.334991, 0.087387085
3.3937836, -9.352951, 0.13168335
3.3638458, -9.351746, 0.16281128
3.3554688, -9.338577, 0.23223877
3.3459015, -9.350555, 0.29447937
3.296814, -9.34697, 0.30645752
3.2597046, -9.34697, 0.3148346
3.2465363, -9.379288, 0.3148346
3.2201996, -9.391251, 0.35075378
3.245346, -9.419983, 0.3902588
3.2441406, -9.433151, 0.37948608
3.2429504, -9.422379, 0.38546753
3.2309723, -9.418793, 0.39982605
3.190277, -9.42598, 0.4513092
3.1639404, -9.416397, 0.4189911
3.138794, -9.40921, 0.47166443
3.1399994, -9.374496, 0.4740448
3.126831, -9.370911, 0.48483276
3.1352081, -9.360138, 0.52671814
3.111267, -9.355347, 0.4812317
3.0825348, -9.321823, 0.5123596
3.0669708, -9.317032, 0.5410919
3.04422, -9.3302, 0.5087738
3.0573883, -9.31105, 0.53630066
3.0813446, -9.331406, 0.5686188
3.0933075, -9.307465, 0.5674286
3.0980988, -9.332596, 0.59495544
3.0849304, -9.360138, 0.58418274
3.111267, -9.373306, 0.5626373
3.1136627, -9.376892, 0.58418274
3.1292267, -9.357742, 0.5925598
3.111267, -9.405624, 0.61650085
3.1076813, -9.387665, 0.64404297
3.099289, -9.3194275, 0.67277527
3.0885162, -9.321823, 0.6751709
3.0621796, -9.325409, 0.7050934
3.0561981, -9.289505, 0.66677856
3.0538025, -9.276337, 0.70388794
3.0645752, -9.272736, 0.74938965
3.0681763, -9.26915, 0.7338257
3.1136627, -9.26796, 0.7302246
3.0861206, -9.248795, 0.73861694
3.099289, -9.254791, 0.7146759
3.0933075, -9.285904, 0.6799469
3.0921173, -9.297882, 0.6871338
3.1064758, -9.293091, 0.70628357
3.126831, -9.324219, 0.67396545
3.1256256, -9.317032, 0.67277527
3.118454, -9.31105, 0.6907196
3.1519623, -9.317032, 0.6548157
3.1854858, -9.320633, 0.66319275
3.1890717, -9.302673, 0.6655884
3.1459808, -9.3302, 0.64523315
3.147171, -9.302673, 0.6069336
3.166336, -9.295486, 0.5901642
3.1411896, -9.270355, 0.6188965
3.1459808, -9.282318, 0.6081238
3.166336, -9.282318, 0.58418274
3.1651306, -9.302673, 0.60095215
3.241745, -9.295486, 0.5398865
3.2621002, -9.325409, 0.5602417
3.2680817, -9.333801, 0.5410919
3.2632904, -9.320633, 0.52194214
3.3111877, -9.321823, 0.5590515
3.3063965, -9.313446, 0.48960876
3.3327332, -9.312241, 0.5135498
3.3626556, -9.301468, 0.4800415
3.3399048, -9.300278, 0.48362732
3.3554688, -9.290695, 0.4620819
3.3865967, -9.266754, 0.37828064
3.3925781, -9.271545, 0.37948608
3.3985748, -9.295486, 0.35075378
3.4500427, -9.306259, 0.29808044
3.4739838, -9.270355, 0.2753296
3.4739838, -9.276337, 0.20350647
3.5051117, -9.283524, 0.22026062
3.4991302, -9.283524, 0.15322876
3.5146942, -9.306259, 0.11013794
3.526657, -9.306259, 0.04069519
3.5589752, -9.31105, -0.08140564
3.549408, -9.291901, -0.14964294
3.557785, -9.303864, -0.22625732
3.5709534, -9.287109, -0.28849792
3.5685577, -9.278732, -0.35075378
3.5482025, -9.248795, -0.4620819
3.5625763, -9.2404175, -0.5961609
3.6140442, -9.223663, -0.68473816
3.6116486, -9.218872, -0.72784424
3.6068573, -9.198517, -0.7972717
3.5901031, -9.197327, -0.89782715
3.605667, -9.175781, -1.0019684
3.633194, -9.174576, -1.043869
3.6152496, -9.181763, -1.0366821
3.59729, -9.17099, -1.0881653
3.5913086, -9.157822, -1.0474701
3.5446167, -9.1805725, -0.980423
3.5505981, -9.205704, -0.8643036
3.5709534, -9.226059, -0.73143005
3.605667, -9.252396, -0.6141052
3.5877075, -9.26915, -0.5231323
3.5482025, -9.270355, -0.4010315
3.5386353, -9.284714, -0.2633667
3.5637665, -9.2643585, -0.20469666
3.4979248, -9.307465, -0.15083313
3.4835663, -9.300278, -0.01675415
3.470398, -9.300278, 0.010772705
3.4129333, -9.291901, 0.061050415
3.4105377, -9.324219, 0.1197052
3.3973694, -9.308655, 0.16281128
3.3770142, -9.295486, 0.23223877
3.3159637, -9.323029, 0.2454071
3.312378, -9.334991, 0.27653503
3.2824554, -9.318237, 0.3244171
3.2465363, -9.297882, 0.35194397
3.2704773, -9.332596, 0.38067627
3.2585144, -9.332596, 0.39743042
3.2549133, -9.324219, 0.40701294
3.2513275, -9.349365, 0.41299438
3.2273865, -9.313446, 0.46806335
3.1878815, -9.307465, 0.4908142
3.1926727, -9.312241, 0.5123596
3.1711273, -9.284714, 0.5315094
3.1854858, -9.276337, 0.533905
3.2070312, -9.26915, 0.51594543
3.178299, -9.296692, 0.5566559
3.1795044, -9.303864, 0.5458832
3.20224, -9.283524, 0.54707336
3.2309723, -9.305069, 0.5458832
3.2764587, -9.308655, 0.5386963
3.2800598, -9.336197, 0.59376526
3.269287, -9.350555, 0.58418274
3.2716827, -9.32901, 0.5422821
3.2644958, -9.326614, 0.54707336
3.28125, -9.299072, 0.56144714
3.2704773, -9.252396, 0.5901642
3.26091, -9.255981, 0.6033325
3.2525177, -9.203308, 0.5805969
3.26091, -9.216476, 0.56622314
3.2537231, -9.229645, 0.5782013
3.2393494, -9.210495, 0.5877838
3.2393494, -9.229645, 0.5530548
3.2680817, -9.257187, 0.5315094
3.324356, -9.303864, 0.5315094
3.3195648, -9.2883, 0.52671814
3.3219604, -9.282318, 0.53271484
3.3303375, -9.324219, 0.48841858
3.3219604, -9.290695, 0.50038147
3.3111877, -9.313446, 0.48841858
3.2908325, -9.293091, 0.47764587
3.3063965, -9.260773, 0.4513092
3.2860413, -9.2643585, 0.44293213
3.2740784, -9.238022, 0.40940857
3.26091, -9.228455, 0.46087646
3.2597046, -9.25119, 0.4046173
3.2740784, -9.236832, 0.38067627
3.3063965, -9.25, 0.37109375
3.3267365, -9.275131, 0.36271667
3.3231506, -9.2799225, 0.3423767
3.3423004, -9.289505, 0.32202148
3.36026, -9.320633, 0.35794067
3.3746338, -9.285904, 0.31843567
3.3327332, -9.303864, 0.3028717
3.3638458, -9.300278, 0.29808044
3.3830109, -9.275131, 0.28730774
3.3985748, -9.291901, 0.27893066
3.3650513, -9.261963, 0.25138855
3.3806152, -9.25119, 0.24780273
3.4021606, -9.247604, 0.2346344
3.4045563, -9.26796, 0.22744751
3.4177246, -9.26796, 0.19871521
3.4344788, -9.2643585, 0.20469666
3.4021606, -9.283524, 0.19392395
3.4177246, -9.2799225, 0.14724731
3.4680023, -9.263168, 0.17956543
3.4667969, -9.291901, 0.1879425
3.4727936, -9.32901, 0.1663971
3.485962, -9.337387, 0.17477417
3.4512482, -9.312241, 0.14006042
3.406952, -9.321823, 0.094573975
3.3937836, -9.295486, 0.099365234
3.3530731, -9.277527, 0.0909729
3.3818054, -9.287109, 0.09576416
3.3494873, -9.254791, 0.104141235
3.3578644, -9.290695, 0.10774231
3.408142, -9.3302, 0.07661438
3.4225159, -9.312241, 0.03831482
3.3961792, -9.324219, 0.05027771
3.3231506, -9.294296, 0.068237305
3.2932281, -9.273941, 0.05027771
3.2992096, -9.277527, 0.06703186
3.265686, -9.263168, 0.053863525
3.2668915, -9.261963, 0.05267334
3.2920227, -9.25119, 0.046691895
3.3027954, -9.248795, 0.070632935
3.305191, -9.273941, 0.07661438
3.284851, -9.297882, 0.05986023
3.3003998, -9.266754, 0.05267334
3.2764587, -9.258377, 0.065841675
3.257309, -9.287109, 0.06225586
3.2513275, -9.306259, 0.06463623
3.2860413, -9.301468, 0.113723755
3.2824554, -9.300278, 0.12210083
3.2644958, -9.323029, 0.106536865
3.2944183, -9.315842, 0.14006042
3.2716827, -9.293091, 0.15203857
3.2597046, -9.260773, 0.1304779
3.2525177, -9.290695, 0.17118835
3.250122, -9.276337, 0.20111084
3.245346, -9.272736, 0.17237854
3.3016052, -9.26796, 0.20829773
3.2872314, -9.284714, 0.18675232
3.2836456, -9.301468, 0.23822021
3.2632904, -9.275131, 0.25737
3.2585144, -9.265564, 0.2669525
3.2668915, -9.26915, 0.28251648
3.296814, -9.294296, 0.2669525
3.2788544, -9.285904, 0.28849792
3.2992096, -9.294296, 0.28012085
3.312378, -9.277527, 0.3423767
3.3339233, -9.260773, 0.3028717
3.3315277, -9.277527, 0.31124878
3.3614655, -9.270355, 0.31723022
3.3638458, -9.281128, 0.35673523
3.3614655, -9.248795, 0.36871338
3.3315277, -9.254791, 0.36392212
3.3003998, -9.235626, 0.3531494
3.327942, -9.228455, 0.36750793
3.320755, -9.227249, 0.36750793
3.3459015, -9.236832, 0.36631775
3.289627, -9.270355, 0.3902588
3.324356, -9.275131, 0.35194397
3.3925781, -9.296692, 0.35794067
3.4021606, -9.323029, 0.34835815
3.3937836, -9.301468, 0.33638
3.4033508, -9.296692, 0.27893066
3.3806152, -9.301468, 0.30166626
3.3961792, -9.290695, 0.2741394
3.391388, -9.261963, 0.2561798
3.3794098, -9.290695, 0.23703003
3.327942, -9.257187, 0.25019836
3.3494873, -9.252396, 0.23703003
3.3806152, -9.236832, 0.25019836
3.3854065, -9.215286, 0.21427917
3.3937836, -9.229645, 0.18554688
3.4249115, -9.227249, 0.2166748
3.4225159, -9.234436, 0.21907043
3.4201202, -9.242813, 0.2166748
3.4380798, -9.253586, 0.19992065
3.3973694, -9.2404175, 0.19631958
3.4045563, -9.245209, 0.17597961
3.3925781, -9.246414, 0.17837524
3.4249115, -9.257187, 0.18435669
3.415329, -9.25119, 0.18914795
3.3865967, -9.234436, 0.1879425
3.4009705, -9.239227, 0.18435669
3.384201, -9.238022, 0.18315125
3.3889923, -9.23204, 0.2059021
3.4249115, -9.253586, 0.1663971
3.3889923, -9.2595825, 0.19992065
3.408142, -9.258377, 0.23103333
3.4105377, -9.246414, 0.23822021
3.4117432, -9.253586, 0.2561798
3.4117432, -9.270355, 0.2861023
3.4296875, -9.255981, 0.27293396
3.4332886, -9.248795, 0.31723022
3.4428558, -9.258377, 0.36032104
3.4344788, -9.239227, 0.36750793
3.4213104, -9.257187, 0.43814087
3.4320831, -9.272736, 0.42138672

