x : y : Z 
5.3749847, -8.0624695, 1.1324615
5.380966, -8.064865, 1.1288605
5.3773804, -8.079239, 1.1013336
5.3893433, -8.066071, 1.0773926
5.3893433, -8.063675, 1.098938
5.419281, -8.1019745, 1.1156921
5.4336395, -8.10437, 1.1085205
5.483917, -8.109161, 1.2042847
5.5198364, -8.107971, 1.2378082
5.538986, -8.117538, 1.2593536
5.5641174, -8.124725, 1.2820892
5.5629272, -8.105576, 1.2892761
5.5713043, -8.093597, 1.2689209
5.6156006, -8.118744, 1.3036499
5.597641, -8.12352, 1.2437897
5.597641, -8.087616, 1.2378082
5.628769, -8.080429, 1.2773132
5.613205, -8.098389, 1.2868805
5.5533447, -8.105576, 1.2354126
5.501877, -8.078033, 1.2078705
5.5078583, -8.100784, 1.1851349
5.4372253, -8.079239, 1.1899109
5.41568, -8.087616, 1.1551971
5.412094, -8.08522, 1.1240845
5.376175, -8.052902, 1.1204834
5.3498383, -8.045715, 1.1192932
5.2875977, -8.067261, 1.1252747
5.2720337, -8.080429, 1.0486603
5.31752, -8.079239, 1.0330963
5.331894, -8.087616, 1.0797882
5.3115387, -8.106766, 1.0666199
5.2828064, -8.098389, 1.0773926
5.3031616, -8.106766, 1.0893555
5.331894, -8.111557, 1.0726013
5.3271027, -8.113953, 1.1875305
5.360611, -8.157043, 1.2054749
5.4025116, -8.177399, 1.1983032
5.400116, -8.165421, 1.2366028
5.3905487, -8.173798, 1.2342072
5.467163, -8.194153, 1.2042847
5.5210266, -8.177399, 1.1528015
5.5042725, -8.153458, 1.1420288
5.515045, -8.160629, 1.0618286
5.5485687, -8.140289, 1.0558472
5.5210266, -8.12233, 1.0570374
5.4922943, -8.107971, 1.0247192
5.4958954, -8.079239, 1.0809784
5.503067, -8.100784, 1.0821838
5.470749, -8.074448, 1.0307007
5.455185, -8.069656, 1.0498505
5.431244, -8.072052, 1.1073151
5.4096985, -8.080429, 1.0869751
5.391739, -8.10437, 1.1121063
5.3737793, -8.072052, 1.1731567
5.376175, -8.0624695, 1.1504211
5.380966, -8.055298, 1.138443
5.3390656, -8.088806, 1.1288605
5.3426666, -8.088806, 1.1204834
5.4025116, -8.084015, 1.1312561
5.41568, -8.080429, 1.114502
5.3690033, -8.0816345, 1.1192932
5.4575806, -8.070847, 1.1348572
5.462372, -8.095993, 1.1252747
5.4492035, -8.079239, 1.1180878
5.487503, -8.078033, 1.1132965
5.506668, -8.0469055, 1.1408386
5.5126495, -8.051697, 1.1444244
5.517441, -8.02417, 1.1444244
5.522232, -8.030151, 1.1528015
5.5210266, -8.056488, 1.1408386
5.5234222, -8.056488, 1.1551971
5.5449677, -8.039734, 1.1839294
5.5354004, -8.0816345, 1.1875305
5.517441, -8.092407, 1.1803436
5.498291, -8.069656, 1.1492157
5.522232, -8.090012, 1.1300659
5.5138397, -8.125916, 1.1839294
5.510254, -8.119934, 1.1492157
5.5282135, -8.130707, 1.1743622
5.537796, -8.127121, 1.1803436
5.534195, -8.12352, 1.1599884
5.499481, -8.106766, 1.1276703
5.4803314, -8.097183, 1.0881653
5.499481, -8.131912, 1.1575928
5.4611816, -8.136688, 1.1216888
5.439621, -8.117538, 1.1025238
5.419281, -8.147461, 1.1132965
5.4252625, -8.117538, 1.059433
5.372589, -8.133102, 1.019928
5.3630066, -8.160629, 1.06781
5.325897, -8.134308, 1.043869
5.304352, -8.12114, 1.0390778
5.2828064, -8.143875, 1.0726013
5.25766, -8.088806, 1.028305
5.2109833, -8.095993, 1.0690155
5.1714783, -8.075638, 1.0917511
5.151123, -8.063675, 1.0929565
5.15831, -8.073242, 1.0738068
5.1930237, -8.070847, 1.1180878
5.213379, -8.076843, 1.1109161
5.276825, -8.095993, 1.1456299
5.3534393, -8.118744, 1.1085205
5.4611816, -8.125916, 1.0845795
5.5246277, -8.145081, 1.1168976
5.612015, -8.172607, 1.1085205
5.640732, -8.173798, 1.0738068
5.680237, -8.175003, 1.0893555
5.7508698, -8.161835, 1.0845795
5.787979, -8.157043, 1.0917511
5.7508698, -8.099579, 1.0905609
5.740097, -8.094803, 1.1025238
5.728134, -8.084015, 1.1216888
5.707779, -8.027756, 1.1300659
5.6658783, -8.00502, 1.1611938
5.5928497, -7.985855, 1.1599884
5.609619, -7.969101, 1.1767426
5.550949, -7.9439545, 1.1947021
5.479126, -7.921219, 1.1899109
5.463562, -7.957123, 1.2102661
5.41568, -7.9798737, 1.1683655
5.3701935, -8.02536, 1.1803436
5.312729, -8.044525, 1.201889
5.2744293, -8.087616, 1.2294159
5.2109833, -8.111557, 1.1970978
5.2720337, -8.130707, 1.1528015
5.300766, -8.151062, 1.154007
5.276825, -8.186966, 1.1923065
5.340271, -8.185776, 1.2318115
5.3857574, -8.194153, 1.1551971
5.384552, -8.207321, 1.122879
5.384552, -8.177399, 1.1013336
5.4252625, -8.186966, 1.0761871
5.458786, -8.1809845, 1.1121063
5.431244, -8.173798, 1.1025238
5.41568, -8.167816, 1.0845795
5.4288483, -8.167816, 1.0714111
5.4061127, -8.134308, 1.0761871
5.4324493, -8.112747, 1.0546417
5.3869476, -8.129517, 1.0642242
5.420471, -8.129517, 1.0797882
5.4372253, -8.100784, 1.098938
5.419281, -8.1019745, 1.0522461
5.427658, -8.116348, 1.0654144
5.404907, -8.092407, 1.0462646
5.404907, -8.087616, 0.9971924
5.4336395, -8.08522, 1.0606384
5.4132843, -8.107971, 1.0366821
5.4492035, -8.118744, 1.0235138
5.4132843, -8.130707, 1.0378876
5.41568, -8.12114, 1.0247192
5.412094, -8.133102, 1.028305
5.422867, -8.137894, 1.0127411
5.3690033, -8.131912, 0.99479675
5.359421, -8.186966, 0.96006775
5.364212, -8.154648, 0.9708557
5.364212, -8.163025, 0.9924011
5.3666077, -8.18219, 0.98760986
5.3690033, -8.16423, 0.98521423
5.3749847, -8.163025, 0.9816284
5.3869476, -8.178589, 1.0031738
5.383362, -8.160629, 1.0079651
5.400116, -8.149857, 0.9732361
5.4108887, -8.16423, 0.9864044
5.39534, -8.166626, 0.980423
5.4132843, -8.171417, 0.95887756
5.444412, -8.171417, 0.9684601
5.4480133, -8.165421, 1.0067596
5.462372, -8.176193, 1.0295105
5.455185, -8.167816, 0.9684601
5.4480133, -8.177399, 0.98521423
5.424057, -8.161835, 0.9971924
5.451599, -8.157043, 0.9816284
5.4527893, -8.170212, 0.9864044
5.4336395, -8.161835, 0.9900055
5.41568, -8.152252, 0.9971924
5.412094, -8.163025, 0.98760986
5.3737793, -8.175003, 0.964859
5.3785706, -8.160629, 0.980423
5.3749847, -8.178589, 0.9744415
5.3498383, -8.153458, 0.9924011
5.331894, -8.170212, 1.0055695
5.3378754, -8.214508, 0.99957275
5.3534393, -8.204926, 0.99957275
5.325897, -8.20253, 0.98760986
5.2995605, -8.18338, 0.99957275
5.2995605, -8.177399, 1.0031738
5.2947845, -8.20134, 1.0259094
5.2995605, -8.214508, 1.0378876
5.2720337, -8.196548, 1.0319061
5.3031616, -8.190567, 1.0486603
5.3354797, -8.185776, 1.0031738
5.3271027, -8.167816, 1.0127411
5.3426666, -8.170212, 1.0319061
5.3450623, -8.157043, 1.0151367
5.3103333, -8.169022, 1.0330963
5.321106, -8.160629, 0.9900055
5.3294983, -8.163025, 0.964859
5.3462524, -8.149857, 0.9468994
5.328293, -8.165421, 0.9421234
5.3426666, -8.16423, 0.97683716
5.324707, -8.175003, 0.99838257
5.341461, -8.172607, 0.98402405
5.376175, -8.158249, 0.9935913
5.3546295, -8.18338, 1.0163422
5.3618164, -8.157043, 0.98760986
5.4025116, -8.158249, 1.0163422
5.400116, -8.160629, 1.0187378
5.383362, -8.1809845, 1.0259094
5.422867, -8.157043, 1.0426788
5.4216766, -8.160629, 1.0007782
5.4252625, -8.153458, 1.0307007
5.422867, -8.153458, 0.9744415
5.4492035, -8.176193, 1.0007782
5.4767303, -8.167816, 1.0031738
5.424057, -8.160629, 1.0007782
5.434845, -8.155853, 0.9756317
5.444412, -8.151062, 0.9505005
5.4372253, -8.143875, 0.97683716
5.403717, -8.1414795, 1.0271149
5.412094, -8.154648, 1.0271149
5.4108887, -8.125916, 1.0163422
5.4013214, -8.131912, 0.98402405
5.371399, -8.111557, 1.0127411
5.3785706, -8.118744, 1.0462646
5.379776, -8.158249, 1.0247192
5.3498383, -8.161835, 0.98880005
5.364212, -8.142685, 0.9828186
5.372589, -8.112747, 1.0414734
5.3294983, -8.146271, 1.0546417
5.33667, -8.128311, 1.0271149
5.388153, -8.12352, 1.035492
5.3462524, -8.099579, 1.0378876
5.3498383, -8.087616, 1.0330963
5.3737793, -8.118744, 1.0402832
5.3498383, -8.107971, 1.0211334
5.3857574, -8.110352, 1.059433
5.427658, -8.146271, 1.0570374
5.422867, -8.148666, 1.043869
5.4539948, -8.135498, 1.06781
5.4731445, -8.146271, 1.0510559
5.4922943, -8.137894, 1.0881653
5.4922943, -8.131912, 1.0797882
5.49469, -8.147461, 1.0606384
5.499481, -8.12114, 1.0738068
5.4887085, -8.098389, 1.06781
5.4898987, -8.124725, 1.0426788
5.4611816, -8.112747, 1.0690155
5.47554, -8.1019745, 1.0307007
5.427658, -8.084015, 1.0091553
5.4420166, -8.105576, 1.0474701
5.431244, -8.116348, 1.0797882
5.446808, -8.12114, 1.043869
5.4539948, -8.118744, 1.043869
5.451599, -8.131912, 1.0510559
5.4372253, -8.142685, 1.083374
5.438431, -8.161835, 1.0809784
5.4300537, -8.172607, 1.0809784
5.4096985, -8.139084, 1.0726013
5.4264526, -8.124725, 1.0642242
5.4324493, -8.117538, 1.0809784
5.379776, -8.128311, 1.0271149
5.376175, -8.110352, 1.028305
5.33667, -8.08522, 1.0187378
5.3498383, -8.076843, 1.0235138
5.376175, -8.107971, 1.0163422
5.3701935, -8.119934, 1.0223236
5.3857574, -8.117538, 1.0390778
5.371399, -8.105576, 0.98760986
5.398926, -8.117538, 0.9900055
5.3977203, -8.124725, 1.0271149
5.388153, -8.128311, 0.98880005
5.4264526, -8.148666, 1.0079651
5.422867, -8.135498, 1.0115509
5.4803314, -8.159439, 0.9911957
5.4492035, -8.173798, 0.99598694
5.4264526, -8.128311, 0.99838257
5.4503937, -8.112747, 1.0319061
5.4539948, -8.130707, 1.0307007
5.451599, -8.135498, 1.0510559
5.446808, -8.097183, 0.99838257
5.4336395, -8.105576, 0.9732361
5.403717, -8.149857, 0.9756317
5.407303, -8.149857, 0.98402405
5.4132843, -8.1414795, 0.9720459
5.4085083, -8.170212, 0.964859
5.380966, -8.175003, 0.9576874
5.379776, -8.149857, 0.9864044
5.3905487, -8.161835, 0.96006775
5.355835, -8.173798, 0.9708557
5.372589, -8.20134, 0.9684601
5.379776, -8.196548, 0.9900055
5.367798, -8.184586, 0.98760986
5.359421, -8.190567, 0.98880005
5.341461, -8.184586, 0.97683716
5.3534393, -8.171417, 0.93852234
5.360611, -8.152252, 0.9457092
5.383362, -8.176193, 0.99479675
5.3546295, -8.169022, 0.964859
5.364212, -8.142685, 0.9624634
5.365402, -8.145081, 0.94929504
5.3749847, -8.171417, 0.92655945
5.364212, -8.16423, 0.95648193
5.3737793, -8.143875, 0.9421234
5.3618164, -8.190567, 0.9624634
5.333084, -8.173798, 0.94091797
5.3690033, -8.139084, 0.9169769
5.3749847, -8.18338, 0.92774963
5.352234, -8.184586, 0.91218567
5.3785706, -8.189362, 0.9732361
5.384552, -8.171417, 0.9612732
5.3905487, -8.206131, 0.9433136
5.3534393, -8.173798, 0.95648193
5.379776, -8.155853, 0.94091797
5.400116, -8.161835, 0.9612732
5.384552, -8.165421, 0.9900055
5.4085083, -8.159439, 0.98521423
5.3785706, -8.133102, 0.99479675
5.391739, -8.139084, 0.95648193
5.4108887, -8.1414795, 0.92774963
5.371399, -8.12233, 0.9612732
5.398926, -8.148666, 1.0115509
5.3941345, -8.117538, 0.98521423
5.3785706, -8.111557, 0.9708557
5.388153, -8.12352, 0.9576874
5.39534, -8.140289, 0.9636688
5.391739, -8.133102, 1.0079651
5.4144897, -8.111557, 0.9816284
5.39534, -8.12233, 0.9900055
5.3929443, -8.112747, 1.0163422
5.403717, -8.12352, 1.0187378
5.444412, -8.146271, 0.9971924
5.4695587, -8.151062, 1.0079651
5.4492035, -8.140289, 1.0031738
5.4743347, -8.177399, 1.0067596
5.4336395, -8.166626, 1.0019684
5.4264526, -8.18338, 1.004364
5.455185, -8.195358, 1.0151367
5.459976, -8.188171, 1.0067596
5.400116, -8.204926, 1.0127411
5.388153, -8.210922, 1.0235138
5.4096985, -8.194153, 0.9971924
5.4025116, -8.188171, 0.980423
5.3498383, -8.167816, 0.9684601
5.367798, -8.179794, 1.0055695
5.3306885, -8.146271, 1.0103607
5.319916, -8.127121, 0.9636688
5.325897, -8.151062, 0.9516907
5.3055573, -8.106766, 0.9636688
5.3151245, -8.111557, 0.9229584
5.2911835, -8.118744, 0.9325409
5.328293, -8.107971, 0.9816284
5.343857, -8.115143, 0.9744415
5.352234, -8.109161, 0.95887756
5.3869476, -8.1414795, 0.920578
5.3690033, -8.166626, 0.9217682
5.3857574, -8.167816, 0.95648193
5.4013214, -8.175003, 0.95648193
5.407303, -8.196548, 0.9217682
5.420471, -8.184586, 0.9325409
5.427658, -8.210922, 0.9325409
5.383362, -8.221695, 0.92655945
5.4096985, -8.191757, 0.91578674
5.4085083, -8.185776, 0.9433136
5.412094, -8.179794, 0.9528961
5.4144897, -8.203735, 0.8930359
5.3857574, -8.186966, 0.9397278
5.403717, -8.137894, 0.9468994
5.3857574, -8.124725, 0.9576874
5.39653, -8.135498, 0.9612732
5.384552, -8.1019745, 0.94810486
5.365402, -8.105576, 0.95887756
5.3618164, -8.119934, 1.0007782
5.412094, -8.128311, 0.98880005
5.360611, -8.08522, 0.9624634
5.364212, -8.110352, 0.94810486
5.4061127, -8.1414795, 0.9708557
5.4013214, -8.131912, 0.9576874
5.412094, -8.149857, 0.9313507
5.404907, -8.169022, 0.90979004
5.4132843, -8.191757, 0.9684601
5.41568, -8.192963, 0.96006775
5.420471, -8.186966, 0.9217682
5.422867, -8.177399, 0.9612732
5.412094, -8.20134, 0.9229584
5.39534, -8.20134, 0.93014526
5.3666077, -8.213303, 0.96006775
5.3773804, -8.206131, 0.9337311
5.343857, -8.177399, 0.93852234
5.352234, -8.166626, 0.9026184
5.3342743, -8.140289, 0.9038086
5.3474426, -8.152252, 0.94929504
5.3354797, -8.160629, 0.920578
5.3079376, -8.186966, 0.90859985
5.3103333, -8.136688, 0.96965027
5.328293, -8.110352, 0.9337311
5.293579, -8.151062, 0.92655945
5.328293, -8.139084, 0.920578
5.297165, -8.139084, 0.9612732
5.3378754, -8.145081, 0.94810486
5.3378754, -8.165421, 0.97802734
5.364212, -8.175003, 0.9612732
5.340271, -8.196548, 0.9828186
5.3534393, -8.203735, 0.99479675
5.383362, -8.192963, 1.0019684
5.4132843, -8.188171, 0.9708557
5.412094, -8.177399, 0.9924011
5.4085083, -8.203735, 0.9900055
5.39653, -8.192963, 0.9864044
5.3905487, -8.173798, 0.9900055
5.379776, -8.166626, 0.9864044
5.383362, -8.166626, 0.9612732
5.388153, -8.135498, 0.96606445
5.357025, -8.117538, 0.9828186
5.3271027, -8.142685, 0.95887756
5.357025, -8.172607, 0.9828186
5.340271, -8.176193, 0.9576874
5.355835, -8.196548, 0.9325409
5.3534393, -8.206131, 0.98402405
5.376175, -8.190567, 0.9828186
5.3893433, -8.194153, 0.98880005
5.4108887, -8.194153, 1.0211334
5.3821716, -8.185776, 0.9900055
5.439621, -8.20134, 0.96725464
5.438431, -8.20134, 0.96006775
5.4288483, -8.165421, 0.925354
5.4300537, -8.137894, 0.96006775
5.3977203, -8.118744, 0.89782715
5.4288483, -8.074448, 0.93014526
5.407303, -8.0624695, 0.96606445
5.388153, -8.039734, 0.96006775
5.3929443, -8.069656, 0.94929504
5.403717, -8.0816345, 0.9720459
5.4144897, -8.088806, 1.0151367
5.422867, -8.088806, 1.0247192
5.419281, -8.1414795, 1.0474701
5.434845, -8.125916, 1.0139465
5.439621, -8.12233, 1.0414734
5.420471, -8.128311, 1.0247192
5.400116, -8.154648, 1.0067596
5.431244, -8.135498, 1.0115509
5.4731445, -8.112747, 1.019928
5.47554, -8.10318, 1.0378876
5.427658, -8.109161, 0.9828186
5.39653, -8.129517, 0.99598694
5.398926, -8.111557, 1.0378876
5.427658, -8.08522, 1.0319061
5.4180756, -8.113953, 1.0175323
5.4288483, -8.109161, 1.0630188
5.420471, -8.082825, 1.035492
5.398926, -8.116348, 1.035492
5.376175, -8.112747, 1.0319061
5.3941345, -8.110352, 1.0510559
5.4061127, -8.117538, 1.083374
5.4096985, -8.134308, 1.0714111
5.4216766, -8.113953, 1.0426788
5.407303, -8.107971, 1.0067596
5.4013214, -8.134308, 0.96965027
5.434845, -8.153458, 0.980423
5.4731445, -8.124725, 1.0211334
5.412094, -8.125916, 1.0175323
5.41568, -8.110352, 0.98521423
5.4408264, -8.088806, 1.0271149
5.4372253, -8.110352, 1.059433
5.4539948, -8.112747, 1.0402832
5.4420166, -8.094803, 1.0582428
5.4336395, -8.107971, 1.004364
5.3941345, -8.140289, 0.99598694
5.434845, -8.128311, 1.0115509
5.420471, -8.151062, 0.97802734
5.4252625, -8.10318, 0.980423
5.419281, -8.112747, 0.96725464
5.3893433, -8.12352, 0.9924011
5.3905487, -8.111557, 1.0211334
5.3773804, -8.152252, 1.0019684
5.355835, -8.146271, 1.0510559
5.367798, -8.10437, 1.0330963
5.391739, -8.161835, 1.0019684
5.4061127, -8.142685, 1.0067596
5.4132843, -8.137894, 0.98521423
5.4336395, -8.153458, 1.0151367
5.4264526, -8.1414795, 1.0079651
5.434845, -8.163025, 0.95887756
5.4132843, -8.137894, 0.9540863
5.4480133, -8.12233, 0.95648193
5.41568, -8.117538, 0.9900055
5.41568, -8.118744, 0.9792328
5.4216766, -8.100784, 0.98880005
5.39653, -8.12114, 0.9911957
5.3737793, -8.136688, 0.9756317
5.360611, -8.140289, 0.9935913
5.371399, -8.143875, 0.9911957
5.3618164, -8.12233, 0.9756317
5.384552, -8.158249, 0.980423
5.379776, -8.163025, 0.94810486
5.360611, -8.159439, 0.9720459
5.360611, -8.170212, 0.96725464
5.3821716, -8.151062, 0.96725464
5.3773804, -8.161835, 0.9684601
5.379776, -8.142685, 0.9744415
5.359421, -8.151062, 0.9612732
5.384552, -8.130707, 0.96725464
5.39534, -8.140289, 0.94929504
5.388153, -8.157043, 0.9289551
5.3929443, -8.153458, 0.9576874
5.384552, -8.154648, 0.9792328
5.403717, -8.158249, 0.9744415
5.422867, -8.129517, 0.95887756
5.4096985, -8.166626, 0.96006775
5.4336395, -8.173798, 0.9457092
5.4264526, -8.178589, 0.93733215
5.451599, -8.146271, 0.9361267
5.436035, -8.148666, 0.95887756
5.438431, -8.157043, 0.9457092
5.463562, -8.158249, 0.97683716
5.4503937, -8.118744, 0.9624634
5.451599, -8.170212, 0.964859
5.482727, -8.167816, 0.9612732
5.5114594, -8.143875, 1.0031738
5.4970856, -8.171417, 0.98880005
5.4563904, -8.151062, 1.0522461
5.4743347, -8.128311, 1.0606384
5.4492035, -8.090012, 1.0821838
5.436035, -8.099579, 1.0761871
5.412094, -8.127121, 1.0726013
5.419281, -8.10437, 1.1192932
5.427658, -8.066071, 1.1360474
5.3929443, -8.105576, 1.114502
5.4324493, -8.115143, 1.0869751
5.4336395, -8.100784, 1.0881653
5.4144897, -8.073242, 1.0893555
5.398926, -8.076843, 1.06781
5.3977203, -8.0816345, 1.0941467
5.3737793, -8.0816345, 1.0726013
5.391739, -8.100784, 1.059433
5.3857574, -8.095993, 1.0498505
5.367798, -8.100784, 1.0666199
5.3546295, -8.075638, 1.0606384
5.3342743, -8.12114, 1.059433
5.3498383, -8.119934, 1.1551971
5.352234, -8.131912, 1.1803436
5.3306885, -8.109161, 1.1528015
5.325897, -8.118744, 1.138443
5.341461, -8.136688, 1.0785828
5.4013214, -8.131912, 1.0163422
5.4180756, -8.152252, 1.0103607
5.434845, -8.1809845, 1.0307007
5.4647675, -8.157043, 1.0570374
5.486313, -8.146271, 1.028305
5.4611816, -8.157043, 1.035492
5.444412, -8.171417, 1.0271149
5.412094, -8.165421, 1.0510559
5.3666077, -8.163025, 1.0546417
5.4025116, -8.154648, 1.0690155
5.4132843, -8.148666, 1.0546417
5.4096985, -8.159439, 1.0366821
5.4216766, -8.157043, 0.9828186
5.4264526, -8.178589, 0.9900055
5.412094, -8.149857, 0.9792328
5.372589, -8.143875, 0.93733215
5.3785706, -8.173798, 0.9337311
5.3666077, -8.154648, 0.9720459
5.4096985, -8.18219, 0.9900055
5.3749847, -8.160629, 0.94929504
5.372589, -8.133102, 0.9971924
5.355835, -8.131912, 1.0151367
5.360611, -8.143875, 1.0271149
5.357025, -8.173798, 1.019928
5.3474426, -8.160629, 1.0115509
5.391739, -8.159439, 0.9900055
5.424057, -8.146271, 0.96606445
5.41568, -8.160629, 0.95529175
5.4132843, -8.179794, 0.96006775
5.4132843, -8.146271, 0.9612732
5.4144897, -8.125916, 0.9935913
5.3929443, -8.152252, 1.0007782
5.3749847, -8.140289, 1.0366821
5.3821716, -8.12114, 1.0474701
5.3450623, -8.1019745, 1.0630188
5.360611, -8.118744, 1.0630188
5.355835, -8.12352, 1.0175323
5.3773804, -8.133102, 1.0450745
5.388153, -8.152252, 1.0761871
5.376175, -8.175003, 1.0307007
5.365402, -8.18219, 1.0223236
5.355835, -8.177399, 1.0259094
5.400116, -8.200134, 1.0390778
5.407303, -8.198944, 1.0330963
5.4085083, -8.18338, 1.0295105
5.39653, -8.148666, 1.0235138
5.4061127, -8.1414795, 0.9911957
5.3690033, -8.116348, 0.9828186
5.3498383, -8.10318, 1.004364
5.3378754, -8.105576, 1.028305
5.3749847, -8.082825, 1.0187378
5.391739, -8.073242, 1.0366821
5.420471, -8.10437, 1.004364
5.427658, -8.095993, 1.0271149
5.479126, -8.094803, 1.028305
5.4851227, -8.105576, 1.0127411
5.4767303, -8.137894, 1.0031738
5.506668, -8.139084, 1.004364
5.5162354, -8.147461, 1.0019684
5.515045, -8.179794, 1.0211334
5.5078583, -8.178589, 1.0498505
5.5198364, -8.179794, 1.0462646
5.4922943, -8.16423, 1.0211334
5.4719543, -8.171417, 1.0067596
5.458786, -8.143875, 1.043869
5.419281, -8.139084, 1.043869
5.4061127, -8.137894, 1.0558472
5.3821716, -8.127121, 1.0079651
5.383362, -8.130707, 1.035492
5.4096985, -8.125916, 1.1013336
5.371399, -8.118744, 1.0486603
5.371399, -8.134308, 1.0857697
5.3749847, -8.097183, 1.1132965
5.371399, -8.109161, 1.083374
5.3905487, -8.159439, 1.0893555
5.3630066, -8.124725, 1.1037292
5.3690033, -8.147461, 1.1073151
5.3474426, -8.133102, 1.1109161
5.365402, -8.151062, 1.1109161
5.3582306, -8.133102, 1.0606384
5.3630066, -8.115143, 1.1001282
5.3546295, -8.112747, 1.0618286
5.3582306, -8.16423, 1.0259094
5.357025, -8.153458, 1.0522461
5.3498383, -8.155853, 1.0606384
5.3690033, -8.171417, 1.0462646
5.3857574, -8.146271, 1.0414734
5.364212, -8.147461, 1.004364
5.365402, -8.145081, 0.99838257
5.383362, -8.161835, 1.0127411
5.398926, -8.160629, 1.0343018
5.4013214, -8.152252, 0.9911957
5.39653, -8.177399, 0.9900055
5.4168854, -8.1414795, 0.95887756
5.4252625, -8.140289, 0.95887756
5.4288483, -8.135498, 0.94091797
5.4216766, -8.139084, 0.95529175
5.424057, -8.107971, 0.9612732
5.4252625, -8.113953, 0.9325409
5.4168854, -8.118744, 0.9468994
5.4013214, -8.12114, 0.95648193
5.4013214, -8.131912, 0.964859
5.4132843, -8.095993, 0.93852234
5.3941345, -8.12233, 0.9528961
5.39534, -8.127121, 0.9169769
5.4108887, -8.146271, 0.93733215
5.4061127, -8.142685, 0.9516907
5.4025116, -8.142685, 0.93733215
5.419281, -8.177399, 0.9576874
5.404907, -8.152252, 1.0079651
5.4085083, -8.203735, 0.964859
5.4013214, -8.191757, 0.94929504
5.400116, -8.215698, 0.964859
5.4144897, -8.204926, 0.9864044
5.4324493, -8.219299, 1.0247192
5.4300537, -8.204926, 1.0343018
5.404907, -8.176193, 1.0079651
5.4132843, -8.194153, 1.0570374
5.4336395, -8.192963, 1.0522461
5.4492035, -8.148666, 1.0390778
5.427658, -8.097183, 1.0247192
5.424057, -8.056488, 1.0642242
5.4480133, -8.040924, 1.0330963
5.4851227, -8.036133, 1.0031738
5.4958954, -8.055298, 1.0307007
5.47554, -8.019379, 1.028305
5.5126495, -8.02417, 1.0319061
5.5210266, -8.036133, 1.074997
5.5246277, -8.036133, 1.0857697
5.5210266, -8.04332, 1.0797882
5.550949, -8.038528, 1.0797882
5.5234222, -8.036133, 1.1085205
5.5365906, -8.026566, 1.06781
5.5533447, -8.0421295, 1.0426788
5.518631, -8.039734, 1.083374
5.5234222, -8.045715, 1.0726013
5.5198364, -8.048111, 1.0809784
5.4898987, -8.063675, 1.0738068
5.4527893, -8.105576, 1.0702057
5.4803314, -8.139084, 1.0869751
5.4503937, -8.135498, 1.0809784
5.4527893, -8.157043, 1.0606384
5.436035, -8.155853, 1.1168976
5.4252625, -8.173798, 1.1156921
5.407303, -8.147461, 1.1348572
5.3773804, -8.151062, 1.1444244
5.3749847, -8.148666, 1.1324615
5.3701935, -8.140289, 1.074997
5.348648, -8.110352, 1.122879
5.376175, -8.100784, 1.0821838
5.379776, -8.091202, 1.0630188
5.384552, -8.098389, 1.0486603
5.400116, -8.0816345, 1.0019684
5.398926, -8.0816345, 0.9971924
5.438431, -8.052902, 0.9816284
5.422867, -8.036133, 0.95887756
5.419281, -8.057678, 0.9708557
5.4480133, -8.082825, 0.96006775
5.438431, -8.106766, 0.9935913
5.4408264, -8.082825, 0.9756317
5.4492035, -8.12233, 1.0127411
5.4731445, -8.131912, 1.0031738
5.4288483, -8.129517, 0.9935913
5.4372253, -8.143875, 0.96965027
5.458786, -8.151062, 0.980423
5.424057, -8.175003, 0.96965027
5.4252625, -8.151062, 0.9828186
5.431244, -8.140289, 0.98880005
5.4085083, -8.12233, 0.925354
5.4408264, -8.112747, 0.97802734
5.4252625, -8.1019745, 1.0019684
5.4324493, -8.134308, 0.98402405
5.470749, -8.111557, 0.9612732
5.4324493, -8.139084, 0.9624634
5.4731445, -8.119934, 0.9421234
5.4480133, -8.135498, 0.9433136
5.4647675, -8.147461, 0.94929504
5.4647675, -8.117538, 0.9924011
5.47554, -8.107971, 0.9516907
5.455185, -8.110352, 0.9732361
5.467163, -8.119934, 1.0019684
5.4815216, -8.099579, 1.0223236
5.4887085, -8.099579, 1.043869
5.4922943, -8.117538, 1.019928
5.499481, -8.099579, 0.99598694
5.47554, -8.12352, 1.0031738
5.458786, -8.12233, 1.0307007
5.4767303, -8.0864105, 1.0510559
5.4503937, -8.093597, 1.0869751
5.4168854, -8.090012, 1.0402832
5.420471, -8.064865, 1.0378876
5.4132843, -8.061279, 1.0606384
5.4252625, -8.064865, 1.0570374
5.4013214, -8.044525, 1.0115509
5.4252625, -8.049301, 1.0486603
5.431244, -8.067261, 1.0330963
5.4216766, -8.073242, 1.004364
5.427658, -8.082825, 1.004364
5.4611816, -8.116348, 0.98760986
5.4324493, -8.136688, 1.0426788
5.4132843, -8.146271, 1.0139465
5.434845, -8.148666, 1.0546417
5.4539948, -8.194153, 1.0115509
5.4372253, -8.192963, 0.9900055
5.4300537, -8.140289, 0.9911957
5.404907, -8.157043, 1.0271149
5.407303, -8.172607, 1.0139465
5.3773804, -8.140289, 0.97683716
5.3929443, -8.116348, 0.96606445
5.3977203, -8.10437, 0.9971924
5.365402, -8.100784, 0.9756317
5.3474426, -8.115143, 1.0055695
5.3426666, -8.098389, 0.95887756
5.3857574, -8.100784, 0.9421234
5.400116, -8.109161, 0.9576874
5.4025116, -8.10437, 0.9971924
5.4539948, -8.130707, 0.9720459
5.4456177, -8.112747, 1.0019684
5.4851227, -8.095993, 1.0091553
5.510254, -8.137894, 0.99838257
5.4898987, -8.135498, 1.0091553
5.501877, -8.105576, 0.99957275
5.517441, -8.094803, 1.0127411
5.5234222, -8.076843, 0.99838257
5.5054626, -8.061279, 1.0295105
5.5114594, -8.095993, 1.0462646
5.5078583, -8.056488, 1.0319061
5.4731445, -8.067261, 0.99957275
5.4731445, -8.084015, 1.0390778
5.4898987, -8.070847, 1.0235138
5.462372, -8.115143, 1.0630188
5.4695587, -8.134308, 1.0546417
5.4264526, -8.119934, 1.0666199
5.4144897, -8.112747, 1.0390778
5.427658, -8.154648, 1.0510559
5.391739, -8.153458, 1.074997
5.4132843, -8.136688, 1.0726013
5.4216766, -8.124725, 1.06781
5.3977203, -8.139084, 1.0929565
5.3905487, -8.116348, 1.1073151
5.383362, -8.106766, 1.0785828
5.3905487, -8.107971, 1.098938
5.39653, -8.112747, 1.0690155
5.407303, -8.092407, 1.0941467
5.4659576, -8.090012, 1.0917511
5.459976, -8.094803, 1.0606384
5.4527893, -8.087616, 1.06781
5.4420166, -8.072052, 1.06781
5.463562, -8.099579, 1.06781
5.4456177, -8.092407, 1.0510559
5.4563904, -8.082825, 1.0510559
5.4851227, -8.107971, 1.0666199
5.4659576, -8.098389, 1.0797882
5.4898987, -8.109161, 1.0235138
5.5006714, -8.082825, 1.0295105
5.4898987, -8.088806, 1.0534515
5.486313, -8.099579, 1.0402832
5.4958954, -8.100784, 1.0426788
5.479126, -8.125916, 1.0498505
5.479126, -8.064865, 1.043869
5.4695587, -8.045715, 1.0630188
5.446808, -8.050507, 1.0307007
5.463562, -8.052902, 1.043869
5.487503, -8.073242, 1.0462646
5.479126, -8.068466, 1.0366821
5.427658, -8.073242, 1.074997
5.4647675, -8.064865, 1.0522461
5.4767303, -8.0816345, 1.0498505
5.4647675, -8.092407, 1.0714111
5.4492035, -8.099579, 1.0773926
5.4492035, -8.10437, 1.0498505
5.470749, -8.116348, 1.0702057
5.4659576, -8.129517, 1.1061249
5.4492035, -8.137894, 1.0881653
5.443222, -8.127121, 1.0929565
5.4503937, -8.093597, 1.1264648
5.482727, -8.099579, 1.1324615
5.459976, -8.1019745, 1.1085205
5.4803314, -8.0816345, 1.0726013
5.458786, -8.0816345, 1.0977478
5.4851227, -8.0816345, 1.0869751
5.49469, -8.092407, 1.1037292
5.5114594, -8.067261, 1.0630188
5.483917, -8.037338, 1.098938
5.4958954, -8.0624695, 1.0857697
5.4851227, -8.063675, 1.0642242
5.4695587, -8.054092, 1.0630188
5.470749, -8.056488, 1.0570374
5.477936, -8.075638, 1.0785828
5.4767303, -8.105576, 1.0666199
5.462372, -8.069656, 1.0618286
5.4647675, -8.066071, 1.0343018
5.458786, -8.079239, 1.035492
5.436035, -8.08522, 1.0474701
5.4096985, -8.094803, 1.0570374
5.4061127, -8.12352, 1.0558472
5.4336395, -8.110352, 1.0606384
5.444412, -8.139084, 1.0343018
5.443222, -8.128311, 1.0115509
5.459976, -8.12233, 0.9828186
5.4539948, -8.158249, 1.0067596
5.419281, -8.143875, 0.9864044
5.4108887, -8.170212, 0.99957275
5.436035, -8.173798, 0.9935913
5.4013214, -8.161835, 0.99479675
5.4061127, -8.175003, 0.9732361
5.3893433, -8.151062, 0.9433136
5.4300537, -8.157043, 0.95529175
5.4216766, -8.153458, 0.98521423
5.4264526, -8.137894, 0.99479675
5.4264526, -8.139084, 0.96606445
5.4096985, -8.12352, 0.98402405
5.419281, -8.106766, 0.98521423
5.431244, -8.10437, 0.95887756
5.4503937, -8.10318, 0.99838257
5.4168854, -8.109161, 1.0019684
5.4085083, -8.10318, 1.0055695
5.4539948, -8.092407, 1.0127411
5.4611816, -8.105576, 0.98521423
5.4683533, -8.130707, 0.9337311
5.4503937, -8.117538, 0.964859
5.463562, -8.100784, 0.98880005
5.4731445, -8.084015, 1.0055695
5.4503937, -8.107971, 0.99838257
5.434845, -8.087616, 1.0474701
5.4503937, -8.107971, 1.0726013
5.459976, -8.1019745, 1.0426788
5.455185, -8.10318, 1.0642242
5.4372253, -8.1019745, 1.0702057
5.4336395, -8.08522, 1.019928
5.4659576, -8.075638, 1.0486603
5.4492035, -8.063675, 1.043869
5.4503937, -8.057678, 1.0223236
5.463562, -8.067261, 1.0809784
5.467163, -8.0469055, 1.0319061
5.4539948, -8.068466, 1.0259094
5.4575806, -8.068466, 1.0139465
5.4731445, -8.074448, 1.074997
5.4922943, -8.061279, 1.0738068
5.501877, -8.0864105, 1.0307007
5.5126495, -8.091202, 1.0259094
5.542572, -8.128311, 1.035492
5.510254, -8.130707, 1.0486603
5.515045, -8.107971, 1.0558472
5.5078583, -8.115143, 1.0797882
5.49469, -8.078033, 1.0630188
5.47554, -8.082825, 1.0271149
5.4611816, -8.109161, 1.0055695
5.443222, -8.087616, 1.0510559
5.4695587, -8.093597, 1.0235138
5.458786, -8.139084, 1.0163422
5.4264526, -8.131912, 1.0390778
5.4372253, -8.112747, 1.0235138
5.436035, -8.134308, 1.0151367
5.41568, -8.153458, 1.0378876
5.3905487, -8.191757, 0.99598694
5.4108887, -8.191757, 1.0031738
5.4025116, -8.192963, 1.035492
5.4180756, -8.177399, 0.964859
5.376175, -8.172607, 0.9732361
5.355835, -8.166626, 1.0031738
5.4061127, -8.147461, 0.94451904
5.39653, -8.154648, 0.9337311
5.3510437, -8.163025, 0.9528961
5.3618164, -8.117538, 0.9792328
5.371399, -8.0864105, 0.95887756
5.3271027, -8.095993, 0.9421234
5.360611, -8.088806, 0.96006775
5.3749847, -8.098389, 0.9756317
5.3701935, -8.117538, 0.99479675
5.39653, -8.12233, 0.9900055
5.427658, -8.127121, 0.9792328
5.436035, -8.105576, 0.99479675
5.467163, -8.129517, 1.019928
5.4539948, -8.137894, 1.0103607
5.4492035, -8.130707, 1.0187378
5.498291, -8.109161, 0.9935913
5.5054626, -8.115143, 1.0127411
5.501877, -8.109161, 1.0343018
5.4970856, -8.068466, 1.0187378
5.4898987, -8.064865, 1.0558472
5.5090637, -8.092407, 1.0295105
5.515045, -8.063675, 1.0079651
5.49469, -8.056488, 1.0366821
5.4743347, -8.060074, 1.0486603
5.4719543, -8.074448, 1.0474701
5.451599, -8.056488, 1.06781
5.4503937, -8.084015, 1.0917511
5.4492035, -8.093597, 1.0845795
5.459976, -8.110352, 1.0630188
5.4647675, -8.113953, 1.1121063
5.463562, -8.074448, 1.0714111
5.444412, -8.098389, 1.0498505
5.4563904, -8.08522, 1.0642242
5.4731445, -8.0816345, 1.0714111
5.4743347, -8.060074, 1.0522461
5.4659576, -8.045715, 1.0211334
5.427658, -8.049301, 1.035492
5.4420166, -8.079239, 1.0558472
5.4611816, -8.098389, 1.0390778
5.467163, -8.079239, 1.0235138
5.4815216, -8.08522, 1.019928
5.47554, -8.073242, 1.0402832
5.4659576, -8.12114, 1.0115509
5.4611816, -8.092407, 0.980423
5.470749, -8.112747, 0.9720459
5.4958954, -8.08522, 1.0007782
5.467163, -8.091202, 0.9828186
5.446808, -8.113953, 0.9540863
5.4456177, -8.128311, 0.9720459
5.455185, -8.105576, 1.0235138
5.4372253, -8.130707, 1.0414734
5.4324493, -8.111557, 1.0211334
5.4743347, -8.099579, 1.0139465
5.4575806, -8.10318, 0.9816284
5.462372, -8.12114, 1.0295105
5.4731445, -8.12233, 0.99838257
5.463562, -8.111557, 0.97802734
5.4408264, -8.12114, 1.028305
5.436035, -8.095993, 1.0259094
5.4527893, -8.093597, 1.0307007
5.4563904, -8.092407, 1.0414734
5.4288483, -8.094803, 1.0103607
5.4611816, -8.08522, 1.0366821
5.4659576, -8.067261, 1.0498505
5.4408264, -8.112747, 1.0426788
5.4647675, -8.088806, 1.0127411
5.49469, -8.074448, 1.0115509
5.4575806, -8.074448, 1.0139465
5.4743347, -8.094803, 1.0738068
5.4803314, -8.116348, 1.0426788
5.4611816, -8.118744, 1.0462646
5.459976, -8.095993, 1.0498505
5.446808, -8.0864105, 1.0103607
5.4503937, -8.082825, 1.0307007
5.455185, -8.095993, 1.0462646
5.4611816, -8.090012, 1.0486603
5.431244, -8.076843, 0.9864044
5.4288483, -8.0816345, 1.0259094
5.436035, -8.064865, 1.0259094
5.4803314, -8.073242, 1.0295105
5.47554, -8.048111, 1.0127411
5.459976, -8.068466, 1.0067596
5.4420166, -8.073242, 1.0247192
5.4719543, -8.088806, 1.028305
5.4743347, -8.093597, 1.0259094
5.4647675, -8.099579, 1.0187378
5.47554, -8.112747, 0.9971924
5.4372253, -8.091202, 1.0390778
5.438431, -8.113953, 1.0343018
5.4492035, -8.107971, 0.97683716
5.4815216, -8.095993, 0.98402405
5.47554, -8.116348, 0.9924011
5.483917, -8.119934, 0.9828186
5.4611816, -8.084015, 1.0271149
5.4731445, -8.100784, 0.98521423
5.477936, -8.100784, 0.97802734
5.4731445, -8.107971, 0.9935913
5.491104, -8.078033, 1.0139465
5.4922943, -8.075638, 0.99838257
5.479126, -8.0864105, 0.99957275
5.4815216, -8.078033, 0.99957275
5.458786, -8.078033, 0.9756317
5.4611816, -8.082825, 1.0115509
5.458786, -8.08522, 0.99957275
5.462372, -8.080429, 0.97683716
5.4611816, -8.112747, 1.0055695
5.4420166, -8.105576, 0.97802734
5.4503937, -8.143875, 1.0031738
5.455185, -8.118744, 1.0139465
5.4492035, -8.115143, 1.0307007
5.446808, -8.128311, 1.035492
5.4264526, -8.109161, 0.99479675
5.4408264, -8.12114, 0.9971924
5.4719543, -8.095993, 1.0247192
5.451599, -8.093597, 1.0163422
5.4408264, -8.097183, 1.0343018
5.463562, -8.098389, 1.0223236
5.4527893, -8.100784, 1.0103607
5.446808, -8.090012, 1.0031738
5.436035, -8.109161, 1.028305
5.4336395, -8.090012, 0.98402405
5.438431, -8.10318, 0.98880005
5.4336395, -8.1019745, 1.0019684
5.4372253, -8.124725, 1.0127411
5.4144897, -8.107971, 0.9971924
5.4013214, -8.0864105, 0.9636688
5.3905487, -8.119934, 0.98521423
5.446808, -8.109161, 0.964859
5.4013214, -8.082825, 0.9732361
5.4061127, -8.094803, 0.9624634
5.4085083, -8.106766, 0.9935913
5.458786, -8.090012, 0.9924011
5.4420166, -8.072052, 0.9792328
5.4132843, -8.097183, 0.99598694
5.446808, -8.140289, 0.97802734
5.4731445, -8.165421, 0.93852234
5.4719543, -8.149857, 0.9624634
5.462372, -8.149857, 0.96725464
5.4420166, -8.151062, 0.96965027
5.4480133, -8.133102, 0.9516907
5.4563904, -8.145081, 0.9433136
5.4372253, -8.148666, 0.95648193
5.424057, -8.119934, 0.9576874
5.443222, -8.135498, 0.9708557
5.419281, -8.12114, 0.9744415
5.427658, -8.111557, 0.9792328
5.4492035, -8.076843, 0.9828186
5.4336395, -8.097183, 0.99479675
5.462372, -8.095993, 0.97802734
5.4324493, -8.129517, 0.98760986
5.451599, -8.143875, 0.9708557
5.4408264, -8.137894, 0.99838257
5.4372253, -8.135498, 1.019928
5.4503937, -8.145081, 1.035492
5.4480133, -8.129517, 0.99838257
5.427658, -8.12114, 0.99957275
5.446808, -8.146271, 0.98521423
5.4264526, -8.129517, 0.9744415
5.422867, -8.097183, 0.9900055
5.407303, -8.084015, 0.9612732
5.400116, -8.063675, 0.96965027
5.4336395, -8.070847, 1.0067596
5.420471, -8.058884, 1.0127411
5.3929443, -8.072052, 0.98880005
5.419281, -8.076843, 0.9864044
5.4324493, -8.074448, 1.0031738
5.446808, -8.118744, 1.004364
5.462372, -8.124725, 1.019928
5.4970856, -8.134308, 1.0235138
5.5114594, -8.139084, 1.0151367
5.5090637, -8.12352, 1.0007782
5.482727, -8.106766, 0.9924011
5.491104, -8.110352, 0.99957275
5.47554, -8.117538, 0.99838257
5.479126, -8.133102, 0.98880005
5.4492035, -8.113953, 0.9924011
5.438431, -8.060074, 0.9792328
5.4480133, -8.090012, 0.99957275
5.431244, -8.107971, 1.0115509
5.4061127, -8.067261, 1.028305
5.436035, -8.080429, 1.0546417
5.424057, -8.113953, 1.0534515
5.427658, -8.098389, 1.0139465
5.4096985, -8.131912, 0.9816284
5.4108887, -8.152252, 1.0115509
5.41568, -8.142685, 1.0163422
5.4252625, -8.148666, 0.9971924
5.4288483, -8.146271, 0.99838257
5.436035, -8.137894, 0.96965027
5.427658, -8.098389, 0.9935913
5.420471, -8.134308, 1.0223236
5.4408264, -8.147461, 1.0031738
5.443222, -8.098389, 0.98402405
5.427658, -8.0816345, 0.97683716
5.434845, -8.130707, 0.98402405
5.4085083, -8.128311, 0.9911957
5.427658, -8.145081, 1.0055695
5.4408264, -8.145081, 1.0067596
5.438431, -8.129517, 0.9924011
5.403717, -8.10437, 0.98521423
5.379776, -8.140289, 0.95648193
5.4096985, -8.149857, 0.9935913
5.364212, -8.139084, 0.95529175
5.388153, -8.137894, 0.9540863
5.404907, -8.157043, 0.9636688
5.39534, -8.140289, 0.9313507
5.3821716, -8.131912, 0.9636688
5.4061127, -8.128311, 0.98760986
5.4180756, -8.145081, 0.9864044
5.403717, -8.137894, 0.9612732
5.39653, -8.163025, 1.0055695
5.4108887, -8.160629, 0.99957275
5.4061127, -8.148666, 0.96606445
5.427658, -8.161835, 0.9792328
5.420471, -8.137894, 0.9720459
5.391739, -8.12114, 0.94451904
5.4013214, -8.133102, 0.99479675
5.419281, -8.157043, 0.9636688
5.3977203, -8.117538, 0.98402405
5.4264526, -8.12233, 0.99957275
5.444412, -8.163025, 0.9971924
5.4061127, -8.12233, 1.0163422
5.412094, -8.12352, 0.9911957
5.4324493, -8.12114, 0.98402405
5.443222, -8.125916, 0.980423
5.41568, -8.127121, 1.0187378
5.4480133, -8.129517, 1.0091553
5.443222, -8.125916, 1.0007782
5.4647675, -8.111557, 1.0127411
5.444412, -8.119934, 0.9935913
5.4216766, -8.130707, 1.0055695
5.4898987, -8.117538, 0.99957275
5.434845, -8.135498, 1.0187378
5.4180756, -8.105576, 0.9900055
5.4096985, -8.12233, 0.9971924
5.4180756, -8.117538, 1.0127411
5.422867, -8.113953, 1.0055695
5.422867, -8.143875, 0.96725464
5.419281, -8.124725, 0.98521423
5.4180756, -8.128311, 1.0187378
5.4216766, -8.130707, 1.0115509
5.388153, -8.127121, 1.0426788
5.3929443, -8.12352, 1.0151367
5.4013214, -8.128311, 1.0079651
5.3749847, -8.106766, 1.0319061
5.4216766, -8.116348, 0.99957275
5.4503937, -8.140289, 1.0235138
5.4096985, -8.116348, 0.99838257
5.4180756, -8.128311, 0.97802734
5.4456177, -8.125916, 0.99838257
5.4025116, -8.130707, 1.0151367
5.438431, -8.128311, 0.99598694
5.444412, -8.097183, 1.0175323
5.439621, -8.134308, 1.0271149
5.434845, -8.151062, 1.0247192
5.458786, -8.12352, 1.0007782
5.4300537, -8.1019745, 1.0330963
5.446808, -8.118744, 1.0055695
5.4647675, -8.12233, 0.9864044
5.4372253, -8.106766, 0.99479675
5.4264526, -8.133102, 1.0139465
5.427658, -8.130707, 0.9900055
5.438431, -8.146271, 0.9828186
5.4300537, -8.128311, 1.0031738
5.4300537, -8.116348, 1.0055695
5.424057, -8.117538, 1.0235138
5.420471, -8.128311, 1.0223236
5.4324493, -8.142685, 1.0163422
5.4216766, -8.155853, 1.035492
5.438431, -8.146271, 1.0151367
5.4085083, -8.137894, 1.0402832
5.3929443, -8.117538, 1.0307007
5.398926, -8.117538, 0.99598694
5.4288483, -8.100784, 1.0223236
5.434845, -8.098389, 0.98521423
5.420471, -8.084015, 0.9732361
5.3977203, -8.099579, 0.98880005
5.4108887, -8.128311, 0.9720459
5.4288483, -8.098389, 0.99598694
5.431244, -8.098389, 1.0163422
5.443222, -8.073242, 1.0019684
5.4420166, -8.092407, 0.9828186
5.439621, -8.107971, 0.9828186
5.444412, -8.106766, 0.9816284
5.407303, -8.100784, 0.9900055
5.4252625, -8.109161, 0.980423
5.4683533, -8.12352, 0.99598694
5.4180756, -8.12352, 0.9720459
5.4480133, -8.119934, 0.96725464
5.4408264, -8.151062, 1.0247192
5.4492035, -8.167816, 0.964859
5.446808, -8.159439, 0.980423
5.4216766, -8.175003, 0.96006775
5.3785706, -8.188171, 0.96965027
5.4144897, -8.166626, 0.97802734
5.422867, -8.188171, 0.9924011
5.39653, -8.1414795, 0.9421234
5.3785706, -8.115143, 0.93014526
5.400116, -8.111557, 0.99479675
5.4108887, -8.098389, 0.964859
5.4108887, -8.094803, 0.94929504
5.427658, -8.092407, 0.96725464
5.3893433, -8.098389, 0.95529175
5.4336395, -8.116348, 0.9924011
5.434845, -8.134308, 1.0163422
5.4480133, -8.143875, 1.0031738
5.458786, -8.128311, 0.9792328
5.4420166, -8.166626, 1.0235138
5.4336395, -8.154648, 1.0414734
5.446808, -8.145081, 0.9935913
5.4216766, -8.092407, 0.9756317
5.4252625, -8.079239, 0.98760986
5.398926, -8.057678, 0.9708557
5.3977203, -8.031357, 0.9505005
5.39653, -8.027756, 0.9636688
5.379776, -8.037338, 0.9911957
5.4264526, -8.036133, 0.9900055
5.4252625, -8.092407, 1.0366821
5.455185, -8.092407, 1.0498505
5.4683533, -8.082825, 0.9900055
5.4970856, -8.134308, 1.0247192
5.499481, -8.127121, 1.0295105
5.525818, -8.12352, 0.98880005
5.5317993, -8.148666, 1.0079651
5.5126495, -8.149857, 0.9971924
5.515045, -8.134308, 0.9935913
5.518631, -8.128311, 0.99598694
5.5006714, -8.131912, 0.9828186
5.4575806, -8.12114, 0.9720459
5.4539948, -8.130707, 0.9935913
5.463562, -8.098389, 0.9935913
5.4336395, -8.075638, 0.97802734
5.403717, -8.106766, 1.0079651
5.4144897, -8.072052, 1.0211334
5.4527893, -8.073242, 1.0139465
5.458786, -8.097183, 0.98402405
5.404907, -8.068466, 1.0091553
5.4288483, -8.076843, 1.0019684
5.431244, -8.076843, 0.99598694
5.424057, -8.098389, 0.9792328
5.4563904, -8.088806, 0.9911957
5.4659576, -8.064865, 0.9935913
5.444412, -8.068466, 1.0019684
5.434845, -8.079239, 0.99479675
5.427658, -8.098389, 0.9816284
5.391739, -8.088806, 0.97683716
5.383362, -8.092407, 0.9971924
5.407303, -8.090012, 1.004364
5.4025116, -8.116348, 1.0067596
5.3749847, -8.128311, 1.019928
5.340271, -8.171417, 1.0127411
5.31633, -8.134308, 1.043869
5.3342743, -8.139084, 1.0067596
5.325897, -8.160629, 0.98760986
5.325897, -8.165421, 0.99479675
5.3630066, -8.178589, 0.9528961
5.341461, -8.18338, 0.9708557
5.343857, -8.165421, 0.9935913
5.3821716, -8.179794, 0.99479675
5.4013214, -8.194153, 0.9971924
5.4408264, -8.18338, 0.98521423
5.4300537, -8.158249, 0.9816284
5.4372253, -8.143875, 0.9576874
5.4767303, -8.157043, 0.9828186
5.5126495, -8.12114, 1.004364
5.499481, -8.137894, 0.9816284
5.541382, -8.124725, 0.9864044
5.5485687, -8.073242, 0.99838257
5.5760956, -8.054092, 1.0271149
5.5868683, -8.058884, 0.9816284
5.5521545, -8.034943, 1.0139465
5.55455, -8.032547, 1.019928
5.5557404, -8.027756, 1.0127411
5.55455, -7.9906464, 1.0558472
5.534195, -7.9978333, 1.0343018
5.4934998, -7.993042, 1.0319061
5.5282135, -7.984665, 1.0869751
5.4815216, -8.000229, 1.098938
5.4970856, -8.02536, 1.0953522
5.486313, -8.00621, 1.1240845
5.4300537, -8.020569, 1.138443
5.404907, -8.072052, 1.1061249
5.4300537, -8.087616, 1.1396332
5.4252625, -8.087616, 1.1204834
5.4108887, -8.12233, 1.1635895
5.3893433, -8.143875, 1.1899109
5.3630066, -8.148666, 1.2114716
5.3510437, -8.167816, 1.1803436
5.360611, -8.163025, 1.1719666
5.348648, -8.165421, 1.1564026
5.3378754, -8.145081, 1.1815338
5.331894, -8.142685, 1.1994934
5.3690033, -8.12114, 1.2150574
5.400116, -8.068466, 1.1599884
5.4013214, -8.056488, 1.1671753
5.4456177, -8.02536, 1.154007
5.427658, -7.981064, 1.1192932
5.407303, -8.001419, 1.1372528
5.467163, -8.015793, 1.1073151
5.486313, -8.011002, 1.0965424
5.542572, -8.0469055, 1.1204834
5.5737, -8.045715, 1.1180878
5.5437775, -8.069656, 1.1324615
5.5677185, -8.099579, 1.1276703
5.606018, -8.152252, 1.1420288
5.6227875, -8.186966, 1.1456299
5.6000366, -8.169022, 1.1468201
5.5605316, -8.20253, 1.1061249
5.5737, -8.20134, 1.0618286
5.566513, -8.195358, 1.0618286
5.538986, -8.172607, 1.0498505
5.501877, -8.136688, 1.0330963
5.4575806, -8.128311, 1.0115509
5.4408264, -8.112747, 0.99598694
5.420471, -8.079239, 0.99838257
5.383362, -8.045715, 0.99838257
5.371399, -8.052902, 0.9756317
5.355835, -8.066071, 1.0019684
5.3630066, -8.063675, 1.0390778
5.3354797, -8.02536, 0.97802734
5.324707, -8.045715, 1.0187378
5.304352, -8.051697, 1.0163422
5.2792206, -8.118744, 0.9924011
5.240906, -8.1414795, 1.004364
5.2828064, -8.189362, 1.019928
5.268448, -8.169022, 0.9468994
5.281616, -8.173798, 0.98402405
5.340271, -8.149857, 0.9720459
5.3450623, -8.166626, 0.9792328
5.367798, -8.166626, 1.0115509
5.3666077, -8.148666, 1.0067596
5.3821716, -8.116348, 1.0079651
5.3929443, -8.080429, 1.0139465
5.3977203, -8.052902, 1.0295105
5.371399, -8.0026245, 1.0307007
5.3857574, -8.000229, 1.0378876
5.412094, -8.008606, 1.0546417
5.420471, -7.9882507, 1.0402832
5.4168854, -7.960724, 1.0378876
5.458786, -8.018188, 1.0534515
5.482727, -8.001419, 1.0462646
5.4659576, -8.057678, 1.0582428
5.49469, -8.094803, 1.06781
5.501877, -8.146271, 1.0773926
5.5234222, -8.160629, 1.0941467
5.522232, -8.170212, 1.0893555
5.5317993, -8.224075, 1.0893555
5.546173, -8.228867, 1.1061249
5.534195, -8.251617, 1.0821838
5.501877, -8.24324, 1.0773926
5.49469, -8.256409, 1.0773926
5.4695587, -8.28035, 1.0414734
5.4575806, -8.26239, 1.0534515
5.404907, -8.256409, 1.0474701
5.376175, -8.237244, 1.043869
5.3306885, -8.224075, 1.0091553
5.3031616, -8.177399, 0.97683716
5.2756195, -8.146271, 0.9756317
5.2504883, -8.111557, 0.93852234
5.281616, -8.10318, 0.9217682
5.297165, -8.10437, 0.9325409
5.2839966, -8.087616, 0.9349365
5.2875977, -8.072052, 0.9145813
5.300766, -8.080429, 0.8954315
5.3498383, -8.112747, 0.8774719
5.3618164, -8.110352, 0.8643036
5.3941345, -8.157043, 0.86790466
5.39534, -8.172607, 0.8882446
5.404907, -8.188171, 0.88345337
5.4132843, -8.224075, 0.8738861
5.422867, -8.252808, 0.8559265
5.4563904, -8.26239, 0.85113525
5.4527893, -8.2612, 0.8343811
5.4336395, -8.2599945, 0.8930359
5.4420166, -8.282745, 0.8894501
5.4025116, -8.293518, 0.87628174
5.3737793, -8.255203, 0.9038086
5.3701935, -8.221695, 0.8535309
5.3510437, -8.213303, 0.9026184
5.2983704, -8.231262, 0.90859985
5.286392, -8.24324, 0.90740967
5.254074, -8.230072, 0.92655945
5.249283, -8.218094, 0.9540863
5.262451, -8.200134, 0.98760986
5.254074, -8.208527, 0.98521423
5.286392, -8.224075, 0.980423
5.2636566, -8.227676, 1.0115509
5.2552795, -8.245636, 1.004364
5.2588654, -8.26358, 1.0402832
5.297165, -8.295914, 1.0630188
5.276825, -8.317459, 1.0642242
5.2828064, -8.310272, 1.0366821
5.268448, -8.309082, 1.0666199
5.292389, -8.305481, 1.0534515
5.2875977, -8.289917, 1.0450745
5.2397156, -8.306686, 1.0223236
5.242111, -8.295914, 1.074997
5.233719, -8.310272, 1.0738068
5.23851, -8.321045, 1.059433
5.2361145, -8.304291, 1.0666199
5.2313232, -8.358154, 1.0319061
5.2241516, -8.327026, 1.0079651
5.207382, -8.334213, 1.0307007
5.2121735, -8.318649, 1.0151367
5.1954193, -8.347382, 1.035492
5.197815, -8.337814, 1.0139465
5.075714, -8.373718, 0.98521423
5.007477, -8.489838, 0.98402405
5.0338135, -8.577225, 1.0103607
5.056549, -8.634689, 0.96965027
5.1128235, -8.610748, 0.91578674
5.2983704, -8.5520935, 0.9169769
5.556946, -8.304291, 1.0570374
5.542572, -7.969101, 1.1061249
5.3079376, -7.76799, 1.0654144
5.163101, -7.712921, 1.0845795
5.170273, -7.827835, 0.9217682
5.1535187, -7.976288, 0.9468994
5.1212006, -8.092407, 0.97802734
5.3701935, -8.133102, 1.0366821
5.6742554, -8.176193, 1.2222443
5.954376, -8.189362, 1.4401093
6.289566, -8.080429, 1.5921478
6.479904, -7.9152374, 1.711853
6.3230896, -7.68898, 1.6041107
5.945999, -7.522583, 1.3383636
5.594055, -7.4890594, 1.083374
5.3546295, -7.673416, 0.9145813
5.0373993, -7.898468, 0.7541809
4.7572784, -8.118744, 0.69192505
4.581299, -8.316254, 0.7122803
4.5238495, -8.470688, 0.7086792
4.5441895, -8.531738, 0.76135254
4.617218, -8.524551, 0.8439636
4.7105865, -8.488647, 0.96606445
4.782425, -8.441956, 1.0905609
4.878189, -8.396469, 1.1671753
4.952408, -8.36055, 1.1755524
5.104431, -8.324646, 1.193512
5.2349243, -8.208527, 1.1791382
5.2552795, -8.106766, 1.1659698
5.343857, -8.040924, 1.1085205
5.4851227, -8.02536, 1.083374
5.57251, -7.9714966, 1.0558472
5.657501, -7.9595184, 1.0115509
5.6670685, -7.970291, 0.9792328
5.7496796, -8.0229645, 0.9217682
5.802353, -8.079239, 0.885849
5.7975616, -8.171417, 0.8439636
5.826294, -8.225281, 0.79248047
5.8370667, -8.277954, 0.7733307
5.798752, -8.305481, 0.76016235
5.7664337, -8.34259, 0.7541809
5.7137604, -8.28154, 0.78170776
5.5832825, -8.269577, 0.7517853
5.470749, -8.236053, 0.72784424
5.4336395, -8.26239, 0.78289795
5.3869476, -8.26239, 0.81762695
5.252884, -8.251617, 0.77212524
5.163101, -8.26358, 0.81044006
5.0972595, -8.240845, 0.84994507
4.9667664, -8.254013, 0.78889465
4.957199, -8.330627, 0.7685394
4.9619904, -8.380905, 0.7948761
4.952408, -8.426392, 0.7589569
4.9859314, -8.465897, 0.7553711
5.0338135, -8.477875, 0.70988464
4.9739532, -8.461105, 0.71347046
4.9583893, -8.419205, 0.74339294
4.9512024, -8.40126, 0.72184753
4.9631805, -8.395264, 0.7769165
4.9787445, -8.367737, 0.8140259
4.9859314, -8.30069, 0.82839966
5.0529633, -8.246826, 0.846344
5.1319733, -8.198944, 0.85113525
5.183441, -8.158249, 0.83917236
5.25766, -8.154648, 0.8487396
5.2875977, -8.165421, 0.8487396
5.3426666, -8.12233, 0.78889465
5.333084, -8.125916, 0.8044586
5.3187256, -8.145081, 0.8200073
5.3271027, -8.135498, 0.8427582
5.2899933, -8.135498, 0.8487396
5.301956, -8.167816, 0.86909485
5.2744293, -8.203735, 0.9229584
5.2552795, -8.236053, 0.94929504
5.23851, -8.285141, 0.94929504
5.2193604, -8.30069, 1.0103607
5.2157745, -8.358154, 0.9792328
5.2121735, -8.396469, 0.99838257
5.214569, -8.370132, 0.9792328
5.264847, -8.386887, 0.99957275
5.262451, -8.383301, 0.9744415
5.2480927, -8.352173, 0.96606445
5.221756, -8.316254, 0.9505005
5.2636566, -8.316254, 0.98760986
5.31633, -8.312668, 0.99479675
5.2839966, -8.255203, 0.9505005
5.2169647, -8.240845, 0.98760986
5.268448, -8.305481, 1.0319061
5.262451, -8.380905, 0.9732361
5.2552795, -8.406036, 0.99838257
5.2121735, -8.426392, 0.95887756
5.1403503, -8.3940735, 0.9792328
5.1379547, -8.427597, 0.99598694
5.108032, -8.425201, 0.9756317
4.9859314, -8.445541, 0.9612732
4.8650208, -8.413223, 0.91578674
4.826706, -8.389282, 0.87628174
4.878189, -8.370132, 0.9169769
4.948822, -8.346191, 0.9516907
4.996704, -8.321045, 0.96606445
4.993103, -8.327026, 1.0019684
5.027817, -8.30069, 1.0378876
5.051773, -8.28154, 1.0055695
5.0936584, -8.265976, 0.99838257
5.1367645, -8.209717, 1.004364
5.1618958, -8.148666, 0.96606445
5.1175995, -8.134308, 0.9325409
5.1487274, -8.124725, 0.8882446
5.194214, -8.12352, 0.90859985
5.163101, -8.18219, 0.8738861
5.13916, -8.238449, 0.881073
5.1295776, -8.2994995, 0.87028503
5.119995, -8.361755, 0.885849
5.1212006, -8.395264, 0.89064026
5.115219, -8.4216, 0.90859985
5.1810455, -8.486252, 0.8535309
5.1451416, -8.516174, 0.95529175
5.0421906, -8.481461, 0.90501404
5.0589447, -8.51976, 0.8966217
5.012268, -8.525757, 0.83317566
4.9009247, -8.469482, 0.7553711
4.888962, -8.453934, 0.6751709
5.012268, -8.546097, 0.7805023
4.9344482, -8.558075, 0.9109955
4.811142, -8.431183, 0.94091797
4.8171387, -8.456314, 0.9145813
4.9081116, -8.480255, 0.8343811
4.9272614, -8.476669, 0.86909485
4.9116974, -8.423996, 0.87628174
4.92128, -8.3785095, 0.8535309
4.888962, -8.370132, 0.8140259
4.912903, -8.3940735, 0.8056488
4.8913574, -8.423996, 0.8247986
4.8446655, -8.415619, 0.8236084
4.782425, -8.475479, 0.8571167
4.76326, -8.476669, 0.85832214
4.7536926, -8.514984, 0.7852936
4.736923, -8.529343, 0.81762695
4.8123474, -8.541321, 0.82121277
4.7536926, -8.548492, 0.8343811
4.6040497, -8.576035, 0.786499
4.438843, -8.614334, 0.7302246
4.297592, -8.647858, 0.69311523
4.1910553, -8.663422, 0.6859436
4.193451, -8.728058, 0.69192505
4.242523, -8.772354, 0.65960693
4.3143463, -8.771164, 0.70388794
4.3502655, -8.77594, 0.746994
4.3742065, -8.7556, 0.76734924
4.4053345, -8.747223, 0.74938965
4.3730164, -8.7304535, 0.786499
4.3825836, -8.791504, 0.8236084
4.325119, -8.779541, 0.9002228
4.217392, -8.71489, 0.91937256
4.1323853, -8.645462, 0.9349365
4.131195, -8.659821, 1.0115509
4.265274, -8.779541, 1.0738068
4.296402, -8.910019, 1.0797882
4.3263245, -8.949524, 1.0402832
4.402939, -9.042892, 0.9540863
4.4017334, -9.144653, 0.86190796
4.419693, -9.119507, 0.7457886
4.299988, -9.107544, 0.6691742
4.1766815, -9.102753, 0.6643982
4.150345, -9.033325, 0.57580566
4.2149963, -9.002197, 0.5482788
4.5166626, -9.027344, 0.4237671
4.7165833, -9.001007, 0.36871338
4.363434, -8.792709, 0.549469
4.021057, -8.583206, 0.7733307
4.153946, -8.568848, 0.73262024
4.40773, -8.655045, 0.6081238
4.6555176, -8.696945, 0.4632721
4.833893, -8.743622, 0.41539
4.7800293, -8.704117, 0.4620819
4.6112366, -8.6514435, 0.5913696
4.550186, -8.65744, 0.68115234
4.5034943, -8.702927, 0.7182617
4.42807, -8.729263, 0.73501587
4.442444, -8.77594, 0.83677673
4.402939, -8.796295, 0.89424133
4.3299103, -8.831009, 0.8571167
4.3119507, -8.817841, 0.8032532
4.174286, -8.798691, 0.76016235
4.130005, -8.815445, 0.6787567
4.1323853, -8.840591, 0.6572113
4.177887, -8.866928, 0.5961609
4.2940063, -8.878891, 0.55426025
4.3670197, -8.917206, 0.5015869
4.4149017, -8.880096, 0.5793915
4.434067, -8.864532, 0.6260834
4.40773, -8.81665, 0.65600586
4.42807, -8.767563, 0.7398071
4.4172974, -8.783127, 0.7110748
4.363434, -8.7556, 0.7912903
4.387375, -8.744827, 0.79008484
4.3335114, -8.713699, 0.8738861
4.3035736, -8.687363, 0.94929504
4.304779, -8.701721, 1.0175323
4.355057, -8.740036, 0.9924011
4.404129, -8.803482, 0.980423
4.4364624, -8.878891, 0.92774963
4.48674, -8.886078, 0.8714905
4.5286255, -8.939957, 0.84036255
4.5561676, -8.973465, 0.7805023
4.5477905, -8.93396, 0.7182617
4.5238495, -8.901642, 0.707489
4.5118713, -8.815445, 0.67037964
4.515457, -8.802277, 0.70269775
4.5441895, -8.780731, 0.6823425
4.557358, -8.735245, 0.6895294
4.56575, -8.728058, 0.6823425
4.553772, -8.718491, 0.70388794
4.541794, -8.678986, 0.70269775
4.513077, -8.645462, 0.6715698
4.5286255, -8.613144, 0.6536102
4.510681, -8.6311035, 0.6320648
4.531021, -8.643066, 0.5985565
4.534622, -8.645462, 0.6356659
4.5238495, -8.6706085, 0.5817871
4.5322266, -8.686157, 0.5782013
4.5489807, -8.693344, 0.53749084
4.6148224, -8.700531, 0.56144714
4.5849, -8.702927, 0.5506592
4.5645447, -8.701721, 0.6141052
4.594467, -8.6909485, 0.61172485
4.5825043, -8.700531, 0.6212921
4.6423645, -8.710098, 0.6392517
4.653137, -8.717285, 0.6655884
4.6220093, -8.736435, 0.72184753
4.6315765, -8.742432, 0.7122803
4.639969, -8.734055, 0.68833923
4.578903, -8.736435, 0.7146759
4.519058, -8.73764, 0.69311523
4.5094757, -8.702927, 0.73501587
4.4855347, -8.696945, 0.74938965
4.497513, -8.674194, 0.7122803
4.553772, -8.693344, 0.73262024
4.5992584, -8.717285, 0.70150757
4.589691, -8.717285, 0.6895294
4.657913, -8.767563, 0.63087463
4.691437, -8.780731, 0.588974
4.696228, -8.771164, 0.59376526
4.680664, -8.8094635, 0.533905
4.679474, -8.825027, 0.52911377
4.680664, -8.838196, 0.50398254
4.720169, -8.858551, 0.49440002
4.6591187, -8.801086, 0.51475525
4.6148224, -8.732849, 0.5207367
4.5286255, -8.67659, 0.5674286
4.438843, -8.59758, 0.67277527
4.376602, -8.535324, 0.7182617
4.359848, -8.522156, 0.70388794
4.3155518, -8.546097, 0.76016235
4.364624, -8.602371, 0.762558
4.380188, -8.643066, 0.7733307
4.4065247, -8.687363, 0.76016235
4.4939117, -8.757996, 0.70628357
4.481949, -8.75679, 0.69551086
4.4855347, -8.731659, 0.6691742
4.4699707, -8.763977, 0.6979065
4.458008, -8.765167, 0.746994
4.514267, -8.746017, 0.7410126
4.5561676, -8.719681, 0.70988464
4.5118713, -8.646652, 0.76016235
4.550186, -8.622711, 0.746994
4.6698914, -8.656235, 0.68833923
4.712982, -8.617935, 0.6787567
4.7644653, -8.604767, 0.6404419
4.7967834, -8.607162, 0.6488342
4.8638153, -8.595184, 0.6488342
4.886566, -8.59877, 0.6177063
4.8674164, -8.590393, 0.64523315
4.8530426, -8.646652, 0.5853882
4.8039703, -8.652649, 0.6093292
4.7333374, -8.650253, 0.6069336
4.6507416, -8.672989, 0.61531067
4.594467, -8.693344, 0.6655884
4.6076355, -8.702927, 0.6572113
4.589691, -8.674194, 0.7110748
4.562149, -8.647858, 0.7182617
4.598068, -8.671799, 0.6895294
4.6591187, -8.672989, 0.6572113
4.708191, -8.693344, 0.6404419
4.7584686, -8.669403, 0.6320648
4.739319, -8.668213, 0.5961609
4.7608643, -8.634689, 0.5674286
4.7249603, -8.592789, 0.58418274
4.660309, -8.604767, 0.60572815
4.727356, -8.614334, 0.57580566
4.7249603, -8.604767, 0.533905
4.723755, -8.589203, 0.55545044
4.7297516, -8.572433, 0.6069336
4.699814, -8.580826, 0.6069336
4.730942, -8.583206, 0.6177063
4.7812195, -8.633484, 0.6320648
4.782425, -8.634689, 0.66200256
4.754883, -8.656235, 0.64523315
4.7165833, -8.67659, 0.68473816
4.7177734, -8.69455, 0.68833923
4.6854553, -8.69574, 0.72184753
4.6866455, -8.6753845, 0.65600586
4.7105865, -8.69574, 0.60572815
4.7345276, -8.738831, 0.5961609
4.7465057, -8.762772, 0.5482788
4.7692566, -8.73764, 0.49440002
4.776428, -8.738831, 0.45010376
4.791992, -8.777145, 0.44293213
4.7572784, -8.689758, 0.46806335
4.6315765, -8.602371, 0.42497253
4.560959, -8.507797, 0.45010376
4.5513763, -8.520966, 0.49679565
4.5322266, -8.43956, 0.44532776
4.557358, -8.447937, 0.4908142
4.5920715, -8.4730835, 0.5195465
4.5992584, -8.530548, 0.5351105
4.6196136, -8.604767, 0.533905
4.633972, -8.684967, 0.48960876
4.6543274, -8.772354, 0.4584961
4.6387634, -8.811859, 0.38067627
4.6651, -8.877701, 0.3327942
4.7297516, -8.902832, 0.39863586
4.76326, -8.907623, 0.34954834
4.673477, -8.850174, 0.29927063
4.550186, -8.747223, 0.27893066
4.4687805, -8.6706085, 0.31723022
4.395752, -8.65744, 0.36631775
4.4053345, -8.661026, 0.3076477
4.42807, -8.689758, 0.3902588
4.478348, -8.718491, 0.42736816
4.4807434, -8.729263, 0.41059875
4.431671, -8.744827, 0.35554504
4.4723663, -8.799881, 0.38426208
4.5561676, -8.802277, 0.33877563
4.5645447, -8.665817, 0.33518982
4.526245, -8.492233, 0.39863586
4.4448395, -8.2994995, 0.4692688
4.3586426, -8.18219, 0.50398254
4.4328613, -8.210922, 0.5315094
4.529831, -8.267181, 0.50398254
4.574127, -8.318649, 0.44651794
4.598068, -8.3797, 0.42736816
4.58609, -8.451538, 0.41059875
4.6196136, -8.507797, 0.41659546
4.6746826, -8.560471, 0.39863586
4.752487, -8.749603, 0.41419983
4.8590393, -8.957901, 0.37709045
4.8757935, -9.075226, 0.3866577
4.9595947, -9.257187, 0.4800415
5.0254364, -9.361328, 0.44532776
4.897339, -9.2643585, 0.45968628
4.6866455, -9.058456, 0.51834106
4.4568024, -8.825027, 0.5566559
4.305969, -8.620331, 0.5973511
4.1359863, -8.441956, 0.64523315
4.1276093, -8.353363, 0.77931213
4.2078094, -8.441956, 0.8966217
4.2389374, -8.672989, 1.0211334
4.0485992, -9.582794, 0.63327026
4.2281647, -10.230423, 0.5817871
4.3418884, -10.181335, 0.6201019
4.418503, -9.856934, 0.6607971
4.4412384, -9.40802, 0.73262024
4.4496307, -8.977066, 0.8918457
4.378998, -8.621521, 1.035492
4.3347015, -8.318649, 1.1456299
4.3454742, -8.1809845, 1.3168182
4.4891357, -8.237244, 1.4664459
4.6124268, -8.36055, 1.3742676
4.5597534, -8.451538, 1.059433
4.50589, -8.511383, 0.67037964
4.537018, -8.471878, 0.31124878
4.5250397, -8.465897, 0.082595825
4.5034943, -8.429977, -0.05267334
4.4699707, -8.3797, -0.11013794
4.3897705, -8.398865, -0.04788208
4.431671, -8.426392, 0.041900635
4.5429993, -8.487442, 0.17837524
4.56575, -8.555679, 0.32920837
4.6196136, -8.678986, 0.48483276
4.649536, -8.783127, 0.5746155
4.529831, -8.858551, 0.6607971
4.423294, -8.877701, 0.762558
4.2724457, -8.85495, 0.9026184
4.1671143, -8.850174, 0.9289551
4.1599274, -8.857346, 0.92774963
4.1204224, -8.838196, 0.9421234
4.0569763, -8.798691, 0.881073
4.0186615, -8.790314, 0.9181824
4.066559, -8.821442, 0.96606445
4.095276, -8.845383, 0.9935913
4.1335907, -8.822632, 1.0893555
4.1802826, -8.771164, 1.1528015
4.2461243, -8.735245, 1.2581482
4.3418884, -8.681381, 1.3335724
4.412506, -8.609543, 1.3539276
4.4568024, -8.497025, 1.4413147
4.5441895, -8.4730835, 1.414978
4.660309, -8.450333, 1.3778687
4.751297, -8.6514435, 1.3479309
4.9512024, -9.003403, 1.2509766
5.0026855, -9.1410675, 1.0378876
4.7979736, -9.125504, 0.89782715
4.5238495, -8.963898, 0.76135254
4.455612, -8.622711, 0.8918457
4.4172974, -8.289917, 0.5817871
4.4089203, -8.130707, 0.17597961
4.412506, -8.098389, 0.065841675
4.442444, -8.170212, 0.05986023
4.4759674, -8.368927, 0.044296265
4.5118713, -8.71489, 0.02154541
4.513077, -9.041702, 0.07901001
4.4364624, -9.216476, 0.18075562
4.323929, -9.306259, 0.33398438
4.2389374, -9.318237, 0.45729065
4.1671143, -9.299072, 0.5386963
4.0414124, -9.1853485, 0.5506592
3.901352, -9.15303, 0.47525024
3.9049377, -9.174576, 0.43933105
3.9109344, -9.206909, 0.39505005
3.8905792, -9.294296, 0.36392212
3.9241028, -9.366119, 0.3830719
4.016266, -9.344574, 0.46087646
4.0485992, -9.228455, 0.55784607
4.0390167, -9.144653, 0.64404297
3.997116, -9.065643, 0.8200073
3.9444427, -8.972275, 0.9217682
3.9540253, -8.9830475, 0.9397278
3.9636078, -9.191345, 1.0079651
3.957611, -9.281128, 0.8247986
3.7936096, -9.26915, 0.62368774
3.6176453, -9.20929, 0.52194214
3.4165192, -9.07402, 0.4010315
3.3435059, -8.998611, 0.42497253
3.2429504, -9.01178, 0.5901642
3.1854858, -9.1698, 0.49440002
3.2094269, -9.598358, 0.46806335
3.1735077, -10.018539, 0.32202148
3.094513, -10.3585205, -0.01675415
3.02388, -10.308243, -0.3076477
2.9101562, -10.212463, -0.47525024
2.8000183, -10.053253, -0.46447754
2.8431091, -9.944321, -0.48960876
2.826355, -9.854538, -0.44651794
2.8048096, -9.733627, -0.3327942
2.8119965, -9.629486, -0.27893066
2.834732, -9.538498, -0.21548462
2.9281158, -9.518143, -0.075424194
2.980774, -9.457092, 0.010772705
3.0885162, -9.433151, 0.1771698
3.2369537, -9.424774, 0.3651123
3.344696, -9.393646, 0.5817871
3.3901825, -9.325409, 0.6296692
3.4141388, -9.291901, 0.57221985
3.3411102, -9.210495, 0.47045898
3.3327332, -9.080017, 0.33039856
3.3411102, -9.009384, 0.24899292
3.4416656, -9.052475, 0.15083313
3.5960846, -9.081207, 0.16520691
3.7349548, -9.036911, 0.2956848
3.8283234, -8.966278, 0.4812317
3.8714294, -8.929169, 0.6404419
3.901352, -8.935165, 0.69911194
3.957611, -9.039307, 0.6607971
3.988739, -9.148239, 0.59495544
4.044998, -9.2595825, 0.5566559
4.103668, -9.39006, 0.5015869
4.1563416, -9.46907, 0.55426025
4.1096497, -9.493011, 0.61291504
4.1180267, -9.526535, 0.62368774
4.050995, -9.504974, 0.67396545
3.9468384, -9.445129, 0.67396545
4.0066986, -9.372101, 0.73143005
4.0426025, -9.245209, 0.8846588
4.047394, -9.082397, 1.0881653
4.0426025, -8.9435425, 1.1863251
4.079727, -8.890869, 1.2138672
4.1707, -8.869324, 1.1109161
4.193451, -8.85495, 1.043869
4.193451, -8.825027, 0.9900055
4.141968, -8.7699585, 0.98760986
4.09169, -8.825027, 0.88705444
4.0019073, -8.781937, 0.5985565
3.9276886, -8.6706085, 0.21786499
3.9205017, -8.61554, 0.049087524
3.902542, -8.698135, 0.080200195
3.8438873, -8.768768, 0.104141235
3.822342, -8.902832, -0.0011901855
3.7804413, -9.069229, -0.13168335
3.731369, -9.093185, -0.21188354
3.667923, -9.154236, -0.2861023
3.6894684, -9.223663, -0.4800415
3.6739044, -9.306259, -0.57221985
3.664322, -9.352951, -0.5817871
3.75531, -9.369705, -0.5710144
3.8474884, -9.363724, -0.3615265
3.9384613, -9.402023, -0.15203857
3.9671936, -9.431961, 0.008377075
3.9791565, -9.453506, 0.18075562
3.9983215, -9.416397, 0.32800293
3.9384613, -9.34816, 0.45370483
3.8235474, -9.307465, 0.4740448
3.7289734, -9.287109, 0.4513092
3.6463623, -9.397247, 0.3244171
3.59729, -9.471466, 0.33638
3.4847565, -9.549271, 0.3076477
3.3949738, -9.576813, 0.25498962
3.233368, -9.598358, 0.1951294
3.1591492, -9.677368, 0.116119385
3.126831, -9.771927, 0.10534668
3.0777435, -9.834183, 0.19752502
3.0561981, -9.840164, 0.3136444
3.0286713, -9.780319, 0.5087738
2.9616241, -9.668991, 0.58299255
2.8826141, -9.491806, 0.6356659
2.7186127, -9.283524, 0.5518646
2.573761, -9.197327, 0.5482788
2.4672241, -9.248795, 0.5279236
2.434906, -9.406815, 0.42736816
2.3523102, -9.569626, 0.4225769
2.3128052, -9.668991, 0.4584961
2.2792816, -9.678558, 0.54467773
2.2744904, -9.642654, 0.6356659
2.2349854, -9.597153, 0.7122803
2.2349854, -9.494202, 0.7565613
2.2421722, -9.394852, 0.707489
2.3032227, -9.528915, 0.70269775
2.6036987, -9.998184, 0.74220276
2.692276, -9.995789, 0.77093506
2.70784, -9.700104, 0.84754944
2.6000977, -9.200912, 0.90979004
2.4636383, -8.713699, 0.80085754
2.4169464, -8.571243, 0.58418274
2.4564514, -8.740036, 0.3830719
2.561798, -8.954315, 0.27174377
2.680313, -9.258377, 0.31723022
2.8251648, -9.56604, 0.35554504
2.9161377, -9.771927, 0.42497253
2.999939, -9.8533325, 0.35194397
3.0514069, -9.870102, 0.25498962
2.9412842, -9.740814, 0.14364624
2.8311462, -9.5564575, 0.10295105
2.6851044, -9.331406, 0.03352356
2.5809479, -9.078812, 0.0095825195
2.5127106, -8.941147, 0.032318115
2.5079193, -8.923187, 0.1197052
2.5941162, -8.95311, 0.19273376
2.6886902, -9.026138, 0.16879272
2.8203735, -9.042892, 0.15441895
2.8838196, -9.05368, 0.16758728
3.0023346, -9.097961, 0.19752502
3.1591492, -9.105148, 0.22744751
3.3435059, -9.127899, 0.21069336
3.463211, -9.163803, 0.3028717
3.5553894, -9.221268, 0.40582275
3.5984802, -9.239227, 0.4333496
3.5625763, -9.235626, 0.50756836
3.4656067, -9.181763, 0.6105194
3.3399048, -9.113525, 0.6691742
3.1220398, -9.024948, 0.7110748
2.9460602, -8.990234, 0.7362213
2.7916412, -8.991425, 0.6787567
2.7054443, -9.020157, 0.5123596
2.7222137, -9.115921, 0.48362732
2.7569275, -9.162613, 0.42736816
2.7772675, -9.184158, 0.35673523
2.8802185, -9.174576, 0.31004333
2.9245148, -9.157822, 0.2561798
2.9616241, -9.113525, 0.26934814
2.9975433, -9.09079, 0.24182129
3.0178986, -9.063248, 0.24301147
3.0681763, -9.029724, 0.2561798
3.0741577, -9.036911, 0.25498962
3.0777435, -9.024948, 0.26934814
3.0861206, -9.03093, 0.3615265
3.0897217, -9.057266, 0.4297638
3.178299, -9.123108, 0.53630066
3.2357635, -9.228455, 0.6799469
3.1878815, -9.228455, 0.5506592
3.2082367, -9.241623, 0.5782013
3.2513275, -9.271545, 0.70988464
3.312378, -9.333801, 0.6691742
3.3710327, -9.380478, 0.6380615
3.463211, -9.3984375, 0.6572113
3.566162, -9.4774475, 0.7457886
3.6942596, -9.519348, 0.7194519
3.7984009, -9.60553, 0.7685394
3.8438873, -9.635468, 0.7541809
3.897766, -9.640259, 0.76734924
3.9851532, -9.634262, 0.8343811
4.03183, -9.662994, 0.84754944
4.0737305, -9.685745, 0.82958984
4.071335, -9.66539, 0.7984619
4.0342255, -9.629486, 0.7374115
4.047394, -9.612717, 0.707489
3.980362, -9.622299, 0.65242004
3.877411, -9.60553, 0.5961609
3.7588959, -9.601944, 0.5123596
3.5901031, -9.562439, 0.45010376
3.4560242, -9.537308, 0.48483276
3.2920227, -9.494202, 0.5422821
3.1292267, -9.478638, 0.5985565
2.9616241, -9.441528, 0.6488342
2.8443146, -9.443924, 0.71347046
2.7269897, -9.465469, 0.7374115
2.601303, -9.539703, 0.7757263
2.5031433, -9.634262, 0.762558
2.434906, -9.757568, 0.75057983
2.4325104, -9.855728, 0.8128357
2.323578, -9.904816, 0.80085754
2.1751251, -9.896439, 0.6979065
2.0171204, -9.912003, 0.52671814
1.8794556, -9.915588, 0.35673523
1.8399506, -9.926361, 0.331604
1.8483276, -9.952698, 0.36871338
1.8734589, -9.950302, 0.41778564
1.8279724, -9.9479065, 0.54707336
1.8112183, -9.906006, 0.60453796
1.782486, -9.847351, 0.64164734
1.7250214, -9.806656, 0.723053
1.6508026, -9.72525, 0.7003021
1.5945435, -9.643845, 0.72424316
1.5251007, -9.564835, 0.79008484
1.4161682, -9.470261, 0.846344
1.367096, -9.39006, 0.89782715
1.2773132, -9.296692, 0.89901733
1.2042847, -9.260773, 0.92774963
1.2581482, -9.214081, 0.9468994
1.2832947, -9.17099, 0.91218567
1.3251953, -9.175781, 0.8750763
1.3994141, -9.202118, 0.79966736
1.4975739, -9.25119, 0.76135254
1.6460114, -9.306259, 0.77812195
1.7800903, -9.386475, 0.74339294
2.012329, -9.484634, 0.7481842
2.1918945, -9.578003, 0.7481842
2.2912445, -9.667786, 0.7565613
2.4384918, -9.700104, 0.7733307
2.565384, -9.746796, 0.746994
2.6659393, -9.7695465, 0.7374115
2.7736816, -9.816223, 0.72065735
2.8945923, -9.864105, 0.63446045
2.9400787, -9.82341, 0.6105194
2.9891663, -9.8246, 0.6548157
3.016693, -9.765945, 0.7170563
3.055008, -9.685745, 0.6823425
3.0466156, -9.629486, 0.64523315
3.039444, -9.606735, 0.5853882
3.0466156, -9.589981, 0.54467773
3.0657806, -9.545685, 0.54467773
3.075348, -9.501389, 0.5482788
3.099289, -9.483429, 0.4728546
3.099289, -9.501389, 0.40821838
3.0909119, -9.48703, 0.31124878
3.083725, -9.478638, 0.2861023
3.0585938, -9.509766, 0.23223877
3.0657806, -9.526535, 0.20948792
3.0825348, -9.569626, 0.2166748
3.1304169, -9.628281, 0.2059021
3.1376038, -9.680954, 0.19992065
3.1100616, -9.654617, 0.24301147
3.1100616, -9.64624, 0.2753296
3.094513, -9.617508, 0.29328918
3.0957031, -9.540894, 0.27174377
3.0502167, -9.504974, 0.20350647
3.0250702, -9.464279, 0.2059021
3.0059204, -9.46907, 0.21907043
3.0609894, -9.457092, 0.26815796
2.9939423, -9.429565, 0.1257019
2.975998, -9.418793, 0.084991455
2.9987335, -9.418793, 0.1149292
2.9855652, -9.434357, 0.075424194
3.0035248, -9.44632, 0.0
3.0011292, -9.455902, -0.013168335
2.9987335, -9.471466, -0.06463623
3.02388, -9.52533, -0.07661438
2.9831696, -9.56723, -0.05986023
2.9245148, -9.56723, -0.04069519
2.8957825, -9.6115265, -0.10055542
2.8957825, -9.6510315, -0.0909729
2.8275452, -9.621094, -0.084991455
2.6934814, -9.631866, -0.0909729
2.676712, -9.694122, -0.07182312
2.620453, -9.728836, -0.049087524
2.4935608, -9.6953125, -0.011978149
2.446869, -9.712082, 0.02633667
2.4480743, -9.801865, 0.116119385
2.4624329, -9.888046, 0.16998291
2.4229279, -9.92038, 0.2669525
2.3570862, -9.90242, 0.36750793
2.261322, -9.740814, 0.46687317
2.1045074, -9.454697, 0.5590515
1.9393005, -9.238022, 0.58418274
1.8483276, -9.15184, 0.5458832
1.8435364, -9.131485, 0.52433777
1.8926239, -9.246414, 0.4620819
2.043457, -9.422379, 0.43215942
2.149994, -9.58638, 0.45610046
2.2936401, -9.7743225, 0.52911377
2.4540558, -10.083176, 0.47764587
2.568985, -10.308243, 0.65122986
2.5270844, -10.072403, 0.9169769
2.3463135, -9.666595, 1.0845795
2.1835175, -9.393646, 1.1288605
2.1487885, -9.333801, 1.0929565
2.1727448, -9.418793, 1.0414734
2.2230225, -9.520538, 1.0570374
2.309204, -9.642654, 1.0067596
2.4157562, -9.7444, 0.93852234
2.5019379, -9.779114, 0.8666992
2.5402527, -9.816223, 0.8044586
2.5881348, -9.82222, 0.77212524
2.5857391, -9.803055, 0.73861694
2.5462341, -9.797073, 0.7553711
2.5270844, -9.781509, 0.7338257
2.45047, -9.7348175, 0.6763611
2.3738556, -9.686935, 0.6320648
2.3307495, -9.657013, 0.5171509
2.2493591, -9.676163, 0.4010315
2.1847076, -9.6953125, 0.2753296
2.1811218, -9.72525, 0.1592102
2.127243, -9.703705, 0.10295105
2.1092987, -9.6642, 0.08859253
2.0422516, -9.670181, 0.1149292
2.0566254, -9.715668, 0.123306274
2.0733795, -9.731232, 0.11013794
2.0266876, -9.72525, 0.16758728
2.015915, -9.679764, 0.17956543
1.9740143, -9.621094, 0.31243896
1.8770599, -9.522934, 0.38426208
1.7860718, -9.470261, 0.45729065
1.7238312, -9.435547, 0.3818817
1.7346039, -9.424774, 0.31604004
1.782486, -9.433151, 0.34596252
1.806427, -9.453506, 0.4237671
1.8866272, -9.490616, 0.40701294
1.9369049, -9.494202, 0.36271667
1.9907837, -9.534912, 0.3722992
2.0901337, -9.5720215, 0.40701294
2.1356354, -9.589981, 0.3543396
2.1332397, -9.612717, 0.33398438
2.1392212, -9.6115265, 0.2861023
2.166748, -9.58638, 0.21427917
2.2074585, -9.618698, 0.1951294
2.2086487, -9.62709, 0.1304779
2.2325897, -9.625885, 0.118515015
2.245758, -9.643845, 0.10055542
2.197876, -9.753983, -0.049087524
2.1691437, -9.913193, -0.0059814453
2.1080933, -10.081985, 0.18675232
2.1475983, -10.122681, 0.3244171
2.2014618, -10.249573, 0.36631775
2.2170258, -10.261551, 0.4189911
2.197876, -10.236404, 0.4728546
2.2086487, -10.207672, 0.48362732
2.237381, -10.101135, 0.4740448
2.1954803, -10.030502, 0.5506592
2.1727448, -9.928757, 0.5518646
2.1882935, -9.810242, 0.588974
2.1559753, -9.7695465, 0.6979065
2.1571808, -9.624695, 0.83317566
2.1284485, -9.393646, 0.86790466
2.1140747, -9.239227, 0.9756317
2.0997162, -9.035721, 1.06781
2.094925, -8.783127, 1.1887207
2.072174, -8.441956, 1.3168182
2.0458527, -8.208527, 1.4185638
2.2026672, -8.00502, 1.4125824
2.5438385, -7.9427643, 1.1204834
3.3327332, -8.02417, 0.07901001
3.9671936, -8.230072, -0.8846588
3.791214, -8.620331, -0.16281128
3.5841217, -8.865723, 0.39265442
3.4129333, -9.135071, 0.533905
3.2776642, -9.376892, 0.62249756
3.1459808, -9.639053, 0.65960693
3.1208344, -9.831787, 0.74938965
3.1435852, -10.002975, 0.74938965
3.0897217, -10.15979, 0.8044586
3.0071106, -10.314224, 0.74220276
2.9101562, -10.372879, 0.683548
2.8155823, -10.45668, 0.6548157
2.7605133, -10.485413, 0.48483276
2.6791077, -10.39563, 0.38426208
2.601303, -10.383652, 0.24301147
2.5390472, -10.29866, 0.13407898
2.5234833, -10.23761, 0.09576416
2.60849, -10.146622, 0.082595825
2.7138214, -10.017334, 0.096969604
2.724594, -9.88327, 0.08380127
2.7617188, -9.739609, 0.084991455
2.7988281, -9.595963, 0.089782715
2.8598785, -9.402023, 0.07182312
2.8479004, -9.299072, 0.03591919
2.8694458, -9.168594, -0.025146484
2.937683, -9.131485, -0.089782715
2.9640198, -9.100357, -0.12689209
3.0226746, -9.143463, -0.15203857
3.071762, -9.166199, -0.18914795
3.1064758, -9.211685, -0.32081604
3.1591492, -9.254791, -0.33518982
3.1615448, -9.31105, -0.41059875
3.1914673, -9.406815, -0.49919128
3.2309723, -9.455902, -0.5207367
3.2429504, -9.498993, -0.7050934
3.2285767, -9.574417, -1.1911163
3.1806946, -9.60553, -2.3343506
2.9197235, -9.497803, -3.9875488
2.426529, -9.284714, -4.9069214
2.0937347, -9.208099, -4.213791
2.1631622, -9.277527, -2.8886108
2.4779968, -9.455902, -1.7549438
2.8766327, -9.56604, -0.9911957
3.1136627, -9.582794, -0.5135498
3.2393494, -9.636658, -0.34596252
3.2465363, -9.68335, -0.1663971
3.2441406, -9.670181, 0.092178345
3.2632904, -9.674973, 0.3244171
3.2525177, -9.653427, 0.47764587
3.2752686, -9.592377, 0.58299255
3.3590698, -9.545685, 0.67396545
3.4500427, -9.459488, 0.68833923
3.4919434, -9.419983, 0.6380615
3.5051117, -9.355347, 0.6081238
3.4332886, -9.2883, 0.6188965
3.289627, -9.239227, 0.6201019
3.190277, -9.203308, 0.5602417
3.138794, -9.208099, 0.44172668
3.1854858, -9.302673, 0.20948792
3.1878815, -9.424774, 0.089782715
3.1759033, -9.502594, 0.16758728
3.1292267, -9.501389, 0.3866577
3.0765533, -9.48822, 0.6572113
2.999939, -9.467865, 0.8631134
2.9903564, -9.430756, 1.0127411
3.0406342, -9.366119, 1.0139465
3.1292267, -9.378082, 1.0426788
3.3399048, -9.392456, 1.0402832
3.4823608, -9.449921, 1.0103607
3.4883575, -9.459488, 0.9792328
3.4009705, -9.385269, 0.9612732
3.2537231, -9.312241, 0.9169769
3.1004944, -9.273941, 0.8954315
2.9424744, -9.221268, 0.8750763
2.826355, -9.222458, 0.86909485
2.738968, -9.281128, 0.84036255
2.719818, -9.3589325, 0.7805023
2.6671448, -9.372101, 0.746994
2.644394, -9.352951, 0.70269775
2.6000977, -9.355347, 0.67037964
2.5510254, -9.364914, 0.6967163
2.5785522, -9.368515, 0.65122986
2.5857391, -9.386475, 0.5793915
2.6156616, -9.440338, 0.5422821
2.5941162, -9.434357, 0.5279236
2.568985, -9.442734, 0.47045898
2.592926, -9.464279, 0.45010376
2.597702, -9.479843, 0.42616272
2.573761, -9.465469, 0.38786316
2.5749664, -9.457092, 0.4046173
2.5522156, -9.441528, 0.3435669
2.5019379, -9.416397, 0.35794067
2.4325104, -9.386475, 0.32800293
2.4373016, -9.343369, 0.31962585
2.4624329, -9.39006, 0.31004333
2.4480743, -9.394852, 0.31243896
2.4851837, -9.410416, 0.34117126
2.505539, -9.385269, 0.29328918
2.5270844, -9.350555, 0.28849792
2.5474243, -9.356537, 0.29808044
2.577362, -9.303864, 0.27174377
2.5809479, -9.2883, 0.23582458
2.6348114, -9.334991, 0.26097107
2.668335, -9.327805, 0.24301147
2.7138214, -9.265564, 0.296875
2.7916412, -9.324219, 0.2669525
2.8407135, -9.307465, 0.32321167
2.8682556, -9.241623, 0.3543396
2.9233246, -9.239227, 0.35673523
3.0107117, -9.291901, 0.37469482
3.075348, -9.277527, 0.41059875
3.1220398, -9.265564, 0.48483276
3.1986542, -9.239227, 0.48243713
3.2800598, -9.246414, 0.48483276
3.308792, -9.253586, 0.5171509
3.3506927, -9.228455, 0.5231323
3.406952, -9.265564, 0.5410919
3.4620209, -9.271545, 0.509964
3.502716, -9.265564, 0.52433777
3.525467, -9.273941, 0.5351105
3.5769348, -9.2643585, 0.5506592
3.6020813, -9.271545, 0.5638275
3.6308136, -9.247604, 0.5817871
3.6930542, -9.254791, 0.5506592
3.751709, -9.361328, 0.55426025
3.8247375, -9.448715, 0.4980011
3.870224, -9.501389, 0.49440002
3.9193115, -9.512161, 0.42855835
3.8893738, -9.449921, 0.36032104
3.8522644, -9.403229, 0.35554504
3.8043823, -9.3302, 0.296875
3.7050323, -9.261963, 0.26934814
3.6140442, -9.1698, 0.20111084
3.5170898, -9.103958, 0.13287354
3.4225159, -9.024948, 0.13887024
3.3219604, -8.91362, 0.02633667
3.2680817, -8.852554, 0.0059814453
3.1411896, -8.828613, 0.04548645
3.0430298, -8.779541, -0.041900635
3.0298615, -8.796295, -0.041900635
3.0406342, -8.829819, -0.05027771
3.0142975, -8.935165, -0.120910645
3.0250702, -9.057266, -0.104141235
3.0382385, -9.120712, -0.14724731
3.099289, -9.208099, -0.17237854
3.1447906, -9.336197, -0.1663971
3.205841, -9.512161, -0.1771698
3.3147736, -9.66539, -0.18435669
3.3590698, -9.836578, -0.1771698
3.4416656, -9.888046, -0.1951294
3.487152, -9.96228, -0.13647461
3.4799652, -9.996994, -0.18196106
3.4284973, -9.996994, -0.14604187
3.3387146, -9.92157, -0.12689209
3.2357635, -9.816223, -0.123306274
3.078949, -9.676163, -0.13168335
2.9975433, -9.5720215, -0.089782715
2.8921967, -9.461884, -0.10295105
2.7545319, -9.361328, -0.10055542
2.6886902, -9.296692, -0.13287354
2.5821533, -9.226059, -0.1304779
2.505539, -9.167404, -0.108932495
2.4169464, -9.17099, -0.108932495
2.4049683, -9.135071, -0.1257019
2.4229279, -9.083603, -0.080200195
2.4217377, -9.088394, -0.08140564
2.4373016, -9.048889, -0.089782715
2.4696198, -9.01178, -0.06942749
2.4971466, -8.968674, -0.058654785
2.597702, -8.95192, -0.02633667
2.6791077, -8.908829, -0.025146484
2.762909, -8.877701, -0.03352356
2.9484558, -8.929169, -0.056259155
3.035843, -8.950729, -0.070632935
3.2405548, -9.020157, -0.07661438
3.4644165, -9.107544, -0.118515015
3.6320038, -9.234436, -0.10534668
3.7696686, -9.290695, -0.1592102
3.909729, -9.385269, -0.17597961
4.0390167, -9.472656, -0.18315125
4.1527405, -9.56842, -0.18196106
4.241333, -9.662994, -0.17477417
4.3095703, -9.757568, -0.116119385
4.3753967, -9.836578, -0.13168335
4.3813934, -9.938324, -0.10774231
4.368225, -10.081985, -0.08140564
4.34787, -10.187332, -0.070632935
4.2987823, -10.268738, -0.05027771
4.1168365, -10.31781, -0.075424194
3.9157104, -10.365692, -0.03352356
3.727768, -10.399216, -0.0143585205
3.5637665, -10.406403, 0.065841675
3.3710327, -10.394424, 0.1257019
3.1771088, -10.413574, 0.2059021
3.0514069, -10.368088, 0.28970337
2.8072052, -10.268738, 0.4297638
2.5665894, -10.137054, 0.5686188
2.4241333, -10.037689, 0.69192505
2.3068085, -9.927551, 0.81762695
2.2182312, -9.836578, 0.9576874
2.2325897, -9.739609, 1.1911163
2.221817, -9.6642, 1.414978
2.2673035, -9.631866, 1.5658112
2.3307495, -9.583984, 1.7525482
2.3606873, -9.495407, 1.9297333
2.387024, -9.42836, 1.9955597
2.4360962, -9.411606, 2.0817566
2.4839783, -9.350555, 2.1607666
2.5749664, -9.283524, 2.1871033
2.6623535, -9.312241, 2.2266083
2.7377625, -9.3194275, 2.142807
2.7617188, -9.366119, 2.039856
2.7545319, -9.388855, 1.8519135
2.7257996, -9.483429, 1.6364441
2.6862946, -9.560043, 1.4365234
2.5749664, -9.578003, 1.2497711
2.5306702, -9.609131, 1.1240845
2.4480743, -9.655823, 0.9935913
2.3199768, -9.649826, 0.9217682
2.2325897, -9.616318, 0.8882446
2.1440125, -9.560043, 0.7841034
2.0805664, -9.504974, 0.707489
1.9919739, -9.475052, 0.6859436
1.9369049, -9.435547, 0.5626373
1.8722687, -9.403229, 0.49919128
1.8554993, -9.333801, 0.48243713
1.8148041, -9.320633, 0.43814087
1.7717133, -9.273941, 0.37348938
1.7417755, -9.255981, 0.36990356
1.7250214, -9.208099, 0.3435669
1.7298126, -9.193741, 0.29808044
1.7166443, -9.1410675, 0.3040619
1.6974945, -9.078812, 0.30047607
1.6819305, -9.009384, 0.2753296
1.6663666, -8.938751, 0.2633667
1.6903076, -8.882492, 0.28849792
1.7381897, -8.83461, 0.2813263
1.8160095, -8.825027, 0.26815796
1.9548645, -8.847778, 0.26934814
2.0530243, -8.942337, 0.24182129
2.1703491, -9.046494, 0.21548462
2.2445679, -9.233246, 0.25138855
2.2804718, -9.479843, 0.27174377
2.3654785, -9.7061, 0.29447937
2.4241333, -9.882065, 0.3615265
2.5677795, -10.012558, 0.3423767
2.632431, -10.070007, 0.36990356
2.6635437, -10.08078, 0.39624023
2.680313, -10.09874, 0.4010315
2.7844543, -10.164581, 0.3531494
2.8778229, -10.2795105, 0.41059875
3.0214844, -10.447098, 0.46687317
3.205841, -10.606308, 0.5913696
3.3566742, -10.722427, 0.6787567
3.463211, -10.796646, 0.71347046
3.5003204, -10.763138, 0.78889465
3.4691925, -10.63504, 0.7948761
3.391388, -10.39563, 0.81881714
3.3219604, -10.127472, 0.8200073
3.265686, -9.844955, 0.82839966
3.1567535, -9.672577, 0.7876892
3.1256256, -9.512161, 0.7649536
3.083725, -9.429565, 0.72424316
3.0286713, -9.392456, 0.70628357
2.9460602, -9.326614, 0.76135254
2.8993835, -9.294296, 0.7158661
2.7509308, -9.221268, 0.6296692
2.6312256, -9.121902, 0.62727356
2.5354614, -9.085999, 0.62368774
2.52948, -9.107544, 0.5698242
2.577362, -9.121902, 0.58657837
2.6336212, -9.160217, 0.5805969
2.7461548, -9.212891, 0.5925598
2.9029694, -9.192535, 0.6356659
3.0190887, -9.208099, 0.6201019
3.2010498, -9.173386, 0.6201019
3.3806152, -9.147049, 0.6296692
3.4955292, -9.117126, 0.64523315
3.6236267, -9.1015625, 0.65242004
3.7145996, -9.097961, 0.6895294
3.77565, -9.050079, 0.65122986
3.7601013, -9.039307, 0.6500244
3.6763, -8.9830475, 0.69911194
3.564972, -8.91481, 0.6428375
3.4667969, -8.9279785, 0.6476288
3.415329, -8.942337, 0.6260834
3.3746338, -9.046494, 0.58418274
3.3566742, -9.125504, 0.549469
3.3566742, -9.157822, 0.50038147
3.4141388, -9.200912, 0.47644043
3.4440613, -9.261963, 0.509964
3.4919434, -9.302673, 0.46087646
3.5362396, -9.342178, 0.4189911
3.6008759, -9.380478, 0.4225769
3.6942596, -9.423584, 0.34477234
3.731369, -9.464279, 0.28849792
3.6870728, -9.457092, 0.24061584
3.6355896, -9.421188, 0.22984314
3.5673676, -9.320633, 0.23223877
3.4536285, -9.255981, 0.22984314
3.423706, -9.227249, 0.20350647
3.3411102, -9.165009, 0.16879272
3.2800598, -9.155426, 0.15562439
3.2776642, -9.210495, 0.16160583
3.2788544, -9.23204, 0.123306274
3.3111877, -9.281128, 0.16041565
3.3542786, -9.312241, 0.1663971
3.3973694, -9.36731, 0.17358398
3.4440613, -9.421188, 0.1484375
3.4644165, -9.452301, 0.1592102
3.4691925, -9.484634, 0.19992065
3.4895477, -9.504974, 0.22744751
3.4799652, -9.509766, 0.2238617
3.4500427, -9.531311, 0.25498962
3.4488525, -9.542084, 0.26576233
3.4524384, -9.578003, 0.25857544
3.4644165, -9.550476, 0.23582458
3.4320831, -9.610321, 0.22625732
3.3878021, -9.56604, 0.21427917
3.3506927, -9.481033, 0.22026062
3.2621002, -9.40921, 0.25138855
3.1699219, -9.376892, 0.27772522
3.1100616, -9.40921, 0.2238617
3.0885162, -9.429565, 0.22505188
3.04422, -9.44632, 0.22026062
3.063385, -9.501389, 0.22146606
3.047821, -9.554062, 0.20829773
2.9640198, -9.609131, 0.19631958
2.9723969, -9.658203, 0.15441895
2.9245148, -9.672577, 0.17837524
2.8790283, -9.6642, 0.11730957
2.8622742, -9.689331, 0.1484375
2.7940369, -9.672577, 0.11730957
2.7880554, -9.655823, 0.108932495
2.719818, -9.60434, 0.15203857
2.6946716, -9.56604, 0.1771698
2.6479797, -9.504974, 0.22146606
2.640808, -9.435547, 0.24182129
2.6384125, -9.391251, 0.26815796
2.6120758, -9.356537, 0.31004333
2.589325, -9.299072, 0.41419983
2.5953217, -9.248795, 0.5087738
2.5941162, -9.23204, 0.5913696
2.5881348, -9.210495, 0.6177063
2.616867, -9.216476, 0.69551086
2.6815033, -9.194931, 0.7841034
2.6659393, -9.175781, 0.85832214
2.661148, -9.15303, 0.8918457
2.6707306, -9.148239, 0.9624634
2.6779175, -9.1698, 0.9900055
2.692276, -9.216476, 1.0067596
2.7305908, -9.261963, 1.0690155
2.8059998, -9.362518, 1.0929565
2.8610687, -9.404419, 1.114502
2.8670502, -9.441528, 1.0929565
2.8694458, -9.483429, 1.0881653
2.9197235, -9.522934, 1.0917511
2.9328918, -9.530121, 1.0462646
2.980774, -9.514557, 1.0247192
3.0178986, -9.490616, 1.0067596
3.0298615, -9.498993, 0.96725464
3.039444, -9.4774475, 0.9325409
3.016693, -9.417587, 0.9145813
3.0454254, -9.394852, 0.87628174
3.0406342, -9.355347, 0.8236084
3.0370483, -9.300278, 0.7960663
3.020279, -9.281128, 0.7649536
3.0298615, -9.290695, 0.7445984
3.0657806, -9.281128, 0.73861694
3.0729523, -9.282318, 0.7003021
3.1363983, -9.278732, 0.70388794
3.147171, -9.275131, 0.65600586
3.1842957, -9.301468, 0.67396545
3.2010498, -9.307465, 0.68115234
3.221405, -9.295486, 0.6356659
3.2908325, -9.308655, 0.6500244
3.2956238, -9.313446, 0.6081238
3.2836456, -9.278732, 0.6141052
3.265686, -9.294296, 0.54707336
3.2836456, -9.321823, 0.5422821
3.313568, -9.342178, 0.5279236
3.2920227, -9.332596, 0.50398254
3.2788544, -9.321823, 0.4441223
3.3267365, -9.324219, 0.43215942
3.3099823, -9.303864, 0.4297638
3.336319, -9.324219, 0.375885
3.320755, -9.318237, 0.35673523
3.2776642, -9.317032, 0.32920837
3.2513275, -9.321823, 0.32681274
3.210617, -9.339783, 0.28370667
3.1806946, -9.364914, 0.19871521
3.1591492, -9.355347, 0.16758728
3.114853, -9.397247, 0.12928772
3.075348, -9.415192, 0.084991455
3.0897217, -9.405624, 0.02154541
3.0885162, -9.454697, -0.029922485
3.0980988, -9.460693, -0.03831482
3.1124573, -9.46907, -0.05267334
3.1040802, -9.476257, -0.12928772
3.1076813, -9.481033, -0.19992065
3.142395, -9.460693, -0.20231628
3.162735, -9.460693, -0.25737
3.1244354, -9.418793, -0.30047607
3.1136627, -9.40802, -0.35673523
3.1016846, -9.402023, -0.40342712
3.0933075, -9.337387, -0.45489502
3.0777435, -9.282318, -0.43933105
3.0657806, -9.287109, -0.48362732
3.0813446, -9.260773, -0.49679565
3.0813446, -9.238022, -0.5135498
3.114853, -9.242813, -0.50398254
3.138794, -9.257187, -0.5087738
3.1675262, -9.258377, -0.4728546
3.1854858, -9.252396, -0.5171509
3.2369537, -9.287109, -0.48362732
3.2860413, -9.266754, -0.38546753
3.2992096, -9.275131, -0.3615265
3.344696, -9.291901, -0.33638
3.3411102, -9.30986, -0.25737
3.3925781, -9.291901, -0.21786499

