x : y : Z 
3.3937836, -9.282318, -0.15562439
3.3770142, -9.263168, -0.11013794
3.3698425, -9.23204, -0.07901001
3.3901825, -9.25, -0.032318115
3.4273071, -9.239227, 0.039505005
3.4009705, -9.252396, 0.07421875
3.3734283, -9.228455, 0.12928772
3.375824, -9.272736, 0.16400146
3.3734283, -9.314636, 0.18435669
3.3590698, -9.303864, 0.17597961
3.3734283, -9.317032, 0.1951294
3.3878021, -9.366119, 0.22625732
3.3506927, -9.357742, 0.27893066
3.3351288, -9.368515, 0.28849792
3.3171692, -9.368515, 0.2741394
3.3111877, -9.366119, 0.31843567
3.2944183, -9.32901, 0.3244171
3.28125, -9.36731, 0.37828064
3.2525177, -9.3984375, 0.3435669
3.2046356, -9.39006, 0.34835815
3.190277, -9.40802, 0.3543396
3.2166138, -9.399643, 0.32081604
3.20224, -9.4379425, 0.32681274
3.1603394, -9.417587, 0.34117126
3.1340027, -9.433151, 0.36750793
3.0933075, -9.489426, 0.34117126
3.1040802, -9.503784, 0.3615265
3.0885162, -9.533707, 0.34835815
3.0825348, -9.512161, 0.3543396
3.0933075, -9.521744, 0.33638
3.071762, -9.579208, 0.3435669
3.0801392, -9.587585, 0.3244171
3.0657806, -9.579208, 0.38546753
3.039444, -9.510971, 0.37109375
3.0370483, -9.476257, 0.35673523
2.9987335, -9.466675, 0.4010315
3.0178986, -9.454697, 0.39265442
3.0071106, -9.410416, 0.38426208
3.0107117, -9.400833, 0.37948608
2.9496613, -9.370911, 0.40222168
2.9161377, -9.379288, 0.39863586
2.8754425, -9.369705, 0.39265442
2.8838196, -9.415192, 0.36871338
2.8909912, -9.436752, 0.39743042
2.8718414, -9.451111, 0.4010315
2.889801, -9.528915, 0.37348938
2.8694458, -9.558853, 0.36871338
2.9017792, -9.579208, 0.44293213
2.8670502, -9.629486, 0.42138672
2.8515015, -9.619904, 0.41539
2.8682556, -9.622299, 0.40701294
2.8479004, -9.612717, 0.39743042
2.8670502, -9.575607, 0.41778564
2.8634644, -9.533707, 0.44532776
2.8000183, -9.496597, 0.4189911
2.795227, -9.4774475, 0.42018127
2.810791, -9.455902, 0.44172668
2.7413635, -9.418793, 0.46806335
2.7341766, -9.40802, 0.4584961
2.6970673, -9.404419, 0.47166443
2.7018585, -9.423584, 0.51594543
2.6755219, -9.441528, 0.5087738
2.6731262, -9.403229, 0.5315094
2.637207, -9.399643, 0.52911377
2.6731262, -9.385269, 0.5518646
2.6874847, -9.362518, 0.58418274
2.6874847, -9.34816, 0.5913696
2.7054443, -9.331406, 0.63087463
2.6815033, -9.31105, 0.65600586
2.6743164, -9.263168, 0.66677856
2.6827087, -9.258377, 0.68833923
2.7066498, -9.2643585, 0.7158661
2.7174225, -9.221268, 0.6643982
2.7449493, -9.156631, 0.7302246
2.7305908, -9.149445, 0.7158661
2.6862946, -9.192535, 0.7170563
2.7305908, -9.270355, 0.72424316
2.802414, -9.351746, 0.7410126
2.8694458, -9.423584, 0.7398071
2.9472656, -9.502594, 0.7398071
2.9544525, -9.580399, 0.78289795
2.977188, -9.573212, 0.7649536
3.0226746, -9.588776, 0.7852936
3.0561981, -9.610321, 0.7912903
3.0621796, -9.575607, 0.7649536
3.0801392, -9.581589, 0.76016235
3.1088715, -9.538498, 0.76374817
3.0921173, -9.5169525, 0.7685394
3.1256256, -9.443924, 0.7266388
3.0897217, -9.400833, 0.6943207
3.0681763, -9.301468, 0.66677856
3.0693665, -9.285904, 0.6572113
3.0645752, -9.23085, 0.65600586
3.0609894, -9.247604, 0.6404419
3.0849304, -9.25, 0.63327026
3.0502167, -9.277527, 0.61291504
3.0490112, -9.266754, 0.57221985
3.0705566, -9.331406, 0.55545044
3.1244354, -9.369705, 0.5602417
3.1399994, -9.42717, 0.53630066
3.2118225, -9.50618, 0.5087738
3.2357635, -9.530121, 0.48721313
3.229782, -9.540894, 0.4740448
3.2525177, -9.592377, 0.4513092
3.2285767, -9.551666, 0.41539
3.2429504, -9.558853, 0.39505005
3.2465363, -9.551666, 0.38546753
3.2405548, -9.512161, 0.37948608
3.1962585, -9.4774475, 0.33039856
3.2154083, -9.402023, 0.30645752
3.2249908, -9.388855, 0.27893066
3.2130127, -9.332596, 0.27653503
3.1878815, -9.338577, 0.21427917
3.1806946, -9.372101, 0.19992065
3.1842957, -9.34816, 0.1663971
3.162735, -9.372101, 0.15203857
3.1483765, -9.352951, 0.080200195
3.1962585, -9.419983, 0.0287323
3.1771088, -9.394852, -0.0287323
3.1196442, -9.419983, -0.008377075
3.1363983, -9.445129, -0.094573975
3.114853, -9.455902, -0.17237854
3.1208344, -9.501389, -0.21907043
3.1328125, -9.481033, -0.25857544
3.114853, -9.464279, -0.30645752
3.0980988, -9.448715, -0.31124878
3.087326, -9.449921, -0.33998108
3.0897217, -9.422379, -0.4692688
3.0693665, -9.400833, -0.47883606
3.0370483, -9.381683, -0.46566772
2.9867706, -9.384079, -0.4980011
2.953247, -9.321823, -0.48602295
2.920929, -9.297882, -0.54348755
2.9221191, -9.333801, -0.55545044
2.8670502, -9.369705, -0.533905
2.8395233, -9.392456, -0.5506592
2.8622742, -9.382874, -0.5171509
2.850296, -9.394852, -0.5063782
2.8526917, -9.459488, -0.45010376
2.8706512, -9.485825, -0.41659546
2.8933868, -9.508575, -0.40222168
2.8957825, -9.512161, -0.33039856
2.8874054, -9.510971, -0.23582458
2.8945923, -9.485825, -0.19992065
2.8634644, -9.457092, -0.15322876
2.86586, -9.461884, -0.10055542
2.8227692, -9.433151, -0.070632935
2.7964325, -9.415192, -0.03591919
2.8036041, -9.403229, 0.02633667
2.7688904, -9.412811, 0.087387085
2.7724915, -9.388855, 0.16520691
2.7688904, -9.412811, 0.19033813
2.7988281, -9.410416, 0.2238617
2.817978, -9.452301, 0.27174377
2.8443146, -9.4774475, 0.29808044
2.8526917, -9.489426, 0.33518982
2.8993835, -9.496597, 0.35075378
2.9197235, -9.52533, 0.38546753
2.9328918, -9.528915, 0.41299438
2.9460602, -9.500198, 0.4405365
2.9472656, -9.513367, 0.44770813
2.960434, -9.530121, 0.44172668
2.9436646, -9.534912, 0.4812317
2.9616241, -9.520538, 0.50398254
2.9592285, -9.527725, 0.5063782
2.9269104, -9.476257, 0.55545044
2.9149475, -9.494202, 0.57699585
2.9185333, -9.4774475, 0.5710144
2.898178, -9.4379425, 0.5566559
2.8933868, -9.442734, 0.58657837
2.9005737, -9.42598, 0.5746155
2.9185333, -9.404419, 0.5925598
2.896988, -9.410416, 0.61650085
2.8850098, -9.431961, 0.60572815
2.8778229, -9.424774, 0.6177063
2.889801, -9.410416, 0.5961609
2.881424, -9.379288, 0.6368561
2.8730469, -9.370911, 0.6691742
2.8323364, -9.396042, 0.6488342
2.8395233, -9.404419, 0.6356659
2.8538818, -9.402023, 0.65242004
2.841919, -9.42598, 0.6392517
2.8467102, -9.406815, 0.6081238
2.8000183, -9.414001, 0.62727356
2.8155823, -9.40802, 0.6212921
2.8359375, -9.419983, 0.5973511
2.8335419, -9.423584, 0.64523315
2.8167725, -9.40921, 0.6548157
2.7880554, -9.380478, 0.628479
2.7533264, -9.393646, 0.6548157
2.762909, -9.404419, 0.6404419
2.7677002, -9.3984375, 0.66200256
2.8096008, -9.416397, 0.68833923
2.7772675, -9.411606, 0.6871338
2.7904358, -9.405624, 0.7003021
2.7928314, -9.42717, 0.68833923
2.8083954, -9.442734, 0.65242004
2.8083954, -9.429565, 0.65960693
2.8239594, -9.424774, 0.6907196
2.8275452, -9.445129, 0.6787567
2.819168, -9.44632, 0.64164734
2.8048096, -9.434357, 0.6799469
2.8215637, -9.439133, 0.6464386
2.8670502, -9.443924, 0.6368561
2.9328918, -9.483429, 0.6320648
2.896988, -9.496597, 0.61172485
2.8670502, -9.479843, 0.61531067
2.8048096, -9.457092, 0.62727356
2.8143768, -9.439133, 0.6392517
2.8059998, -9.479843, 0.58418274
2.8155823, -9.502594, 0.5518646
2.8203735, -9.519348, 0.5171509
2.8467102, -9.491806, 0.52911377
2.8479004, -9.478638, 0.50038147
2.8275452, -9.466675, 0.48960876
2.8383331, -9.479843, 0.48243713
2.8227692, -9.479843, 0.4632721
2.8167725, -9.465469, 0.46447754
2.834732, -9.451111, 0.42736816
2.841919, -9.459488, 0.4225769
2.8479004, -9.449921, 0.41059875
2.8275452, -9.449921, 0.42855835
2.8407135, -9.449921, 0.40222168
2.8730469, -9.471466, 0.44651794
2.8909912, -9.491806, 0.39982605
2.9388885, -9.479843, 0.40582275
2.9831696, -9.490616, 0.40701294
2.9580383, -9.472656, 0.40342712
2.968811, -9.436752, 0.35554504
2.9783936, -9.454697, 0.40940857
2.9855652, -9.441528, 0.41059875
2.952057, -9.391251, 0.36392212
2.956833, -9.364914, 0.39863586
2.9592285, -9.372101, 0.39505005
2.9484558, -9.360138, 0.42855835
2.960434, -9.385269, 0.40701294
2.9640198, -9.399643, 0.37348938
2.9652252, -9.3984375, 0.375885
2.9819794, -9.451111, 0.39505005
3.016693, -9.482239, 0.39505005
3.0286713, -9.484634, 0.39743042
3.0274658, -9.479843, 0.37348938
3.0286713, -9.496597, 0.37709045
3.0023346, -9.533707, 0.36871338
2.999939, -9.496597, 0.3818817
3.0107117, -9.483429, 0.35554504
2.9676056, -9.447525, 0.4118042
2.9592285, -9.404419, 0.40821838
2.9436646, -9.402023, 0.40821838
2.953247, -9.423584, 0.39863586
2.9700012, -9.381683, 0.43814087
2.9221191, -9.385269, 0.4297638
2.9592285, -9.40802, 0.4297638
2.9700012, -9.429565, 0.44770813
3.0011292, -9.435547, 0.46566772
3.0334473, -9.455902, 0.4513092
3.0059204, -9.455902, 0.42616272
2.9747925, -9.484634, 0.49440002
3.0071106, -9.475052, 0.52911377
3.0071106, -9.476257, 0.47883606
3.0095062, -9.483429, 0.4740448
2.9939423, -9.476257, 0.5087738
2.9831696, -9.447525, 0.52671814
2.9616241, -9.429565, 0.5530548
2.9783936, -9.40921, 0.5566559
2.9628296, -9.379288, 0.5901642
2.9508514, -9.39006, 0.5698242
2.977188, -9.404419, 0.56622314
2.9652252, -9.423584, 0.59495544
2.9544525, -9.40802, 0.58299255
2.9879608, -9.406815, 0.5638275
2.9819794, -9.404419, 0.57341003
2.9544525, -9.419983, 0.5973511
2.992752, -9.442734, 0.5458832
2.9783936, -9.439133, 0.5602417
2.9616241, -9.472656, 0.5386963
2.9819794, -9.452301, 0.5207367
2.977188, -9.463089, 0.549469
2.9508514, -9.470261, 0.5351105
2.9700012, -9.453506, 0.53749084
2.956833, -9.439133, 0.52194214
2.9580383, -9.433151, 0.50398254
2.9400787, -9.435547, 0.45968628
2.8921967, -9.402023, 0.509964
2.8766327, -9.42836, 0.45729065
2.898178, -9.436752, 0.45370483
2.8945923, -9.442734, 0.41059875
2.8802185, -9.460693, 0.3902588
2.8730469, -9.479843, 0.3866577
2.8754425, -9.48703, 0.3818817
2.8886108, -9.485825, 0.3818817
2.8622742, -9.504974, 0.35913086
2.8826141, -9.467865, 0.3471527
2.9005737, -9.48703, 0.3435669
2.9089508, -9.493011, 0.33518982
2.8909912, -9.475052, 0.31124878
2.8909912, -9.467865, 0.296875
2.8670502, -9.430756, 0.29328918
2.8682556, -9.439133, 0.29447937
2.8455048, -9.42717, 0.2849121
2.78685, -9.405624, 0.27653503
2.8012085, -9.399643, 0.29328918
2.826355, -9.403229, 0.28970337
2.8131866, -9.459488, 0.25498962
2.8538818, -9.476257, 0.29328918
2.8754425, -9.498993, 0.3148346
2.8826141, -9.50618, 0.29447937
2.874237, -9.544479, 0.2753296
2.8921967, -9.583984, 0.28970337
2.8359375, -9.539703, 0.32321167
2.8431091, -9.512161, 0.31604004
2.8311462, -9.504974, 0.3256073
2.8096008, -9.501389, 0.34117126
2.78685, -9.513367, 0.31243896
2.7569275, -9.515747, 0.29328918
2.7760773, -9.485825, 0.32081604
2.7856598, -9.478638, 0.31843567
2.8036041, -9.484634, 0.34835815
2.810791, -9.476257, 0.3471527
2.8048096, -9.441528, 0.37109375
2.778473, -9.465469, 0.38905334
2.8251648, -9.441528, 0.39505005
2.817978, -9.430756, 0.3938446
2.8167725, -9.46907, 0.43455505
2.826355, -9.460693, 0.43814087
2.8048096, -9.449921, 0.4237671
2.7928314, -9.473862, 0.4692688
2.8059998, -9.466675, 0.5051727
2.8239594, -9.4774475, 0.5087738
2.8167725, -9.518143, 0.51834106
2.8562775, -9.54808, 0.52671814
2.86586, -9.550476, 0.5410919
2.8251648, -9.56842, 0.5686188
2.86586, -9.550476, 0.5674286
2.9029694, -9.550476, 0.5782013
2.8515015, -9.536102, 0.5877838
2.8682556, -9.504974, 0.60214233
2.8431091, -9.493011, 0.6356659
2.8059998, -9.471466, 0.6871338
2.8083954, -9.463089, 0.72184753
2.8048096, -9.448715, 0.7338257
2.779663, -9.417587, 0.7876892
2.810791, -9.424774, 0.79966736
2.8311462, -9.393646, 0.8595123
2.8072052, -9.396042, 0.826004
2.8467102, -9.402023, 0.8355713
2.850296, -9.370911, 0.86550903
2.826355, -9.394852, 0.826004
2.819168, -9.44632, 0.8319855
2.8299408, -9.482239, 0.8666992
2.8526917, -9.504974, 0.86550903
2.8646698, -9.534912, 0.8355713
2.8670502, -9.530121, 0.8535309
2.8359375, -9.515747, 0.8666992
2.8311462, -9.5169525, 0.87628174
2.841919, -9.50737, 0.9133911
2.7808685, -9.48703, 0.93852234
2.8311462, -9.472656, 0.8966217
2.7976227, -9.453506, 0.9145813
2.8323364, -9.464279, 0.8966217
2.8311462, -9.470261, 0.91578674
2.8119965, -9.461884, 0.885849
2.8335419, -9.440338, 0.8140259
2.810791, -9.443924, 0.7972717
2.817978, -9.461884, 0.802063
2.795227, -9.441528, 0.78889465
2.7832642, -9.436752, 0.7410126
2.7772675, -9.466675, 0.76734924
2.7329865, -9.466675, 0.70388794
2.7281952, -9.461884, 0.6799469
2.778473, -9.455902, 0.6763611
2.7653046, -9.463089, 0.63087463
2.7940369, -9.44632, 0.6296692
2.834732, -9.445129, 0.6260834
2.8335419, -9.439133, 0.60572815
2.834732, -9.40921, 0.58299255
2.8323364, -9.424774, 0.58299255
2.881424, -9.433151, 0.5782013
2.9317017, -9.441528, 0.56622314
2.9185333, -9.42836, 0.54467773
2.9149475, -9.424774, 0.5674286
2.9304962, -9.430756, 0.55545044
2.8993835, -9.415192, 0.5303192
2.9424744, -9.452301, 0.53630066
2.9795837, -9.453506, 0.52671814
3.0095062, -9.484634, 0.5351105
3.02388, -9.533707, 0.52911377
3.0669708, -9.527725, 0.55784607
3.0621796, -9.48703, 0.52194214
3.0777435, -9.484634, 0.52433777
3.059784, -9.48703, 0.52552795
3.0657806, -9.457092, 0.52194214
3.0777435, -9.422379, 0.51594543
3.0825348, -9.397247, 0.53749084
3.0681763, -9.405624, 0.51475525
3.059784, -9.375687, 0.5386963
3.0585938, -9.343369, 0.54467773
3.0346527, -9.355347, 0.4728546
3.032257, -9.392456, 0.50038147
3.039444, -9.349365, 0.50398254
3.0274658, -9.380478, 0.52552795
3.0334473, -9.417587, 0.46566772
3.0298615, -9.42717, 0.50398254
3.047821, -9.473862, 0.49320984
3.047821, -9.493011, 0.46447754
3.039444, -9.484634, 0.4812317
3.078949, -9.48703, 0.43814087
3.1160583, -9.5169525, 0.43455505
3.031067, -9.502594, 0.4118042
3.0059204, -9.478638, 0.38786316
3.008316, -9.441528, 0.35913086
2.9640198, -9.416397, 0.36392212
2.9652252, -9.405624, 0.41539
2.9460602, -9.40921, 0.39863586
2.952057, -9.388855, 0.35194397
2.9544525, -9.3589325, 0.39624023
2.937683, -9.36731, 0.35554504
2.9400787, -9.385269, 0.33039856
2.9400787, -9.366119, 0.33398438
2.9580383, -9.374496, 0.35673523
2.952057, -9.422379, 0.33398438
2.9700012, -9.435547, 0.3423767
2.996338, -9.439133, 0.3531494
3.0035248, -9.434357, 0.3531494
2.999939, -9.46907, 0.33998108
2.9723969, -9.471466, 0.35794067
2.968811, -9.459488, 0.3244171
2.9747925, -9.48822, 0.331604
2.968811, -9.464279, 0.34117126
2.9544525, -9.448715, 0.31843567
2.920929, -9.433151, 0.31004333
2.9077606, -9.443924, 0.29089355
2.8802185, -9.40921, 0.33758545
2.8491058, -9.402023, 0.30047607
2.8610687, -9.404419, 0.31962585
2.8227692, -9.399643, 0.36271667
2.8215637, -9.381683, 0.33758545
2.8215637, -9.410416, 0.34954834
2.8119965, -9.419983, 0.3543396
2.7964325, -9.406815, 0.36271667
2.8299408, -9.434357, 0.37948608
2.850296, -9.442734, 0.35673523
2.8491058, -9.429565, 0.34954834
2.8718414, -9.42717, 0.3866577
2.857483, -9.397247, 0.4118042
2.8874054, -9.399643, 0.39265442
2.9077606, -9.39006, 0.43215942
2.8886108, -9.385269, 0.4632721
2.9065552, -9.374496, 0.46087646
2.936493, -9.34816, 0.46447754
2.9424744, -9.349365, 0.46806335
2.9664154, -9.343369, 0.5123596
2.9544525, -9.36731, 0.55545044
2.956833, -9.34816, 0.58657837
2.9855652, -9.394852, 0.5817871
2.996338, -9.378082, 0.6177063
3.0190887, -9.382874, 0.62249756
3.020279, -9.417587, 0.67037964
3.0490112, -9.4379425, 0.6775665
3.063385, -9.460693, 0.7481842
3.078949, -9.451111, 0.75297546
3.0909119, -9.439133, 0.786499
3.0801392, -9.42598, 0.7960663
3.1328125, -9.453506, 0.8044586
3.1256256, -9.479843, 0.81881714
3.1244354, -9.453506, 0.81881714
3.1256256, -9.40802, 0.86909485
3.1328125, -9.351746, 0.8750763
3.1639404, -9.351746, 0.90740967
3.1747131, -9.344574, 0.89901733
3.1699219, -9.324219, 0.89901733
3.1399994, -9.315842, 0.87986755
3.1376038, -9.3302, 0.86909485
3.1639404, -9.326614, 0.9457092
3.178299, -9.352951, 0.91937256
3.1771088, -9.363724, 0.87867737
3.1914673, -9.396042, 0.9002228
3.1842957, -9.40921, 0.8631134
3.1890717, -9.400833, 0.84994507
3.1854858, -9.400833, 0.8666992
3.1711273, -9.3984375, 0.78289795
3.1854858, -9.392456, 0.78289795
3.1435852, -9.394852, 0.76016235
3.1160583, -9.411606, 0.73143005
3.1076813, -9.404419, 0.68833923
3.0729523, -9.391251, 0.667984
3.0561981, -9.388855, 0.6392517
3.0573883, -9.382874, 0.5973511
3.0382385, -9.385269, 0.588974
3.0250702, -9.379288, 0.5638275
3.0035248, -9.363724, 0.53749084
3.0047302, -9.34697, 0.5231323
2.9831696, -9.405624, 0.5027771
2.9795837, -9.392456, 0.48960876
2.9891663, -9.372101, 0.4620819
2.977188, -9.417587, 0.44770813
2.9723969, -9.394852, 0.42018127
3.0142975, -9.416397, 0.42855835
3.0250702, -9.403229, 0.38546753
3.0047302, -9.423584, 0.36271667
3.0226746, -9.430756, 0.36271667
3.039444, -9.403229, 0.35913086
3.0466156, -9.405624, 0.36631775
3.02388, -9.39006, 0.37348938
3.008316, -9.39006, 0.35673523
3.0190887, -9.380478, 0.33877563
2.999939, -9.3984375, 0.33758545
3.015503, -9.378082, 0.34477234
2.9939423, -9.394852, 0.33638
3.02388, -9.406815, 0.32681274
3.0131073, -9.391251, 0.35673523
3.0370483, -9.403229, 0.34835815
3.04422, -9.423584, 0.39743042
3.0741577, -9.412811, 0.39863586
3.0729523, -9.405624, 0.38426208
3.111267, -9.422379, 0.41778564
3.0741577, -9.436752, 0.4297638
3.1052856, -9.415192, 0.41059875
3.138794, -9.40921, 0.40940857
3.1076813, -9.39006, 0.47525024
3.1411896, -9.397247, 0.4920044
3.1806946, -9.373306, 0.4980011
3.147171, -9.343369, 0.47644043
3.154358, -9.342178, 0.47525024
3.1435852, -9.362518, 0.46566772
3.1340027, -9.340973, 0.51594543
3.126831, -9.34816, 0.5171509
3.162735, -9.32901, 0.5506592
3.1675262, -9.338577, 0.53630066
3.1651306, -9.327805, 0.5063782
3.166336, -9.3302, 0.5231323
3.2070312, -9.327805, 0.5015869
3.205841, -9.36731, 0.48362732
3.2225952, -9.356537, 0.48602295
3.2130127, -9.369705, 0.50398254
3.221405, -9.391251, 0.45010376
3.2010498, -9.375687, 0.46447754
3.217804, -9.374496, 0.46087646
3.2465363, -9.393646, 0.4584961
3.2154083, -9.378082, 0.45370483
3.1795044, -9.343369, 0.41419983
3.1771088, -9.355347, 0.38546753
3.1759033, -9.342178, 0.35794067
3.1376038, -9.321823, 0.35194397
3.0957031, -9.305069, 0.36750793
3.1052856, -9.278732, 0.37709045
3.1076813, -9.303864, 0.3471527
3.1160583, -9.301468, 0.3327942
3.1196442, -9.323029, 0.33638
3.1160583, -9.345764, 0.33877563
3.10289, -9.332596, 0.30526733
3.114853, -9.357742, 0.29328918
3.1615448, -9.378082, 0.32321167
3.157959, -9.382874, 0.3028717
3.1411896, -9.386475, 0.33518982
3.1244354, -9.376892, 0.31723022
3.1196442, -9.3984375, 0.2753296
3.1687317, -9.402023, 0.292099
3.1292267, -9.391251, 0.30645752
3.1064758, -9.386475, 0.3136444
3.0933075, -9.364914, 0.28970337
3.0885162, -9.363724, 0.28012085
3.1076813, -9.381683, 0.3327942
3.099289, -9.404419, 0.31843567
3.1076813, -9.3984375, 0.30166626
3.0861206, -9.402023, 0.2813263
3.0897217, -9.434357, 0.30645752
3.0849304, -9.436752, 0.33758545
3.0573883, -9.472656, 0.31843567
3.063385, -9.467865, 0.28730774
3.0526123, -9.466675, 0.28370667
3.0897217, -9.475052, 0.2849121
3.0693665, -9.457092, 0.3076477
3.015503, -9.510971, 0.3040619
3.0262756, -9.508575, 0.2753296
3.0262756, -9.482239, 0.31723022
2.9975433, -9.484634, 0.30645752
2.9676056, -9.475052, 0.32800293
2.9676056, -9.466675, 0.32800293
2.9149475, -9.460693, 0.375885
2.8921967, -9.472656, 0.38786316
2.9221191, -9.479843, 0.38546753
2.8945923, -9.431961, 0.37109375
2.8730469, -9.457092, 0.45489502
2.8778229, -9.466675, 0.44293213
2.86586, -9.4379425, 0.48483276
2.8431091, -9.440338, 0.4980011
2.8383331, -9.449921, 0.52194214
2.8239594, -9.442734, 0.49320984
2.8000183, -9.431961, 0.5410919
2.8491058, -9.436752, 0.5973511
2.8515015, -9.443924, 0.6177063
2.8909912, -9.410416, 0.6033325
2.8383331, -9.458298, 0.6368561
2.8407135, -9.470261, 0.64164734
2.8538818, -9.458298, 0.6572113
2.8515015, -9.430756, 0.64164734
2.8670502, -9.417587, 0.6907196
2.8562775, -9.44632, 0.7589569
2.857483, -9.4379425, 0.70269775
2.8622742, -9.447525, 0.70150757
2.8227692, -9.429565, 0.707489
2.8443146, -9.429565, 0.73861694
2.8443146, -9.448715, 0.77093506
2.8383331, -9.443924, 0.7745209
2.8335419, -9.471466, 0.76135254
2.7916412, -9.411606, 0.78889465
2.7700958, -9.378082, 0.80804443
2.7964325, -9.393646, 0.8236084
2.8059998, -9.417587, 0.8547363
2.8335419, -9.362518, 0.83677673
2.8826141, -9.36731, 0.89424133
2.8706512, -9.375687, 0.91218567
2.8802185, -9.366119, 0.9468994
2.9328918, -9.366119, 0.9684601
2.9652252, -9.336197, 1.0175323
2.975998, -9.344574, 1.0115509
2.991562, -9.3194275, 0.9971924
3.031067, -9.357742, 1.035492
3.0561981, -9.363724, 1.0343018
3.0526123, -9.356537, 1.0295105
3.063385, -9.360138, 1.0055695
3.0645752, -9.39006, 0.9636688
3.1304169, -9.392456, 0.9708557
3.1555634, -9.39006, 0.920578
3.1447906, -9.397247, 0.90141296
3.1567535, -9.404419, 0.8535309
3.1878815, -9.399643, 0.82839966
3.190277, -9.400833, 0.8200073
3.2154083, -9.361328, 0.7960663
3.1926727, -9.369705, 0.79008484
3.229782, -9.354141, 0.76374817
3.221405, -9.3302, 0.70388794
3.2549133, -9.26915, 0.69192505
3.269287, -9.277527, 0.6476288
3.2393494, -9.2643585, 0.6404419
3.2441406, -9.265564, 0.62368774
3.2716827, -9.254791, 0.62368774
3.2932281, -9.266754, 0.57699585
3.2920227, -9.285904, 0.55545044
3.3255463, -9.299072, 0.52911377
3.3411102, -9.336197, 0.49560547
3.3470917, -9.354141, 0.4692688
3.3435059, -9.386475, 0.47166443
3.3459015, -9.414001, 0.37348938
3.3590698, -9.431961, 0.34477234
3.320755, -9.431961, 0.31124878
3.296814, -9.464279, 0.27653503
3.329132, -9.479843, 0.2454071
3.284851, -9.484634, 0.2454071
3.3016052, -9.484634, 0.22744751
3.245346, -9.501389, 0.1879425
3.2477417, -9.522934, 0.1951294
3.197464, -9.513367, 0.14964294
3.1842957, -9.478638, 0.070632935
3.1926727, -9.465469, 0.05267334
3.147171, -9.48703, 0.070632935
3.094513, -9.460693, 0.070632935
3.0777435, -9.459488, -0.0023956299
3.0430298, -9.484634, -0.01675415
3.0250702, -9.504974, -0.03591919
3.0214844, -9.512161, -0.03591919
3.0226746, -9.5169525, -0.034713745
3.0250702, -9.521744, -0.053863525
3.0011292, -9.496597, -0.04069519
2.9855652, -9.48822, -0.0287323
2.9400787, -9.495407, -0.07661438
2.898178, -9.498993, -0.089782715
2.8802185, -9.493011, -0.077804565
2.8467102, -9.485825, -0.05506897
2.8059998, -9.479843, -0.0095825195
2.778473, -9.447525, -0.02633667
2.774887, -9.4774475, 0.0071868896
2.738968, -9.478638, 0.04069519
2.7605133, -9.466675, 0.08380127
2.7772675, -9.485825, 0.05506897
2.7509308, -9.502594, 0.07421875
2.7425537, -9.475052, 0.12689209
2.711441, -9.475052, 0.12449646
2.7174225, -9.473862, 0.19033813
2.683899, -9.463089, 0.22026062
2.6827087, -9.485825, 0.25498962
2.7042542, -9.48822, 0.28012085
2.6635437, -9.467865, 0.31243896
2.676712, -9.460693, 0.37109375
2.6851044, -9.464279, 0.38786316
2.6910858, -9.470261, 0.4189911
2.6755219, -9.455902, 0.42497253
2.699463, -9.455902, 0.47525024
2.7102356, -9.430756, 0.5123596
2.7042542, -9.4379425, 0.5590515
2.731781, -9.441528, 0.56622314
2.7509308, -9.40802, 0.5698242
2.7677002, -9.421188, 0.6033325
2.7772675, -9.414001, 0.64164734
2.78685, -9.418793, 0.6260834
2.8119965, -9.400833, 0.63446045
2.7880554, -9.362518, 0.6751709
2.795227, -9.372101, 0.70628357
2.8143768, -9.343369, 0.72424316
2.8299408, -9.344574, 0.7589569
2.8371277, -9.337387, 0.73861694
2.8694458, -9.339783, 0.77931213
2.889801, -9.342178, 0.77093506
2.8802185, -9.351746, 0.7481842
2.9029694, -9.350555, 0.8128357
2.9412842, -9.34697, 0.8559265
2.952057, -9.34697, 0.8571167
2.9616241, -9.350555, 0.95648193
3.0071106, -9.345764, 0.9145813
3.0178986, -9.331406, 0.9229584
3.020279, -9.308655, 0.9516907
3.059784, -9.312241, 0.9816284
3.0214844, -9.30986, 1.0055695
3.0382385, -9.299072, 1.0965424
3.0609894, -9.273941, 1.0773926
3.047821, -9.2595825, 1.1132965
3.078949, -9.277527, 1.1300659
3.1292267, -9.290695, 1.1420288
3.1399994, -9.318237, 1.1468201
3.1986542, -9.3302, 1.1683655
3.2094269, -9.305069, 1.1408386
3.250122, -9.31105, 1.1468201
3.2537231, -9.315842, 1.1659698
3.2788544, -9.320633, 1.1695709
3.2932281, -9.336197, 1.1671753
3.329132, -9.339783, 1.1504211
3.3147736, -9.305069, 1.122879
3.3231506, -9.293091, 1.0869751
3.3375244, -9.314636, 1.0307007
3.36026, -9.344574, 0.99479675
3.3411102, -9.314636, 0.9816284
3.2944183, -9.291901, 0.8966217
3.3099823, -9.3194275, 0.83317566
3.3111877, -9.357742, 0.7733307
3.3375244, -9.354141, 0.65960693
3.348297, -9.381683, 0.59495544
3.3494873, -9.412811, 0.5279236
3.3459015, -9.402023, 0.4620819
3.3040009, -9.451111, 0.40940857
3.3147736, -9.440338, 0.39144897
3.3063965, -9.460693, 0.30047607
3.2752686, -9.461884, 0.21427917
3.2740784, -9.42598, 0.1771698
3.2465363, -9.440338, 0.08859253
3.2285767, -9.419983, 0.07661438
3.1603394, -9.406815, 0.05986023
3.1495667, -9.405624, 0.020355225
3.1771088, -9.434357, -0.029922485
3.1519623, -9.416397, -0.06463623
3.1100616, -9.3589325, -0.09336853
3.0813446, -9.340973, -0.14964294
3.063385, -9.363724, -0.18675232
3.0334473, -9.340973, -0.20350647
3.0621796, -9.361328, -0.24899292
3.0801392, -9.381683, -0.331604
3.0741577, -9.394852, -0.3148346
3.0669708, -9.410416, -0.30166626
3.1100616, -9.419983, -0.32202148
3.1340027, -9.449921, -0.331604
3.1160583, -9.46907, -0.30645752
3.1675262, -9.496597, -0.31962585
3.1735077, -9.431961, -0.30645752
3.1842957, -9.445129, -0.28370667
3.1531677, -9.434357, -0.28849792
3.1292267, -9.402023, -0.23703003
3.1304169, -9.352951, -0.21786499
3.094513, -9.326614, -0.20350647
3.0502167, -9.30986, -0.15322876
3.031067, -9.317032, -0.113723755
3.1016846, -9.336197, -0.06703186
3.10289, -9.314636, -0.05506897
3.0980988, -9.36731, -0.027526855
3.1208344, -9.394852, 0.0035858154
3.126831, -9.396042, 0.022750854
3.1675262, -9.436752, 0.073028564
3.178299, -9.476257, 0.10774231
3.1878815, -9.46907, 0.118515015
3.210617, -9.473862, 0.14964294
3.157959, -9.470261, 0.16879272
3.162735, -9.445129, 0.18914795
3.1771088, -9.448715, 0.20948792
3.0957031, -9.449921, 0.22146606
3.1124573, -9.416397, 0.21427917
3.094513, -9.402023, 0.25857544
3.0657806, -9.414001, 0.30047607
3.0621796, -9.410416, 0.30645752
3.04422, -9.399643, 0.3256073
3.047821, -9.405624, 0.35194397
3.0346527, -9.412811, 0.34477234
3.0226746, -9.422379, 0.37948608
3.0262756, -9.483429, 0.4010315
3.0035248, -9.466675, 0.4237671
3.020279, -9.441528, 0.43095398
2.9819794, -9.460693, 0.4513092
2.9736023, -9.458298, 0.47166443
2.9352875, -9.459488, 0.43455505
2.9005737, -9.454697, 0.4118042
2.8838196, -9.452301, 0.46447754
2.8167725, -9.440338, 0.4632721
2.8251648, -9.458298, 0.49679565
2.8383331, -9.48822, 0.46087646
2.8371277, -9.533707, 0.46566772
2.8059998, -9.554062, 0.49679565
2.7820587, -9.542084, 0.4740448
2.7677002, -9.555252, 0.5315094
2.778473, -9.583984, 0.57580566
2.7581177, -9.569626, 0.5913696
2.7102356, -9.549271, 0.5793915
2.6886902, -9.510971, 0.60095215
2.637207, -9.497803, 0.6536102
2.6264343, -9.455902, 0.707489
2.6024933, -9.40921, 0.7194519
2.6108704, -9.3984375, 0.74339294
2.5845337, -9.382874, 0.7984619
2.6108704, -9.361328, 0.80804443
2.6312256, -9.343369, 0.8918457
2.6072845, -9.313446, 0.90141296
2.6156616, -9.314636, 0.9325409
2.6479797, -9.326614, 0.98880005
2.6815033, -9.361328, 0.9935913
2.7461548, -9.375687, 1.0187378
2.7485504, -9.362518, 1.074997
2.7928314, -9.394852, 1.1252747
2.8287506, -9.416397, 1.1683655
2.817978, -9.422379, 1.1755524
2.8622742, -9.454697, 1.1851349
2.881424, -9.405624, 1.217453
2.9089508, -9.400833, 1.2677307
2.9388885, -9.400833, 1.2294159
2.917328, -9.391251, 1.2844849
2.9879608, -9.369705, 1.2581482
2.9987335, -9.376892, 1.2713165
3.0298615, -9.372101, 1.2641449
3.031067, -9.32901, 1.2318115
3.035843, -9.334991, 1.1970978
3.078949, -9.36731, 1.1743622
3.1064758, -9.360138, 1.1240845
3.150772, -9.382874, 1.083374
3.1735077, -9.376892, 1.1001282
3.2118225, -9.39006, 1.0785828
3.2094269, -9.369705, 1.0366821
3.2046356, -9.336197, 1.0211334
3.2788544, -9.350555, 0.89901733
3.250122, -9.336197, 0.8894501
3.28125, -9.32901, 0.87867737
3.3159637, -9.314636, 0.81762695
3.296814, -9.332596, 0.8200073
3.3267365, -9.312241, 0.80804443
3.3111877, -9.258377, 0.73262024
3.3147736, -9.284714, 0.667984
3.3806152, -9.296692, 0.67277527
3.4177246, -9.320633, 0.63087463
3.4284973, -9.378082, 0.5985565
3.4488525, -9.362518, 0.6177063
3.4440613, -9.364914, 0.5997467
3.423706, -9.386475, 0.51116943
3.3961792, -9.36731, 0.47764587
3.3854065, -9.370911, 0.43693542
3.384201, -9.39006, 0.4333496
3.391388, -9.360138, 0.41299438
3.43927, -9.369705, 0.35075378
3.4261017, -9.369705, 0.31124878
3.4189148, -9.345764, 0.24659729
3.4608154, -9.325409, 0.19871521
3.4440613, -9.333801, 0.18914795
3.430893, -9.325409, 0.16041565
3.367447, -9.312241, 0.065841675
3.3027954, -9.313446, 0.041900635
3.288437, -9.296692, 0.037109375
3.2201996, -9.306259, 0.02154541
3.1890717, -9.321823, 0.0023956299
3.2130127, -9.339783, -0.05267334
3.2166138, -9.339783, -0.01675415
3.1914673, -9.338577, -0.04069519
3.2632904, -9.355347, -0.032318115
3.305191, -9.40921, -0.10295105
3.3470917, -9.396042, -0.10055542
3.327942, -9.403229, -0.1257019
3.2860413, -9.422379, -0.16160583
3.2273865, -9.376892, -0.094573975
3.221405, -9.369705, -0.18435669
3.1854858, -9.352951, -0.20350647
3.1735077, -9.361328, -0.20709229
3.1842957, -9.375687, -0.23942566
3.1459808, -9.364914, -0.23223877
3.1459808, -9.336197, -0.26934814
3.1124573, -9.32901, -0.23342896
3.118454, -9.356537, -0.21188354
3.0921173, -9.362518, -0.22026062
3.10289, -9.369705, -0.25138855
3.1040802, -9.403229, -0.23103333
3.0861206, -9.440338, -0.17956543
3.1004944, -9.467865, -0.16758728
3.0765533, -9.453506, -0.1771698
3.031067, -9.458298, -0.1304779
2.999939, -9.452301, -0.0574646
2.9747925, -9.418793, -0.041900635
2.9867706, -9.42717, 0.044296265
2.9879608, -9.405624, 0.070632935
2.94487, -9.3984375, 0.13287354
2.9891663, -9.357742, 0.14125061
2.9831696, -9.324219, 0.18554688
2.996338, -9.296692, 0.26576233
2.9867706, -9.285904, 0.26934814
2.9712067, -9.290695, 0.3136444
2.9556427, -9.2883, 0.36871338
2.9472656, -9.300278, 0.40821838
2.984375, -9.276337, 0.4405365
3.0190887, -9.293091, 0.49440002
3.039444, -9.34816, 0.5207367
3.0502167, -9.344574, 0.5566559
3.126831, -9.333801, 0.5698242
3.1806946, -9.343369, 0.6141052
3.197464, -9.360138, 0.68115234
3.2393494, -9.39006, 0.7362213
3.351883, -9.382874, 0.762558
3.447647, -9.396042, 0.7541809
3.478775, -9.415192, 0.8451538
3.43927, -9.418793, 0.94929504
3.3710327, -9.406815, 1.0558472
3.3351288, -9.370911, 1.177948
3.2632904, -9.34697, 1.3299866
3.190277, -9.30986, 1.4975739
3.1208344, -9.293091, 1.5897522
3.1196442, -9.300278, 1.6555939
3.1603394, -9.271545, 1.7130585
3.178299, -9.273941, 1.7417755
3.2166138, -9.290695, 1.7597351
3.2273865, -9.296692, 1.7752991
3.2345734, -9.321823, 1.7453766
3.2704773, -9.382874, 1.727417
3.269287, -9.460693, 1.6424255
3.2441406, -9.467865, 1.5634155
3.186676, -9.452301, 1.4125824
3.1328125, -9.461884, 1.335968
3.0621796, -9.470261, 1.2342072
2.9903564, -9.46907, 1.1276703
2.9556427, -9.455902, 1.0558472
2.8874054, -9.473862, 0.95648193
2.8515015, -9.472656, 0.8451538
2.8455048, -9.485825, 0.7649536
2.8048096, -9.478638, 0.69192505
2.779663, -9.531311, 0.64523315
2.735382, -9.497803, 0.5626373
2.7365723, -9.521744, 0.50398254
2.7688904, -9.538498, 0.46447754
2.719818, -9.562439, 0.43574524
2.7138214, -9.587585, 0.39743042
2.735382, -9.560043, 0.3531494
2.7569275, -9.56842, 0.31962585
2.7365723, -9.575607, 0.31124878
2.716217, -9.58638, 0.30526733
2.7054443, -9.589981, 0.33758545
2.7090454, -9.60553, 0.34954834
2.6779175, -9.550476, 0.292099
2.6910858, -9.526535, 0.31004333
2.7102356, -9.509766, 0.3543396
2.7126312, -9.495407, 0.39743042
2.6791077, -9.440338, 0.39505005
2.700653, -9.397247, 0.42855835
2.671936, -9.34697, 0.4225769
2.6503754, -9.366119, 0.4189911
2.62883, -9.323029, 0.4620819
2.6348114, -9.378082, 0.50038147
2.6252441, -9.381683, 0.5123596
2.613266, -9.397247, 0.51834106
2.6503754, -9.455902, 0.5590515
2.6671448, -9.497803, 0.60095215
2.711441, -9.561249, 0.65600586
2.755722, -9.56723, 0.71347046
2.7617188, -9.557648, 0.79248047
2.7928314, -9.564835, 0.83677673
2.8395233, -9.582794, 0.8774719
2.8239594, -9.551666, 0.93733215
2.795227, -9.496597, 0.9732361
2.779663, -9.478638, 0.9540863
2.7880554, -9.455902, 0.99957275
2.8072052, -9.436752, 1.004364
2.78685, -9.386475, 1.0151367
2.8215637, -9.379288, 1.0139465
2.8562775, -9.381683, 1.0019684
2.8251648, -9.40921, 0.9744415
2.8371277, -9.3984375, 0.9624634
2.86586, -9.405624, 0.9636688
2.8754425, -9.406815, 0.98521423
2.917328, -9.442734, 0.98402405
2.9580383, -9.476257, 0.93014526
2.9891663, -9.475052, 0.9457092
3.0071106, -9.460693, 0.920578
3.0286713, -9.448715, 0.9217682
3.0514069, -9.447525, 0.88705444
3.0669708, -9.418793, 0.8714905
3.047821, -9.397247, 0.8595123
3.020279, -9.399643, 0.86550903
3.0214844, -9.364914, 0.8236084
3.0059204, -9.315842, 0.80804443
3.039444, -9.3194275, 0.77093506
3.083725, -9.315842, 0.7841034
3.0813446, -9.312241, 0.7086792
3.078949, -9.307465, 0.7158661
3.114853, -9.352951, 0.72784424
3.1208344, -9.349365, 0.7266388
3.147171, -9.350555, 0.68833923
3.1399994, -9.372101, 0.67396545
3.1687317, -9.375687, 0.6428375
3.2142181, -9.386475, 0.6212921
3.2190094, -9.384079, 0.6404419
3.2046356, -9.388855, 0.60572815
3.1950684, -9.393646, 0.6141052
3.2237854, -9.368515, 0.58299255
3.2285767, -9.360138, 0.57221985
3.2764587, -9.314636, 0.49320984
3.2597046, -9.314636, 0.5171509
3.2429504, -9.290695, 0.53630066
3.2632904, -9.294296, 0.5087738
3.2740784, -9.284714, 0.46447754
3.289627, -9.30986, 0.43095398
3.2932281, -9.296692, 0.41539
3.2860413, -9.312241, 0.41539
3.3003998, -9.313446, 0.36392212
3.269287, -9.312241, 0.35673523
3.2752686, -9.354141, 0.33758545
3.3099823, -9.343369, 0.34835815
3.3231506, -9.32901, 0.33638
3.3063965, -9.290695, 0.32202148
3.2908325, -9.303864, 0.33039856
3.308792, -9.295486, 0.3327942
3.3183594, -9.305069, 0.30526733
3.3566742, -9.297882, 0.27174377
3.3854065, -9.2799225, 0.23582458
3.406952, -9.276337, 0.252594
3.4213104, -9.271545, 0.23103333
3.4512482, -9.266754, 0.18315125
3.4775848, -9.265564, 0.14604187
3.4584198, -9.270355, 0.15083313
3.4584198, -9.273941, 0.116119385
3.4572296, -9.25119, 0.11253357
3.4572296, -9.252396, 0.092178345
3.4955292, -9.25119, 0.09815979
3.5170898, -9.265564, 0.08859253
3.5326385, -9.290695, 0.070632935
3.5601807, -9.276337, 0.073028564
3.5924988, -9.318237, 0.070632935
3.6080627, -9.290695, 0.11253357
3.6308136, -9.325409, 0.05986023
3.6343994, -9.318237, 0.046691895
3.6080627, -9.32901, 0.09815979
3.5769348, -9.295486, 0.09815979
3.5398254, -9.26796, 0.108932495
3.5613708, -9.272736, 0.15322876
3.5541992, -9.296692, 0.13647461
3.5051117, -9.294296, 0.15322876
3.5075073, -9.30986, 0.19033813
3.494339, -9.315842, 0.23342896
3.463211, -9.323029, 0.22265625
3.4572296, -9.324219, 0.21907043
3.4165192, -9.372101, 0.2561798
3.3925781, -9.36731, 0.26097107
3.3590698, -9.384079, 0.23822021
3.3542786, -9.384079, 0.2561798
3.3027954, -9.394852, 0.27653503
3.229782, -9.384079, 0.26934814
3.210617, -9.405624, 0.30645752
3.1567535, -9.433151, 0.31604004
3.1304169, -9.44632, 0.3076477
3.0849304, -9.42598, 0.34835815
3.0418396, -9.430756, 0.32800293
3.0466156, -9.471466, 0.35554504
3.0298615, -9.453506, 0.42736816
2.996338, -9.44632, 0.41419983
2.9496613, -9.455902, 0.46087646
2.9352875, -9.466675, 0.49560547
2.9340973, -9.461884, 0.48721313
2.8933868, -9.470261, 0.53630066
2.8706512, -9.441528, 0.57580566
2.8730469, -9.449921, 0.61291504
2.8778229, -9.44632, 0.5925598
2.8778229, -9.451111, 0.6464386
2.8682556, -9.429565, 0.62249756
2.8359375, -9.419983, 0.6380615
2.8131866, -9.402023, 0.683548
2.810791, -9.406815, 0.74220276
2.8083954, -9.411606, 0.707489
2.7808685, -9.387665, 0.707489
2.7677002, -9.40921, 0.7445984
2.774887, -9.410416, 0.7410126
2.7976227, -9.4379425, 0.7757263
2.8048096, -9.441528, 0.8343811
2.8323364, -9.449921, 0.8738861
2.8299408, -9.459488, 0.84036255
2.8383331, -9.466675, 0.8714905
2.8610687, -9.493011, 0.9145813
2.8754425, -9.509766, 0.8894501
2.8754425, -9.501389, 0.8774719
2.8562775, -9.50618, 0.87028503
2.8790283, -9.5169525, 0.87028503
2.8993835, -9.508575, 0.881073
2.8646698, -9.521744, 0.8882446
2.8838196, -9.522934, 0.8714905
2.8706512, -9.52533, 0.87628174
2.8275452, -9.500198, 0.8643036
2.8227692, -9.513367, 0.84754944
2.817978, -9.490616, 0.84036255
2.7904358, -9.521744, 0.826004
2.8048096, -9.52533, 0.8714905
2.8059998, -9.50737, 0.7912903
2.7928314, -9.50618, 0.8200073
2.7413635, -9.5325165, 0.84754944
2.7257996, -9.504974, 0.82121277
2.7425537, -9.526535, 0.881073
2.7305908, -9.521744, 0.9145813
2.7269897, -9.519348, 0.841568
2.7461548, -9.48822, 0.8882446
2.716217, -9.479843, 0.86909485
2.6743164, -9.494202, 0.8559265
2.6539764, -9.460693, 0.846344
2.6396027, -9.459488, 0.8319855
2.6575623, -9.483429, 0.8200073
2.6479797, -9.465469, 0.84994507
2.640808, -9.46907, 0.8427582
2.6419983, -9.519348, 0.8535309
2.6503754, -9.4774475, 0.826004
2.6695404, -9.466675, 0.86790466
2.7138214, -9.467865, 0.8343811
2.7090454, -9.448715, 0.8236084
2.695877, -9.457092, 0.8523407
2.711441, -9.414001, 0.8643036
2.740158, -9.3984375, 0.89064026
2.7892456, -9.452301, 0.8714905
2.8227692, -9.434357, 0.87628174
2.8407135, -9.416397, 0.90740967
2.889801, -9.406815, 0.920578
2.8945923, -9.403229, 0.920578
2.9400787, -9.405624, 0.9313507
2.9400787, -9.414001, 0.91578674
2.9903564, -9.40921, 0.9133911
2.9951477, -9.394852, 0.9229584
3.016693, -9.40921, 0.9397278
3.04422, -9.414001, 0.93852234
3.0418396, -9.3984375, 0.91218567
3.0825348, -9.373306, 0.89782715
3.10289, -9.381683, 0.8882446
3.111267, -9.403229, 0.89064026
3.1004944, -9.410416, 0.881073
3.1196442, -9.375687, 0.84036255
3.1352081, -9.351746, 0.86909485
3.1483765, -9.3302, 0.8427582
3.1459808, -9.338577, 0.8128357
3.1699219, -9.372101, 0.7685394
3.1842957, -9.344574, 0.7445984
3.2309723, -9.363724, 0.7589569
3.2740784, -9.40921, 0.72184753
3.2704773, -9.388855, 0.6859436
3.2764587, -9.405624, 0.6859436
3.2716827, -9.405624, 0.6392517
3.2944183, -9.423584, 0.6201019
3.2992096, -9.433151, 0.5877838
3.312378, -9.415192, 0.5913696
3.313568, -9.387665, 0.5746155
3.312378, -9.396042, 0.55784607
3.3183594, -9.381683, 0.54348755
3.313568, -9.36731, 0.5123596
3.2956238, -9.349365, 0.49919128
3.289627, -9.363724, 0.48602295
3.3147736, -9.386475, 0.43095398
3.2788544, -9.354141, 0.41299438
3.2872314, -9.366119, 0.40582275
3.2585144, -9.345764, 0.36271667
3.2549133, -9.366119, 0.3327942
3.248932, -9.34697, 0.3136444
3.229782, -9.36731, 0.28849792
3.1914673, -9.421188, 0.23703003
3.1567535, -9.42598, 0.22625732
3.1771088, -9.42598, 0.19392395
3.1711273, -9.436752, 0.15083313
3.1735077, -9.42717, 0.14964294
3.1316223, -9.443924, 0.092178345
3.0801392, -9.435547, 0.082595825
3.0669708, -9.423584, 0.07421875
3.059784, -9.423584, 0.07421875
3.0334473, -9.452301, 0.02394104
3.0214844, -9.394852, 0.03591919
3.032257, -9.440338, 0.0035858154
3.0131073, -9.434357, -0.015563965
2.9951477, -9.42717, -0.0035858154
3.0298615, -9.419983, -0.02154541
2.9879608, -9.415192, -0.03352356
2.9747925, -9.415192, -0.04548645
2.9676056, -9.415192, -0.0035858154
2.9233246, -9.431961, -0.0023956299
2.9424744, -9.423584, -0.0095825195
2.9197235, -9.421188, 0.0035858154
2.9269104, -9.430756, 0.010772705
2.9077606, -9.411606, -0.011978149
2.898178, -9.40921, 0.041900635
2.898178, -9.430756, 0.061050415
2.9388885, -9.457092, 0.07421875
2.9269104, -9.431961, 0.08380127
2.94487, -9.4379425, 0.11253357
2.920929, -9.455902, 0.14604187
2.881424, -9.430756, 0.15322876
2.889801, -9.430756, 0.12808228
2.8826141, -9.430756, 0.1879425
2.889801, -9.42598, 0.25976562
2.8850098, -9.40802, 0.25857544
2.9496613, -9.414001, 0.26097107
2.94487, -9.422379, 0.27653503
2.9328918, -9.429565, 0.27053833
2.9197235, -9.411606, 0.31604004
2.9113464, -9.434357, 0.3543396
2.9029694, -9.440338, 0.36750793
2.8933868, -9.433151, 0.38786316
2.8622742, -9.439133, 0.3830719
2.8838196, -9.448715, 0.3818817
2.8921967, -9.436752, 0.43215942
2.9221191, -9.464279, 0.48243713
2.9113464, -9.443924, 0.53271484
2.9412842, -9.4379425, 0.5566559
2.9424744, -9.452301, 0.59495544
2.9281158, -9.443924, 0.60214233
2.9388885, -9.453506, 0.6248932
2.913742, -9.415192, 0.65960693
2.913742, -9.441528, 0.65242004
2.9676056, -9.449921, 0.69311523
2.9640198, -9.416397, 0.683548
2.9664154, -9.42717, 0.7003021
2.9508514, -9.3984375, 0.6967163
2.999939, -9.397247, 0.73262024
3.0526123, -9.394852, 0.7841034
3.04422, -9.362518, 0.8140259
3.0418396, -9.374496, 0.77093506
3.031067, -9.356537, 0.8140259
3.0346527, -9.361328, 0.7661438
3.0430298, -9.362518, 0.78289795
3.0669708, -9.350555, 0.79008484
3.063385, -9.369705, 0.78289795
3.0849304, -9.381683, 0.7852936
3.0968933, -9.388855, 0.7661438
3.0825348, -9.380478, 0.7841034
3.0897217, -9.364914, 0.786499
3.1316223, -9.368515, 0.74339294
3.1124573, -9.384079, 0.74220276
3.0825348, -9.400833, 0.7290344
3.1064758, -9.399643, 0.70269775
3.0861206, -9.415192, 0.66319275
3.0526123, -9.39006, 0.6464386
3.0119019, -9.414001, 0.62727356
2.9795837, -9.397247, 0.6141052
2.999939, -9.394852, 0.5638275
3.0071106, -9.421188, 0.5590515
2.9664154, -9.434357, 0.5638275
2.9664154, -9.434357, 0.55545044
2.9616241, -9.416397, 0.5027771
2.9388885, -9.463089, 0.49919128
2.9257202, -9.422379, 0.4920044
2.9424744, -9.430756, 0.4632721
2.9233246, -9.457092, 0.43814087
2.8790283, -9.419983, 0.45370483
2.8395233, -9.4379425, 0.4189911
2.8275452, -9.465469, 0.40940857
2.8119965, -9.414001, 0.3866577
2.8407135, -9.422379, 0.35673523
2.7976227, -9.3984375, 0.37109375
2.7844543, -9.40921, 0.42497253
2.7653046, -9.391251, 0.3722992
2.7700958, -9.385269, 0.3471527
2.7832642, -9.415192, 0.34117126
2.755722, -9.421188, 0.3423767
2.747345, -9.403229, 0.31843567
2.8059998, -9.384079, 0.3244171
2.802414, -9.42717, 0.34117126
2.795227, -9.449921, 0.3256073
2.8550873, -9.476257, 0.31723022
2.8706512, -9.4379425, 0.36392212
2.8838196, -9.430756, 0.36271667
2.8706512, -9.430756, 0.34477234
2.9113464, -9.439133, 0.34835815
2.9149475, -9.393646, 0.40342712
2.8945923, -9.375687, 0.36871338
2.9328918, -9.388855, 0.38426208
2.9221191, -9.391251, 0.39265442
2.896988, -9.387665, 0.42018127
2.920929, -9.366119, 0.4441223
2.9400787, -9.369705, 0.43693542
2.9556427, -9.366119, 0.4405365
2.9975433, -9.374496, 0.43693542
2.9951477, -9.405624, 0.43814087
3.02388, -9.421188, 0.44891357
3.04422, -9.431961, 0.45729065
3.020279, -9.42598, 0.49560547
2.991562, -9.464279, 0.47764587
3.0226746, -9.451111, 0.48243713
3.0502167, -9.441528, 0.5123596
3.0573883, -9.440338, 0.5123596
3.0502167, -9.419983, 0.5123596
3.083725, -9.400833, 0.49919128
3.0693665, -9.382874, 0.5135498
3.0645752, -9.376892, 0.5482788
3.0705566, -9.387665, 0.5398865
3.0861206, -9.393646, 0.52552795
3.0885162, -9.381683, 0.55545044
3.0885162, -9.364914, 0.54707336
3.04422, -9.366119, 0.56144714
3.047821, -9.352951, 0.47525024
3.0250702, -9.366119, 0.52194214
3.083725, -9.364914, 0.4980011
3.1040802, -9.396042, 0.47644043
3.094513, -9.370911, 0.51475525
3.1124573, -9.366119, 0.48483276
3.138794, -9.396042, 0.49440002
3.1340027, -9.370911, 0.49919128
3.1447906, -9.386475, 0.5123596
3.150772, -9.372101, 0.48841858
3.157959, -9.385269, 0.46566772
3.1555634, -9.376892, 0.5171509
3.162735, -9.338577, 0.5027771
3.1830902, -9.333801, 0.47166443
3.157959, -9.332596, 0.49919128
3.193863, -9.321823, 0.45489502
3.1986542, -9.301468, 0.4513092
3.2309723, -9.344574, 0.44172668
3.2249908, -9.378082, 0.37828064
3.1950684, -9.386475, 0.4010315
3.2082367, -9.324219, 0.39265442
3.1723175, -9.32901, 0.3902588
3.1986542, -9.336197, 0.3244171
3.2154083, -9.337387, 0.34117126
3.241745, -9.370911, 0.35913086
3.233368, -9.320633, 0.33638
3.2285767, -9.336197, 0.3615265
3.2561188, -9.313446, 0.35554504
3.2249908, -9.306259, 0.3256073
3.257309, -9.312241, 0.28849792
3.2716827, -9.325409, 0.33039856
3.2357635, -9.30986, 0.32321167
3.217804, -9.315842, 0.292099
3.2309723, -9.31105, 0.27174377
3.248932, -9.30986, 0.23342896
3.2537231, -9.32901, 0.25378418
3.2477417, -9.339783, 0.25976562
3.2585144, -9.361328, 0.28012085
3.2632904, -9.368515, 0.23942566
3.28125, -9.364914, 0.25737
3.26091, -9.381683, 0.27653503
3.2357635, -9.34697, 0.28251648
3.2525177, -9.340973, 0.252594
3.2166138, -9.333801, 0.2454071
3.2142181, -9.336197, 0.25019836
3.2273865, -9.333801, 0.24182129
3.1687317, -9.34816, 0.26934814
3.1890717, -9.326614, 0.24659729
3.1735077, -9.3302, 0.27053833
3.1519623, -9.315842, 0.29089355
3.1064758, -9.338577, 0.2956848
3.1208344, -9.372101, 0.25857544
3.1363983, -9.385269, 0.27893066
3.1304169, -9.369705, 0.23822021
3.0980988, -9.354141, 0.24780273
3.0909119, -9.399643, 0.26934814
3.0657806, -9.417587, 0.28849792
3.0561981, -9.458298, 0.3040619
3.0669708, -9.436752, 0.29447937
3.0585938, -9.451111, 0.3256073
3.0705566, -9.439133, 0.3256073
3.0741577, -9.410416, 0.3722992
3.0406342, -9.40802, 0.4046173
3.0011292, -9.414001, 0.4118042
3.0406342, -9.391251, 0.42736816
3.032257, -9.374496, 0.4728546
3.0454254, -9.370911, 0.46566772
3.0705566, -9.373306, 0.4692688
3.032257, -9.350555, 0.49679565
3.0502167, -9.382874, 0.51116943
3.0538025, -9.382874, 0.5674286
3.075348, -9.375687, 0.549469
3.111267, -9.404419, 0.5590515
3.0777435, -9.40921, 0.50038147
3.078949, -9.418793, 0.588974
3.1100616, -9.42598, 0.6201019
3.094513, -9.448715, 0.60572815
3.1016846, -9.429565, 0.5710144
3.1136627, -9.433151, 0.6069336
3.0909119, -9.439133, 0.6404419
3.0693665, -9.431961, 0.64164734
3.1004944, -9.39006, 0.628479
3.0741577, -9.369705, 0.5985565
3.0286713, -9.356537, 0.6248932
2.9855652, -9.370911, 0.6212921
2.996338, -9.363724, 0.6368561
2.999939, -9.342178, 0.5877838
2.9783936, -9.321823, 0.5710144
2.975998, -9.3589325, 0.56144714
2.94487, -9.393646, 0.5422821
2.9340973, -9.384079, 0.57221985
2.9304962, -9.402023, 0.53271484
2.9460602, -9.403229, 0.4920044
2.9245148, -9.443924, 0.4920044
2.9089508, -9.416397, 0.49320984
2.889801, -9.457092, 0.5015869
2.8778229, -9.447525, 0.45968628
2.8886108, -9.415192, 0.45489502
2.898178, -9.411606, 0.4620819
2.8622742, -9.360138, 0.47764587
2.858673, -9.379288, 0.45968628
2.8778229, -9.396042, 0.40821838
2.8455048, -9.361328, 0.44651794
2.8299408, -9.350555, 0.4812317
2.8550873, -9.333801, 0.5027771
2.8766327, -9.339783, 0.47644043
2.9041595, -9.324219, 0.47525024
2.8993835, -9.326614, 0.509964
2.9400787, -9.350555, 0.52552795
2.9867706, -9.349365, 0.55784607
2.9867706, -9.355347, 0.5638275
3.016693, -9.379288, 0.57699585
3.0693665, -9.412811, 0.5626373
3.0980988, -9.447525, 0.5817871
3.1304169, -9.443924, 0.5817871
3.147171, -9.422379, 0.60214233
3.12323, -9.404419, 0.6212921
3.142395, -9.382874, 0.5973511
3.1435852, -9.350555, 0.62727356
3.1447906, -9.362518, 0.61172485
3.1483765, -9.363724, 0.6033325
3.166336, -9.337387, 0.61172485
3.1890717, -9.305069, 0.61291504
3.2201996, -9.30986, 0.59495544
3.210617, -9.295486, 0.6320648
3.2249908, -9.297882, 0.57221985
3.2309723, -9.265564, 0.5925598
3.2429504, -9.26915, 0.6105194
3.2525177, -9.308655, 0.5817871
3.2477417, -9.317032, 0.5973511
3.2477417, -9.305069, 0.5626373
3.272873, -9.302673, 0.54348755
3.28125, -9.323029, 0.5506592
3.2932281, -9.3589325, 0.51834106
3.2800598, -9.3589325, 0.53630066
3.288437, -9.331406, 0.50398254
3.2944183, -9.355347, 0.4692688
3.324356, -9.3589325, 0.46806335
3.3231506, -9.321823, 0.40701294
3.3530731, -9.360138, 0.39863586
3.3459015, -9.388855, 0.37709045
3.3865967, -9.376892, 0.39624023
3.408142, -9.352951, 0.38905334
3.4033508, -9.356537, 0.375885
3.423706, -9.381683, 0.35194397
3.447647, -9.384079, 0.3040619
3.430893, -9.3589325, 0.25737
3.4512482, -9.369705, 0.23703003
3.4799652, -9.364914, 0.2059021
3.4201202, -9.357742, 0.1879425
3.3937836, -9.326614, 0.12449646
3.3339233, -9.333801, 0.070632935
3.2704773, -9.303864, 0.015563965
3.2668915, -9.31105, -0.061050415
3.288437, -9.30986, -0.046691895
3.284851, -9.315842, -0.094573975
3.2285767, -9.296692, -0.094573975
3.1747131, -9.263168, -0.116119385
3.2118225, -9.296692, -0.15802002
3.1699219, -9.296692, -0.14125061
3.1555634, -9.263168, -0.14964294
3.1519623, -9.23204, -0.19631958
3.1340027, -9.270355, -0.2166748
3.1639404, -9.295486, -0.20350647
3.1352081, -9.314636, -0.19871521
3.1603394, -9.337387, -0.18196106
3.1723175, -9.327805, -0.1771698
3.138794, -9.357742, -0.1484375
3.1483765, -9.363724, -0.1257019
3.1615448, -9.339783, -0.113723755
3.1830902, -9.302673, -0.049087524
3.1950684, -9.276337, -0.027526855
3.1795044, -9.295486, 0.0
3.1651306, -9.301468, 0.02154541
3.1830902, -9.334991, 0.08380127
3.2082367, -9.352951, 0.10534668
3.1735077, -9.387665, 0.12928772
3.157959, -9.463089, 0.14245605
3.1926727, -9.5169525, 0.17118835
3.190277, -9.610321, 0.20948792
3.221405, -9.696518, 0.1879425
3.205841, -9.700104, 0.19154358
3.26091, -9.757568, 0.19392395
3.205841, -9.793488, 0.23942566
3.1208344, -9.775528, 0.24301147
3.0705566, -9.756378, 0.24659729
3.0250702, -9.708481, 0.2753296
2.9939423, -9.671371, 0.27174377
2.9221191, -9.618698, 0.27293396
2.8706512, -9.558853, 0.26216125
2.817978, -9.52533, 0.22505188
2.7928314, -9.498993, 0.21188354
2.724594, -9.448715, 0.24301147
2.6396027, -9.423584, 0.23342896
2.5713654, -9.415192, 0.20829773
2.5306702, -9.434357, 0.25019836
2.4516602, -9.476257, 0.23703003
2.4121552, -9.503784, 0.24899292
2.4396973, -9.537308, 0.21786499
2.446869, -9.60434, 0.27653503
2.434906, -9.64624, 0.292099
2.4360962, -9.641449, 0.37828064
2.4732056, -9.653427, 0.42736816
2.4792023, -9.615112, 0.50038147
2.52948, -9.570816, 0.5817871
2.4887695, -9.544479, 0.6201019
2.482788, -9.495407, 0.65600586
2.4480743, -9.434357, 0.7050934
2.4636383, -9.402023, 0.77931213
2.4396973, -9.386475, 0.8247986
2.4181366, -9.394852, 0.88345337
2.4696198, -9.386475, 0.9505005
2.5007477, -9.436752, 0.9612732
2.5067291, -9.461884, 0.9612732
2.5821533, -9.481033, 1.0271149
2.6252441, -9.479843, 1.0510559
2.6432037, -9.470261, 1.0546417
2.6575623, -9.466675, 1.1192932
2.6755219, -9.475052, 1.1755524
2.6539764, -9.445129, 1.1911163
2.640808, -9.424774, 1.2258301
2.6851044, -9.399643, 1.2557526
2.6743164, -9.384079, 1.2689209
2.671936, -9.373306, 1.2665253
2.6827087, -9.366119, 1.2868805
2.6982727, -9.381683, 1.3132172
2.7724915, -9.393646, 1.2701263
2.7976227, -9.394852, 1.2366028
2.8610687, -9.388855, 1.2246399
2.8287506, -9.39006, 1.1923065
2.8479004, -9.402023, 1.1983032
2.8730469, -9.391251, 1.1336517
2.8993835, -9.415192, 1.0881653
2.9017792, -9.394852, 1.0534515
2.920929, -9.368515, 1.0127411
2.980774, -9.34816, 1.0031738
3.0011292, -9.361328, 0.97683716
3.031067, -9.392456, 0.9325409
3.059784, -9.381683, 0.920578
3.0669708, -9.323029, 0.92774963
3.118454, -9.36731, 0.9038086
3.1603394, -9.366119, 0.8930359
3.1747131, -9.339783, 0.8427582
3.178299, -9.32901, 0.8643036
3.210617, -9.320633, 0.84754944
3.2309723, -9.302673, 0.81163025
3.2908325, -9.331406, 0.78289795
3.3219604, -9.343369, 0.79008484
3.3267365, -9.345764, 0.74220276
3.3830109, -9.325409, 0.7050934
3.408142, -9.3302, 0.6464386
3.4332886, -9.362518, 0.6141052
3.4177246, -9.363724, 0.55784607
3.4296875, -9.396042, 0.5087738
3.4428558, -9.416397, 0.48362732
3.4572296, -9.396042, 0.4297638
3.446457, -9.380478, 0.4010315
3.4715881, -9.393646, 0.3256073
3.4823608, -9.412811, 0.33998108
3.4919434, -9.3984375, 0.24780273
3.4895477, -9.386475, 0.21308899
3.5158844, -9.343369, 0.1663971
3.51828, -9.361328, 0.14364624
3.5386353, -9.34816, 0.07182312
3.541031, -9.34697, -0.034713745
3.5613708, -9.338577, -0.120910645
3.5948944, -9.34816, -0.14724731
3.5769348, -9.334991, -0.292099
3.5924988, -9.339783, -0.3148346
3.5948944, -9.332596, -0.40582275
3.5350342, -9.350555, -0.51834106
3.5386353, -9.326614, -0.5530548
3.5350342, -9.300278, -0.67277527
3.5146942, -9.2643585, -0.7410126
3.5158844, -9.253586, -0.7972717
3.4919434, -9.242813, -0.8247986
3.487152, -9.282318, -0.81881714
3.4177246, -9.255981, -0.8547363
3.3794098, -9.226059, -0.8451538
3.3111877, -9.23204, -0.8666992
3.2549133, -9.23085, -0.8236084
3.288437, -9.235626, -0.7398071
3.250122, -9.25, -0.6799469
3.26091, -9.293091, -0.6212921
3.2465363, -9.323029, -0.52911377
3.2118225, -9.369705, -0.4297638
3.2357635, -9.391251, -0.38786316
3.2094269, -9.360138, -0.31843567
3.166336, -9.363724, -0.24659729
3.1459808, -9.399643, -0.1879425
3.099289, -9.392456, -0.15562439
3.063385, -9.406815, -0.089782715
3.0334473, -9.400833, -0.065841675
3.02388, -9.404419, -0.013168335
3.020279, -9.393646, 0.011978149
2.9867706, -9.399643, 0.032318115
3.0119019, -9.460693, 0.089782715
3.059784, -9.445129, 0.14245605
3.0669708, -9.3984375, 0.12808228
3.047821, -9.379288, 0.1376648
2.9580383, -9.345764, 0.19033813
2.9328918, -9.320633, 0.21548462
2.8383331, -9.344574, 0.21786499
2.7305908, -9.350555, 0.23223877
2.700653, -9.379288, 0.25737
2.7066498, -9.467865, 0.28012085
2.7126312, -9.48703, 0.27653503
2.6827087, -9.4774475, 0.29089355
2.659958, -9.573212, 0.31243896
2.6707306, -9.621094, 0.3471527
2.6671448, -9.685745, 0.4010315
2.6491852, -9.745605, 0.44651794
2.6851044, -9.800659, 0.4740448
2.7186127, -9.830597, 0.56503296
2.7413635, -9.836578, 0.58299255
2.7030487, -9.8533325, 0.6380615
2.6874847, -9.815033, 0.6584015
2.70784, -9.751587, 0.7398071
2.7449493, -9.736023, 0.7589569
2.8012085, -9.708481, 0.8343811
2.858673, -9.66539, 0.88705444
2.8850098, -9.606735, 0.9935913
2.952057, -9.538498, 1.1468201
3.0107117, -9.436752, 1.2437897
3.02388, -9.349365, 1.3491364
3.032257, -9.235626, 1.4341278
2.9652252, -9.163803, 1.5083466
2.9149475, -9.0620575, 1.6352386
2.8431091, -9.027344, 1.6519928
2.7880554, -9.010574, 1.7070618
2.7533264, -9.015366, 1.7417755
2.7844543, -9.068039, 1.7322083
2.7976227, -9.174576, 1.7298126
2.8479004, -9.289505, 1.7178345
2.8921967, -9.378082, 1.7082672
2.937683, -9.453506, 1.6819305
2.960434, -9.563644, 1.6148834
2.9700012, -9.648636, 1.5610199
2.968811, -9.713272, 1.4472961
2.9221191, -9.722855, 1.3730774
2.8443146, -9.712082, 1.296463
2.7988281, -9.696518, 1.2318115
2.7090454, -9.629486, 1.1671753
2.644394, -9.562439, 1.083374
2.604889, -9.527725, 1.0390778
2.5462341, -9.490616, 0.96606445
2.5605927, -9.436752, 0.90501404
2.6000977, -9.370911, 0.8307953
2.5869293, -9.410416, 0.77212524
2.6348114, -9.411606, 0.68833923
2.692276, -9.411606, 0.59376526
2.7413635, -9.453506, 0.50756836
2.7640991, -9.4774475, 0.44770813
2.7365723, -9.497803, 0.3830719
2.70784, -9.514557, 0.31962585
2.7054443, -9.531311, 0.31604004
2.711441, -9.542084, 0.28251648
2.6851044, -9.510971, 0.2813263
2.7305908, -9.493011, 0.20709229
2.738968, -9.514557, 0.2561798
2.8215637, -9.498993, 0.23342896
2.9221191, -9.495407, 0.20709229
2.9400787, -9.485825, 0.25019836
2.9592285, -9.470261, 0.2669525
2.937683, -9.459488, 0.24659729
2.8993835, -9.433151, 0.27772522
2.8251648, -9.452301, 0.27293396
2.8131866, -9.472656, 0.26216125
2.8131866, -9.424774, 0.3076477
2.78685, -9.402023, 0.2849121
2.8371277, -9.435547, 0.30166626
2.9077606, -9.439133, 0.33758545
2.9855652, -9.452301, 0.35673523
3.039444, -9.479843, 0.33039856
3.0693665, -9.475052, 0.37709045
3.0980988, -9.453506, 0.38905334
3.1316223, -9.463089, 0.3866577
3.118454, -9.430756, 0.4524994
3.083725, -9.381683, 0.48841858
3.0657806, -9.343369, 0.49919128
3.0933075, -9.31105, 0.5506592
3.147171, -9.3589325, 0.51594543
3.2249908, -9.318237, 0.54467773
3.2321777, -9.350555, 0.53630066
3.2513275, -9.36731, 0.56622314
3.2321777, -9.3302, 0.61531067
3.186676, -9.351746, 0.67037964
3.1819, -9.338577, 0.71347046
3.2166138, -9.313446, 0.7541809
3.2776642, -9.333801, 0.7517853
3.327942, -9.349365, 0.7589569
3.3746338, -9.34816, 0.81762695
3.375824, -9.333801, 0.8343811
3.446457, -9.337387, 0.8343811
3.454834, -9.338577, 0.786499
3.4273071, -9.368515, 0.81762695
3.5039215, -9.3589325, 0.8271942
3.487152, -9.332596, 0.826004
3.4380798, -9.3194275, 0.8355713
3.4189148, -9.305069, 0.8595123
3.3865967, -9.295486, 0.8822632
3.3590698, -9.2595825, 0.885849
3.3698425, -9.257187, 0.8846588
3.4021606, -9.26915, 0.8571167
3.4380798, -9.283524, 0.8451538
3.4584198, -9.307465, 0.8571167
3.4560242, -9.32901, 0.802063
3.4524384, -9.355347, 0.8092346
3.4368744, -9.3302, 0.786499
3.423706, -9.384079, 0.746994
3.3830109, -9.384079, 0.68833923
3.3423004, -9.369705, 0.63327026
3.3147736, -9.372101, 0.63087463
3.272873, -9.327805, 0.5997467
3.3267365, -9.31105, 0.5782013
3.2788544, -9.277527, 0.5530548
3.2704773, -9.246414, 0.52671814
3.2776642, -9.273941, 0.50038147
3.3016052, -9.308655, 0.40701294
3.2561188, -9.3194275, 0.39863586
3.2872314, -9.321823, 0.36631775
3.2632904, -9.340973, 0.35194397
3.2273865, -9.39006, 0.27893066
3.2585144, -9.36731, 0.24780273
3.233368, -9.42717, 0.22265625
3.1244354, -9.42717, 0.19273376
3.1076813, -9.379288, 0.15562439
3.0669708, -9.354141, 0.1376648
3.031067, -9.356537, 0.1304779
3.0370483, -9.339783, 0.118515015
3.071762, -9.333801, 0.096969604
3.0454254, -9.362518, 0.068237305
3.071762, -9.34697, 0.049087524
3.0885162, -9.375687, -0.0059814453
3.0765533, -9.384079, 0.015563965
3.04422, -9.405624, -0.008377075
3.035843, -9.392456, 0.05506897
3.0178986, -9.357742, -0.0071868896
3.0023346, -9.337387, -0.07421875
3.015503, -9.357742, -0.044296265
3.008316, -9.384079, 0.0071868896
3.0382385, -9.357742, 0.029922485
3.0657806, -9.366119, 0.0047912598
3.0849304, -9.362518, 0.0035858154
3.0669708, -9.356537, 0.015563965
3.118454, -9.363724, 0.08859253
3.1160583, -9.378082, 0.094573975
3.0909119, -9.361328, 0.08140564
3.1196442, -9.385269, 0.11253357
3.0897217, -9.400833, 0.12210083
3.154358, -9.386475, 0.12808228
3.1615448, -9.396042, 0.14485168
3.1435852, -9.369705, 0.1592102
3.1363983, -9.349365, 0.17837524
3.1100616, -9.375687, 0.21786499
3.118454, -9.388855, 0.25737
3.1196442, -9.382874, 0.27174377
3.1004944, -9.376892, 0.23942566
3.1316223, -9.385269, 0.252594
3.154358, -9.404419, 0.28251648
3.2034454, -9.402023, 0.25498962
3.1842957, -9.414001, 0.2849121
3.126831, -9.424774, 0.2861023
3.1411896, -9.391251, 0.28370667
3.1363983, -9.391251, 0.30166626
3.1004944, -9.396042, 0.31004333
3.1411896, -9.397247, 0.3423767
3.1316223, -9.374496, 0.33039856
3.197464, -9.410416, 0.36750793
3.1950684, -9.423584, 0.35075378
3.1962585, -9.464279, 0.36990356
3.2201996, -9.451111, 0.44651794
3.2046356, -9.481033, 0.46447754
3.197464, -9.479843, 0.49440002
3.126831, -9.479843, 0.49320984
3.071762, -9.455902, 0.50398254
3.0454254, -9.417587, 0.5303192
3.02388, -9.385269, 0.533905
3.0382385, -9.422379, 0.5686188
3.039444, -9.404419, 0.62727356
3.0262756, -9.372101, 0.63327026
3.0466156, -9.415192, 0.63327026
3.0933075, -9.441528, 0.6548157
3.166336, -9.455902, 0.6787567
3.1806946, -9.470261, 0.707489
3.1759033, -9.4774475, 0.7086792
3.10289, -9.435547, 0.7170563
3.047821, -9.378082, 0.7374115
3.0059204, -9.368515, 0.7182617
2.9640198, -9.355347, 0.72184753
2.9556427, -9.357742, 0.7338257
2.9664154, -9.354141, 0.7110748
2.9472656, -9.326614, 0.78170776
2.9831696, -9.374496, 0.7733307
3.0561981, -9.417587, 0.76734924
3.047821, -9.42717, 0.78170776
3.1100616, -9.458298, 0.7852936
3.1435852, -9.481033, 0.76016235
3.1459808, -9.463089, 0.7362213
3.111267, -9.441528, 0.69311523
3.0538025, -9.433151, 0.69192505
2.9676056, -9.397247, 0.71347046
2.9340973, -9.3589325, 0.7685394
2.9161377, -9.357742, 0.76016235
2.9089508, -9.338577, 0.7697296
2.9340973, -9.318237, 0.7805023
2.913742, -9.3194275, 0.7805023
2.8921967, -9.361328, 0.7445984
2.9101562, -9.378082, 0.7410126
2.9388885, -9.36731, 0.73143005
2.9987335, -9.372101, 0.7290344
3.0142975, -9.404419, 0.6943207
2.9891663, -9.39006, 0.62727356
3.0071106, -9.404419, 0.64164734
3.0142975, -9.424774, 0.62249756
2.968811, -9.451111, 0.63446045
2.8874054, -9.44632, 0.65242004
2.8083954, -9.400833, 0.67396545
2.78685, -9.368515, 0.72184753
2.7533264, -9.354141, 0.7398071
2.7653046, -9.34816, 0.7410126
2.8371277, -9.337387, 0.72065735
2.9317017, -9.378082, 0.73262024
3.0298615, -9.364914, 0.6763611
3.0693665, -9.391251, 0.6775665
3.0418396, -9.388855, 0.71347046
3.0071106, -9.396042, 0.6823425
3.0119019, -9.384079, 0.6823425
2.9712067, -9.3589325, 0.70988464
2.9664154, -9.32901, 0.7050934
2.9412842, -9.3302, 0.6763611
2.920929, -9.334991, 0.7146759
2.992752, -9.369705, 0.7338257
3.0657806, -9.421188, 0.723053
3.12323, -9.436752, 0.7362213
3.150772, -9.458298, 0.723053
3.193863, -9.453506, 0.7374115
3.150772, -9.405624, 0.73262024
3.0514069, -9.396042, 0.73262024
2.996338, -9.344574, 0.73501587
2.9340973, -9.334991, 0.7338257
2.937683, -9.3194275, 0.7362213
2.952057, -9.339783, 0.69911194
2.975998, -9.326614, 0.70988464
3.0131073, -9.360138, 0.6943207
3.0681763, -9.414001, 0.6488342
3.1376038, -9.459488, 0.683548
3.142395, -9.459488, 0.6548157
3.111267, -9.459488, 0.6320648
3.1088715, -9.465469, 0.6607971
3.0777435, -9.48703, 0.6368561
3.0454254, -9.471466, 0.5805969
3.020279, -9.431961, 0.59495544
3.0226746, -9.402023, 0.58657837
3.0071106, -9.418793, 0.5674286
3.0382385, -9.399643, 0.57341003
3.0609894, -9.386475, 0.5279236
3.1244354, -9.397247, 0.4584961
3.1591492, -9.40802, 0.45968628
3.1519623, -9.412811, 0.43693542
3.1519623, -9.400833, 0.41059875
3.1328125, -9.381683, 0.37348938
3.1064758, -9.372101, 0.3543396
3.1004944, -9.373306, 0.32800293
3.0813446, -9.386475, 0.33398438
3.078949, -9.429565, 0.28251648
3.1411896, -9.42598, 0.24899292
3.1962585, -9.412811, 0.23942566
3.1687317, -9.42598, 0.20111084
3.2010498, -9.440338, 0.18075562
3.1962585, -9.434357, 0.11730957
3.1795044, -9.447525, 0.104141235
3.1376038, -9.442734, 0.123306274
3.114853, -9.4379425, 0.089782715
3.0861206, -9.402023, 0.113723755
3.0430298, -9.381683, 0.1149292
3.0454254, -9.381683, 0.101760864
3.032257, -9.414001, 0.099365234
3.035843, -9.418793, 0.10055542
3.0346527, -9.414001, 0.09576416
3.032257, -9.443924, 0.13526917
3.0657806, -9.455902, 0.1149292
3.02388, -9.434357, 0.17358398
2.9879608, -9.439133, 0.17477417
2.9783936, -9.441528, 0.18675232
2.9508514, -9.436752, 0.20948792
2.905365, -9.394852, 0.252594
2.9233246, -9.410416, 0.30166626
2.8646698, -9.384079, 0.2633667
2.8706512, -9.40921, 0.3040619
2.8706512, -9.402023, 0.331604
2.86586, -9.403229, 0.35554504
2.881424, -9.430756, 0.37709045
2.8407135, -9.451111, 0.41059875
2.8610687, -9.440338, 0.3866577
2.8945923, -9.415192, 0.4118042
2.9065552, -9.447525, 0.4513092
2.9089508, -9.452301, 0.47764587
2.8933868, -9.445129, 0.4800415
2.8957825, -9.465469, 0.51475525
2.920929, -9.402023, 0.5231323
2.9233246, -9.431961, 0.5351105
2.9424744, -9.422379, 0.6033325
2.9747925, -9.418793, 0.5901642
2.9867706, -9.430756, 0.6607971
3.0131073, -9.434357, 0.68473816
3.0178986, -9.3984375, 0.6763611
3.0430298, -9.40921, 0.7290344
3.035843, -9.415192, 0.7338257
3.1100616, -9.412811, 0.81163025
3.1136627, -9.417587, 0.79966736
3.114853, -9.404419, 0.8379669
3.1052856, -9.39006, 0.8523407
3.1160583, -9.366119, 0.86190796
3.1280212, -9.345764, 0.8882446
3.1124573, -9.351746, 0.93014526
3.111267, -9.334991, 0.98760986
3.0921173, -9.333801, 1.0019684
3.1064758, -9.370911, 1.0618286
3.0980988, -9.373306, 1.1001282
3.1124573, -9.370911, 1.1097107
3.1519623, -9.385269, 1.1324615
3.1435852, -9.374496, 1.0905609
3.1723175, -9.345764, 1.0271149
3.1986542, -9.364914, 0.9756317
3.1998444, -9.34697, 0.94929504
3.1771088, -9.315842, 0.95648193
3.1806946, -9.344574, 0.920578
3.186676, -9.352951, 0.87867737
3.186676, -9.339783, 0.7960663
3.1890717, -9.368515, 0.723053
3.1950684, -9.339783, 0.67037964
3.1735077, -9.357742, 0.6607971
3.1639404, -9.339783, 0.5985565
3.1483765, -9.331406, 0.5973511
3.147171, -9.339783, 0.60214233
3.1699219, -9.339783, 0.5853882
3.1304169, -9.3194275, 0.51475525
3.0933075, -9.2883, 0.4632721
3.094513, -9.321823, 0.45489502
3.1328125, -9.332596, 0.45729065
3.1435852, -9.324219, 0.39624023
3.1483765, -9.356537, 0.36631775
3.157959, -9.400833, 0.35673523
3.178299, -9.384079, 0.32920837
3.226181, -9.385269, 0.28251648
3.210617, -9.332596, 0.25498962
3.210617, -9.370911, 0.23103333
3.186676, -9.375687, 0.24182129
3.1950684, -9.30986, 0.25138855
3.2225952, -9.315842, 0.20829773
3.1854858, -9.293091, 0.17118835
3.2249908, -9.308655, 0.1951294
3.2345734, -9.294296, 0.17597961
3.272873, -9.291901, 0.1879425
3.2621002, -9.294296, 0.20231628
3.26091, -9.332596, 0.23103333
3.284851, -9.336197, 0.21427917
3.312378, -9.350555, 0.23822021
3.3303375, -9.375687, 0.23942566
3.3662415, -9.385269, 0.26216125
3.348297, -9.431961, 0.25498962
3.3339233, -9.421188, 0.24182129
3.3423004, -9.391251, 0.21786499
3.3003998, -9.380478, 0.24182129
3.3027954, -9.385269, 0.23103333
3.2740784, -9.381683, 0.17956543
3.28125, -9.355347, 0.22625732
3.2237854, -9.336197, 0.18914795
3.1926727, -9.344574, 0.18914795
3.1830902, -9.332596, 0.17597961
3.1723175, -9.333801, 0.2166748
3.1591492, -9.379288, 0.12928772
3.1447906, -9.356537, 0.14964294
3.0693665, -9.385269, 0.12210083
3.055008, -9.404419, 0.1484375
3.0490112, -9.396042, 0.17837524
3.015503, -9.419983, 0.17237854
3.0406342, -9.430756, 0.19033813
3.031067, -9.44632, 0.19752502
2.9795837, -9.443924, 0.2059021
2.9616241, -9.424774, 0.19992065
2.9747925, -9.417587, 0.22505188
2.9867706, -9.40921, 0.25378418
2.9484558, -9.421188, 0.2669525
2.9664154, -9.414001, 0.2849121
2.956833, -9.397247, 0.2741394
2.94487, -9.394852, 0.31243896
2.975998, -9.375687, 0.31843567
2.9616241, -9.397247, 0.32681274
2.9556427, -9.416397, 0.35075378
2.9747925, -9.404419, 0.40940857
2.968811, -9.415192, 0.41299438
2.960434, -9.445129, 0.36871338
2.975998, -9.461884, 0.42497253
2.968811, -9.452301, 0.4405365
3.015503, -9.448715, 0.41539
2.9783936, -9.454697, 0.46566772
2.9580383, -9.475052, 0.4513092
2.9592285, -9.473862, 0.4405365
2.9472656, -9.459488, 0.43933105
2.9065552, -9.445129, 0.45729065
2.9017792, -9.454697, 0.48483276
2.8790283, -9.415192, 0.48602295
2.8526917, -9.451111, 0.48243713
2.8383331, -9.431961, 0.47166443
2.8119965, -9.436752, 0.5063782
2.8119965, -9.461884, 0.4980011
2.8119965, -9.4379425, 0.45729065
2.8251648, -9.433151, 0.49919128
2.8096008, -9.433151, 0.5027771
2.7736816, -9.439133, 0.509964
2.7856598, -9.442734, 0.5207367
2.7700958, -9.463089, 0.5422821
2.723404, -9.485825, 0.5530548
2.755722, -9.476257, 0.5303192
2.738968, -9.500198, 0.51834106
2.7257996, -9.461884, 0.5686188
2.762909, -9.470261, 0.5638275
2.7461548, -9.466675, 0.57699585
2.7150269, -9.493011, 0.5782013
2.7030487, -9.436752, 0.5698242
2.6910858, -9.475052, 0.628479
2.7186127, -9.448715, 0.5985565
2.7305908, -9.42836, 0.60453796
2.7150269, -9.431961, 0.57221985
2.6970673, -9.424774, 0.58299255
2.7377625, -9.445129, 0.6464386
2.7521362, -9.464279, 0.61650085
2.7605133, -9.465469, 0.6093292
2.7509308, -9.48703, 0.61531067
2.7760773, -9.504974, 0.62727356
2.8036041, -9.484634, 0.63087463
2.7760773, -9.463089, 0.6380615
2.78685, -9.483429, 0.6607971
2.7940369, -9.501389, 0.6643982
2.8000183, -9.449921, 0.6572113
2.7964325, -9.451111, 0.667984
2.7772675, -9.459488, 0.6607971
2.7832642, -9.455902, 0.68473816
2.8059998, -9.451111, 0.68115234
2.7928314, -9.448715, 0.68833923
2.8143768, -9.48703, 0.683548
2.7820587, -9.479843, 0.7146759
2.8048096, -9.524139, 0.7122803
2.7688904, -9.524139, 0.68473816
2.8083954, -9.543289, 0.6536102
2.7880554, -9.560043, 0.6775665
2.7880554, -9.558853, 0.68115234
2.8000183, -9.554062, 0.6464386
2.8203735, -9.531311, 0.63327026
2.8131866, -9.560043, 0.66200256
2.7928314, -9.56723, 0.6655884
2.795227, -9.527725, 0.61531067
2.8036041, -9.518143, 0.53630066
2.762909, -9.513367, 0.5207367
2.7365723, -9.509766, 0.5626373
2.7090454, -9.472656, 0.5351105
2.7126312, -9.493011, 0.53271484
2.7210083, -9.521744, 0.48483276
2.7329865, -9.524139, 0.5063782
2.7305908, -9.50618, 0.5303192
2.7485504, -9.527725, 0.46566772
2.7700958, -9.531311, 0.4812317
2.7844543, -9.542084, 0.4405365
2.7832642, -9.501389, 0.45489502
2.7832642, -9.463089, 0.46087646
2.7700958, -9.481033, 0.41778564
2.7677002, -9.481033, 0.44172668
2.774887, -9.472656, 0.3902588
2.771286, -9.461884, 0.4333496
2.78685, -9.502594, 0.41539
2.8131866, -9.481033, 0.42855835
2.8167725, -9.475052, 0.45610046
2.78685, -9.439133, 0.46087646
2.7700958, -9.439133, 0.44891357
2.8000183, -9.458298, 0.47764587
2.8646698, -9.440338, 0.5398865
2.9317017, -9.417587, 0.55426025
2.9317017, -9.394852, 0.54467773
2.9017792, -9.357742, 0.55545044
2.8670502, -9.332596, 0.5710144
2.834732, -9.340973, 0.588974
2.8012085, -9.375687, 0.59495544
2.8275452, -9.370911, 0.6212921
2.8072052, -9.363724, 0.6368561
2.7856598, -9.397247, 0.6404419
2.7617188, -9.422379, 0.6392517
2.7653046, -9.449921, 0.64164734
2.7653046, -9.504974, 0.61291504
2.802414, -9.581589, 0.6392517
2.8359375, -9.607925, 0.6260834
2.8694458, -9.610321, 0.6548157
2.857483, -9.630676, 0.6655884
2.8550873, -9.609131, 0.6775665
2.850296, -9.600754, 0.70150757
2.8610687, -9.522934, 0.70388794
2.8036041, -9.465469, 0.667984
2.755722, -9.433151, 0.7003021
2.7186127, -9.423584, 0.6907196
2.7904358, -9.436752, 0.69911194
2.8467102, -9.439133, 0.76734924
2.9436646, -9.447525, 0.7517853
3.0274658, -9.449921, 0.7805023
3.1567535, -9.397247, 0.7769165
3.2070312, -9.344574, 0.79248047
3.1914673, -9.293091, 0.78889465
3.1806946, -9.244019, 0.7697296
3.1435852, -9.182968, 0.7960663
3.083725, -9.117126, 0.7948761
3.0095062, -9.142258, 0.8343811
2.999939, -9.165009, 0.8056488
3.0119019, -9.178177, 0.8271942
3.04422, -9.233246, 0.79367065
3.0897217, -9.34697, 0.746994
3.1986542, -9.336197, 0.7565613
3.2345734, -9.396042, 0.7338257
3.2429504, -9.4774475, 0.6799469
3.2237854, -9.527725, 0.67037964
3.1878815, -9.522934, 0.6943207
3.1747131, -9.54808, 0.67037964
3.1160583, -9.522934, 0.6141052
3.0765533, -9.48703, 0.5961609
3.059784, -9.472656, 0.5710144
3.071762, -9.50737, 0.5410919
3.055008, -9.417587, 0.54467773
3.0490112, -9.403229, 0.50398254
3.0490112, -9.452301, 0.45729065
3.0514069, -9.393646, 0.42497253
3.0262756, -9.405624, 0.37828064
3.0430298, -9.423584, 0.41059875
3.047821, -9.40802, 0.3722992
3.0262756, -9.3984375, 0.3076477
3.0382385, -9.414001, 0.35554504
3.0502167, -9.429565, 0.33877563
3.0514069, -9.439133, 0.2849121
3.083725, -9.448715, 0.2561798
3.0741577, -9.449921, 0.26455688
3.0861206, -9.423584, 0.23103333
3.083725, -9.430756, 0.25138855
3.0777435, -9.458298, 0.20469666
3.0430298, -9.435547, 0.16400146
3.0178986, -9.433151, 0.16879272
2.9975433, -9.451111, 0.13887024
2.9951477, -9.442734, 0.10295105
2.956833, -9.42836, 0.096969604
2.9352875, -9.464279, 0.053863525
2.9317017, -9.463089, 0.056259155
2.9412842, -9.472656, 0.07901001
2.9221191, -9.463089, 0.041900635
2.94487, -9.453506, 0.087387085
2.9017792, -9.484634, 0.07661438
2.898178, -9.459488, 0.06463623
2.9161377, -9.451111, 0.06942749
2.9029694, -9.440338, 0.106536865
2.8945923, -9.463089, 0.15802002
2.8718414, -9.4379425, 0.16400146
2.8239594, -9.430756, 0.15322876
2.8359375, -9.42598, 0.19273376
2.8622742, -9.42598, 0.24182129
2.8634644, -9.417587, 0.26097107
2.8778229, -9.441528, 0.296875
2.9197235, -9.459488, 0.35794067
2.9340973, -9.473862, 0.3830719
2.980774, -9.501389, 0.40342712
3.0119019, -9.493011, 0.4740448
2.9783936, -9.472656, 0.49560547
2.968811, -9.496597, 0.4800415
3.008316, -9.460693, 0.5303192
2.9747925, -9.443924, 0.5602417
2.9580383, -9.44632, 0.57699585
2.9412842, -9.454697, 0.60572815
2.9640198, -9.458298, 0.6392517
2.9975433, -9.46907, 0.7122803
2.9712067, -9.46907, 0.7362213
2.9975433, -9.4379425, 0.72184753
3.0035248, -9.467865, 0.74339294
3.0514069, -9.449921, 0.81163025
3.0047302, -9.460693, 0.8535309
3.0059204, -9.452301, 0.87628174
2.9939423, -9.424774, 0.8894501
2.984375, -9.412811, 0.90979004
2.9891663, -9.429565, 0.925354
2.9616241, -9.453506, 0.95529175
2.9592285, -9.445129, 0.9971924
2.953247, -9.448715, 0.98760986
2.968811, -9.439133, 0.97683716
2.9400787, -9.461884, 0.97683716
2.8993835, -9.464279, 0.96006775
2.913742, -9.472656, 0.96006775
2.9149475, -9.476257, 0.9229584
2.8670502, -9.441528, 0.86190796
2.8395233, -9.441528, 0.8535309
2.8299408, -9.431961, 0.8271942
2.826355, -9.466675, 0.81163025
2.8287506, -9.431961, 0.802063
2.826355, -9.412811, 0.7733307
2.8143768, -9.431961, 0.73143005
2.8131866, -9.411606, 0.70628357
2.78685, -9.411606, 0.7122803
2.7844543, -9.421188, 0.7110748
2.78685, -9.464279, 0.7003021
2.8083954, -9.415192, 0.68115234
2.8119965, -9.453506, 0.64523315
2.8239594, -9.471466, 0.66200256
2.8359375, -9.453506, 0.68473816
2.8167725, -9.471466, 0.65122986
2.826355, -9.436752, 0.6464386
2.8335419, -9.461884, 0.6320648
2.8383331, -9.4774475, 0.628479
2.8359375, -9.460693, 0.6404419
2.8323364, -9.431961, 0.6428375
2.8311462, -9.455902, 0.62727356
2.8646698, -9.415192, 0.6296692
2.898178, -9.415192, 0.6260834
2.8933868, -9.394852, 0.62727356
2.8538818, -9.392456, 0.6476288
2.896988, -9.374496, 0.58418274
2.9197235, -9.402023, 0.5817871
2.9029694, -9.3984375, 0.61531067
2.9484558, -9.399643, 0.5638275
2.9544525, -9.387665, 0.58418274
2.9712067, -9.385269, 0.5805969
2.9975433, -9.402023, 0.60214233
2.9795837, -9.393646, 0.6584015
2.9891663, -9.397247, 0.6069336
3.0214844, -9.406815, 0.61291504
3.0178986, -9.373306, 0.5997467
3.0406342, -9.412811, 0.6464386
3.0573883, -9.384079, 0.61291504
3.0514069, -9.387665, 0.5793915
3.0801392, -9.380478, 0.60214233
3.059784, -9.393646, 0.5530548
3.0801392, -9.375687, 0.549469
3.0741577, -9.362518, 0.5530548
3.083725, -9.388855, 0.5638275
3.147171, -9.379288, 0.5279236
3.1376038, -9.378082, 0.5063782
3.1340027, -9.388855, 0.52911377
3.1328125, -9.368515, 0.4692688
3.147171, -9.372101, 0.48602295
3.1567535, -9.376892, 0.49440002
3.1411896, -9.410416, 0.44532776
3.162735, -9.351746, 0.4237671
3.1806946, -9.363724, 0.42736816
3.1459808, -9.422379, 0.38905334
3.1435852, -9.362518, 0.40342712
3.142395, -9.370911, 0.3651123
3.118454, -9.382874, 0.33398438
3.1172485, -9.357742, 0.33998108
3.1088715, -9.355347, 0.28849792
3.1220398, -9.366119, 0.2861023
3.111267, -9.392456, 0.30166626
3.0921173, -9.400833, 0.27174377
3.0885162, -9.402023, 0.23703003
3.059784, -9.405624, 0.23582458
3.0681763, -9.385269, 0.19273376
3.0418396, -9.386475, 0.20350647
3.0406342, -9.396042, 0.22505188
3.0262756, -9.399643, 0.2059021
3.02388, -9.40921, 0.1951294
3.008316, -9.39006, 0.16998291
3.0346527, -9.376892, 0.16041565
3.0346527, -9.400833, 0.14125061
3.0071106, -9.396042, 0.14604187
3.0142975, -9.392456, 0.1663971
2.992752, -9.404419, 0.15681458
2.9987335, -9.435547, 0.12808228
2.9939423, -9.429565, 0.14364624
3.0047302, -9.442734, 0.17237854
3.0226746, -9.454697, 0.18914795
2.9831696, -9.461884, 0.18675232
2.9664154, -9.441528, 0.18435669
2.9903564, -9.435547, 0.22744751
2.9628296, -9.454697, 0.23822021
2.960434, -9.42598, 0.21188354
2.9544525, -9.431961, 0.22625732
3.0071106, -9.418793, 0.27174377
2.977188, -9.412811, 0.27053833
2.9783936, -9.3984375, 0.31843567
2.9652252, -9.42836, 0.3040619
2.9700012, -9.416397, 0.31243896
2.9867706, -9.433151, 0.3327942
2.9891663, -9.452301, 0.36871338
2.9951477, -9.458298, 0.39505005
2.984375, -9.449921, 0.43693542
2.9891663, -9.435547, 0.4010315
2.9819794, -9.466675, 0.43215942
3.0011292, -9.42836, 0.44293213
3.0071106, -9.436752, 0.4620819
3.0023346, -9.40921, 0.5063782
3.0071106, -9.42836, 0.52552795
3.0382385, -9.419983, 0.57221985
3.0346527, -9.40921, 0.5482788
3.0418396, -9.403229, 0.5638275
3.0418396, -9.411606, 0.549469
3.0011292, -9.40921, 0.5686188
3.0190887, -9.40921, 0.6320648
3.008316, -9.422379, 0.62249756
3.0119019, -9.417587, 0.6093292
3.0418396, -9.42717, 0.6500244
3.0454254, -9.439133, 0.6584015
3.0609894, -9.424774, 0.6907196
3.0454254, -9.439133, 0.67396545
3.0526123, -9.440338, 0.6763611
3.0178986, -9.436752, 0.68115234
3.035843, -9.40802, 0.7146759
3.039444, -9.416397, 0.7146759
3.02388, -9.431961, 0.76374817
2.9855652, -9.388855, 0.74220276
2.9831696, -9.393646, 0.746994
2.980774, -9.36731, 0.76135254
2.9736023, -9.380478, 0.76734924
2.9580383, -9.400833, 0.7685394
2.975998, -9.417587, 0.7685394
2.9556427, -9.40921, 0.7541809
2.9700012, -9.40921, 0.77812195
2.9616241, -9.397247, 0.7733307
2.953247, -9.404419, 0.7649536
2.9185333, -9.410416, 0.78170776
2.8921967, -9.412811, 0.7912903
2.9161377, -9.405624, 0.786499
2.9197235, -9.388855, 0.7805023
2.9149475, -9.369705, 0.7852936
2.9472656, -9.3984375, 0.77093506
2.9101562, -9.40921, 0.76374817
2.9161377, -9.385269, 0.77093506
2.9544525, -9.392456, 0.723053
2.9185333, -9.399643, 0.723053
2.9245148, -9.382874, 0.7338257
2.956833, -9.386475, 0.75057983
2.952057, -9.385269, 0.7266388
2.9424744, -9.366119, 0.70388794
2.9736023, -9.375687, 0.707489
2.9939423, -9.388855, 0.6907196
2.9819794, -9.392456, 0.6859436
3.0023346, -9.372101, 0.7338257
3.0178986, -9.373306, 0.70388794
3.0382385, -9.378082, 0.6380615
3.0669708, -9.369705, 0.6428375
3.0705566, -9.394852, 0.64523315
3.0813446, -9.3984375, 0.6320648
3.0897217, -9.403229, 0.5698242
3.0897217, -9.404419, 0.58657837
3.0849304, -9.382874, 0.60214233
3.0921173, -9.391251, 0.61650085
3.0909119, -9.42598, 0.55426025
3.0765533, -9.40921, 0.52671814
3.118454, -9.405624, 0.5315094
3.114853, -9.405624, 0.5315094
3.1076813, -9.392456, 0.5303192
3.099289, -9.375687, 0.5135498
3.10289, -9.393646, 0.47045898
3.1004944, -9.394852, 0.46087646
3.0885162, -9.366119, 0.45010376
3.0765533, -9.384079, 0.4297638
3.0538025, -9.396042, 0.42855835
3.0418396, -9.40921, 0.43814087
3.0585938, -9.416397, 0.40701294
3.0609894, -9.3984375, 0.3651123
3.0777435, -9.405624, 0.31843567
3.083725, -9.417587, 0.3136444
3.0741577, -9.436752, 0.31124878
3.087326, -9.406815, 0.3244171
3.0681763, -9.3984375, 0.30047607
3.0502167, -9.391251, 0.31604004
3.0538025, -9.369705, 0.32321167
3.1280212, -9.378082, 0.2849121
3.0921173, -9.349365, 0.2669525
3.0705566, -9.417587, 0.30645752
3.1244354, -9.372101, 0.2633667
3.1363983, -9.364914, 0.22744751
3.114853, -9.380478, 0.2633667
3.1316223, -9.381683, 0.24899292
3.1759033, -9.396042, 0.19033813
3.1160583, -9.402023, 0.22744751
3.118454, -9.382874, 0.19631958
3.1352081, -9.392456, 0.20829773
3.1435852, -9.405624, 0.19154358
3.1316223, -9.436752, 0.18675232
3.1172485, -9.400833, 0.17237854
3.1124573, -9.406815, 0.1663971
3.0861206, -9.416397, 0.16879272
3.055008, -9.400833, 0.1376648
3.059784, -9.404419, 0.18554688
3.0298615, -9.40921, 0.17477417
3.059784, -9.414001, 0.14964294
3.0406342, -9.443924, 0.16520691
3.0107117, -9.419983, 0.1592102
2.999939, -9.412811, 0.18075562
3.0178986, -9.418793, 0.20948792
3.02388, -9.447525, 0.21786499
3.020279, -9.416397, 0.25378418
3.0071106, -9.400833, 0.27772522
2.9819794, -9.368515, 0.32920837
2.9783936, -9.386475, 0.33518982
2.984375, -9.388855, 0.34117126
2.9556427, -9.394852, 0.38905334
2.9580383, -9.349365, 0.41299438
2.996338, -9.378082, 0.4225769
2.9891663, -9.369705, 0.47166443
3.0214844, -9.372101, 0.52911377
3.0585938, -9.414001, 0.5207367
3.0382385, -9.4379425, 0.5602417
3.0298615, -9.429565, 0.58657837
3.0538025, -9.441528, 0.59376526
3.063385, -9.455902, 0.5973511
3.063385, -9.419983, 0.6392517
3.0561981, -9.416397, 0.6488342
3.039444, -9.384079, 0.6476288
3.0298615, -9.3589325, 0.6428375
3.0526123, -9.372101, 0.667984
3.04422, -9.388855, 0.6655884
3.0561981, -9.361328, 0.70150757
3.0621796, -9.357742, 0.6967163
3.0621796, -9.355347, 0.723053
3.059784, -9.391251, 0.73143005
3.094513, -9.374496, 0.7374115
3.1016846, -9.374496, 0.73262024
3.0909119, -9.379288, 0.72065735
3.0897217, -9.382874, 0.75057983
3.075348, -9.381683, 0.76016235
3.047821, -9.372101, 0.7661438
3.0418396, -9.373306, 0.7649536
3.0573883, -9.384079, 0.7565613
3.0609894, -9.356537, 0.74339294
3.0777435, -9.405624, 0.76734924
3.0861206, -9.422379, 0.74339294
3.0681763, -9.416397, 0.7374115
3.0885162, -9.392456, 0.72424316
3.1076813, -9.374496, 0.7589569
3.138794, -9.393646, 0.723053
3.1124573, -9.40921, 0.7445984
3.1076813, -9.415192, 0.707489
3.10289, -9.378082, 0.67396545
3.1076813, -9.351746, 0.6775665
3.0741577, -9.349365, 0.6476288
3.0897217, -9.361328, 0.66200256
3.0669708, -9.336197, 0.60572815
3.0561981, -9.34816, 0.6536102
3.0825348, -9.363724, 0.61650085
3.1076813, -9.370911, 0.5518646
3.1076813, -9.40802, 0.55545044
3.1004944, -9.379288, 0.5686188
3.0957031, -9.379288, 0.53271484
3.10289, -9.3984375, 0.50756836
3.1076813, -9.388855, 0.49679565
3.1208344, -9.366119, 0.47644043
3.0861206, -9.370911, 0.48960876
3.0968933, -9.40802, 0.49320984
3.111267, -9.364914, 0.48362732
3.114853, -9.369705, 0.4632721
3.1220398, -9.355347, 0.4740448
3.1280212, -9.349365, 0.4584961
3.114853, -9.34816, 0.4620819
3.138794, -9.339783, 0.45370483
3.1483765, -9.336197, 0.42855835
3.1363983, -9.364914, 0.4524994
3.1411896, -9.373306, 0.42497253
3.166336, -9.336197, 0.42855835
3.1591492, -9.34816, 0.40582275
3.1747131, -9.397247, 0.40582275
3.20224, -9.385269, 0.43574524
3.1639404, -9.375687, 0.40940857
3.190277, -9.396042, 0.43693542
3.193863, -9.380478, 0.41419983
3.1483765, -9.351746, 0.4189911
3.118454, -9.363724, 0.4118042
3.1567535, -9.356537, 0.40821838
3.1651306, -9.340973, 0.41778564
3.1435852, -9.326614, 0.4441223
3.1819, -9.339783, 0.43215942
3.197464, -9.313446, 0.41539
3.1842957, -9.305069, 0.4297638
3.20224, -9.317032, 0.44891357
3.2441406, -9.273941, 0.42138672
3.26091, -9.30986, 0.43574524
3.2513275, -9.314636, 0.43455505
3.265686, -9.318237, 0.45729065
3.2680817, -9.332596, 0.4728546
3.2597046, -9.331406, 0.46566772
3.329132, -9.307465, 0.4908142
3.2800598, -9.3589325, 0.44651794
3.289627, -9.336197, 0.45610046
3.2872314, -9.317032, 0.46687317
3.2944183, -9.343369, 0.43693542
3.312378, -9.34697, 0.42855835
3.3267365, -9.3589325, 0.4405365
3.2980194, -9.357742, 0.43095398
3.2872314, -9.360138, 0.4118042
3.2872314, -9.386475, 0.3722992
3.2561188, -9.339783, 0.4010315
3.250122, -9.3589325, 0.3830719
3.2632904, -9.361328, 0.34477234
3.2393494, -9.342178, 0.3148346
3.2154083, -9.36731, 0.30526733
3.1962585, -9.351746, 0.32081604
3.2118225, -9.340973, 0.3148346
3.1830902, -9.349365, 0.296875
3.1435852, -9.357742, 0.3136444
3.1699219, -9.354141, 0.2861023
3.1639404, -9.357742, 0.27653503
3.1759033, -9.372101, 0.24899292
3.1483765, -9.366119, 0.24659729
3.150772, -9.366119, 0.26216125
3.1519623, -9.355347, 0.22265625
3.1256256, -9.379288, 0.2849121
3.1172485, -9.340973, 0.2561798
3.1447906, -9.349365, 0.2741394
3.157959, -9.394852, 0.3076477
3.118454, -9.376892, 0.31004333
3.1172485, -9.362518, 0.31124878
3.1220398, -9.336197, 0.29089355
3.1244354, -9.366119, 0.31243896
3.1555634, -9.369705, 0.3244171
3.1316223, -9.368515, 0.3543396
3.1411896, -9.379288, 0.34477234
3.147171, -9.355347, 0.34596252
3.1328125, -9.345764, 0.3818817
3.1256256, -9.3589325, 0.39265442
3.1304169, -9.370911, 0.39743042
3.1256256, -9.384079, 0.41059875
3.118454, -9.361328, 0.38786316
3.1292267, -9.352951, 0.43693542
3.150772, -9.3302, 0.46447754
3.142395, -9.343369, 0.43574524
3.1292267, -9.381683, 0.43455505
3.12323, -9.387665, 0.4632721
3.1160583, -9.360138, 0.49440002
3.1172485, -9.369705, 0.46806335
3.1292267, -9.410416, 0.4620819
3.138794, -9.384079, 0.4740448
3.1196442, -9.396042, 0.48362732
3.126831, -9.400833, 0.533905
3.1304169, -9.417587, 0.5422821
3.118454, -9.397247, 0.5518646
3.1340027, -9.379288, 0.5518646
3.0861206, -9.405624, 0.52911377
3.1340027, -9.40921, 0.5135498
3.1244354, -9.382874, 0.48721313
3.1004944, -9.394852, 0.47166443
3.0849304, -9.403229, 0.4800415
3.0849304, -9.424774, 0.50398254
3.0669708, -9.379288, 0.53271484

