x : y : Z 
5.2983704, -8.154648, 1.2114716
5.319916, -8.157043, 1.2102661
5.3510437, -8.172607, 1.2294159
5.333084, -8.172607, 1.2210388
5.352234, -8.188171, 1.2557526
5.379776, -8.213303, 1.217453
5.3546295, -8.197754, 1.2761078
5.343857, -8.208527, 1.2796936
5.333084, -8.213303, 1.2737122
5.281616, -8.20134, 1.2773132
5.2959747, -8.184586, 1.2689209
5.297165, -8.18219, 1.3191986
5.269638, -8.198944, 1.256958
5.254074, -8.192963, 1.2509766
5.2397156, -8.169022, 1.2198486
5.23851, -8.206131, 1.233017
5.268448, -8.196548, 1.2557526
5.2480927, -8.198944, 1.2785034
5.2504883, -8.20253, 1.2246399
5.2720337, -8.185776, 1.2246399
5.2504883, -8.177399, 1.2090759
5.2720337, -8.172607, 1.1839294
5.2839966, -8.16423, 1.2102661
5.2660522, -8.212112, 1.2258301
5.31633, -8.18338, 1.233017
5.2995605, -8.161835, 1.2270355
5.331894, -8.177399, 1.2258301
5.3510437, -8.176193, 1.201889
5.3462524, -8.16423, 1.1504211
5.3666077, -8.16423, 1.1911163
5.3450623, -8.163025, 1.1899109
5.355835, -8.189362, 1.2234344
5.376175, -8.188171, 1.1815338
5.31752, -8.154648, 1.1492157
5.293579, -8.176193, 1.1492157
5.312729, -8.158249, 1.1611938
5.292389, -8.189362, 1.1264648
5.269638, -8.192963, 1.1432343
5.2792206, -8.197754, 1.1516113
5.269638, -8.191757, 1.1300659
5.262451, -8.231262, 1.1695709
5.269638, -8.222885, 1.154007
5.273224, -8.237244, 1.154007
5.2756195, -8.252808, 1.1647797
5.23851, -8.239639, 1.2006989
5.269638, -8.244431, 1.1863251
5.2588654, -8.251617, 1.1420288
5.262451, -8.257599, 1.1695709
5.288788, -8.268372, 1.1528015
5.2636566, -8.233658, 1.1156921
5.2839966, -8.238449, 1.1671753
5.2947845, -8.254013, 1.1564026
5.3103333, -8.231262, 1.138443
5.288788, -8.196548, 1.1408386
5.286392, -8.204926, 1.1168976
5.286392, -8.20134, 1.1360474
5.292389, -8.196548, 1.1803436
5.300766, -8.188171, 1.1408386
5.2911835, -8.196548, 1.1216888
5.249283, -8.231262, 1.1719666
5.31633, -8.214508, 1.1611938
5.2792206, -8.246826, 1.1575928
5.309143, -8.245636, 1.1240845
5.3235016, -8.198944, 1.1671753
5.340271, -8.218094, 1.1671753
5.3294983, -8.219299, 1.1743622
5.341461, -8.191757, 1.1755524
5.341461, -8.185776, 1.1168976
5.3378754, -8.190567, 1.1408386
5.328293, -8.1809845, 1.162384
5.331894, -8.189362, 1.1707611
5.3187256, -8.184586, 1.1947021
5.331894, -8.16423, 1.2138672
5.325897, -8.159439, 1.2282257
5.309143, -8.188171, 1.1983032
5.319916, -8.16423, 1.2198486
5.324707, -8.163025, 1.2138672
5.2828064, -8.185776, 1.2222443
5.333084, -8.179794, 1.217453
5.324707, -8.191757, 1.2461853
5.2899933, -8.178589, 1.2581482
5.300766, -8.206131, 1.2366028
5.3235016, -8.207321, 1.2342072
5.312729, -8.203735, 1.2605438
5.276825, -8.184586, 1.2749176
5.273224, -8.214508, 1.2473755
5.2588654, -8.200134, 1.241394
5.264847, -8.213303, 1.256958
5.25766, -8.212112, 1.2198486
5.21817, -8.227676, 1.2150574
5.225342, -8.212112, 1.2641449
5.2241516, -8.219299, 1.2497711
5.23851, -8.20253, 1.2222443
5.2241516, -8.213303, 1.2402039
5.2397156, -8.233658, 1.1875305
5.228943, -8.204926, 1.1983032
5.230133, -8.228867, 1.177948
5.240906, -8.224075, 1.1599884
5.25766, -8.2204895, 1.1983032
5.233719, -8.239639, 1.162384
5.246887, -8.254013, 1.1599884
5.240906, -8.242035, 1.1767426
5.2480927, -8.26239, 1.177948
5.23851, -8.256409, 1.154007
5.2504883, -8.276749, 1.1336517
5.276825, -8.255203, 1.1456299
5.273224, -8.294708, 1.122879
5.2672424, -8.287537, 1.1564026
5.2839966, -8.248032, 1.1923065
5.292389, -8.228867, 1.1731567
5.3235016, -8.227676, 1.1611938
5.3187256, -8.212112, 1.1516113
5.2911835, -8.213303, 1.1516113
5.325897, -8.194153, 1.1611938
5.3354797, -8.195358, 1.162384
5.331894, -8.191757, 1.1444244
5.3534393, -8.184586, 1.122879
5.3666077, -8.184586, 1.1767426
5.3498383, -8.191757, 1.1923065
5.376175, -8.188171, 1.1983032
5.352234, -8.169022, 1.1755524
5.3737793, -8.172607, 1.2198486
5.3666077, -8.167816, 1.2677307
5.341461, -8.169022, 1.2461853
5.3450623, -8.146271, 1.272522
5.3630066, -8.152252, 1.2593536
5.371399, -8.137894, 1.2641449
5.355835, -8.12352, 1.3156128
5.3450623, -8.143875, 1.3431396
5.3450623, -8.110352, 1.3000488
5.3426666, -8.091202, 1.327591
5.3474426, -8.12233, 1.3251953
5.3546295, -8.105576, 1.3251953
5.3294983, -8.12114, 1.3503265
5.3510437, -8.169022, 1.335968
5.3271027, -8.210922, 1.3467407
5.348648, -8.204926, 1.3898315
5.3618164, -8.222885, 1.3886414
5.3378754, -8.206131, 1.3802643
5.2839966, -8.208527, 1.3587036
5.273224, -8.222885, 1.3922272
5.276825, -8.214508, 1.3898315
5.2708282, -8.1809845, 1.3467407
5.262451, -8.157043, 1.3694763
5.225342, -8.148666, 1.3778687
5.222946, -8.110352, 1.359909
5.2277374, -8.087616, 1.3587036
5.252884, -8.091202, 1.3527222
5.2744293, -8.074448, 1.3455353
5.262451, -8.10437, 1.359909
5.2995605, -8.098389, 1.3551178
5.3474426, -8.082825, 1.3036499
5.3354797, -8.119934, 1.351532
5.364212, -8.140289, 1.3587036
5.372589, -8.154648, 1.3383636
5.407303, -8.155853, 1.3060303
5.422867, -8.159439, 1.320404
5.3666077, -8.186966, 1.3191986
5.3977203, -8.222885, 1.2425842
5.400116, -8.204926, 1.2306213
5.357025, -8.242035, 1.2342072
5.285202, -8.218094, 1.2078705
5.2959747, -8.234863, 1.2090759
5.2600555, -8.233658, 1.2126617
5.222946, -8.244431, 1.2090759
5.205002, -8.282745, 1.1959076
5.189438, -8.264786, 1.1970978
5.166687, -8.304291, 1.1671753
5.173874, -8.2994995, 1.2114716
5.151123, -8.295914, 1.2270355
5.123596, -8.305481, 1.1743622
5.149933, -8.295914, 1.201889
5.151123, -8.32225, 1.1707611
5.154709, -8.303085, 1.1731567
5.187042, -8.293518, 1.1551971
5.1726685, -8.310272, 1.1575928
5.165497, -8.319855, 1.1599884
5.1523285, -8.279144, 1.1312561
5.2121735, -8.288727, 1.1755524
5.1954193, -8.274368, 1.1372528
5.2205505, -8.279144, 1.1492157
5.245697, -8.249222, 1.1647797
5.2277374, -8.2204895, 1.1767426
5.245697, -8.256409, 1.1827393
5.240906, -8.212112, 1.1899109
5.3031616, -8.203735, 1.1887207
5.2875977, -8.184586, 1.1839294
5.2552795, -8.149857, 1.2066803
5.3079376, -8.131912, 1.2030792
5.3378754, -8.119934, 1.2222443
5.3151245, -8.091202, 1.241394
5.360611, -8.097183, 1.2342072
5.3749847, -8.113953, 1.2234344
5.4013214, -8.10318, 1.2509766
5.427658, -8.135498, 1.3036499
5.4025116, -8.110352, 1.2952576
5.4096985, -8.100784, 1.2737122
5.4288483, -8.147461, 1.3180084
5.404907, -8.160629, 1.3215942
5.4324493, -8.154648, 1.2952576
5.400116, -8.136688, 1.3335724
5.3785706, -8.1809845, 1.3467407
5.31633, -8.175003, 1.320404
5.309143, -8.171417, 1.3060303
5.3067474, -8.16423, 1.3263855
5.288788, -8.218094, 1.3383636
5.2349243, -8.206131, 1.3012543
5.2636566, -8.214508, 1.3491364
5.206192, -8.255203, 1.3347626
5.2002106, -8.215698, 1.3168182
5.1846466, -8.268372, 1.3132172
5.183441, -8.28035, 1.3048401
5.178665, -8.271973, 1.2976532
5.1798553, -8.294708, 1.3096313
5.1714783, -8.310272, 1.332367
5.1774597, -8.304291, 1.320404
5.1846466, -8.313858, 1.3227997
5.21817, -8.295914, 1.2916718
5.2265472, -8.298309, 1.2796936
5.2516785, -8.28154, 1.2389984
5.2504883, -8.240845, 1.2210388
5.2121735, -8.248032, 1.2162476
5.2157745, -8.230072, 1.1983032
5.2002106, -8.209717, 1.1695709
5.2325287, -8.196548, 1.1204834
5.2037964, -8.18219, 1.098938
5.2037964, -8.209717, 1.0977478
5.2002106, -8.215698, 1.0869751
5.2157745, -8.244431, 1.1025238
5.2085876, -8.246826, 1.0666199
5.2002106, -8.270767, 1.0869751
5.2014008, -8.312668, 1.0941467
5.225342, -8.331818, 1.0462646
5.1954193, -8.315063, 1.1109161
5.1642914, -8.377319, 1.0917511
5.173874, -8.382095, 1.0702057
5.1774597, -8.329422, 1.0414734
5.185837, -8.336609, 1.06781
5.1726685, -8.319855, 1.0869751
5.1762695, -8.303085, 1.0797882
5.1810455, -8.287537, 1.1180878
5.194214, -8.279144, 1.0714111
5.1882324, -8.258804, 1.0702057
5.2121735, -8.264786, 1.1037292
5.246887, -8.257599, 1.122879
5.2564697, -8.232468, 1.1025238
5.273224, -8.267181, 1.1551971
5.293579, -8.258804, 1.1528015
5.3151245, -8.225281, 1.1516113
5.3115387, -8.218094, 1.154007
5.2828064, -8.216904, 1.177948
5.2983704, -8.186966, 1.1767426
5.328293, -8.194153, 1.1994934
5.3390656, -8.225281, 1.1887207
5.352234, -8.212112, 1.1803436
5.331894, -8.233658, 1.2509766
5.3294983, -8.203735, 1.2138672
5.3426666, -8.177399, 1.2461853
5.309143, -8.18338, 1.2629395
5.2995605, -8.185776, 1.2701263
5.3139343, -8.166626, 1.3048401
5.2947845, -8.152252, 1.2988586
5.281616, -8.118744, 1.2868805
5.276825, -8.090012, 1.2737122
5.3139343, -8.069656, 1.3084259
5.3067474, -8.060074, 1.3215942
5.2792206, -8.052902, 1.2689209
5.3067474, -8.052902, 1.2988586
5.3031616, -8.078033, 1.2677307
5.324707, -8.116348, 1.2557526
5.325897, -8.1414795, 1.2641449
5.333084, -8.170212, 1.2689209
5.319916, -8.228867, 1.2773132
5.3067474, -8.254013, 1.256958
5.324707, -8.275558, 1.2868805
5.2911835, -8.304291, 1.3180084
5.2600555, -8.32225, 1.2665253
5.278015, -8.274368, 1.2521667
5.2265472, -8.30069, 1.241394
5.197815, -8.329422, 1.2509766
5.1918335, -8.2994995, 1.1970978
5.1714783, -8.306686, 1.2378082
5.1882324, -8.315063, 1.1743622
5.1882324, -8.315063, 1.1767426
5.206192, -8.319855, 1.1970978
5.2109833, -8.289917, 1.162384
5.1954193, -8.319855, 1.1731567
5.205002, -8.286331, 1.1647797
5.182251, -8.265976, 1.1432343
5.1690826, -8.258804, 1.1839294
5.1930237, -8.2599945, 1.1097107
5.187042, -8.196548, 1.1300659
5.189438, -8.18338, 1.1001282
5.182251, -8.177399, 1.1216888
5.1954193, -8.179794, 1.1300659
5.2121735, -8.215698, 1.0797882
5.207382, -8.192963, 1.0809784
5.262451, -8.238449, 1.0953522
5.25766, -8.245636, 1.1013336
5.262451, -8.269577, 1.0953522
5.2672424, -8.279144, 1.1168976
5.3031616, -8.321045, 1.177948
5.2720337, -8.328232, 1.1468201
5.240906, -8.311478, 1.1468201
5.2875977, -8.335419, 1.1851349
5.2947845, -8.309082, 1.1970978
5.2828064, -8.298309, 1.1803436
5.297165, -8.286331, 1.1983032
5.2792206, -8.236053, 1.2198486
5.2708282, -8.225281, 1.2090759
5.2444916, -8.20134, 1.1743622
5.2325287, -8.206131, 1.1983032
5.254074, -8.167816, 1.2533722
5.2600555, -8.161835, 1.1863251
5.300766, -8.178589, 1.272522
5.297165, -8.185776, 1.2533722
5.269638, -8.175003, 1.2832947
5.292389, -8.179794, 1.2892761
5.278015, -8.172607, 1.2904816
5.2552795, -8.160629, 1.3215942
5.233719, -8.1809845, 1.3072357
5.222946, -8.186966, 1.3012543
5.2325287, -8.166626, 1.3407593
5.2708282, -8.167816, 1.3227997
5.246887, -8.163025, 1.2832947
5.2636566, -8.179794, 1.3000488
5.2983704, -8.233658, 1.3443451
5.292389, -8.231262, 1.3180084
5.2875977, -8.245636, 1.296463
5.2720337, -8.252808, 1.3012543
5.273224, -8.227676, 1.3527222
5.2564697, -8.285141, 1.3311768
5.230133, -8.265976, 1.359909
5.240906, -8.286331, 1.3850403
5.221756, -8.287537, 1.3634949
5.2265472, -8.273163, 1.3551178
5.1954193, -8.255203, 1.3539276
5.1918335, -8.258804, 1.3060303
5.1882324, -8.2599945, 1.3108215
5.143936, -8.231262, 1.3096313
5.2205505, -8.2204895, 1.2904816
5.1966095, -8.218094, 1.2916718
5.182251, -8.212112, 1.3191986
5.1607056, -8.226471, 1.3084259
5.183441, -8.224075, 1.296463
5.2121735, -8.208527, 1.3682861
5.206192, -8.206131, 1.3395538
5.2121735, -8.2204895, 1.2832947
5.225342, -8.2204895, 1.2306213
5.214569, -8.215698, 1.2593536
5.228943, -8.238449, 1.2258301
5.249283, -8.216904, 1.1456299
5.249283, -8.195358, 1.2090759
5.23732, -8.184586, 1.193512
5.1798553, -8.208527, 1.2150574
5.15831, -8.209717, 1.2222443
5.1930237, -8.288727, 1.2844849
5.1966095, -8.265976, 1.2342072
5.1846466, -8.267181, 1.241394
5.2397156, -8.327026, 1.2796936
5.2193604, -8.336609, 1.2677307
5.2193604, -8.319855, 1.2629395
5.197815, -8.312668, 1.2294159
5.2169647, -8.334213, 1.154007
5.1918335, -8.329422, 1.1192932
5.1523285, -8.289917, 1.1156921
5.1535187, -8.305481, 1.0953522
5.1559143, -8.321045, 1.1635895
5.151123, -8.294708, 1.1755524
5.1451416, -8.273163, 1.2270355
5.143936, -8.268372, 1.272522
5.1535187, -8.257599, 1.2162476
5.143936, -8.258804, 1.1911163
5.1379547, -8.240845, 1.1743622
5.1762695, -8.20253, 1.1564026
5.187042, -8.239639, 1.1528015
5.1966095, -8.238449, 1.1671753
5.228943, -8.244431, 1.1695709
5.252884, -8.200134, 1.1575928
5.23732, -8.213303, 1.1480255
5.2636566, -8.195358, 1.1611938
5.2397156, -8.189362, 1.177948
5.245697, -8.189362, 1.1468201
5.249283, -8.189362, 1.1264648
5.252884, -8.208527, 1.1396332
5.280411, -8.20253, 1.1899109
5.297165, -8.213303, 1.1875305
5.3151245, -8.207321, 1.1659698
5.33667, -8.213303, 1.1803436
5.31752, -8.20253, 1.1575928
5.3390656, -8.209717, 1.1504211
5.343857, -8.228867, 1.1755524
5.3630066, -8.226471, 1.1970978
5.376175, -8.228867, 1.1994934
5.364212, -8.212112, 1.1827393
5.365402, -8.225281, 1.1683655
5.372589, -8.20253, 1.201889
5.341461, -8.195358, 1.2102661
5.367798, -8.206131, 1.2030792
5.3294983, -8.209717, 1.2461853
5.3426666, -8.20253, 1.2485809
5.3306885, -8.214508, 1.2090759
5.3055573, -8.18338, 1.2246399
5.2899933, -8.157043, 1.2509766
5.301956, -8.152252, 1.2342072
5.3235016, -8.161835, 1.2366028
5.3187256, -8.146271, 1.2354126
5.3235016, -8.154648, 1.1587982
5.31633, -8.131912, 1.1611938
5.325897, -8.127121, 1.201889
5.292389, -8.137894, 1.2210388
5.268448, -8.136688, 1.1839294
5.309143, -8.148666, 1.1887207
5.3546295, -8.148666, 1.1599884
5.383362, -8.154648, 1.1959076
5.3666077, -8.179794, 1.2509766
5.359421, -8.192963, 1.2306213
5.3390656, -8.203735, 1.2605438
5.4061127, -8.218094, 1.2461853
5.39653, -8.2612, 1.272522
5.371399, -8.2599945, 1.2509766
5.379776, -8.268372, 1.233017
5.3869476, -8.254013, 1.2425842
5.3618164, -8.2599945, 1.2222443
5.3426666, -8.244431, 1.1983032
5.333084, -8.238449, 1.2150574
5.269638, -8.224075, 1.2054749
5.2169647, -8.206131, 1.2078705
5.183441, -8.212112, 1.2378082
5.214569, -8.197754, 1.2378082
5.2277374, -8.218094, 1.2473755
5.23851, -8.226471, 1.2234344
5.2313232, -8.234863, 1.1635895
5.206192, -8.204926, 1.2234344
5.209778, -8.255203, 1.2114716
5.2397156, -8.267181, 1.2234344
5.233719, -8.239639, 1.2354126
5.2265472, -8.246826, 1.1994934
5.25766, -8.2204895, 1.1875305
5.2193604, -8.238449, 1.1875305
5.2397156, -8.226471, 1.1827393
5.2349243, -8.219299, 1.177948
5.2085876, -8.204926, 1.1312561
5.222946, -8.230072, 1.1444244
5.2121735, -8.238449, 1.1180878
5.197815, -8.2204895, 1.1408386
5.206192, -8.239639, 1.1432343
5.206192, -8.221695, 1.1683655
5.2085876, -8.269577, 1.1719666
5.175064, -8.289917, 1.1468201
5.1618958, -8.301895, 1.1659698
5.1403503, -8.294708, 1.1683655
5.183441, -8.321045, 1.1983032
5.175064, -8.305481, 1.1480255
5.173874, -8.292313, 1.1516113
5.1535187, -8.323441, 1.1432343
5.146332, -8.301895, 1.1097107
5.182251, -8.312668, 1.1575928
5.15831, -8.292313, 1.1252747
5.1367645, -8.268372, 1.0642242
5.13916, -8.242035, 1.1192932
5.1451416, -8.279144, 1.1324615
5.127182, -8.251617, 1.1001282
5.1595, -8.250412, 1.1575928
5.1690826, -8.230072, 1.1647797
5.1918335, -8.255203, 1.1851349
5.230133, -8.2612, 1.2102661
5.2361145, -8.232468, 1.1791382
5.2121735, -8.233658, 1.1767426
5.254074, -8.218094, 1.1983032
5.2265472, -8.216904, 1.1863251
5.249283, -8.214508, 1.2006989
5.230133, -8.250412, 1.1695709
5.225342, -8.248032, 1.1635895
5.1966095, -8.285141, 1.1432343
5.2014008, -8.294708, 1.1851349
5.1882324, -8.26239, 1.1635895
5.190628, -8.30069, 1.1803436
5.1451416, -8.295914, 1.1659698
5.135559, -8.295914, 1.1312561
5.111618, -8.267181, 1.138443
5.0769043, -8.2612, 1.1647797
5.0697174, -8.276749, 1.1575928
5.099655, -8.24324, 1.1695709
5.0936584, -8.244431, 1.2090759
5.0589447, -8.2612, 1.1528015
5.108032, -8.276749, 1.154007
5.1367645, -8.275558, 1.1372528
5.1559143, -8.26239, 1.1683655
5.187042, -8.2612, 1.1587982
5.228943, -8.279144, 1.1815338
5.2636566, -8.248032, 1.1695709
5.309143, -8.264786, 1.1480255
5.3115387, -8.269577, 1.162384
5.333084, -8.270767, 1.1480255
5.2552795, -8.252808, 1.138443
5.2875977, -8.282745, 1.1312561
5.2995605, -8.268372, 1.1240845
5.2600555, -8.250412, 1.1240845
5.21817, -8.245636, 1.1516113
5.21817, -8.249222, 1.1456299
5.2277374, -8.2599945, 1.1791382
5.1930237, -8.274368, 1.1492157
5.190628, -8.271973, 1.1755524
5.225342, -8.291122, 1.2186432
5.2349243, -8.286331, 1.1731567
5.185837, -8.2994995, 1.1743622
5.213379, -8.26239, 1.2090759
5.2349243, -8.256409, 1.193512
5.190628, -8.236053, 1.1551971
5.2325287, -8.215698, 1.2150574
5.2109833, -8.207321, 1.2402039
5.2193604, -8.204926, 1.2366028
5.2480927, -8.176193, 1.2234344
5.2504883, -8.190567, 1.2461853
5.297165, -8.1809845, 1.2761078
5.276825, -8.192963, 1.2629395
5.285202, -8.161835, 1.256958
5.269638, -8.186966, 1.2689209
5.252884, -8.192963, 1.2533722
5.3151245, -8.234863, 1.217453
5.2792206, -8.233658, 1.2282257
5.273224, -8.218094, 1.2162476
5.2756195, -8.228867, 1.2366028
5.3067474, -8.251617, 1.2389984
5.3055573, -8.240845, 1.2485809
5.304352, -8.265976, 1.241394
5.2792206, -8.255203, 1.2258301
5.214569, -8.240845, 1.2437897
5.2157745, -8.237244, 1.2485809
5.2708282, -8.242035, 1.2222443
5.2588654, -8.2204895, 1.233017
5.25766, -8.245636, 1.2306213
5.254074, -8.250412, 1.1994934
5.276825, -8.24324, 1.1827393
5.254074, -8.222885, 1.1707611
5.2600555, -8.234863, 1.1695709
5.252884, -8.254013, 1.1504211
5.2504883, -8.250412, 1.177948
5.2397156, -8.256409, 1.1899109
5.269638, -8.273163, 1.1564026
5.2361145, -8.277954, 1.1516113
5.2241516, -8.2599945, 1.0965424
5.2121735, -8.275558, 1.1073151
5.1954193, -8.270767, 1.1061249
5.194214, -8.289917, 1.0953522
5.170273, -8.301895, 1.1408386
5.146332, -8.305481, 1.1611938
5.1331635, -8.2994995, 1.1396332
5.0972595, -8.289917, 1.1037292
5.1092224, -8.269577, 1.083374
5.108032, -8.274368, 1.1001282
5.1618958, -8.270767, 1.1192932
5.166687, -8.289917, 1.0977478
5.1810455, -8.283936, 1.1156921
5.142746, -8.255203, 1.1073151
5.190628, -8.251617, 1.1037292
5.2325287, -8.236053, 1.0857697
5.254074, -8.212112, 1.0785828
5.3187256, -8.234863, 1.098938
5.3115387, -8.20134, 1.1180878
5.3187256, -8.192963, 1.1192932
5.309143, -8.213303, 1.122879
5.3342743, -8.20253, 1.1743622
5.3139343, -8.232468, 1.2030792
5.304352, -8.210922, 1.2366028
5.3079376, -8.246826, 1.2677307
5.3235016, -8.231262, 1.2761078
5.3151245, -8.234863, 1.2868805
5.3151245, -8.227676, 1.2509766
5.3271027, -8.240845, 1.2593536
5.2959747, -8.214508, 1.2521667
5.2708282, -8.227676, 1.280899
5.288788, -8.2204895, 1.2593536
5.273224, -8.219299, 1.2521667
5.262451, -8.208527, 1.3048401
5.221756, -8.231262, 1.3168182
5.2205505, -8.248032, 1.327591
5.2277374, -8.251617, 1.3371582
5.197815, -8.254013, 1.327591
5.1846466, -8.256409, 1.335968
5.199005, -8.238449, 1.3587036
5.206192, -8.26239, 1.3096313
5.151123, -8.273163, 1.3072357
5.1487274, -8.271973, 1.2796936
5.154709, -8.2599945, 1.2402039
5.134369, -8.238449, 1.2737122
5.0972595, -8.233658, 1.2533722
5.0816956, -8.203735, 1.2222443
5.0661316, -8.176193, 1.2150574
5.087677, -8.173798, 1.1887207
5.1008453, -8.142685, 1.1360474
5.1164093, -8.135498, 1.1480255
5.1319733, -8.130707, 1.1492157
5.165497, -8.159439, 1.1575928
5.242111, -8.190567, 1.1683655
5.2720337, -8.218094, 1.1803436
5.2959747, -8.228867, 1.1899109
5.3737793, -8.237244, 1.1839294
5.3785706, -8.289917, 1.1863251
5.3857574, -8.310272, 1.1970978
5.3893433, -8.297104, 1.1899109
5.427658, -8.319855, 1.1683655
5.4108887, -8.288727, 1.1683655
5.3749847, -8.258804, 1.1216888
5.355835, -8.237244, 1.1456299
5.2911835, -8.215698, 1.1396332
5.2959747, -8.195358, 1.1755524
5.280411, -8.198944, 1.1336517
5.2516785, -8.221695, 1.1970978
5.285202, -8.190567, 1.1887207
5.2756195, -8.204926, 1.1923065
5.2433014, -8.214508, 1.2114716
5.273224, -8.28035, 1.2150574
5.2708282, -8.30069, 1.2665253
5.261261, -8.353363, 1.2593536
5.2349243, -8.365341, 1.2521667
5.2433014, -8.40126, 1.2521667
5.197815, -8.410828, 1.2880859
5.2265472, -8.404846, 1.2389984
5.2205505, -8.3797, 1.1983032
5.149933, -8.336609, 1.2078705
5.15831, -8.294708, 1.2210388
5.1212006, -8.274368, 1.2030792
5.118805, -8.246826, 1.1647797
5.1008453, -8.191757, 1.1743622
5.108032, -8.151062, 1.1827393
5.094864, -8.153458, 1.1803436
5.115219, -8.158249, 1.1947021
5.1212006, -8.171417, 1.1168976
5.1223907, -8.146271, 1.1983032
5.13916, -8.160629, 1.2150574
5.151123, -8.191757, 1.1959076
5.170273, -8.188171, 1.1432343
5.166687, -8.212112, 1.1564026
5.1774597, -8.221695, 1.0929565
5.2037964, -8.267181, 1.1049194
5.2600555, -8.275558, 1.0869751
5.222946, -8.244431, 1.0857697
5.2241516, -8.248032, 1.0845795
5.2600555, -8.246826, 1.0726013
5.2564697, -8.275558, 1.0630188
5.2504883, -8.2612, 1.059433
5.2588654, -8.267181, 1.059433
5.2349243, -8.282745, 1.0773926
5.2444916, -8.267181, 1.0618286
5.2325287, -8.271973, 1.074997
5.2169647, -8.288727, 1.1492157
5.2397156, -8.287537, 1.1408386
5.2109833, -8.294708, 1.1252747
5.182251, -8.270767, 1.1599884
5.187042, -8.273163, 1.0941467
5.1930237, -8.265976, 1.1504211
5.1846466, -8.232468, 1.1408386
5.165497, -8.231262, 1.1348572
5.2265472, -8.219299, 1.154007
5.2205505, -8.2204895, 1.1312561
5.2361145, -8.215698, 1.1288605
5.261261, -8.242035, 1.1659698
5.269638, -8.242035, 1.2198486
5.273224, -8.257599, 1.1827393
5.2899933, -8.28035, 1.1695709
5.3426666, -8.310272, 1.2222443
5.3546295, -8.307877, 1.272522
5.33667, -8.318649, 1.2402039
5.31752, -8.329422, 1.2306213
5.3306885, -8.298309, 1.2737122
5.321106, -8.273163, 1.2844849
5.33667, -8.254013, 1.2521667
5.3235016, -8.238449, 1.2737122
5.312729, -8.225281, 1.2832947
5.309143, -8.172607, 1.2425842
5.359421, -8.1809845, 1.2342072
5.3151245, -8.171417, 1.2306213
5.300766, -8.152252, 1.2557526
5.3079376, -8.135498, 1.2366028
5.33667, -8.157043, 1.2449799
5.312729, -8.179794, 1.2928619
5.321106, -8.1809845, 1.2545624
5.3055573, -8.186966, 1.2521667
5.2911835, -8.194153, 1.2677307
5.3055573, -8.18338, 1.2761078
5.285202, -8.186966, 1.2605438
5.300766, -8.195358, 1.2892761
5.2756195, -8.191757, 1.2713165
5.2672424, -8.188171, 1.2425842
5.2433014, -8.166626, 1.2581482
5.245697, -8.173798, 1.2378082
5.242111, -8.152252, 1.2389984
5.2720337, -8.161835, 1.2641449
5.2792206, -8.191757, 1.2102661
5.264847, -8.190567, 1.1959076
5.25766, -8.177399, 1.193512
5.222946, -8.184586, 1.2102661
5.173874, -8.18219, 1.2366028
5.2325287, -8.185776, 1.1983032
5.205002, -8.208527, 1.1683655
5.206192, -8.242035, 1.1851349
5.21817, -8.252808, 1.1528015
5.1882324, -8.239639, 1.1683655
5.1714783, -8.26358, 1.1851349
5.183441, -8.269577, 1.1564026
5.2121735, -8.242035, 1.1276703
5.2085876, -8.249222, 1.1360474
5.1810455, -8.242035, 1.1013336
5.167877, -8.234863, 1.1097107
5.205002, -8.256409, 1.1504211
5.2085876, -8.231262, 1.1300659
5.2002106, -8.249222, 1.1252747
5.1714783, -8.26358, 1.1061249
5.175064, -8.239639, 1.1061249
5.1690826, -8.24324, 1.0977478
5.1846466, -8.274368, 1.0319061
5.1726685, -8.301895, 1.0426788
5.202606, -8.313858, 1.0582428
5.1810455, -8.350983, 1.0869751
5.190628, -8.370132, 1.0953522
5.1595, -8.390472, 1.0821838
5.1367645, -8.365341, 1.0606384
5.154709, -8.388092, 1.0259094
5.154709, -8.386887, 1.0330963
5.104431, -8.3390045, 1.0319061
5.111618, -8.301895, 1.019928
5.086487, -8.301895, 1.0139465
5.072113, -8.28035, 0.98402405
5.111618, -8.282745, 0.9756317
5.094864, -8.306686, 0.9792328
5.125992, -8.309082, 1.0055695
5.1379547, -8.304291, 1.0007782
5.130768, -8.330627, 0.9624634
5.115219, -8.327026, 0.99598694
5.135559, -8.355759, 1.0271149
5.1595, -8.367737, 1.0031738
5.187042, -8.397659, 1.0103607
5.166687, -8.40126, 1.019928
5.1966095, -8.409637, 1.0534515
5.1774597, -8.386887, 1.0163422
5.15831, -8.344986, 1.0151367
5.175064, -8.329422, 1.0103607
5.1882324, -8.32225, 1.0223236
5.1618958, -8.32225, 1.0271149
5.163101, -8.279144, 1.0235138
5.1559143, -8.28154, 1.0079651
5.1930237, -8.273163, 1.0486603
5.167877, -8.293518, 1.0450745
5.173874, -8.28035, 1.0450745
5.2277374, -8.264786, 1.035492
5.2325287, -8.305481, 1.0546417
5.178665, -8.318649, 1.0235138
5.1918335, -8.336609, 1.0486603
5.221756, -8.343796, 1.0462646
5.1618958, -8.307877, 1.0666199
5.151123, -8.305481, 1.0498505
5.189438, -8.316254, 1.0019684
5.1595, -8.305481, 1.0259094
5.175064, -8.256409, 1.035492
5.1559143, -8.265976, 1.0893555
5.135559, -8.26239, 1.0869751
5.127182, -8.245636, 1.1109161
5.147537, -8.232468, 1.0929565
5.166687, -8.204926, 1.0893555
5.154709, -8.184586, 1.0905609
5.163101, -8.207321, 1.1121063
5.199005, -8.224075, 1.1109161
5.225342, -8.210922, 1.0953522
5.2037964, -8.214508, 1.1180878
5.2325287, -8.200134, 1.1240845
5.2325287, -8.20253, 1.1168976
5.2744293, -8.231262, 1.1444244
5.286392, -8.238449, 1.122879
5.2564697, -8.244431, 1.154007
5.278015, -8.240845, 1.1851349
5.262451, -8.246826, 1.1970978
5.2995605, -8.2204895, 1.1791382
5.297165, -8.227676, 1.1959076
5.2947845, -8.238449, 1.1983032
5.2660522, -8.267181, 1.1731567
5.276825, -8.256409, 1.2030792
5.3067474, -8.252808, 1.1815338
5.269638, -8.277954, 1.1911163
5.2911835, -8.282745, 1.2114716
5.2911835, -8.275558, 1.2270355
5.2756195, -8.268372, 1.2006989
5.288788, -8.271973, 1.1827393
5.2756195, -8.26239, 1.2030792
5.2947845, -8.255203, 1.1791382
5.2959747, -8.242035, 1.1767426
5.254074, -8.265976, 1.1528015
5.2792206, -8.239639, 1.1731567
5.2839966, -8.226471, 1.1504211
5.2660522, -8.227676, 1.177948
5.268448, -8.240845, 1.1743622
5.262451, -8.231262, 1.1755524
5.2552795, -8.225281, 1.1528015
5.2193604, -8.230072, 1.162384
5.206192, -8.216904, 1.1863251
5.225342, -8.24324, 1.138443
5.2157745, -8.219299, 1.1516113
5.1954193, -8.233658, 1.1695709
5.2037964, -8.228867, 1.1456299
5.194214, -8.250412, 1.138443
5.2241516, -8.224075, 1.1336517
5.197815, -8.2599945, 1.1420288
5.1930237, -8.269577, 1.1420288
5.2205505, -8.282745, 1.1372528
5.2014008, -8.26358, 1.1695709
5.2169647, -8.289917, 1.1468201
5.206192, -8.273163, 1.1575928
5.15831, -8.264786, 1.1085205
5.147537, -8.298309, 1.1276703
5.178665, -8.295914, 1.1599884
5.2002106, -8.252808, 1.1300659
5.1846466, -8.256409, 1.0941467
5.202606, -8.265976, 1.1073151
5.187042, -8.252808, 1.1156921
5.182251, -8.248032, 1.1396332
5.199005, -8.221695, 1.1252747
5.1954193, -8.2599945, 1.1360474
5.185837, -8.249222, 1.0917511
5.2277374, -8.236053, 1.0977478
5.2157745, -8.231262, 1.1097107
5.230133, -8.249222, 1.0869751
5.2277374, -8.271973, 1.0797882
5.2241516, -8.244431, 1.0797882
5.2037964, -8.277954, 1.0738068
5.2672424, -8.26358, 1.0809784
5.2325287, -8.252808, 1.0881653
5.2157745, -8.251617, 1.0809784
5.2444916, -8.224075, 1.0941467
5.221756, -8.252808, 1.0905609
5.2121735, -8.251617, 1.1121063
5.206192, -8.237244, 1.122879
5.209778, -8.238449, 1.0941467
5.2157745, -8.24324, 1.0414734
5.202606, -8.240845, 1.0702057
5.233719, -8.233658, 1.0977478
5.2205505, -8.2599945, 1.0785828
5.2085876, -8.249222, 1.0917511
5.2037964, -8.26239, 1.083374
5.1954193, -8.285141, 1.0869751
5.1714783, -8.297104, 1.1061249
5.2002106, -8.30069, 1.1132965
5.189438, -8.312668, 1.074997
5.178665, -8.303085, 1.1013336
5.1618958, -8.329422, 1.1049194
5.147537, -8.323441, 1.1037292
5.1846466, -8.325836, 1.1001282
5.163101, -8.311478, 1.0761871
5.1714783, -8.310272, 1.1025238
5.154709, -8.312668, 1.1288605
5.15831, -8.325836, 1.0821838
5.1559143, -8.346191, 1.1013336
5.130768, -8.34259, 1.0965424
5.1487274, -8.313858, 1.0869751
5.1415405, -8.303085, 1.0869751
5.1403503, -8.310272, 1.0845795
5.1415405, -8.315063, 1.0690155
5.135559, -8.315063, 1.0917511
5.151123, -8.319855, 1.122879
5.146332, -8.318649, 1.1168976
5.134369, -8.304291, 1.0941467
5.123596, -8.291122, 1.043869
5.149933, -8.328232, 1.0642242
5.163101, -8.328232, 1.0642242
5.175064, -8.344986, 1.0642242
5.154709, -8.377319, 1.0845795
5.1607056, -8.352173, 1.0857697
5.163101, -8.333023, 1.0929565
5.1403503, -8.304291, 1.0570374
5.163101, -8.26239, 1.0378876
5.187042, -8.250412, 1.0738068
5.1690826, -8.245636, 1.0390778
5.170273, -8.232468, 1.0666199
5.1882324, -8.228867, 1.0378876
5.170273, -8.246826, 1.0295105
5.1810455, -8.271973, 1.0797882
5.2109833, -8.268372, 1.0390778
5.213379, -8.2994995, 1.0809784
5.183441, -8.309082, 1.0606384
5.1930237, -8.319855, 1.035492
5.163101, -8.30069, 1.0809784
5.21817, -8.316254, 1.0390778
5.1690826, -8.318649, 1.0486603
5.1690826, -8.294708, 1.0761871
5.207382, -8.311478, 1.083374
5.173874, -8.274368, 1.0726013
5.1367645, -8.237244, 1.0857697
5.182251, -8.209717, 1.0510559
5.1882324, -8.178589, 1.0474701
5.1726685, -8.210922, 1.0642242
5.2205505, -8.197754, 1.074997
5.21817, -8.188171, 1.0893555
5.225342, -8.20134, 1.0917511
5.2444916, -8.208527, 1.0965424
5.2552795, -8.224075, 1.122879
5.285202, -8.237244, 1.0785828
5.3031616, -8.267181, 1.0977478
5.297165, -8.271973, 1.074997
5.324707, -8.289917, 1.0510559
5.301956, -8.305481, 1.0905609
5.2959747, -8.318649, 1.0642242
5.297165, -8.334213, 1.0905609
5.286392, -8.333023, 1.1025238
5.268448, -8.313858, 1.0558472
5.254074, -8.344986, 1.0702057
5.23732, -8.329422, 1.043869
5.2672424, -8.334213, 1.0714111
5.2085876, -8.301895, 1.0450745
5.1954193, -8.313858, 1.0319061
5.1918335, -8.288727, 1.0402832
5.173874, -8.269577, 1.0079651
5.143936, -8.282745, 1.0319061
5.106827, -8.286331, 1.0726013
5.118805, -8.267181, 1.0414734
5.1451416, -8.269577, 0.95648193
5.154709, -8.257599, 0.9935913
5.149933, -8.257599, 1.0271149
5.166687, -8.221695, 0.98402405
5.154709, -8.212112, 1.0151367
5.1607056, -8.226471, 1.0522461
5.1918335, -8.236053, 1.0486603
5.2157745, -8.221695, 1.0642242
5.199005, -8.249222, 1.0330963
5.2277374, -8.268372, 1.0271149
5.252884, -8.2612, 1.0426788
5.2037964, -8.289917, 1.0726013
5.206192, -8.289917, 1.1073151
5.2397156, -8.273163, 1.1121063
5.222946, -8.329422, 1.098938
5.2313232, -8.327026, 1.1025238
5.213379, -8.274368, 1.1372528
5.190628, -8.267181, 1.1312561
5.194214, -8.270767, 1.138443
5.2169647, -8.251617, 1.114502
5.187042, -8.254013, 1.1240845
5.194214, -8.230072, 1.154007
5.2037964, -8.244431, 1.1408386
5.2241516, -8.244431, 1.1528015
5.23851, -8.216904, 1.2006989
5.23732, -8.203735, 1.1635895
5.21817, -8.226471, 1.162384
5.2480927, -8.207321, 1.154007
5.2480927, -8.20253, 1.1468201
5.2349243, -8.18338, 1.1923065
5.249283, -8.188171, 1.1492157
5.2588654, -8.218094, 1.1324615
5.246887, -8.232468, 1.1204834
5.2564697, -8.207321, 1.1420288
5.2600555, -8.234863, 1.1432343
5.293579, -8.234863, 1.1013336
5.2744293, -8.224075, 1.1001282
5.292389, -8.212112, 1.0917511
5.2720337, -8.225281, 1.1168976
5.2899933, -8.232468, 1.0977478
5.3342743, -8.210922, 1.1180878
5.3378754, -8.227676, 1.0953522
5.328293, -8.218094, 1.0618286
5.325897, -8.240845, 1.0738068
5.2792206, -8.218094, 1.0809784
5.249283, -8.208527, 1.0570374
5.278015, -8.237244, 1.059433
5.2277374, -8.276749, 1.0630188
5.2361145, -8.273163, 1.0510559
5.2361145, -8.270767, 1.0211334
5.209778, -8.270767, 1.028305
5.225342, -8.285141, 1.0462646
5.1954193, -8.269577, 1.0366821
5.182251, -8.2599945, 1.0366821
5.1762695, -8.28035, 1.0606384
5.1774597, -8.286331, 1.0402832
5.1319733, -8.312668, 1.0330963
5.149933, -8.309082, 0.9911957
5.15831, -8.282745, 1.0115509
5.1140137, -8.285141, 1.0366821
5.135559, -8.274368, 1.0271149
5.1846466, -8.26358, 1.0378876
5.1882324, -8.292313, 1.0402832
5.187042, -8.270767, 1.028305
5.187042, -8.289917, 1.0378876
5.206192, -8.285141, 1.0450745
5.2169647, -8.282745, 1.0223236
5.2504883, -8.298309, 1.0211334
5.2169647, -8.309082, 1.0115509
5.1930237, -8.303085, 1.028305
5.166687, -8.327026, 1.0271149
5.1726685, -8.282745, 1.0522461
5.1618958, -8.310272, 1.0343018
5.135559, -8.316254, 0.9911957
5.15831, -8.317459, 0.99957275
5.1367645, -8.304291, 1.0223236
5.1295776, -8.2994995, 1.0031738
5.1092224, -8.277954, 1.0522461
5.134369, -8.282745, 1.0366821
5.167877, -8.269577, 1.0079651
5.1415405, -8.264786, 1.0582428
5.1954193, -8.248032, 1.0785828
5.2121735, -8.245636, 1.0366821
5.2169647, -8.26358, 1.0761871
5.2265472, -8.277954, 1.074997
5.2444916, -8.250412, 1.0510559
5.2504883, -8.269577, 1.0785828
5.252884, -8.257599, 1.0714111
5.261261, -8.297104, 1.0247192
5.254074, -8.26358, 1.0582428
5.281616, -8.251617, 1.0785828
5.281616, -8.240845, 1.0522461
5.2433014, -8.224075, 1.0450745
5.2265472, -8.226471, 1.0630188
5.205002, -8.230072, 1.0450745
5.199005, -8.196548, 1.0474701
5.228943, -8.226471, 1.1109161
5.2349243, -8.234863, 1.0881653
5.2588654, -8.254013, 1.1288605
5.3103333, -8.274368, 1.1635895
5.31633, -8.282745, 1.1025238
5.357025, -8.265976, 1.0797882
5.364212, -8.28154, 1.098938
5.348648, -8.287537, 1.0450745
5.31633, -8.254013, 1.1037292
5.325897, -8.257599, 1.083374
5.3462524, -8.258804, 1.1013336
5.2947845, -8.214508, 1.1097107
5.2636566, -8.188171, 1.098938
5.2792206, -8.135498, 1.0570374
5.2480927, -8.137894, 1.0809784
5.230133, -8.1019745, 1.0773926
5.2277374, -8.098389, 1.0474701
5.194214, -8.091202, 1.0785828
5.185837, -8.082825, 1.0977478
5.213379, -8.140289, 1.1204834
5.205002, -8.139084, 1.1516113
5.2361145, -8.151062, 1.1432343
5.2756195, -8.204926, 1.122879
5.268448, -8.221695, 1.1276703
5.261261, -8.231262, 1.1468201
5.254074, -8.258804, 1.1348572
5.2277374, -8.301895, 1.1061249
5.2205505, -8.321045, 1.1324615
5.21817, -8.3390045, 1.1061249
5.1559143, -8.372528, 1.059433
5.151123, -8.380905, 1.0402832
5.1523285, -8.407242, 1.0809784
5.110428, -8.429977, 1.0522461
5.0613403, -8.426392, 1.1001282
5.024231, -8.428787, 1.0785828
5.007477, -8.427597, 1.0618286
4.9751587, -8.4216, 1.0666199
4.9619904, -8.444351, 1.1097107
5.0098724, -8.427597, 1.0965424
4.98114, -8.434769, 1.098938
4.945221, -8.419205, 1.0726013
4.9751587, -8.396469, 1.0091553
4.977539, -8.365341, 0.9612732
4.9739532, -8.3414, 0.99838257
5.0098724, -8.365341, 0.97683716
5.00029, -8.349777, 0.9636688
4.9990997, -8.303085, 0.9792328
5.0302124, -8.327026, 0.9468994
5.072113, -8.307877, 0.9062042
5.096054, -8.305481, 0.8846588
5.1690826, -8.312668, 0.9145813
5.1690826, -8.298309, 0.9217682
5.1762695, -8.305481, 0.9133911
5.2504883, -8.267181, 0.9505005
5.2839966, -8.232468, 0.9361267
5.2959747, -8.249222, 0.94091797
5.3055573, -8.24324, 0.8966217
5.3271027, -8.210922, 0.87867737
5.341461, -8.209717, 0.86909485
5.3306885, -8.207321, 0.91937256
5.3115387, -8.213303, 0.9361267
5.364212, -8.227676, 0.96006775
5.3773804, -8.225281, 0.9361267
5.388153, -8.228867, 0.9708557
5.355835, -8.245636, 0.94929504
5.359421, -8.239639, 0.9792328
5.3474426, -8.236053, 0.9828186
5.2875977, -8.227676, 0.98402405
5.2085876, -8.24324, 1.028305
5.209778, -8.265976, 1.0426788
5.197815, -8.250412, 1.043869
5.146332, -8.254013, 1.0570374
5.0828857, -8.274368, 1.0522461
5.1223907, -8.274368, 1.0319061
5.1128235, -8.270767, 1.043869
5.0984497, -8.214508, 1.0714111
5.0816956, -8.222885, 1.0738068
5.146332, -8.219299, 1.0714111
5.1223907, -8.218094, 1.0546417
5.1175995, -8.198944, 1.1097107
5.163101, -8.191757, 1.1420288
5.1595, -8.197754, 1.1396332
5.1810455, -8.210922, 1.1635895
5.214569, -8.215698, 1.1755524
5.228943, -8.20134, 1.1731567
5.1846466, -8.2204895, 1.154007
5.1918335, -8.208527, 1.1575928
5.2325287, -8.239639, 1.1396332
5.273224, -8.292313, 1.1252747
5.297165, -8.294708, 1.1360474
5.3941345, -8.297104, 1.1097107
5.4061127, -8.275558, 1.1061249
5.41568, -8.298309, 1.114502
5.4264526, -8.291122, 1.0714111
5.4324493, -8.265976, 1.1085205
5.4480133, -8.288727, 1.1432343
5.4803314, -8.275558, 1.1671753
5.446808, -8.274368, 1.1551971
5.412094, -8.251617, 1.138443
5.422867, -8.208527, 1.177948
5.4168854, -8.196548, 1.2198486
5.4132843, -8.18219, 1.1947021
5.3690033, -8.163025, 1.1707611
5.384552, -8.173798, 1.1827393
5.367798, -8.210922, 1.1276703
5.3773804, -8.212112, 1.1707611
5.3294983, -8.169022, 1.1635895
5.3306885, -8.148666, 1.2449799
5.3582306, -8.131912, 1.2557526
5.2911835, -8.128311, 1.2629395
5.2828064, -8.145081, 1.217453
5.268448, -8.166626, 1.2485809
5.240906, -8.166626, 1.2533722
5.23732, -8.204926, 1.2246399
5.273224, -8.240845, 1.1815338
5.2588654, -8.227676, 1.2294159
5.225342, -8.2204895, 1.2102661
5.209778, -8.196548, 1.2366028
5.173874, -8.230072, 1.2090759
5.1403503, -8.250412, 1.1767426
5.1331635, -8.240845, 1.1719666
5.130768, -8.264786, 1.2006989
5.108032, -8.276749, 1.233017
5.0936584, -8.287537, 1.2557526
5.08049, -8.270767, 1.2162476
5.084091, -8.277954, 1.241394
5.072113, -8.232468, 1.2294159
5.067322, -8.242035, 1.1396332
5.031418, -8.258804, 1.1551971
5.0793, -8.271973, 1.1037292
5.091263, -8.279144, 0.980423
5.104431, -8.286331, 0.97683716
5.084091, -8.303085, 0.9911957
5.0888824, -8.301895, 0.9924011
5.1295776, -8.287537, 1.0175323
5.099655, -8.330627, 1.0343018
5.048172, -8.269577, 0.9828186
5.0828857, -8.273163, 0.9792328
5.0984497, -8.307877, 0.9935913
5.1223907, -8.323441, 1.0055695
5.1798553, -8.324646, 1.0163422
5.2037964, -8.276749, 1.0546417
5.182251, -8.265976, 1.0726013
5.1487274, -8.292313, 0.9864044
5.222946, -8.276749, 0.9911957
5.273224, -8.234863, 0.96965027
5.285202, -8.255203, 0.93733215
5.3151245, -8.293518, 0.96725464
5.3055573, -8.255203, 0.99479675
5.3271027, -8.221695, 1.0319061
5.3306885, -8.228867, 1.0702057
5.3498383, -8.18219, 1.059433
5.403717, -8.18338, 1.1013336
5.4300537, -8.170212, 1.1025238
5.483917, -8.12114, 1.1288605
5.451599, -8.133102, 1.1324615
5.4168854, -8.155853, 1.2030792
5.431244, -8.149857, 1.2102661
5.446808, -8.196548, 1.201889
5.39653, -8.200134, 1.2545624
5.3977203, -8.191757, 1.2557526
5.4288483, -8.177399, 1.2796936
5.4013214, -8.149857, 1.2198486
5.3977203, -8.147461, 1.2258301
5.3666077, -8.142685, 1.1647797
5.325897, -8.131912, 1.162384
5.264847, -8.129517, 1.2078705
5.278015, -8.143875, 1.2449799
5.292389, -8.191757, 1.2066803
5.225342, -8.225281, 1.2593536
5.1966095, -8.20253, 1.2162476
5.175064, -8.232468, 1.2186432
5.163101, -8.28154, 1.2354126
5.205002, -8.2612, 1.1851349
5.202606, -8.246826, 1.1959076
5.1954193, -8.251617, 1.1659698
5.206192, -8.276749, 1.1013336
5.2193604, -8.277954, 1.0450745
5.182251, -8.251617, 1.0223236
5.149933, -8.249222, 1.0139465
5.135559, -8.274368, 0.980423
5.1523285, -8.248032, 0.9708557
5.1331635, -8.267181, 0.96725464
5.123596, -8.2612, 0.9744415
5.1056366, -8.286331, 0.94810486
5.1164093, -8.317459, 0.9720459
5.1714783, -8.318649, 0.94929504
5.1559143, -8.333023, 0.96006775
5.165497, -8.330627, 0.9289551
5.1367645, -8.310272, 0.9540863
5.1607056, -8.321045, 0.95648193
5.1642914, -8.35936, 0.9026184
5.187042, -8.358154, 0.9528961
5.1966095, -8.346191, 0.9421234
5.15831, -8.323441, 0.881073
5.167877, -8.333023, 0.9145813
5.170273, -8.324646, 0.91218567
5.187042, -8.317459, 0.9217682
5.1918335, -8.337814, 0.9169769
5.2265472, -8.318649, 0.9468994
5.21817, -8.355759, 0.95648193
5.1595, -8.316254, 0.98402405
5.1403503, -8.324646, 0.9612732
5.0936584, -8.336609, 1.0127411
5.0793, -8.340195, 1.0151367
5.0984497, -8.349777, 1.0007782
5.1128235, -8.356964, 1.0091553
5.167877, -8.362946, 1.019928
5.1846466, -8.32225, 1.0319061
5.207382, -8.291122, 1.0390778
5.240906, -8.271973, 1.0319061
5.2552795, -8.265976, 1.0570374
5.1954193, -8.225281, 1.0929565
5.194214, -8.239639, 1.1049194
5.1918335, -8.273163, 1.1564026
5.2157745, -8.277954, 1.2126617
5.2313232, -8.276749, 1.2066803
5.254074, -8.274368, 1.2461853
5.2947845, -8.254013, 1.2425842
5.301956, -8.250412, 1.1827393
5.25766, -8.24324, 1.1360474
5.206192, -8.2204895, 1.0761871
5.2325287, -8.212112, 1.1336517
5.246887, -8.221695, 1.154007
5.2205505, -8.2204895, 1.1671753
5.1954193, -8.198944, 1.1719666
5.2157745, -8.216904, 1.1348572
5.2265472, -8.226471, 1.1372528
5.2265472, -8.239639, 1.1492157
5.2720337, -8.238449, 1.1192932
5.2839966, -8.236053, 1.1216888
5.288788, -8.226471, 1.1408386
5.280411, -8.210922, 1.1156921
5.3031616, -8.210922, 1.1061249
5.276825, -8.248032, 1.122879
5.245697, -8.2204895, 1.1444244
5.262451, -8.230072, 1.1480255
5.2588654, -8.234863, 1.1300659
5.2756195, -8.246826, 1.1192932
5.2169647, -8.226471, 1.0534515
5.173874, -8.239639, 1.0726013
5.21817, -8.285141, 1.0055695
5.206192, -8.297104, 0.98521423
5.1918335, -8.313858, 0.980423
5.2002106, -8.307877, 1.0007782
5.1726685, -8.294708, 1.019928
5.1283875, -8.311478, 1.0091553
5.1175995, -8.327026, 1.0139465
5.1212006, -8.325836, 1.0606384
5.0924683, -8.331818, 1.1073151
5.123596, -8.311478, 1.0797882
5.0984497, -8.30069, 1.0714111
5.0733185, -8.321045, 1.0714111
5.070923, -8.313858, 1.0582428
5.0793, -8.275558, 1.0366821
5.130768, -8.310272, 1.0115509
5.1714783, -8.310272, 1.0079651
5.1535187, -8.287537, 0.9708557
5.165497, -8.304291, 0.97802734
5.135559, -8.295914, 1.0426788
5.146332, -8.319855, 1.0414734
5.1607056, -8.340195, 1.0582428
5.1403503, -8.323441, 1.0654144
5.1810455, -8.323441, 1.0618286
5.1618958, -8.319855, 1.019928
5.1774597, -8.304291, 1.06781
5.134369, -8.313858, 1.0486603
5.151123, -8.294708, 1.0187378
5.185837, -8.274368, 1.0127411
5.187042, -8.271973, 1.043869
5.207382, -8.291122, 1.0666199
5.175064, -8.306686, 1.0366821
5.194214, -8.30069, 1.0271149
5.163101, -8.293518, 1.074997
5.1930237, -8.303085, 1.0869751
5.2121735, -8.276749, 1.0881653
5.1798553, -8.283936, 1.1192932
5.1954193, -8.279144, 1.0953522
5.1810455, -8.283936, 1.0546417
5.1762695, -8.305481, 1.1061249
5.1618958, -8.292313, 1.0797882
5.213379, -8.295914, 1.0761871
5.163101, -8.268372, 1.0307007
5.1618958, -8.26358, 1.0618286
5.1846466, -8.288727, 1.1109161
5.187042, -8.269577, 1.1216888
5.199005, -8.286331, 1.1013336
5.2277374, -8.289917, 1.0773926
5.1954193, -8.28035, 1.0570374
5.167877, -8.251617, 1.0582428
5.2157745, -8.285141, 1.0630188
5.202606, -8.271973, 1.0881653
5.207382, -8.271973, 1.1049194
5.1798553, -8.286331, 1.0965424
5.1774597, -8.287537, 1.0618286
5.173874, -8.279144, 1.0654144
5.1714783, -8.315063, 1.0881653
5.143936, -8.269577, 1.0821838
5.1762695, -8.304291, 1.06781
5.185837, -8.294708, 1.043869
5.147537, -8.315063, 1.0534515
5.173874, -8.294708, 1.0642242
5.166687, -8.285141, 1.0582428
5.143936, -8.2599945, 1.0534515
5.134369, -8.2612, 1.0343018
5.135559, -8.279144, 1.0738068
5.1607056, -8.286331, 1.0570374
5.1523285, -8.282745, 1.0941467
5.149933, -8.307877, 1.0941467
5.1595, -8.335419, 1.0390778
5.151123, -8.305481, 1.0546417
5.1379547, -8.347382, 1.0462646
5.1690826, -8.376114, 1.0211334
5.1571045, -8.330627, 1.0426788
5.187042, -8.367737, 1.0785828
5.1523285, -8.344986, 1.0343018
5.146332, -8.306686, 1.028305
5.1415405, -8.311478, 1.0390778
5.1595, -8.307877, 1.0307007
5.1140137, -8.306686, 1.0319061
5.0984497, -8.297104, 1.0223236
5.0972595, -8.321045, 1.0343018
5.1092224, -8.350983, 1.0378876
5.165497, -8.364151, 1.0319061
5.1714783, -8.327026, 0.99479675
5.1331635, -8.347382, 0.980423
5.1008453, -8.348587, 1.0259094
5.1247864, -8.365341, 1.0319061
5.0936584, -8.365341, 1.0845795
5.1175995, -8.372528, 1.0845795
5.125992, -8.324646, 1.06781
5.1140137, -8.321045, 1.0462646
5.1212006, -8.319855, 1.0666199
5.1140137, -8.273163, 1.0426788
5.127182, -8.255203, 1.06781
5.1451416, -8.257599, 1.0654144
5.151123, -8.2204895, 1.0163422
5.154709, -8.227676, 1.0450745
5.1642914, -8.233658, 1.0211334
5.199005, -8.255203, 1.0618286
5.230133, -8.248032, 1.0714111
5.2516785, -8.289917, 1.0642242
5.249283, -8.270767, 1.0606384
5.268448, -8.312668, 1.0785828
5.285202, -8.311478, 1.059433
5.2600555, -8.305481, 1.0917511
5.2792206, -8.285141, 1.0857697
5.2504883, -8.270767, 1.0690155
5.2588654, -8.2612, 1.0510559
5.2564697, -8.257599, 1.043869
5.214569, -8.225281, 1.0666199
5.2504883, -8.2204895, 1.0330963
5.2504883, -8.236053, 1.0295105
5.230133, -8.240845, 1.0606384
5.225342, -8.228867, 1.0486603
5.242111, -8.232468, 1.0570374
5.2361145, -8.267181, 1.0546417
5.249283, -8.233658, 1.0606384
5.233719, -8.228867, 1.0462646
5.214569, -8.207321, 1.0785828
5.190628, -8.240845, 1.0690155
5.173874, -8.26239, 1.098938
5.189438, -8.257599, 1.06781
5.202606, -8.26358, 1.0271149
5.178665, -8.265976, 1.0785828
5.187042, -8.244431, 1.0690155
5.2085876, -8.251617, 1.0402832
5.185837, -8.270767, 1.0546417
5.1642914, -8.295914, 1.074997
5.2109833, -8.279144, 1.0642242
5.1918335, -8.273163, 1.0761871
5.1954193, -8.301895, 1.0714111
5.189438, -8.289917, 1.0426788
5.167877, -8.304291, 1.0390778
5.15831, -8.291122, 1.0055695
5.1415405, -8.294708, 1.0402832
5.1535187, -8.301895, 1.0211334
5.1595, -8.311478, 1.0055695
5.163101, -8.303085, 1.0067596
5.1175995, -8.30069, 0.98760986
5.146332, -8.309082, 0.99598694
5.125992, -8.312668, 1.0103607
5.1595, -8.303085, 0.9900055
5.178665, -8.319855, 0.96965027
5.125992, -8.294708, 0.9935913
5.1954193, -8.264786, 0.99957275
5.240906, -8.305481, 0.98880005
5.2397156, -8.283936, 0.9732361
5.2169647, -8.275558, 0.9792328
5.2241516, -8.279144, 0.9828186
5.2277374, -8.265976, 1.0103607
5.246887, -8.283936, 1.004364
5.222946, -8.292313, 0.99598694
5.228943, -8.270767, 1.0175323
5.225342, -8.2994995, 1.0151367
5.2397156, -8.293518, 1.0366821
5.2349243, -8.276749, 1.0007782
5.225342, -8.294708, 1.0307007
5.2169647, -8.307877, 1.0223236
5.165497, -8.301895, 0.99838257
5.1726685, -8.325836, 1.0067596
5.166687, -8.305481, 1.0031738
5.175064, -8.293518, 1.0450745
5.185837, -8.298309, 1.028305
5.1415405, -8.304291, 1.0378876
5.202606, -8.276749, 1.059433
5.1714783, -8.265976, 1.06781
5.1966095, -8.273163, 1.0558472
5.1798553, -8.285141, 1.0426788
5.163101, -8.237244, 1.043869
5.1642914, -8.275558, 1.0247192
5.1571045, -8.306686, 1.0223236
5.1415405, -8.287537, 1.0558472
5.1607056, -8.282745, 1.0498505
5.1762695, -8.30069, 1.043869
5.1595, -8.309082, 1.0378876
5.147537, -8.275558, 0.9924011
5.151123, -8.310272, 1.0247192
5.1642914, -8.295914, 1.0498505
5.1403503, -8.292313, 1.0055695
5.135559, -8.293518, 1.0378876
5.1403503, -8.293518, 1.0139465
5.170273, -8.306686, 1.0319061
5.1535187, -8.292313, 1.0067596
5.1774597, -8.276749, 1.0115509
5.1846466, -8.283936, 1.0343018
5.165497, -8.301895, 1.0773926
5.2109833, -8.304291, 1.0486603
5.23851, -8.26239, 1.028305
5.2085876, -8.265976, 1.0343018
5.2109833, -8.277954, 1.0498505
5.2325287, -8.274368, 1.0654144
5.2480927, -8.24324, 1.0642242
5.261261, -8.246826, 1.0642242
5.2947845, -8.274368, 1.0486603
5.246887, -8.249222, 1.0307007
5.269638, -8.240845, 1.0295105
5.25766, -8.264786, 1.0402832
5.242111, -8.238449, 1.0534515
5.2720337, -8.239639, 1.0726013
5.285202, -8.249222, 1.0450745
5.268448, -8.28035, 1.059433
5.2277374, -8.252808, 1.0702057
5.261261, -8.258804, 1.0630188
5.21817, -8.248032, 1.0510559
5.214569, -8.24324, 1.1109161
5.246887, -8.230072, 1.0738068
5.2169647, -8.245636, 1.043869
5.230133, -8.238449, 1.0211334
5.2205505, -8.251617, 1.0366821
5.2157745, -8.239639, 1.0079651
5.1930237, -8.239639, 1.0223236
5.202606, -8.218094, 1.06781
5.2265472, -8.249222, 1.0797882
5.2480927, -8.245636, 1.074997
5.205002, -8.230072, 1.06781
5.1618958, -8.244431, 1.0414734
5.1774597, -8.245636, 1.0414734
5.2002106, -8.236053, 1.0558472
5.2169647, -8.254013, 1.0666199
5.1930237, -8.2599945, 1.0785828
5.189438, -8.249222, 1.0426788
5.1762695, -8.26239, 1.0558472
5.2014008, -8.274368, 1.028305
5.225342, -8.276749, 1.0319061
5.2205505, -8.286331, 1.0223236
5.230133, -8.288727, 1.0031738
5.242111, -8.325836, 1.0295105
5.2588654, -8.286331, 1.0103607
5.2397156, -8.30069, 1.0343018
5.2265472, -8.285141, 1.0785828
5.2109833, -8.268372, 1.0606384
5.209778, -8.2612, 1.0797882
5.170273, -8.255203, 1.1001282
5.1846466, -8.265976, 1.0977478
5.1846466, -8.26239, 1.0450745
5.15831, -8.252808, 1.0546417
5.194214, -8.26358, 1.043869
5.194214, -8.275558, 1.0235138
5.2014008, -8.258804, 1.0115509
5.2169647, -8.283936, 0.98880005
5.1882324, -8.316254, 1.0582428
5.199005, -8.304291, 1.0295105
5.205002, -8.353363, 1.028305
5.2014008, -8.3390045, 1.043869
5.228943, -8.318649, 1.0462646
5.206192, -8.310272, 1.0366821
5.166687, -8.312668, 1.0462646
5.1774597, -8.276749, 1.043869
5.167877, -8.274368, 1.043869
5.142746, -8.268372, 1.0079651
5.146332, -8.234863, 0.96606445
5.1283875, -8.24324, 0.98402405
5.1535187, -8.244431, 1.0103607
5.1295776, -8.26239, 1.0295105
5.146332, -8.265976, 1.074997
5.163101, -8.2994995, 1.083374
5.1415405, -8.28154, 1.0618286
5.1618958, -8.2994995, 1.0666199
5.1571045, -8.315063, 1.0726013
5.175064, -8.291122, 1.0809784
5.183441, -8.318649, 1.0462646
5.1846466, -8.319855, 1.035492
5.2169647, -8.318649, 1.0091553
5.202606, -8.315063, 0.98521423
5.183441, -8.318649, 0.9864044
5.1846466, -8.30069, 0.98760986
5.170273, -8.267181, 0.9924011
5.1846466, -8.30069, 1.019928
5.190628, -8.275558, 0.99838257
5.2002106, -8.298309, 1.0091553
5.1810455, -8.310272, 1.0055695
5.1571045, -8.291122, 0.9828186
5.142746, -8.271973, 0.9971924
5.170273, -8.26239, 1.0007782
5.182251, -8.288727, 1.0139465
5.151123, -8.32225, 1.0163422
5.1487274, -8.32225, 1.035492
5.163101, -8.298309, 1.0271149
5.163101, -8.286331, 1.0115509
5.194214, -8.287537, 0.980423
5.173874, -8.274368, 1.0211334
5.190628, -8.256409, 1.0450745
5.205002, -8.276749, 1.0295105
5.205002, -8.285141, 1.0211334
5.268448, -8.304291, 1.0702057
5.214569, -8.318649, 1.0486603
5.2325287, -8.282745, 1.0534515
5.230133, -8.277954, 1.0558472
5.2325287, -8.279144, 1.0330963
5.2397156, -8.271973, 1.0115509
5.2169647, -8.283936, 1.074997
5.2002106, -8.26239, 1.0462646
5.2121735, -8.225281, 1.059433
5.2085876, -8.2599945, 1.0666199
5.2277374, -8.264786, 1.0570374
5.242111, -8.242035, 1.0462646
5.209778, -8.240845, 1.0726013
5.202606, -8.238449, 1.0761871
5.1798553, -8.252808, 1.0606384
5.2265472, -8.2612, 1.0582428
5.225342, -8.254013, 1.1013336
5.21817, -8.232468, 1.0809784
5.262451, -8.242035, 1.0570374
5.2325287, -8.234863, 1.059433
5.228943, -8.219299, 1.0618286
5.2193604, -8.210922, 1.1049194
5.213379, -8.208527, 1.0809784
5.2361145, -8.210922, 1.0929565
5.209778, -8.214508, 1.0977478
5.240906, -8.234863, 1.0941467
5.23732, -8.216904, 1.0821838
5.2588654, -8.230072, 1.0738068
5.2277374, -8.267181, 1.0690155
5.233719, -8.275558, 1.0797882
5.2397156, -8.271973, 1.1013336
5.2361145, -8.285141, 1.0761871
5.246887, -8.286331, 1.0462646
5.2109833, -8.277954, 1.0546417
5.1966095, -8.257599, 1.043869
5.2433014, -8.26358, 1.0642242
5.199005, -8.250412, 1.0785828
5.2265472, -8.218094, 1.0103607
5.2241516, -8.258804, 1.028305
5.2205505, -8.242035, 1.0726013
5.209778, -8.251617, 1.0965424
5.2433014, -8.256409, 1.0175323
5.2397156, -8.236053, 1.0462646
5.25766, -8.238449, 1.0103607
5.2516785, -8.301895, 1.0055695
5.2193604, -8.306686, 1.0366821
5.2037964, -8.273163, 0.9924011
5.2241516, -8.273163, 1.0163422
5.207382, -8.298309, 0.9816284
5.2397156, -8.295914, 0.9708557
5.240906, -8.294708, 0.95887756
5.2085876, -8.291122, 0.99598694
5.182251, -8.321045, 0.99957275
5.187042, -8.309082, 0.9624634
5.209778, -8.293518, 1.019928
5.190628, -8.268372, 1.0330963
5.1487274, -8.273163, 1.0247192
5.1798553, -8.269577, 0.9756317
5.185837, -8.256409, 0.99479675
5.190628, -8.244431, 0.99957275
5.173874, -8.252808, 0.99957275
5.1954193, -8.26239, 1.0151367
5.207382, -8.267181, 0.9816284
5.1726685, -8.271973, 0.97683716
5.182251, -8.264786, 0.98402405
5.2037964, -8.28035, 1.0079651
5.185837, -8.265976, 1.0223236
5.1726685, -8.28154, 1.0247192
5.189438, -8.269577, 1.0211334
5.183441, -8.256409, 0.98880005
5.1714783, -8.2599945, 1.0187378
5.189438, -8.274368, 0.99598694
5.2002106, -8.293518, 1.0271149
5.1595, -8.310272, 1.0079651
5.1882324, -8.295914, 1.0295105
5.1846466, -8.325836, 0.9900055
5.1798553, -8.28154, 1.0115509
5.183441, -8.28154, 1.004364
5.202606, -8.273163, 0.98402405
5.1930237, -8.312668, 1.0091553
5.190628, -8.310272, 0.98402405
5.214569, -8.283936, 1.0067596
5.1762695, -8.307877, 1.0259094
5.2002106, -8.298309, 1.0175323
5.182251, -8.277954, 1.0247192
5.178665, -8.297104, 1.004364
5.182251, -8.304291, 1.0019684
5.1954193, -8.310272, 1.0259094
5.175064, -8.298309, 1.0067596
5.225342, -8.288727, 1.0343018
5.2157745, -8.312668, 1.0187378
5.205002, -8.298309, 0.9864044
5.1846466, -8.271973, 1.0319061
5.197815, -8.288727, 1.0426788
5.185837, -8.292313, 1.0211334
5.1846466, -8.244431, 1.0486603
5.187042, -8.273163, 1.0570374
5.1882324, -8.26239, 1.0642242
5.214569, -8.246826, 1.0402832
5.2085876, -8.2612, 1.0534515
5.1954193, -8.273163, 1.0235138
5.190628, -8.325836, 1.0163422
5.2313232, -8.303085, 1.0115509
5.222946, -8.305481, 1.0618286
5.1882324, -8.30069, 1.0654144
5.2085876, -8.297104, 1.035492
5.213379, -8.304291, 1.0223236
5.221756, -8.286331, 1.0019684
5.213379, -8.276749, 1.0319061
5.185837, -8.226471, 1.0307007
5.1726685, -8.26239, 1.0163422
5.170273, -8.2612, 1.0450745
5.1810455, -8.252808, 0.99957275
5.213379, -8.28035, 1.0019684
5.1774597, -8.282745, 1.0115509
5.1882324, -8.288727, 0.9864044
5.189438, -8.318649, 0.9720459
5.183441, -8.340195, 0.9720459
5.187042, -8.336609, 1.0307007
5.1415405, -8.325836, 1.043869
5.147537, -8.336609, 1.028305
5.1642914, -8.329422, 1.0139465
5.154709, -8.343796, 1.0295105
5.154709, -8.312668, 0.9924011
5.1571045, -8.283936, 1.0067596
5.142746, -8.256409, 1.0271149
5.135559, -8.2599945, 1.0223236
5.1164093, -8.257599, 0.9971924
5.130768, -8.279144, 1.0067596
5.125992, -8.2612, 0.9828186
5.173874, -8.257599, 1.0007782
5.205002, -8.252808, 1.0330963
5.190628, -8.295914, 1.0330963
5.206192, -8.28154, 1.06781
5.228943, -8.304291, 1.0582428
5.2313232, -8.275558, 1.0330963
5.2349243, -8.328232, 1.0414734
5.23732, -8.325836, 1.0606384
5.2516785, -8.317459, 1.0259094
5.2037964, -8.293518, 1.0330963
5.2014008, -8.297104, 1.043869
5.2265472, -8.289917, 1.0127411
5.214569, -8.310272, 1.0211334
5.205002, -8.2994995, 1.0450745
5.2002106, -8.277954, 1.0462646
5.213379, -8.277954, 1.0450745
5.187042, -8.269577, 1.0330963
5.1966095, -8.286331, 1.0091553
5.1846466, -8.307877, 0.980423
5.1595, -8.30069, 1.0558472
5.167877, -8.32225, 1.0558472
5.1618958, -8.306686, 1.0319061
5.151123, -8.287537, 1.019928
5.127182, -8.291122, 1.0103607
5.1559143, -8.311478, 1.0378876
5.1726685, -8.309082, 0.9828186
5.146332, -8.312668, 0.98760986
5.1642914, -8.285141, 1.0187378
5.166687, -8.289917, 1.019928
5.185837, -8.307877, 1.0223236
5.178665, -8.277954, 1.0259094
5.167877, -8.28154, 0.99838257
5.1571045, -8.287537, 1.0079651
5.1367645, -8.288727, 1.0414734
5.149933, -8.317459, 0.9935913
5.1559143, -8.267181, 1.0115509
5.1774597, -8.277954, 0.9924011
5.228943, -8.289917, 0.9720459
5.183441, -8.275558, 0.9900055
5.194214, -8.277954, 1.0247192
5.178665, -8.283936, 0.99957275
5.1918335, -8.28035, 0.98521423
5.2085876, -8.283936, 0.9971924
5.2037964, -8.305481, 0.98880005
5.1918335, -8.287537, 1.035492
5.178665, -8.283936, 1.0582428
5.2361145, -8.292313, 1.0163422
5.2277374, -8.276749, 1.0247192
5.221756, -8.285141, 1.0223236
5.1918335, -8.255203, 1.0426788
5.21817, -8.270767, 1.0510559
5.2564697, -8.289917, 0.99838257
5.2002106, -8.279144, 0.99479675
5.21817, -8.283936, 1.0163422
5.2325287, -8.28035, 1.0259094
5.230133, -8.273163, 0.9900055
5.2193604, -8.28035, 1.019928
5.1714783, -8.265976, 1.0103607
5.1690826, -8.28035, 1.0151367
5.178665, -8.292313, 1.0139465
5.1690826, -8.277954, 1.0343018
5.187042, -8.28035, 1.0366821
5.199005, -8.276749, 1.0450745
5.1762695, -8.275558, 0.99479675
5.1954193, -8.283936, 0.98402405
5.205002, -8.277954, 1.0211334
5.187042, -8.291122, 1.0259094
5.182251, -8.292313, 1.0235138
5.166687, -8.270767, 1.0343018
5.1954193, -8.273163, 1.0211334
5.183441, -8.269577, 1.0271149
5.194214, -8.28154, 1.0139465
5.189438, -8.334213, 0.98521423
5.187042, -8.305481, 0.98521423
5.178665, -8.274368, 1.0139465
5.165497, -8.277954, 1.0103607
5.1571045, -8.30069, 0.980423
5.1690826, -8.309082, 1.0235138
5.1595, -8.303085, 1.0259094
5.1559143, -8.30069, 1.0259094
5.1523285, -8.315063, 1.0163422
5.1523285, -8.316254, 0.9708557
5.154709, -8.298309, 1.0187378
5.1595, -8.285141, 1.019928
5.1523285, -8.291122, 1.0079651
5.185837, -8.293518, 1.0139465
5.189438, -8.288727, 1.0247192
5.2109833, -8.269577, 1.0055695
5.213379, -8.2994995, 1.0055695
5.2169647, -8.285141, 1.0211334
5.213379, -8.311478, 1.0151367
5.197815, -8.297104, 0.99957275
5.1810455, -8.28035, 1.0079651
5.225342, -8.28035, 1.0390778
5.202606, -8.286331, 1.0462646
5.2014008, -8.274368, 1.0055695
5.2169647, -8.292313, 1.0007782
5.1954193, -8.255203, 0.9935913
5.165497, -8.245636, 1.0211334
5.1810455, -8.294708, 1.0366821
5.185837, -8.295914, 1.0187378
5.207382, -8.28035, 1.019928
5.221756, -8.2612, 1.0426788
5.209778, -8.292313, 1.0187378
5.185837, -8.311478, 1.0247192
5.2157745, -8.254013, 1.035492
5.205002, -8.256409, 1.0414734
5.209778, -8.271973, 1.0642242
5.21817, -8.28154, 1.06781
5.209778, -8.268372, 1.0330963
5.2349243, -8.258804, 1.0235138
5.1954193, -8.28154, 1.043869
5.1930237, -8.258804, 1.035492
5.1774597, -8.270767, 1.0307007
5.206192, -8.273163, 1.0307007
5.2241516, -8.269577, 1.0175323
5.207382, -8.28035, 1.0307007
5.182251, -8.289917, 1.0726013
5.185837, -8.274368, 1.0223236
5.1798553, -8.2612, 1.0558472
5.1846466, -8.28154, 1.0139465
5.2109833, -8.28035, 1.0307007
5.1642914, -8.255203, 1.0522461
5.1726685, -8.267181, 1.0414734
5.1954193, -8.256409, 1.0426788
5.170273, -8.276749, 1.0330963
5.187042, -8.269577, 1.0235138
5.1642914, -8.246826, 0.9792328
5.1930237, -8.258804, 0.98880005
5.194214, -8.30069, 1.0127411
5.221756, -8.275558, 0.98521423
5.207382, -8.303085, 1.0259094
5.2397156, -8.303085, 1.028305
5.2433014, -8.287537, 1.0534515
5.2037964, -8.327026, 1.0402832
5.183441, -8.315063, 1.0151367
5.213379, -8.276749, 1.0402832
5.2241516, -8.28154, 0.9971924
5.205002, -8.279144, 0.9684601
5.1918335, -8.283936, 0.9756317
5.2109833, -8.238449, 1.0366821
5.1774597, -8.250412, 0.9971924
5.173874, -8.273163, 1.0486603
5.225342, -8.274368, 1.0271149
5.222946, -8.28154, 1.0247192
5.233719, -8.286331, 1.0630188
5.182251, -8.317459, 1.0785828
5.209778, -8.321045, 1.0271149
5.2014008, -8.331818, 1.0079651
5.2349243, -8.307877, 1.0235138
5.2157745, -8.292313, 1.043869
5.2349243, -8.298309, 0.99957275
5.214569, -8.28154, 1.0055695
5.1954193, -8.273163, 1.0295105
5.209778, -8.240845, 1.0378876
5.1690826, -8.275558, 0.9864044
5.1618958, -8.219299, 1.0271149
5.1810455, -8.2204895, 1.0247192
5.1726685, -8.237244, 1.0606384
5.2109833, -8.207321, 1.0606384
5.194214, -8.207321, 1.0211334
5.1882324, -8.216904, 1.043869
5.213379, -8.258804, 1.0414734
5.2504883, -8.274368, 1.0295105
5.2444916, -8.26239, 1.0319061
5.245697, -8.28035, 1.0642242
5.2995605, -8.250412, 1.059433
5.3271027, -8.238449, 1.0462646
5.3103333, -8.256409, 1.0402832
5.2959747, -8.251617, 1.0223236
5.3103333, -8.268372, 1.0211334
5.2828064, -8.24324, 1.0259094
5.2875977, -8.252808, 0.99598694
5.221756, -8.258804, 1.0055695
5.2121735, -8.248032, 0.9744415
5.23732, -8.214508, 0.9828186
5.189438, -8.258804, 1.004364
5.1726685, -8.282745, 1.0462646
5.163101, -8.276749, 1.0642242
5.190628, -8.288727, 1.0714111
5.175064, -8.303085, 1.0702057
5.1618958, -8.292313, 1.0809784
5.1798553, -8.267181, 1.06781
5.2241516, -8.288727, 1.0773926
5.2193604, -8.267181, 1.0163422
5.23732, -8.274368, 1.0139465
5.2720337, -8.270767, 0.98760986
5.2828064, -8.288727, 0.98760986
5.269638, -8.283936, 0.9816284
5.252884, -8.28154, 1.019928
5.2660522, -8.273163, 1.019928
5.281616, -8.269577, 0.98521423
5.281616, -8.277954, 1.0055695
5.254074, -8.26239, 0.9911957
5.206192, -8.283936, 0.9708557
5.207382, -8.26358, 0.96965027
5.2121735, -8.279144, 0.9433136
5.214569, -8.28035, 0.964859
5.1595, -8.270767, 0.9756317
5.13916, -8.277954, 0.9624634
5.135559, -8.271973, 0.9505005
5.1175995, -8.258804, 0.96965027
5.102051, -8.28154, 0.9864044
5.1175995, -8.297104, 0.9576874
5.118805, -8.305481, 0.96965027
5.123596, -8.291122, 0.97683716
5.1762695, -8.268372, 0.9864044
5.187042, -8.2994995, 0.97802734
5.2313232, -8.313858, 0.95529175
5.228943, -8.30069, 0.9744415
5.1918335, -8.318649, 0.97802734
5.221756, -8.30069, 0.94451904
5.2480927, -8.287537, 0.9169769
5.2588654, -8.298309, 0.925354
5.246887, -8.288727, 0.90740967
5.242111, -8.28035, 0.9744415
5.2480927, -8.279144, 0.96725464
5.205002, -8.279144, 0.9732361
5.2361145, -8.269577, 1.0079651
5.2349243, -8.28035, 0.9864044
5.264847, -8.277954, 0.9924011
5.2636566, -8.287537, 1.0139465
5.2516785, -8.289917, 0.98521423
5.269638, -8.28035, 0.96006775
5.230133, -8.277954, 0.98521423
5.254074, -8.294708, 0.97802734
5.23732, -8.288727, 0.9636688
5.222946, -8.297104, 0.98880005
5.2265472, -8.28035, 1.0271149
5.209778, -8.258804, 1.0079651
5.209778, -8.26239, 0.98880005
5.2002106, -8.287537, 1.0031738
5.23732, -8.258804, 0.9971924
5.2444916, -8.252808, 1.0031738
5.2397156, -8.244431, 1.0067596
5.25766, -8.237244, 0.98760986
5.221756, -8.26358, 1.0055695
5.2265472, -8.238449, 0.96965027
5.285202, -8.249222, 1.0103607
5.280411, -8.285141, 1.0330963
5.2480927, -8.276749, 1.0151367
5.252884, -8.239639, 1.0558472
5.2708282, -8.267181, 1.0426788
5.2349243, -8.24324, 1.0498505
5.2636566, -8.252808, 1.0558472
5.245697, -8.246826, 1.0498505
5.268448, -8.26358, 1.019928
5.254074, -8.2599945, 1.0343018
5.2672424, -8.255203, 1.0235138
5.2756195, -8.239639, 1.0378876
5.2983704, -8.234863, 1.0343018
5.2660522, -8.210922, 1.0414734
5.300766, -8.236053, 1.0702057
5.2995605, -8.237244, 1.0642242
5.2516785, -8.234863, 1.0570374
5.2480927, -8.216904, 1.0546417
5.230133, -8.207321, 1.0630188
5.202606, -8.2204895, 1.0977478
5.199005, -8.233658, 1.074997
5.187042, -8.246826, 1.0654144
5.189438, -8.227676, 1.0630188
5.1726685, -8.240845, 1.06781
5.1954193, -8.226471, 1.0809784
5.2121735, -8.209717, 1.0570374
5.249283, -8.208527, 1.0546417
5.2504883, -8.214508, 1.1132965
5.2313232, -8.246826, 1.0917511
5.261261, -8.228867, 1.0977478
5.249283, -8.213303, 1.0965424
5.262451, -8.206131, 1.1037292
5.2504883, -8.224075, 1.0857697
5.228943, -8.234863, 1.0570374
5.207382, -8.237244, 1.0307007
5.2349243, -8.26239, 1.0307007
5.2504883, -8.256409, 1.0546417
5.2397156, -8.255203, 1.0271149
5.23851, -8.275558, 1.0546417
5.242111, -8.282745, 1.0450745
5.23732, -8.258804, 1.0163422
5.2241516, -8.304291, 0.980423
5.25766, -8.292313, 0.9756317
5.2636566, -8.273163, 0.93733215
5.240906, -8.305481, 0.9062042
5.209778, -8.312668, 0.9062042
5.1690826, -8.309082, 0.826004
5.222946, -8.32225, 0.8056488
5.2193604, -8.34259, 0.7649536
5.1642914, -8.327026, 0.81163025
5.1283875, -8.3414, 0.7876892
5.110428, -8.306686, 0.82240295
5.06015, -8.312668, 0.85832214
5.070923, -8.317459, 0.8535309
5.0266266, -8.310272, 0.87628174
4.9943085, -8.333023, 0.881073
4.9943085, -8.330627, 0.9540863
4.933258, -8.333023, 0.95648193
4.9631805, -8.333023, 0.9864044
4.9823303, -8.316254, 1.0319061
4.9236755, -8.2994995, 0.9732361
4.9188843, -8.301895, 0.98402405
4.9559937, -8.297104, 0.98521423
4.989517, -8.286331, 0.980423
5.0613403, -8.276749, 1.019928
5.118805, -8.274368, 1.0821838
5.170273, -8.2599945, 1.083374
5.2325287, -8.249222, 1.0917511
5.2792206, -8.279144, 1.1575928
5.3151245, -8.275558, 1.1743622
5.357025, -8.271973, 1.2150574
5.372589, -8.26239, 1.2210388
5.379776, -8.28035, 1.2318115
5.400116, -8.258804, 1.2378082
5.360611, -8.244431, 1.1863251
5.3426666, -8.248032, 1.1983032
5.3618164, -8.197754, 1.1791382
5.3666077, -8.16423, 1.1815338
5.367798, -8.158249, 1.1671753
5.364212, -8.152252, 1.154007
5.3462524, -8.131912, 1.1132965
5.33667, -8.139084, 1.1396332
5.3690033, -8.12233, 1.162384
5.3187256, -8.115143, 1.177948
5.3306885, -8.140289, 1.2318115
5.355835, -8.131912, 1.1492157
5.3426666, -8.184586, 1.1635895
5.372589, -8.185776, 1.1420288
5.391739, -8.188171, 1.162384
5.367798, -8.179794, 1.1156921
5.3821716, -8.177399, 1.1097107
5.3869476, -8.16423, 1.074997
5.357025, -8.163025, 1.0917511
5.3821716, -8.140289, 1.1121063
5.384552, -8.124725, 1.0773926
5.3941345, -8.1414795, 1.0785828
5.391739, -8.155853, 1.0702057
5.438431, -8.165421, 1.0450745
5.4025116, -8.148666, 1.0881653
5.420471, -8.179794, 1.0714111
5.391739, -8.2204895, 1.0654144
5.404907, -8.231262, 1.0761871
5.422867, -8.231262, 1.0654144
5.372589, -8.257599, 1.0295105
5.3893433, -8.275558, 0.98760986
5.4108887, -8.289917, 1.0115509
5.3690033, -8.269577, 0.98760986
5.3498383, -8.246826, 0.9624634
5.3785706, -8.286331, 0.9792328
5.3630066, -8.2599945, 1.0163422
5.3462524, -8.24324, 1.0175323
5.331894, -8.242035, 1.0271149
5.3294983, -8.225281, 1.0630188
5.3151245, -8.236053, 1.028305
5.324707, -8.222885, 1.0223236
5.3342743, -8.238449, 1.028305
5.319916, -8.242035, 1.0115509
5.297165, -8.227676, 0.96965027
5.300766, -8.2599945, 0.9505005
5.304352, -8.258804, 0.96965027
5.300766, -8.265976, 0.9289551
5.2744293, -8.228867, 0.9241638
5.23851, -8.24324, 0.9026184
5.2205505, -8.237244, 0.9540863
5.2241516, -8.212112, 0.98521423
5.202606, -8.226471, 0.99598694
5.197815, -8.221695, 1.0211334
5.221756, -8.197754, 1.0211334
5.197815, -8.18219, 1.0390778
5.202606, -8.195358, 1.0103607
5.2037964, -8.204926, 1.0570374
5.2014008, -8.239639, 1.0031738
5.21817, -8.210922, 0.98880005
5.2193604, -8.18219, 1.0139465
5.23851, -8.196548, 1.0151367
5.225342, -8.20253, 1.0702057
5.2193604, -8.192963, 1.0965424
5.205002, -8.149857, 1.1432343
5.1882324, -8.134308, 1.1121063
5.1571045, -8.142685, 1.1504211
5.1403503, -8.090012, 1.1791382
5.165497, -8.070847, 1.2318115
5.143936, -8.066071, 1.2641449
5.151123, -8.026566, 1.3251953
5.1607056, -8.02536, 1.327591
5.1798553, -8.02536, 1.3036499
5.221756, -7.984665, 1.3491364
5.3139343, -8.02536, 1.3287811
5.364212, -8.082825, 1.3191986
5.4180756, -8.094803, 1.2796936
5.483917, -8.113953, 1.2402039
5.549759, -8.160629, 1.154007
5.5832825, -8.167816, 1.1480255
5.6503143, -8.179794, 1.1492157
5.6586914, -8.177399, 1.1528015
5.6658783, -8.210922, 1.1049194
5.668274, -8.208527, 1.098938
5.637146, -8.167816, 1.1444244
5.644333, -8.173798, 1.1037292
5.659897, -8.161835, 1.0857697
5.6024323, -8.111557, 1.0881653
5.5162354, -8.110352, 1.0953522
5.4767303, -8.095993, 1.0570374
5.4575806, -8.067261, 1.0893555
5.434845, -8.036133, 1.0905609
5.367798, -8.014587, 1.1180878
5.3390656, -8.0421295, 1.1587982
5.304352, -8.028961, 1.1611938
5.2839966, -8.0074005, 1.201889
5.199005, -8.013397, 1.177948
5.194214, -8.001419, 1.1923065
5.213379, -8.030151, 1.1767426
5.183441, -8.069656, 1.1803436
5.2002106, -8.091202, 1.1683655
5.1918335, -8.090012, 1.1767426
5.178665, -8.116348, 1.1551971
5.2325287, -8.136688, 1.1348572
5.2947845, -8.158249, 1.1348572
5.269638, -8.20253, 1.154007
5.3390656, -8.171417, 1.1683655
5.39534, -8.195358, 1.1001282
5.4180756, -8.203735, 1.0761871
5.462372, -8.212112, 1.114502
5.4815216, -8.216904, 1.0714111
5.5282135, -8.206131, 1.0666199
5.5198364, -8.196548, 0.9971924
5.5365906, -8.184586, 1.0163422
5.5090637, -8.175003, 1.0366821
5.4887085, -8.148666, 0.9816284
5.4898987, -8.146271, 0.9468994
5.444412, -8.170212, 1.0127411
5.407303, -8.163025, 1.035492
5.4132843, -8.130707, 0.97802734
5.3474426, -8.137894, 0.9935913
5.3067474, -8.178589, 0.99957275
5.3354797, -8.16423, 0.9540863
5.3235016, -8.186966, 0.964859
5.280411, -8.176193, 0.9828186
5.261261, -8.172607, 0.9924011
5.23732, -8.159439, 1.0031738
5.205002, -8.153458, 1.0091553
5.1810455, -8.185776, 1.0103607
5.1571045, -8.184586, 1.0450745
5.1607056, -8.175003, 1.0462646
5.178665, -8.18338, 1.0690155
5.21817, -8.16423, 1.1001282
5.2313232, -8.151062, 1.1468201
5.261261, -8.143875, 1.0702057
5.3223114, -8.161835, 1.0726013
5.3115387, -8.177399, 1.0941467
5.3534393, -8.175003, 1.0929565
5.343857, -8.16423, 1.1013336
5.3510437, -8.16423, 1.122879
5.3498383, -8.135498, 1.0953522
5.3223114, -8.124725, 1.1659698
5.2588654, -8.109161, 1.2066803
5.206192, -8.087616, 1.2653351
5.1618958, -8.0469055, 1.296463
5.1571045, -8.009796, 1.3455353
5.1762695, -7.993042, 1.430542
5.187042, -7.9547424, 1.5526428
5.261261, -7.933182, 1.6316528
5.3426666, -7.934387, 1.6998901
5.4108887, -7.929596, 1.7417755
5.4851227, -7.922409, 1.7717133
5.5916595, -7.965515, 1.6759338
5.6431274, -7.977478, 1.5646057
5.704193, -8.037338, 1.474823
5.719742, -8.079239, 1.3132172
5.708969, -8.124725, 1.1851349
5.7113647, -8.169022, 0.9612732
5.6479187, -8.242035, 0.82839966
5.538986, -8.265976, 0.7445984
5.47554, -8.288727, 0.7290344
5.4132843, -8.352173, 0.7805023
5.3857574, -8.365341, 0.826004
5.324707, -8.3545685, 0.8846588
5.3271027, -8.373718, 0.9720459
5.309143, -8.356964, 1.0151367
5.355835, -8.361755, 1.074997
5.3462524, -8.311478, 1.0869751
5.4168854, -8.245636, 1.0582428
5.482727, -8.230072, 0.9828186
5.5234222, -8.206131, 0.9062042
5.5557404, -8.165421, 0.8643036
5.5928497, -8.148666, 0.82240295
5.590454, -8.117538, 0.79008484
5.5952454, -8.0816345, 0.76734924
5.590454, -8.08522, 0.7362213
5.550949, -8.119934, 0.70150757
5.5090637, -8.127121, 0.70269775
5.4683533, -8.119934, 0.7086792
5.398926, -8.179794, 0.69911194
5.3115387, -8.194153, 0.7194519
5.221756, -8.216904, 0.7086792
5.1164093, -8.234863, 0.73262024
5.0769043, -8.291122, 0.7805023
4.9859314, -8.327026, 0.8200073
4.8769836, -8.312668, 0.8631134
4.8410797, -8.333023, 0.95887756
4.84227, -8.368927, 1.0187378
4.8374786, -8.368927, 1.0654144
4.8446655, -8.396469, 1.1276703
4.9188843, -8.389282, 1.1683655
5.007477, -8.403641, 1.1887207
5.102051, -8.398865, 1.2210388
5.2277374, -8.40126, 1.2126617
5.3031616, -8.372528, 1.1851349
5.355835, -8.333023, 1.1923065
5.4408264, -8.32225, 1.1827393
5.5054626, -8.294708, 1.1252747
5.5437775, -8.230072, 1.138443
5.5916595, -8.200134, 1.1887207
5.597641, -8.140289, 1.1851349
5.6084137, -8.133102, 1.1599884
5.597641, -8.107971, 1.1707611
5.549759, -8.075638, 1.1899109
5.55455, -8.067261, 1.1767426
5.530609, -8.10437, 1.1551971
5.4683533, -8.099579, 1.1767426
5.420471, -8.076843, 1.1911163
5.400116, -8.139084, 1.1875305
5.3498383, -8.133102, 1.1803436
5.3187256, -8.152252, 1.1324615
5.285202, -8.147461, 1.1324615
5.2792206, -8.143875, 1.1192932
5.2564697, -8.195358, 1.0881653
5.261261, -8.204926, 1.0378876
5.2193604, -8.197754, 0.9792328
5.2037964, -8.1809845, 1.0175323
5.2157745, -8.184586, 1.0103607
5.228943, -8.208527, 0.9816284
5.1918335, -8.198944, 0.964859
5.2037964, -8.195358, 0.99479675
5.230133, -8.2204895, 1.0079651
5.2552795, -8.204926, 1.0546417
5.240906, -8.210922, 1.0809784
5.276825, -8.219299, 1.1097107
5.348648, -8.224075, 1.074997
5.379776, -8.2204895, 1.0977478
5.352234, -8.215698, 1.1121063
5.3498383, -8.214508, 1.0869751
5.3690033, -8.210922, 1.1216888
5.384552, -8.20134, 1.0785828
5.39653, -8.198944, 1.0905609
5.4180756, -8.225281, 1.0965424
5.4061127, -8.209717, 1.1168976
5.4180756, -8.194153, 1.1348572
5.39653, -8.186966, 1.098938
5.403717, -8.192963, 1.1372528
5.4085083, -8.171417, 1.1025238
5.383362, -8.178589, 1.1396332
5.3869476, -8.152252, 1.1132965
5.379776, -8.175003, 1.1109161
5.371399, -8.167816, 1.1240845
5.3785706, -8.153458, 1.1264648
5.367798, -8.18338, 1.1276703
5.3821716, -8.151062, 1.1216888
5.39534, -8.135498, 1.1132965
5.3666077, -8.157043, 1.0761871
5.365402, -8.163025, 1.0857697
5.355835, -8.129517, 1.0869751
5.3737793, -8.145081, 1.0917511
5.357025, -8.142685, 1.1132965
5.364212, -8.136688, 1.1336517
5.3929443, -8.173798, 1.1049194
5.3546295, -8.165421, 1.1647797
5.328293, -8.145081, 1.1276703
5.3378754, -8.159439, 1.1587982
5.365402, -8.143875, 1.1743622
5.352234, -8.133102, 1.1695709
5.31633, -8.148666, 1.138443
5.321106, -8.165421, 1.1396332
5.3187256, -8.140289, 1.1564026
5.300766, -8.148666, 1.1432343
5.304352, -8.176193, 1.1803436
5.341461, -8.16423, 1.201889
5.319916, -8.171417, 1.2497711
5.3294983, -8.154648, 1.2425842
5.3666077, -8.161835, 1.2389984
5.4085083, -8.145081, 1.2677307
5.436035, -8.153458, 1.2761078
5.462372, -8.16423, 1.2844849
5.5317993, -8.188171, 1.2473755
5.5090637, -8.177399, 1.2473755
5.5354004, -8.163025, 1.2342072
5.5533447, -8.147461, 1.2150574
5.558136, -8.140289, 1.1587982
5.5126495, -8.147461, 1.1839294
5.501877, -8.145081, 1.1516113
5.463562, -8.107971, 1.098938
5.446808, -8.084015, 1.1480255
5.380966, -8.105576, 1.1743622
5.3067474, -8.082825, 1.1767426
5.2588654, -8.097183, 1.1959076
5.2564697, -8.091202, 1.1815338
5.202606, -8.0864105, 1.1671753
5.1846466, -8.111557, 1.1959076
5.166687, -8.087616, 1.2246399
5.1223907, -8.0864105, 1.2629395
5.123596, -8.064865, 1.2749176
5.024231, -8.060074, 1.2521667
4.9512024, -8.1019745, 1.2473755
4.952408, -8.10437, 1.2545624
4.953598, -8.140289, 1.2366028
4.965576, -8.1809845, 1.2461853
4.965576, -8.197754, 1.2832947
4.9943085, -8.214508, 1.3024445
5.0254364, -8.218094, 1.327591
5.1535187, -8.222885, 1.3383636
5.228943, -8.249222, 1.3048401
5.3306885, -8.274368, 1.3239899
5.39534, -8.305481, 1.3347626
5.4803314, -8.282745, 1.3251953
5.585678, -8.250412, 1.3623047
5.6718597, -8.254013, 1.3431396
5.7305145, -8.226471, 1.3168182
5.7891846, -8.210922, 1.2844849
5.786789, -8.155853, 1.2126617
5.8322754, -8.105576, 1.1731567
5.834671, -8.1019745, 1.154007
5.8167114, -8.052902, 1.1240845
5.8155212, -8.070847, 1.1348572
5.796356, -8.045715, 1.1085205
5.7269287, -8.0624695, 1.0929565
5.637146, -8.055298, 1.0965424
5.4970856, -8.0624695, 1.1085205
5.4420166, -8.1019745, 1.1121063
5.3103333, -8.082825, 1.0965424
5.242111, -8.067261, 1.1504211
5.143936, -8.095993, 1.1695709
5.048172, -8.10437, 1.1635895
4.969162, -8.130707, 1.2306213
4.9200897, -8.149857, 1.2186432
4.9009247, -8.133102, 1.2198486
4.8913574, -8.173798, 1.2246399
4.936844, -8.184586, 1.2509766
4.996704, -8.186966, 1.2785034
5.048172, -8.231262, 1.2940674
5.1223907, -8.250412, 1.2641449
5.197815, -8.268372, 1.2030792
5.300766, -8.287537, 1.2306213
5.4108887, -8.273163, 1.2629395
5.459976, -8.233658, 1.2868805
5.5162354, -8.208527, 1.3060303
5.542572, -8.191757, 1.335968
5.594055, -8.179794, 1.3443451
5.6108093, -8.169022, 1.3491364
5.6144104, -8.176193, 1.3156128
5.65271, -8.151062, 1.3347626
5.6790466, -8.111557, 1.2856903
5.6718597, -8.087616, 1.2342072
5.659897, -8.0421295, 1.2066803
5.6670685, -8.037338, 1.177948
5.5928497, -8.0469055, 1.1683655
5.5282135, -8.039734, 1.2294159
5.4647675, -8.049301, 1.2210388
5.3498383, -8.067261, 1.2150574
5.304352, -8.073242, 1.1983032
5.2911835, -8.075638, 1.2090759
5.2241516, -8.100784, 1.1803436
5.167877, -8.098389, 1.2006989
5.1618958, -8.092407, 1.2054749
5.166687, -8.163025, 1.2126617
5.163101, -8.184586, 1.2306213
5.15831, -8.191757, 1.2282257
5.2121735, -8.184586, 1.2210388
5.2600555, -8.215698, 1.2557526
5.3737793, -8.216904, 1.280899
5.4372253, -8.240845, 1.2425842
5.498291, -8.256409, 1.2749176
5.5832825, -8.265976, 1.3215942
5.6539, -8.2599945, 1.3299866
5.747284, -8.264786, 1.332367
5.802353, -8.215698, 1.3215942
5.8442535, -8.188171, 1.3371582
5.9280396, -8.152252, 1.3383636
5.977127, -8.12352, 1.3132172
6.001068, -8.097183, 1.2928619
6.0537415, -8.049301, 1.256958
6.071701, -8.009796, 1.2737122
6.0537415, -7.9403687, 1.1707611
6.0058594, -7.8996735, 1.1695709
5.917267, -7.9188232, 1.1803436
5.834671, -7.894882, 1.138443
5.7137604, -7.878128, 1.1456299
5.6072235, -7.8721313, 1.1109161
5.4456177, -7.912842, 1.1468201
5.2516785, -7.9116364, 1.1264648
5.199005, -7.967911, 1.1564026
5.0769043, -7.976288, 1.1947021
4.9787445, -8.02417, 1.201889
4.8997345, -8.1019745, 1.2258301
4.7955933, -8.134308, 1.2402039
4.7656555, -8.142685, 1.2605438
4.7728424, -8.185776, 1.3000488
4.8207245, -8.230072, 1.3395538
4.894943, -8.225281, 1.3742676
4.972763, -8.236053, 1.3551178
5.036209, -8.226471, 1.3072357
5.1175995, -8.231262, 1.3419495
5.2265472, -8.237244, 1.3191986
5.3235016, -8.218094, 1.3180084
5.420471, -8.216904, 1.280899
5.517441, -8.184586, 1.2928619
5.565323, -8.185776, 1.2653351
5.5832825, -8.171417, 1.241394
5.65271, -8.115143, 1.2593536
5.6742554, -8.113953, 1.2030792
5.680237, -8.095993, 1.1528015
5.659897, -8.0624695, 1.1803436
5.6024323, -8.031357, 1.1647797
5.5605316, -8.000229, 1.1851349
5.4922943, -8.00621, 1.1587982
5.4132843, -8.0074005, 1.2054749
5.3354797, -8.014587, 1.2078705
5.2636566, -8.028961, 1.2461853
5.185837, -8.050507, 1.2521667
5.111618, -8.050507, 1.2366028
5.118805, -8.072052, 1.2425842
5.0924683, -8.072052, 1.256958
5.055359, -8.079239, 1.2820892
5.072113, -8.092407, 1.2665253
5.1535187, -8.116348, 1.2904816
5.1607056, -8.117538, 1.2928619
5.2433014, -8.118744, 1.3239899
5.321106, -8.1019745, 1.3287811
5.371399, -8.130707, 1.3383636
5.4025116, -8.135498, 1.3491364
5.4503937, -8.158249, 1.332367
5.534195, -8.134308, 1.3287811
5.6024323, -8.12352, 1.2916718
5.6718597, -8.125916, 1.2557526
5.714966, -8.111557, 1.2988586
5.7700195, -8.1019745, 1.2940674
5.798752, -8.098389, 1.2749176
5.7999573, -8.109161, 1.2773132
5.838257, -8.073242, 1.2641449
5.843048, -8.069656, 1.2749176
5.814316, -8.044525, 1.2701263
5.7927704, -8.0229645, 1.2701263
5.7604523, -7.961914, 1.2785034
5.707779, -7.9559326, 1.2629395
5.65271, -7.94516, 1.2521667
5.57251, -7.9080505, 1.2425842
5.525818, -7.9092407, 1.2605438
5.4659576, -7.952347, 1.280899
5.39653, -7.961914, 1.3443451
5.371399, -7.989456, 1.3347626
5.324707, -8.001419, 1.3371582
5.3390656, -8.012192, 1.367096
5.3378754, -8.031357, 1.3766632
5.3342743, -8.067261, 1.4125824
5.379776, -8.074448, 1.3982086
5.4216766, -8.073242, 1.4161682
5.4767303, -8.032547, 1.3934326
5.541382, -8.045715, 1.4006042
5.5473633, -8.040924, 1.391037
5.556946, -8.015793, 1.4185638
5.6311646, -8.008606, 1.3970184
5.6239777, -8.0026245, 1.3874359
5.640732, -7.9906464, 1.3455353
5.6395416, -7.994232, 1.2820892
5.5868683, -7.9511414, 1.272522
5.5713043, -7.965515, 1.272522
5.537796, -7.9667053, 1.2449799
5.4934998, -7.960724, 1.2629395
5.439621, -7.9954376, 1.2952576
5.3893433, -7.976288, 1.3251953
5.352234, -7.985855, 1.3431396
5.3510437, -8.030151, 1.4018097
5.3067474, -8.044525, 1.3934326
5.3079376, -8.02536, 1.3634949
5.2875977, -8.028961, 1.3503265
5.249283, -8.051697, 1.3443451
5.3294983, -8.04332, 1.3347626
5.3546295, -8.0469055, 1.3335724
5.380966, -8.063675, 1.3263855
5.4180756, -8.084015, 1.3371582
5.4611816, -8.058884, 1.351532
5.541382, -8.079239, 1.3467407
5.580887, -8.092407, 1.3467407
5.5916595, -8.052902, 1.359909
5.656296, -8.0026245, 1.3587036
5.6658783, -8.00502, 1.3826447
5.6862335, -7.969101, 1.3587036
5.704193, -7.9583282, 1.3419495
5.7017975, -7.9667053, 1.3239899
5.6742554, -7.953537, 1.2820892
5.629959, -7.9667053, 1.233017
5.542572, -8.050507, 1.1587982
5.459976, -8.115143, 1.1025238
5.331894, -8.166626, 0.97802734
5.165497, -8.24324, 0.85113525
5.086487, -8.273163, 0.7757263
5.046982, -8.234863, 0.8152313
5.0493774, -8.1809845, 0.8523407
5.111618, -8.095993, 1.0295105
5.197815, -8.001419, 1.2102661
5.2516785, -8.001419, 1.3862457
5.2433014, -7.9870605, 1.5801697
5.2839966, -7.969101, 1.711853
5.2672424, -7.9906464, 1.8674774
5.281616, -8.009796, 2.024292
5.31752, -8.021774, 2.1440125
5.4013214, -8.018188, 2.197876
5.443222, -7.9714966, 2.229004
5.525818, -7.967911, 2.166748
5.613205, -7.92601, 2.0350647
5.7460785, -7.917618, 1.8255768
5.9340363, -7.906845, 1.5825653
6.1447144, -7.8924866, 1.3802643
6.3338623, -7.8410034, 1.1504211
6.5002594, -7.8206635, 0.91937256
6.56131, -7.8254547, 0.74938965
6.5206146, -7.795517, 0.6775665
6.3733673, -7.839813, 0.6751709
6.130356, -7.8697357, 0.6715698
5.8610077, -7.957123, 0.74220276
5.617996, -8.073242, 0.8164215
5.4420166, -8.136688, 0.885849
5.293579, -8.232468, 0.9421234
5.13916, -8.309082, 1.0618286
5.005081, -8.329422, 1.162384
4.9404297, -8.358154, 1.2378082
4.897339, -8.328232, 1.3251953
4.869812, -8.298309, 1.3994141
4.9081116, -8.273163, 1.4053955
4.9703674, -8.218094, 1.4365234
5.062546, -8.125916, 1.4520874
5.2014008, -8.056488, 1.3527222
5.3187256, -8.015793, 1.3575134
5.4372253, -7.9487457, 1.3455353
5.5868683, -7.9188232, 1.312027
5.6622925, -7.8757324, 1.3191986
5.7424927, -7.874527, 1.327591
5.796356, -7.8996735, 1.3048401
5.8250885, -7.934387, 1.332367
5.8286896, -7.981064, 1.3371582
5.866989, -7.9643097, 1.3335724
5.819107, -7.9714966, 1.2665253
5.7688293, -8.030151, 1.2461853
5.736511, -8.066071, 1.2533722
5.6874237, -8.08522, 1.2617493
5.6539, -8.095993, 1.3180084
5.5880737, -8.115143, 1.256958
5.5317993, -8.1019745, 1.2749176
5.477936, -8.112747, 1.2832947
5.443222, -8.078033, 1.2737122
5.3929443, -8.0624695, 1.2761078
5.376175, -8.039734, 1.2533722
5.324707, -8.008606, 1.2976532
5.3235016, -8.038528, 1.3024445
5.293579, -8.039734, 1.296463
5.2636566, -8.028961, 1.2761078
5.2516785, -8.045715, 1.2497711
5.25766, -8.064865, 1.2533722
5.2828064, -8.061279, 1.2354126
5.31633, -8.084015, 1.256958
5.3701935, -8.0864105, 1.2665253
5.39534, -8.099579, 1.3108215
5.487503, -8.1019745, 1.3072357
5.549759, -8.134308, 1.2737122
5.566513, -8.113953, 1.2677307
5.649124, -8.143875, 1.2402039
5.6826324, -8.12114, 1.2282257
5.6622925, -8.109161, 1.1803436
5.669464, -8.109161, 1.1599884
5.6539, -8.12233, 1.1575928
5.6431274, -8.107971, 1.1336517
5.5844727, -8.0816345, 1.1839294
5.5832825, -8.076843, 1.2138672
5.5437775, -8.078033, 1.2366028
5.5006714, -8.045715, 1.2114716
5.420471, -8.048111, 1.2629395
5.4168854, -8.015793, 1.3156128
5.3821716, -8.016983, 1.3527222
5.379776, -8.021774, 1.3467407
5.372589, -8.0026245, 1.3383636
5.3737793, -7.9990234, 1.3299866
5.3749847, -8.018188, 1.3000488
5.380966, -8.0469055, 1.2581482
5.4061127, -8.063675, 1.1959076
5.391739, -8.04332, 1.1635895

