x : y : Z 
3.1723175, -9.350555, 0.35673523
3.193863, -9.320633, 0.41419983
3.1926727, -9.3302, 0.36631775
3.1962585, -9.294296, 0.3615265
3.162735, -9.317032, 0.39863586
3.1603394, -9.276337, 0.4189911
3.186676, -9.284714, 0.41659546
3.193863, -9.313446, 0.4225769
3.2142181, -9.325409, 0.44651794
3.2190094, -9.333801, 0.49440002
3.2309723, -9.34697, 0.5207367
3.2465363, -9.287109, 0.50038147
3.2477417, -9.290695, 0.46087646
3.2273865, -9.332596, 0.43814087
3.2142181, -9.281128, 0.46806335
3.2345734, -9.277527, 0.5063782
3.221405, -9.2883, 0.5279236
3.197464, -9.308655, 0.50756836
3.210617, -9.299072, 0.5063782
3.229782, -9.294296, 0.5195465
3.2561188, -9.315842, 0.5315094
3.2872314, -9.317032, 0.52911377
3.2549133, -9.320633, 0.51116943
3.2369537, -9.339783, 0.50038147
3.2836456, -9.312241, 0.5195465
3.2513275, -9.293091, 0.5015869
3.2597046, -9.287109, 0.54707336
3.2549133, -9.294296, 0.5518646
3.3219604, -9.333801, 0.549469
3.308792, -9.318237, 0.56503296
3.3027954, -9.281128, 0.5626373
3.305191, -9.301468, 0.53630066
3.2908325, -9.295486, 0.53749084
3.3327332, -9.287109, 0.48362732
3.351883, -9.320633, 0.45729065
3.3231506, -9.32901, 0.44172668
3.3590698, -9.305069, 0.3651123
3.3470917, -9.318237, 0.3615265
3.3411102, -9.3194275, 0.36990356
3.3147736, -9.299072, 0.32081604
3.3638458, -9.293091, 0.29447937
3.344696, -9.271545, 0.25138855
3.3375244, -9.273941, 0.22984314
3.3423004, -9.261963, 0.19154358
3.3614655, -9.2643585, 0.21548462
3.3949738, -9.26915, 0.25138855
3.399765, -9.287109, 0.20948792
3.406952, -9.272736, 0.19033813
3.4284973, -9.2595825, 0.24420166
3.4093475, -9.265564, 0.21907043
3.4045563, -9.229645, 0.18675232
3.3734283, -9.2643585, 0.2059021
3.4033508, -9.247604, 0.25378418
3.4093475, -9.271545, 0.21786499
3.3698425, -9.271545, 0.22984314
3.3806152, -9.295486, 0.24301147
3.3710327, -9.291901, 0.24420166
3.3650513, -9.290695, 0.28970337
3.3435059, -9.295486, 0.25737
3.3111877, -9.307465, 0.2741394
3.324356, -9.26796, 0.3148346
3.2980194, -9.2595825, 0.32321167
3.3075867, -9.308655, 0.33518982
3.308792, -9.31105, 0.3148346
3.3027954, -9.291901, 0.32920837
3.312378, -9.318237, 0.31962585
3.2716827, -9.324219, 0.36392212
3.2046356, -9.305069, 0.4118042
3.2477417, -9.299072, 0.4010315
3.250122, -9.294296, 0.40342712
3.2273865, -9.327805, 0.4046173
3.2477417, -9.34816, 0.40582275
3.20224, -9.332596, 0.40342712
3.2166138, -9.3194275, 0.40582275
3.2249908, -9.343369, 0.4692688
3.221405, -9.337387, 0.48362732
3.221405, -9.314636, 0.4800415
3.2369537, -9.336197, 0.49440002
3.2321777, -9.294296, 0.43814087
3.205841, -9.294296, 0.4513092
3.2154083, -9.318237, 0.4800415
3.226181, -9.332596, 0.48483276
3.2309723, -9.3302, 0.50756836
3.2118225, -9.3194275, 0.47644043
3.221405, -9.289505, 0.48483276
3.2094269, -9.293091, 0.49320984
3.2094269, -9.265564, 0.4920044
3.1950684, -9.297882, 0.47644043
3.1950684, -9.293091, 0.4800415
3.1747131, -9.302673, 0.46087646
3.1615448, -9.320633, 0.4333496
3.1292267, -9.302673, 0.48960876
3.147171, -9.301468, 0.4728546
3.1771088, -9.338577, 0.4297638
3.197464, -9.356537, 0.4584961
3.1795044, -9.338577, 0.4118042
3.150772, -9.326614, 0.45370483
3.1435852, -9.3194275, 0.45610046
3.1567535, -9.306259, 0.45489502
3.1304169, -9.301468, 0.4584961
3.1340027, -9.321823, 0.44891357
3.217804, -9.344574, 0.42018127
3.2070312, -9.324219, 0.4046173
3.2010498, -9.32901, 0.40582275
3.2237854, -9.289505, 0.44293213
3.1854858, -9.3194275, 0.45489502
3.20224, -9.332596, 0.3830719
3.257309, -9.285904, 0.3866577
3.2740784, -9.300278, 0.41539
3.2345734, -9.331406, 0.38786316
3.2585144, -9.318237, 0.44651794
3.28125, -9.299072, 0.4333496
3.2668915, -9.297882, 0.37709045
3.3147736, -9.299072, 0.37948608
3.3195648, -9.2883, 0.34954834
3.3231506, -9.294296, 0.33638
3.3147736, -9.301468, 0.3435669
3.3016052, -9.285904, 0.3543396
3.3099823, -9.272736, 0.32681274
3.3411102, -9.296692, 0.3136444
3.3626556, -9.314636, 0.31124878
3.327942, -9.282318, 0.28012085
3.3806152, -9.296692, 0.27653503
3.375824, -9.287109, 0.23342896
3.3255463, -9.282318, 0.25498962
3.36026, -9.285904, 0.23582458
3.3925781, -9.291901, 0.21427917
3.3662415, -9.2883, 0.21069336
3.3698425, -9.300278, 0.21427917
3.375824, -9.281128, 0.21548462
3.3554688, -9.297882, 0.21188354
3.3459015, -9.283524, 0.23103333
3.3423004, -9.271545, 0.19992065
3.375824, -9.2799225, 0.1951294
3.3985748, -9.290695, 0.1879425
3.3626556, -9.271545, 0.17837524
3.3147736, -9.25, 0.18554688
3.3746338, -9.281128, 0.19631958
3.3698425, -9.308655, 0.18914795
3.3614655, -9.300278, 0.20829773
3.3578644, -9.312241, 0.19392395
3.3710327, -9.293091, 0.23103333
3.3303375, -9.287109, 0.18914795
3.3423004, -9.308655, 0.22265625
3.329132, -9.296692, 0.26097107
3.3494873, -9.323029, 0.26455688
3.3171692, -9.289505, 0.2861023
3.327942, -9.281128, 0.27293396
3.3159637, -9.302673, 0.27053833
3.3171692, -9.302673, 0.30526733
3.2800598, -9.307465, 0.30526733
3.257309, -9.300278, 0.27893066
3.3267365, -9.321823, 0.33877563
3.28125, -9.327805, 0.36631775
3.265686, -9.324219, 0.38786316
3.313568, -9.327805, 0.3435669
3.2525177, -9.321823, 0.35794067
3.2800598, -9.317032, 0.38786316
3.2477417, -9.293091, 0.37469482
3.2668915, -9.324219, 0.3866577
3.2621002, -9.31105, 0.36990356
3.2237854, -9.324219, 0.43215942
3.2405548, -9.332596, 0.44532776
3.2369537, -9.325409, 0.39144897
3.2237854, -9.30986, 0.39505005
3.2249908, -9.306259, 0.41299438
3.2249908, -9.32901, 0.40940857
3.2285767, -9.320633, 0.40222168
3.1890717, -9.336197, 0.40940857
3.1842957, -9.324219, 0.46447754
3.2010498, -9.317032, 0.4632721
3.1890717, -9.3302, 0.44770813
3.1998444, -9.312241, 0.4524994
3.2273865, -9.3194275, 0.44172668
3.1759033, -9.343369, 0.4297638
3.1926727, -9.350555, 0.43455505
3.2561188, -9.34816, 0.4800415
3.2237854, -9.376892, 0.41659546
3.2357635, -9.388855, 0.43455505
3.241745, -9.388855, 0.44293213
3.226181, -9.378082, 0.47166443
3.2082367, -9.364914, 0.46447754
3.1926727, -9.313446, 0.45010376
3.2046356, -9.30986, 0.43455505
3.1830902, -9.282318, 0.39265442
3.1687317, -9.228455, 0.41659546
3.1699219, -9.223663, 0.42018127
3.1926727, -9.216476, 0.38426208
3.1998444, -9.20929, 0.38905334
3.2154083, -9.212891, 0.3543396
3.2154083, -9.238022, 0.3651123
3.2190094, -9.293091, 0.39982605
3.2932281, -9.338577, 0.36631775
3.344696, -9.368515, 0.3076477
3.3399048, -9.368515, 0.29927063
3.3566742, -9.361328, 0.252594
3.3459015, -9.354141, 0.2669525
3.3470917, -9.333801, 0.24301147
3.3303375, -9.26796, 0.19033813
3.3351288, -9.2404175, 0.20350647
3.3411102, -9.239227, 0.1771698
3.329132, -9.208099, 0.15083313
3.296814, -9.181763, 0.14245605
3.3770142, -9.175781, 0.123306274
3.3638458, -9.218872, 0.1304779
3.313568, -9.2248535, 0.14724731
3.3459015, -9.235626, 0.1304779
3.4225159, -9.284714, 0.1197052
3.4416656, -9.334991, 0.10055542
3.4727936, -9.350555, 0.10055542
3.5194702, -9.339783, 0.11013794
3.4967346, -9.351746, 0.123306274
3.4536285, -9.323029, 0.113723755
3.4416656, -9.340973, 0.12210083
3.4045563, -9.345764, 0.14485168
3.4057465, -9.307465, 0.15562439
3.368637, -9.289505, 0.13287354
3.348297, -9.261963, 0.17597961
3.3040009, -9.246414, 0.16520691
3.248932, -9.273941, 0.15322876
3.2465363, -9.272736, 0.20111084
3.2525177, -9.261963, 0.18075562
3.1998444, -9.273941, 0.16281128
3.178299, -9.296692, 0.1879425
3.2094269, -9.315842, 0.21188354
3.154358, -9.332596, 0.20709229
3.166336, -9.349365, 0.18075562
3.190277, -9.361328, 0.21069336
3.1890717, -9.369705, 0.23582458
3.1771088, -9.382874, 0.26455688
3.193863, -9.384079, 0.30885315
3.2201996, -9.343369, 0.2813263
3.1878815, -9.333801, 0.31124878
3.1819, -9.327805, 0.32800293
3.1675262, -9.315842, 0.37109375
3.1459808, -9.301468, 0.3471527
3.118454, -9.252396, 0.35913086
3.1340027, -9.228455, 0.4046173
3.1483765, -9.276337, 0.39982605
3.1675262, -9.276337, 0.4297638
3.1687317, -9.320633, 0.4441223
3.1759033, -9.360138, 0.43933105
3.1926727, -9.372101, 0.4118042
3.1926727, -9.422379, 0.36271667
3.1759033, -9.455902, 0.41659546
3.197464, -9.520538, 0.43933105
3.197464, -9.503784, 0.3866577
3.2166138, -9.497803, 0.35554504
3.2118225, -9.484634, 0.41299438
3.166336, -9.435547, 0.4333496
3.1256256, -9.388855, 0.4010315
3.1016846, -9.336197, 0.34954834
3.0538025, -9.325409, 0.32081604
3.035843, -9.266754, 0.36631775
3.032257, -9.191345, 0.40342712
2.9723969, -9.198517, 0.34954834
2.968811, -9.192535, 0.32321167
2.980774, -9.204514, 0.30526733
2.9903564, -9.233246, 0.31723022
3.0119019, -9.253586, 0.33877563
3.055008, -9.340973, 0.33039856
3.1088715, -9.382874, 0.33877563
3.099289, -9.406815, 0.3327942
3.1483765, -9.447525, 0.33638
3.1806946, -9.471466, 0.3543396
3.1914673, -9.463089, 0.34117126
3.190277, -9.417587, 0.34477234
3.1447906, -9.391251, 0.37348938
3.1124573, -9.352951, 0.37948608
3.1040802, -9.302673, 0.39505005
3.1124573, -9.272736, 0.4584961
3.1040802, -9.235626, 0.39863586
3.1316223, -9.241623, 0.44891357
3.1531677, -9.271545, 0.44651794
3.138794, -9.2799225, 0.4812317
3.1699219, -9.299072, 0.47045898
3.1986542, -9.3194275, 0.5135498
3.2201996, -9.320633, 0.51116943
3.190277, -9.307465, 0.49919128
3.2477417, -9.308655, 0.5063782
3.2369537, -9.245209, 0.49679565
3.1830902, -9.247604, 0.53749084
3.1998444, -9.233246, 0.58657837
3.2477417, -9.205704, 0.53630066
3.265686, -9.17099, 0.5518646
3.2872314, -9.157822, 0.52552795
3.3494873, -9.15303, 0.49320984
3.3925781, -9.150635, 0.53271484
3.4057465, -9.147049, 0.5171509
3.4727936, -9.163803, 0.509964
3.51828, -9.157822, 0.50398254
3.5709534, -9.178177, 0.5410919
3.636795, -9.2248535, 0.5027771
3.727768, -9.253586, 0.49919128
3.7337646, -9.271545, 0.4908142
3.8079834, -9.295486, 0.4620819
3.8403015, -9.296692, 0.4297638
3.8822021, -9.317032, 0.41419983
3.909729, -9.299072, 0.36271667
3.8881836, -9.301468, 0.31604004
3.8833923, -9.270355, 0.3543396
3.8750153, -9.194931, 0.29808044
3.85466, -9.194931, 0.25737
3.8642426, -9.1410675, 0.2166748
3.8510742, -9.114731, 0.19392395
3.858261, -9.118317, 0.15802002
3.8881836, -9.121902, 0.11730957
3.8474884, -9.119507, 0.15203857
3.837906, -9.161407, 0.096969604
3.8822021, -9.236832, 0.061050415
3.8666382, -9.276337, -0.0035858154
3.8235474, -9.327805, -0.0047912598
3.7624817, -9.355347, 0.020355225
3.6739044, -9.382874, -0.061050415
3.612854, -9.418793, -0.09576416
3.5505981, -9.418793, -0.13526917
3.4536285, -9.385269, -0.14364624
3.3638458, -9.410416, -0.13887024
3.288437, -9.414001, -0.15802002
3.20224, -9.393646, -0.1592102
3.1376038, -9.381683, -0.17237854
3.0502167, -9.372101, -0.17237854
2.9747925, -9.363724, -0.17358398
2.9029694, -9.355347, -0.18435669
2.8682556, -9.351746, -0.18075562
2.8299408, -9.397247, -0.17837524
2.7640991, -9.419983, -0.19033813
2.7664948, -9.439133, -0.14964294
2.7700958, -9.470261, -0.11253357
2.7593231, -9.483429, -0.094573975
2.711441, -9.503784, -0.06463623
2.711441, -9.497803, -0.022750854
2.7018585, -9.522934, 0.010772705
2.640808, -9.497803, 0.06942749
2.700653, -9.485825, 0.12928772
2.6551666, -9.491806, 0.15802002
2.6384125, -9.453506, 0.25378418
2.6707306, -9.445129, 0.3028717
2.656372, -9.394852, 0.35913086
2.6455994, -9.40921, 0.42736816
2.652771, -9.3984375, 0.47525024
2.695877, -9.373306, 0.509964
2.719818, -9.370911, 0.5746155
2.711441, -9.40921, 0.6248932
2.731781, -9.419983, 0.65600586
2.731781, -9.463089, 0.6572113
2.771286, -9.466675, 0.64164734
2.774887, -9.470261, 0.70269775
2.7461548, -9.494202, 0.68473816
2.78685, -9.526535, 0.7182617
2.7664948, -9.501389, 0.7254486
2.7437592, -9.495407, 0.7769165
2.7533264, -9.467865, 0.7649536
2.7329865, -9.4379425, 0.73861694
2.7138214, -9.44632, 0.7589569
2.740158, -9.452301, 0.79248047
2.7269897, -9.406815, 0.79248047
2.7413635, -9.360138, 0.806839
2.7700958, -9.356537, 0.84994507
2.7856598, -9.376892, 0.846344
2.7700958, -9.392456, 0.8595123
2.8096008, -9.363724, 0.8643036
2.8634644, -9.370911, 0.84754944
2.8945923, -9.384079, 0.89901733
2.9472656, -9.414001, 0.8547363
2.953247, -9.403229, 0.89064026
3.0035248, -9.369705, 0.8714905
3.0071106, -9.397247, 0.885849
3.0514069, -9.375687, 0.89064026
3.0705566, -9.379288, 0.91578674
3.0849304, -9.337387, 0.920578
3.0933075, -9.340973, 0.9181824
3.1376038, -9.305069, 0.91578674
3.1771088, -9.299072, 0.87986755
3.217804, -9.302673, 0.9229584
3.2273865, -9.307465, 0.91937256
3.226181, -9.303864, 0.8822632
3.2465363, -9.320633, 0.86790466
3.2477417, -9.308655, 0.841568
3.2740784, -9.290695, 0.82240295
3.2680817, -9.278732, 0.79248047
3.3183594, -9.31105, 0.7805023
3.3566742, -9.31105, 0.7745209
3.3339233, -9.30986, 0.76135254
3.3219604, -9.278732, 0.69911194
3.3411102, -9.30986, 0.6404419
3.4021606, -9.339783, 0.5997467
3.3794098, -9.3194275, 0.5638275
3.4033508, -9.312241, 0.5015869
3.4296875, -9.30986, 0.48721313
3.4404755, -9.331406, 0.42497253
3.4572296, -9.313446, 0.37469482
3.4440613, -9.342178, 0.3471527
3.43927, -9.314636, 0.28012085
3.43927, -9.314636, 0.24182129
3.4955292, -9.3194275, 0.17237854
3.4847565, -9.307465, 0.14724731
3.4979248, -9.287109, 0.084991455
3.5015259, -9.294296, 0.0071868896
3.4883575, -9.284714, -0.04069519
3.4667969, -9.266754, -0.08380127
3.4811707, -9.258377, -0.13407898
3.4835663, -9.265564, -0.16281128
3.4500427, -9.297882, -0.19392395
3.4823608, -9.261963, -0.21548462
3.4656067, -9.287109, -0.21786499
3.4811707, -9.285904, -0.25498962
3.446457, -9.300278, -0.27293396
3.446457, -9.276337, -0.24301147
3.463211, -9.26796, -0.28970337
3.4177246, -9.300278, -0.26455688
3.406952, -9.281128, -0.2861023
3.3973694, -9.2883, -0.25498962
3.4320831, -9.300278, -0.22146606
3.3662415, -9.285904, -0.15802002
3.368637, -9.320633, -0.1149292
3.336319, -9.312241, -0.11730957
3.3423004, -9.305069, -0.049087524
3.327942, -9.3302, 0.0143585205
3.3159637, -9.334991, 0.044296265
3.2932281, -9.3302, 0.084991455
3.2872314, -9.362518, 0.1304779
3.233368, -9.362518, 0.14364624
3.217804, -9.370911, 0.22505188
3.2225952, -9.355347, 0.2238617
3.2010498, -9.361328, 0.2633667
3.1795044, -9.373306, 0.3136444
3.1950684, -9.343369, 0.3327942
3.157959, -9.382874, 0.38546753
3.1459808, -9.388855, 0.39982605
3.1639404, -9.345764, 0.42736816
3.162735, -9.345764, 0.4632721
3.1603394, -9.39006, 0.4908142
3.147171, -9.372101, 0.54467773
3.1376038, -9.350555, 0.56503296
3.1435852, -9.344574, 0.5590515
3.1340027, -9.352951, 0.5638275
3.1136627, -9.338577, 0.6081238
3.1519623, -9.352951, 0.59376526
3.1555634, -9.381683, 0.60453796
3.1759033, -9.352951, 0.6392517
3.157959, -9.363724, 0.6404419
3.162735, -9.350555, 0.62249756
3.2034454, -9.381683, 0.63087463
3.1962585, -9.387665, 0.628479
3.2225952, -9.378082, 0.60214233
3.2309723, -9.366119, 0.6212921
3.2094269, -9.336197, 0.6320648
3.1914673, -9.350555, 0.6392517
3.2525177, -9.376892, 0.64404297
3.2285767, -9.364914, 0.6081238
3.2513275, -9.339783, 0.6428375
3.2716827, -9.360138, 0.5997467
3.2405548, -9.375687, 0.6081238
3.2405548, -9.352951, 0.6248932
3.245346, -9.352951, 0.62249756
3.2513275, -9.344574, 0.6081238
3.221405, -9.333801, 0.5782013
3.197464, -9.345764, 0.60095215
3.1890717, -9.351746, 0.58299255
3.1878815, -9.334991, 0.60214233
3.147171, -9.331406, 0.6033325
3.1459808, -9.323029, 0.6188965
3.1100616, -9.31105, 0.57341003
3.12323, -9.323029, 0.6033325
3.1363983, -9.337387, 0.5782013
3.12323, -9.333801, 0.5877838
3.1160583, -9.3194275, 0.58299255
3.1196442, -9.338577, 0.5746155
3.0933075, -9.31105, 0.5961609
3.0801392, -9.323029, 0.5638275
3.1004944, -9.327805, 0.57580566
3.10289, -9.320633, 0.56503296
3.0526123, -9.355347, 0.5710144
3.0561981, -9.356537, 0.5817871
3.0657806, -9.34697, 0.5530548
3.0693665, -9.366119, 0.5530548
3.1172485, -9.394852, 0.5590515
3.1064758, -9.414001, 0.5638275
3.1280212, -9.403229, 0.57699585
3.12323, -9.392456, 0.5518646
3.1052856, -9.376892, 0.5626373
3.138794, -9.345764, 0.49679565
3.1004944, -9.338577, 0.51116943
3.078949, -9.334991, 0.5231323
3.0921173, -9.306259, 0.50756836
3.118454, -9.303864, 0.45489502
3.0897217, -9.315842, 0.49679565
3.111267, -9.314636, 0.49560547
3.1340027, -9.323029, 0.44651794
3.1567535, -9.314636, 0.4189911
3.1495667, -9.342178, 0.43095398
3.1591492, -9.297882, 0.42497253
3.166336, -9.321823, 0.4010315
3.166336, -9.321823, 0.38067627
3.1914673, -9.317032, 0.37948608
3.1890717, -9.297882, 0.36871338
3.2154083, -9.305069, 0.34477234
3.217804, -9.327805, 0.32681274
3.2082367, -9.325409, 0.2956848
3.2166138, -9.332596, 0.25498962
3.2537231, -9.3302, 0.2059021
3.2405548, -9.31105, 0.23103333
3.2860413, -9.339783, 0.1484375
3.2800598, -9.313446, 0.14245605
3.3159637, -9.321823, 0.14245605
3.3016052, -9.302673, 0.120910645
3.3219604, -9.295486, 0.084991455
3.3411102, -9.326614, 0.0143585205
3.3231506, -9.302673, 0.039505005
3.36026, -9.31105, 0.010772705
3.3782196, -9.285904, -0.04069519
3.3925781, -9.277527, -0.051467896
3.3925781, -9.271545, -0.03831482
3.3889923, -9.266754, -0.068237305
3.3937836, -9.289505, -0.06463623
3.3985748, -9.273941, -0.111328125
3.4105377, -9.277527, -0.11013794
3.4225159, -9.308655, -0.0909729
3.4356842, -9.2643585, -0.099365234
3.4249115, -9.284714, -0.063446045
3.3985748, -9.278732, -0.120910645
3.4249115, -9.25119, -0.099365234
3.4033508, -9.295486, -0.06463623
3.406952, -9.300278, -0.03352356
3.4057465, -9.275131, -0.051467896
3.408142, -9.2799225, -0.011978149
3.4129333, -9.297882, 0.02633667
3.3746338, -9.294296, 0.049087524
3.3470917, -9.306259, 0.051467896
3.3327332, -9.340973, 0.11013794
3.3506927, -9.332596, 0.099365234
3.3183594, -9.338577, 0.13287354
3.2752686, -9.34697, 0.16281128
3.26091, -9.308655, 0.1771698
3.2285767, -9.332596, 0.21427917
3.20224, -9.36731, 0.24061584
3.2070312, -9.345764, 0.20948792
3.2166138, -9.34697, 0.2561798
3.1962585, -9.364914, 0.28849792
3.1615448, -9.345764, 0.26815796
3.138794, -9.349365, 0.26934814
3.1747131, -9.351746, 0.31124878
3.147171, -9.339783, 0.28012085
3.1088715, -9.363724, 0.28730774
3.1328125, -9.356537, 0.33758545
3.1136627, -9.318237, 0.3531494
3.1328125, -9.313446, 0.3902588
3.10289, -9.314636, 0.38786316
3.099289, -9.344574, 0.35673523
3.114853, -9.326614, 0.37709045
3.0957031, -9.320633, 0.4046173
3.099289, -9.306259, 0.39743042
3.1459808, -9.321823, 0.44293213
3.1411896, -9.314636, 0.44172668
3.1316223, -9.32901, 0.46447754
3.1328125, -9.325409, 0.45610046
3.1998444, -9.343369, 0.48483276
3.1591492, -9.361328, 0.48483276
3.147171, -9.351746, 0.4800415
3.178299, -9.361328, 0.56622314
3.1459808, -9.338577, 0.55545044
3.1651306, -9.331406, 0.5351105
3.1735077, -9.324219, 0.55545044
3.1854858, -9.302673, 0.56144714
3.193863, -9.287109, 0.58299255
3.1615448, -9.305069, 0.5698242
3.197464, -9.30986, 0.5805969
3.1926727, -9.295486, 0.6081238
3.2034454, -9.283524, 0.628479
3.2237854, -9.297882, 0.59376526
3.1962585, -9.294296, 0.6392517
3.2309723, -9.296692, 0.5877838
3.221405, -9.284714, 0.61291504
3.2513275, -9.290695, 0.5805969
3.245346, -9.242813, 0.58299255
3.2477417, -9.23085, 0.58299255
3.2597046, -9.221268, 0.58418274
3.233368, -9.242813, 0.5626373
3.265686, -9.270355, 0.57221985
3.2824554, -9.2799225, 0.56503296
3.3111877, -9.317032, 0.5590515
3.3722382, -9.364914, 0.5782013
3.3722382, -9.360138, 0.55545044
3.3830109, -9.334991, 0.5123596
3.3901825, -9.334991, 0.52911377
3.3925781, -9.303864, 0.48602295
3.4009705, -9.278732, 0.50398254
3.3985748, -9.2404175, 0.46447754
3.3889923, -9.223663, 0.44651794
3.3818054, -9.211685, 0.41539
3.399765, -9.217682, 0.4118042
3.4177246, -9.247604, 0.38546753
3.4177246, -9.221268, 0.37348938
3.4428558, -9.234436, 0.3471527
3.478775, -9.283524, 0.31004333
3.5290527, -9.3194275, 0.25138855
3.5553894, -9.345764, 0.24182129
3.5793304, -9.338577, 0.18435669
3.526657, -9.326614, 0.14485168
3.4919434, -9.277527, 0.101760864
3.4165192, -9.241623, 0.04548645
3.406952, -9.227249, 0.0059814453
3.3459015, -9.210495, -0.02394104
3.3662415, -9.210495, -0.075424194
3.4225159, -9.233246, -0.108932495
3.4512482, -9.289505, -0.1149292
3.4596252, -9.297882, -0.13526917
3.4799652, -9.349365, -0.17358398
3.4691925, -9.344574, -0.20111084
3.4967346, -9.34816, -0.1879425
3.4273071, -9.337387, -0.20111084
3.3506927, -9.317032, -0.2346344
3.3027954, -9.277527, -0.1951294
3.2597046, -9.278732, -0.17237854
3.2405548, -9.2883, -0.15083313
3.2369537, -9.287109, -0.1149292
3.2465363, -9.284714, -0.075424194
3.2070312, -9.285904, -0.044296265
3.2405548, -9.305069, -0.029922485
3.2477417, -9.317032, 0.015563965
3.2357635, -9.313446, 0.06463623
3.2441406, -9.337387, 0.070632935
3.2345734, -9.324219, 0.10295105
3.1950684, -9.31105, 0.16041565
3.233368, -9.351746, 0.20948792
3.2046356, -9.320633, 0.2561798
3.1771088, -9.321823, 0.25138855
3.1819, -9.31105, 0.28730774
3.2309723, -9.303864, 0.34117126
3.2429504, -9.331406, 0.3471527
3.1998444, -9.333801, 0.3435669
3.1878815, -9.320633, 0.45489502
3.2082367, -9.351746, 0.4692688
3.210617, -9.344574, 0.43933105
3.257309, -9.34697, 0.47883606
3.2716827, -9.351746, 0.55545044
3.233368, -9.339783, 0.53630066
3.2465363, -9.337387, 0.53271484
3.2704773, -9.326614, 0.5482788
3.2597046, -9.294296, 0.5518646
3.265686, -9.285904, 0.58657837
3.2824554, -9.271545, 0.58657837
3.2716827, -9.248795, 0.5817871
3.2740784, -9.247604, 0.5973511
3.288437, -9.2595825, 0.60572815
3.336319, -9.276337, 0.6260834
3.3315277, -9.2643585, 0.5674286
3.3459015, -9.261963, 0.5853882
3.3494873, -9.275131, 0.62727356
3.3375244, -9.2595825, 0.6201019
3.375824, -9.254791, 0.57341003
3.391388, -9.257187, 0.61531067
3.3985748, -9.253586, 0.5997467
3.4213104, -9.266754, 0.57341003
3.408142, -9.271545, 0.5626373
3.3854065, -9.247604, 0.5877838
3.36026, -9.226059, 0.5674286
3.3554688, -9.221268, 0.5171509
3.368637, -9.208099, 0.53271484
3.3818054, -9.239227, 0.48841858
3.4404755, -9.238022, 0.4297638
3.4213104, -9.239227, 0.42138672
3.4296875, -9.273941, 0.43693542
3.415329, -9.260773, 0.4010315
3.3554688, -9.25, 0.3327942
3.3566742, -9.23204, 0.3722992
3.4213104, -9.275131, 0.36871338
3.4045563, -9.290695, 0.34835815
3.4273071, -9.277527, 0.32202148
3.4404755, -9.26915, 0.3040619
3.415329, -9.252396, 0.29328918
3.4416656, -9.260773, 0.26097107
3.4261017, -9.245209, 0.22625732
3.3961792, -9.253586, 0.19992065
3.3961792, -9.266754, 0.17837524
3.3925781, -9.247604, 0.12808228
3.4201202, -9.26915, 0.11253357
3.4380798, -9.253586, 0.10774231
3.4009705, -9.272736, 0.087387085
3.4404755, -9.270355, 0.111328125
3.4261017, -9.282318, 0.10534668
3.4452515, -9.313446, 0.104141235
3.4296875, -9.333801, 0.101760864
3.4009705, -9.265564, 0.116119385
3.4117432, -9.293091, 0.094573975
3.3925781, -9.315842, 0.096969604
3.3865967, -9.290695, 0.09815979
3.4021606, -9.266754, 0.092178345
3.3698425, -9.300278, 0.12210083
3.3339233, -9.282318, 0.13407898
3.289627, -9.265564, 0.17837524
3.288437, -9.294296, 0.21069336
3.3075867, -9.301468, 0.21069336
3.3159637, -9.344574, 0.19871521
3.3782196, -9.312241, 0.23942566
3.3710327, -9.30986, 0.23223877
3.3063965, -9.3194275, 0.26097107
3.2956238, -9.307465, 0.292099
3.3255463, -9.300278, 0.2561798
3.2908325, -9.26915, 0.26934814
3.288437, -9.2883, 0.24182129
3.313568, -9.275131, 0.22984314
3.3315277, -9.277527, 0.25737
3.348297, -9.290695, 0.25138855
3.308792, -9.30986, 0.23223877
3.3195648, -9.296692, 0.25976562
3.3411102, -9.306259, 0.2741394
3.3470917, -9.295486, 0.26576233
3.3219604, -9.290695, 0.25737
3.324356, -9.300278, 0.2633667
3.265686, -9.2883, 0.25378418
3.2872314, -9.273941, 0.28251648
3.2393494, -9.263168, 0.31604004
3.217804, -9.246414, 0.3327942
3.2716827, -9.2799225, 0.30526733
3.2668915, -9.273941, 0.28730774
3.28125, -9.283524, 0.2956848
3.269287, -9.291901, 0.29927063
3.2429504, -9.332596, 0.27053833
3.2752686, -9.31105, 0.27772522
3.3255463, -9.324219, 0.29089355
3.3099823, -9.320633, 0.24420166
3.2872314, -9.291901, 0.22984314
3.2237854, -9.270355, 0.2238617
3.210617, -9.275131, 0.2849121
3.1723175, -9.266754, 0.30526733
3.1735077, -9.227249, 0.27174377
3.1878815, -9.260773, 0.30645752
3.1759033, -9.300278, 0.37109375
3.186676, -9.317032, 0.4333496
3.2357635, -9.339783, 0.4118042
3.2836456, -9.382874, 0.4237671
3.3040009, -9.373306, 0.47045898
3.327942, -9.342178, 0.44891357
3.3267365, -9.327805, 0.5171509
3.305191, -9.2799225, 0.52552795
3.2393494, -9.26796, 0.5171509
3.2477417, -9.25, 0.55784607
3.3195648, -9.238022, 0.58657837
3.3411102, -9.242813, 0.5746155
3.375824, -9.25, 0.5793915
3.3782196, -9.254791, 0.5530548
3.368637, -9.276337, 0.58299255
3.43927, -9.299072, 0.5530548
3.4296875, -9.296692, 0.5231323
3.4213104, -9.312241, 0.5351105
3.43927, -9.307465, 0.5207367
3.375824, -9.278732, 0.48960876
3.3830109, -9.26796, 0.45729065
3.3794098, -9.247604, 0.43814087
3.3399048, -9.216476, 0.47166443
3.3315277, -9.212891, 0.47644043
3.3111877, -9.227249, 0.43095398
3.312378, -9.242813, 0.44293213
3.3590698, -9.26915, 0.40940857
3.3865967, -9.299072, 0.37828064
3.367447, -9.299072, 0.39144897
3.3782196, -9.320633, 0.35794067
3.3973694, -9.291901, 0.3471527
3.415329, -9.293091, 0.3423767
3.4332886, -9.296692, 0.32081604
3.415329, -9.276337, 0.3136444
3.454834, -9.244019, 0.31843567
3.406952, -9.233246, 0.292099
3.3949738, -9.214081, 0.3040619
3.4177246, -9.204514, 0.25737
3.4129333, -9.215286, 0.28012085
3.454834, -9.215286, 0.22865295
3.5015259, -9.228455, 0.20709229
3.4919434, -9.216476, 0.17837524
3.4667969, -9.241623, 0.15083313
3.4751892, -9.235626, 0.15802002
3.4751892, -9.2248535, 0.15083313
3.4895477, -9.241623, 0.12449646
3.5075073, -9.236832, 0.1257019
3.5242615, -9.228455, 0.123306274
3.51828, -9.257187, 0.10534668
3.5290527, -9.287109, 0.113723755
3.5134888, -9.23085, 0.13526917
3.4811707, -9.234436, 0.12928772
3.4979248, -9.228455, 0.104141235
3.4919434, -9.226059, 0.094573975
3.5194702, -9.20929, 0.080200195
3.5529938, -9.200912, 0.12689209
3.4811707, -9.203308, 0.106536865
3.4919434, -9.211685, 0.120910645
3.5314484, -9.25, 0.15441895
3.5170898, -9.254791, 0.21548462
3.5039215, -9.25119, 0.21907043
3.4775848, -9.226059, 0.23582458
3.4667969, -9.234436, 0.28370667
3.4608154, -9.246414, 0.2669525
3.4368744, -9.25119, 0.252594
3.454834, -9.258377, 0.26934814
3.4488525, -9.248795, 0.2633667
3.4380798, -9.238022, 0.31004333
3.3961792, -9.238022, 0.28849792
3.3854065, -9.26915, 0.33518982
3.3794098, -9.290695, 0.3531494
3.3806152, -9.266754, 0.38426208
3.3746338, -9.253586, 0.39505005
3.3494873, -9.289505, 0.3938446
3.348297, -9.293091, 0.45968628
3.3650513, -9.26796, 0.4405365
3.3746338, -9.300278, 0.4620819
3.344696, -9.26915, 0.4692688
3.344696, -9.2595825, 0.47166443
3.3387146, -9.254791, 0.45489502
3.3267365, -9.255981, 0.4908142
3.3351288, -9.282318, 0.52911377
3.3147736, -9.252396, 0.5231323
3.3147736, -9.263168, 0.5063782
3.3423004, -9.2799225, 0.49440002
3.312378, -9.313446, 0.5123596
3.3099823, -9.263168, 0.54707336
3.3231506, -9.291901, 0.53271484
3.272873, -9.266754, 0.53630066
3.2549133, -9.255981, 0.56622314
3.2632904, -9.254791, 0.5901642
3.3016052, -9.271545, 0.588974
3.3040009, -9.282318, 0.5925598
3.308792, -9.2595825, 0.58657837
3.348297, -9.297882, 0.55784607
3.320755, -9.289505, 0.52433777
3.2836456, -9.281128, 0.5315094
3.2644958, -9.275131, 0.5686188
3.2740784, -9.273941, 0.53749084
3.265686, -9.285904, 0.5231323
3.2920227, -9.320633, 0.47644043
3.289627, -9.2883, 0.45489502
3.248932, -9.239227, 0.44532776
3.2549133, -9.266754, 0.46087646
3.2561188, -9.25, 0.4237671
3.3147736, -9.258377, 0.40222168
3.3662415, -9.265564, 0.3615265
3.3937836, -9.2643585, 0.28730774
3.4129333, -9.26796, 0.22505188
3.3554688, -9.276337, 0.21907043
3.3303375, -9.242813, 0.20469666
3.2824554, -9.236832, 0.12449646
3.2561188, -9.215286, 0.11730957
3.3339233, -9.25, 0.096969604
3.3566742, -9.260773, 0.06463623
3.3818054, -9.2799225, 0.065841675
3.3590698, -9.278732, 0.07661438
3.384201, -9.302673, 0.13526917
3.3818054, -9.308655, 0.13647461
3.4368744, -9.277527, 0.1257019
3.502716, -9.266754, 0.06225586
3.4811707, -9.272736, 0.07901001
3.4536285, -9.238022, 0.14485168
3.3878021, -9.200912, 0.20111084
3.3710327, -9.173386, 0.21907043
3.4009705, -9.226059, 0.25976562
3.4691925, -9.202118, 0.25019836
3.4907532, -9.218872, 0.27893066
3.5362396, -9.25119, 0.2861023
3.5386353, -9.255981, 0.32202148
3.5434113, -9.26796, 0.3327942
3.5685577, -9.258377, 0.34954834
3.5541992, -9.261963, 0.37469482
3.530243, -9.235626, 0.375885
3.5541992, -9.208099, 0.40821838
3.5314484, -9.212891, 0.39265442
3.4931335, -9.227249, 0.42497253
3.4979248, -9.208099, 0.41778564
3.5170898, -9.223663, 0.4010315
3.5134888, -9.261963, 0.3435669
3.5278625, -9.257187, 0.4010315
3.5194702, -9.257187, 0.3866577
3.4931335, -9.263168, 0.31962585
3.5003204, -9.261963, 0.34596252
3.4715881, -9.242813, 0.31723022
3.4536285, -9.245209, 0.31604004
3.4141388, -9.275131, 0.25498962
3.3590698, -9.253586, 0.27772522
3.3746338, -9.25, 0.2741394
3.3578644, -9.266754, 0.28370667
3.3746338, -9.287109, 0.3076477
3.3530731, -9.282318, 0.2741394
3.3542786, -9.297882, 0.24420166
3.3590698, -9.313446, 0.28012085
3.348297, -9.302673, 0.29089355
3.3339233, -9.306259, 0.2956848
3.2776642, -9.317032, 0.252594
3.2537231, -9.266754, 0.22744751
3.245346, -9.275131, 0.25976562
3.2465363, -9.273941, 0.30166626
3.2429504, -9.270355, 0.3040619
3.2561188, -9.290695, 0.27174377
3.2824554, -9.324219, 0.27293396
3.3267365, -9.317032, 0.28970337
3.3159637, -9.303864, 0.27293396
3.2752686, -9.305069, 0.28251648
3.2668915, -9.263168, 0.33039856
3.226181, -9.278732, 0.31004333
3.1962585, -9.291901, 0.30885315
3.2142181, -9.273941, 0.35673523
3.2118225, -9.278732, 0.37469482
3.2441406, -9.305069, 0.37948608
3.2716827, -9.308655, 0.4118042
3.3016052, -9.300278, 0.3938446
3.2944183, -9.321823, 0.39505005
3.2561188, -9.291901, 0.41778564
3.2441406, -9.285904, 0.43215942
3.2632904, -9.2643585, 0.43814087
3.2836456, -9.258377, 0.41059875
3.2872314, -9.25119, 0.4405365
3.3027954, -9.261963, 0.45010376
3.248932, -9.266754, 0.46566772
3.257309, -9.23204, 0.43693542
3.3147736, -9.248795, 0.44651794
3.3267365, -9.246414, 0.48721313
3.3470917, -9.239227, 0.48721313
3.3159637, -9.273941, 0.46087646
3.3387146, -9.301468, 0.50398254
3.3638458, -9.295486, 0.52552795
3.3889923, -9.2883, 0.49919128
3.4117432, -9.283524, 0.4800415
3.4213104, -9.261963, 0.51594543
3.3746338, -9.266754, 0.48362732
3.3722382, -9.215286, 0.49919128
3.3578644, -9.211685, 0.49560547
3.4129333, -9.234436, 0.4812317
3.4596252, -9.234436, 0.5351105
3.4656067, -9.196121, 0.50398254
3.4620209, -9.235626, 0.47045898
3.446457, -9.25, 0.48960876
3.4452515, -9.235626, 0.46687317
3.4452515, -9.208099, 0.44532776
3.4919434, -9.238022, 0.47525024
3.4907532, -9.235626, 0.44770813
3.4823608, -9.247604, 0.43814087
3.5218658, -9.253586, 0.42138672
3.5278625, -9.248795, 0.45968628
3.5446167, -9.2643585, 0.41419983
3.5146942, -9.223663, 0.3866577
3.541031, -9.222458, 0.35673523
3.530243, -9.206909, 0.3435669
3.533844, -9.248795, 0.31243896
3.5039215, -9.247604, 0.27293396
3.4955292, -9.205704, 0.2813263
3.5015259, -9.200912, 0.23103333
3.5541992, -9.2404175, 0.20469666
3.51828, -9.242813, 0.1951294
3.4775848, -9.221268, 0.21548462
3.4895477, -9.227249, 0.15083313
3.5146942, -9.263168, 0.13526917
3.5051117, -9.273941, 0.123306274
3.509903, -9.271545, 0.08380127
3.470398, -9.25, 0.0909729
3.4680023, -9.25119, 0.061050415
3.4440613, -9.257187, 0.06942749
3.4440613, -9.246414, 0.053863525
3.4296875, -9.26915, 0.03352356
3.4440613, -9.261963, 0.029922485
3.4189148, -9.244019, 0.05267334
3.3770142, -9.2643585, 0.0574646
3.3949738, -9.26915, 0.008377075
3.348297, -9.23204, -0.0095825195
3.3638458, -9.265564, 0.013168335
3.3554688, -9.272736, 0.034713745
3.3327332, -9.261963, 0.027526855
3.3530731, -9.291901, 0.034713745
3.3399048, -9.308655, 0.04069519
3.3459015, -9.30986, 0.05506897
3.327942, -9.313446, 0.07661438
3.3063965, -9.307465, 0.099365234
3.2932281, -9.301468, 0.075424194
3.2525177, -9.324219, 0.116119385
3.2680817, -9.314636, 0.15802002
3.2225952, -9.284714, 0.15441895
3.2094269, -9.287109, 0.15562439
3.241745, -9.2643585, 0.16281128
3.217804, -9.290695, 0.1879425
3.1986542, -9.312241, 0.24301147
3.193863, -9.325409, 0.24899292
3.193863, -9.318237, 0.252594
3.210617, -9.312241, 0.28970337
3.1998444, -9.338577, 0.27653503
3.2010498, -9.320633, 0.27772522
3.1986542, -9.297882, 0.33039856
3.2154083, -9.296692, 0.3423767
3.2166138, -9.300278, 0.3076477
3.226181, -9.308655, 0.32202148
3.2166138, -9.284714, 0.34954834
3.2034454, -9.276337, 0.34835815
3.2345734, -9.26796, 0.39982605
3.2010498, -9.273941, 0.43814087
3.2082367, -9.295486, 0.42616272
3.2142181, -9.31105, 0.40222168
3.217804, -9.291901, 0.41539
3.2513275, -9.31105, 0.41419983
3.2477417, -9.299072, 0.45010376
3.2465363, -9.302673, 0.4524994
3.2716827, -9.297882, 0.4524994
3.269287, -9.266754, 0.44891357
3.2860413, -9.245209, 0.4740448
3.28125, -9.277527, 0.45489502
3.3003998, -9.273941, 0.4620819
3.313568, -9.273941, 0.4908142
3.3027954, -9.300278, 0.45370483
3.3195648, -9.281128, 0.46687317
3.3614655, -9.302673, 0.47525024
3.3494873, -9.239227, 0.45968628
3.344696, -9.239227, 0.45610046
3.3040009, -9.294296, 0.42018127
3.3075867, -9.278732, 0.43814087
3.3722382, -9.254791, 0.4620819
3.3985748, -9.253586, 0.42018127
3.3554688, -9.296692, 0.4118042
3.4177246, -9.296692, 0.39144897
3.3806152, -9.2799225, 0.39743042
3.3937836, -9.272736, 0.3651123
3.3925781, -9.253586, 0.37109375
3.3375244, -9.212891, 0.37109375
3.336319, -9.247604, 0.35194397
3.3973694, -9.266754, 0.33998108
3.423706, -9.287109, 0.32081604
3.3961792, -9.247604, 0.2861023
3.3985748, -9.265564, 0.292099
3.4189148, -9.2643585, 0.25138855
3.3949738, -9.263168, 0.21786499
3.4284973, -9.273941, 0.21188354
3.3961792, -9.281128, 0.20709229
3.368637, -9.273941, 0.23223877
3.4093475, -9.265564, 0.16879272
3.3554688, -9.270355, 0.15203857
3.3722382, -9.266754, 0.17597961
3.4189148, -9.289505, 0.1951294
3.3734283, -9.287109, 0.1257019
3.406952, -9.247604, 0.13168335
3.3662415, -9.2643585, 0.17477417
3.3542786, -9.265564, 0.20469666
3.3590698, -9.271545, 0.1951294
3.3339233, -9.289505, 0.19392395
3.3411102, -9.296692, 0.22625732
3.36026, -9.308655, 0.22865295
3.3638458, -9.285904, 0.22865295
3.3375244, -9.277527, 0.20350647
3.329132, -9.282318, 0.28370667
3.312378, -9.295486, 0.31604004
3.312378, -9.271545, 0.3040619
3.3171692, -9.277527, 0.32081604
3.320755, -9.276337, 0.35913086
3.2800598, -9.283524, 0.33039856
3.3159637, -9.294296, 0.331604
3.329132, -9.255981, 0.331604
3.2836456, -9.273941, 0.31962585
3.308792, -9.285904, 0.32800293
3.289627, -9.278732, 0.36871338
3.327942, -9.293091, 0.38546753
3.2944183, -9.308655, 0.40222168
3.2836456, -9.287109, 0.37948608
3.3003998, -9.293091, 0.42736816
3.3147736, -9.272736, 0.4237671
3.3003998, -9.281128, 0.44891357
3.3016052, -9.271545, 0.4405365
3.3195648, -9.278732, 0.44172668
3.3027954, -9.2643585, 0.41299438
3.3171692, -9.26915, 0.4297638
3.344696, -9.282318, 0.40342712
3.3195648, -9.252396, 0.43814087
3.305191, -9.263168, 0.4632721
3.3506927, -9.290695, 0.47166443
3.3650513, -9.308655, 0.4513092
3.3506927, -9.303864, 0.43215942
3.3375244, -9.299072, 0.44172668
3.296814, -9.306259, 0.42138672
3.305191, -9.278732, 0.41778564
3.3459015, -9.283524, 0.39743042
3.3411102, -9.263168, 0.4333496
3.3578644, -9.272736, 0.4237671
3.3985748, -9.265564, 0.39982605
3.3746338, -9.244019, 0.41778564
3.3830109, -9.297882, 0.40582275
3.3638458, -9.284714, 0.41778564
3.367447, -9.272736, 0.4225769
3.3961792, -9.260773, 0.43693542
3.367447, -9.270355, 0.4441223
3.391388, -9.266754, 0.41659546
3.3722382, -9.289505, 0.39144897
3.3865967, -9.25119, 0.3830719
3.4105377, -9.284714, 0.40701294
3.3722382, -9.273941, 0.41059875
3.3889923, -9.271545, 0.41419983
3.3830109, -9.295486, 0.39144897
3.391388, -9.283524, 0.36032104
3.3794098, -9.26915, 0.375885
3.3339233, -9.273941, 0.4010315
3.3830109, -9.260773, 0.36871338
3.3542786, -9.254791, 0.40821838
3.3566742, -9.2883, 0.37109375
3.3494873, -9.294296, 0.3531494
3.313568, -9.277527, 0.35794067
3.3327332, -9.271545, 0.34596252
3.3435059, -9.282318, 0.36392212
3.3075867, -9.295486, 0.34954834
3.3351288, -9.289505, 0.3136444
3.3375244, -9.281128, 0.3543396
3.3327332, -9.283524, 0.30526733
3.308792, -9.266754, 0.3040619
3.312378, -9.305069, 0.30645752
3.3315277, -9.291901, 0.31843567
3.3411102, -9.293091, 0.3040619
3.3626556, -9.272736, 0.25976562
3.3423004, -9.26915, 0.32321167
3.324356, -9.290695, 0.292099
3.3231506, -9.258377, 0.296875
3.3387146, -9.272736, 0.32081604
3.3710327, -9.276337, 0.31962585
3.348297, -9.2799225, 0.27053833
3.3399048, -9.270355, 0.24182129
3.3375244, -9.245209, 0.25138855
3.336319, -9.265564, 0.30166626
3.3662415, -9.2404175, 0.296875
3.3794098, -9.253586, 0.27053833
3.3578644, -9.282318, 0.28251648
3.3183594, -9.25119, 0.3040619
3.344696, -9.265564, 0.27653503
3.3423004, -9.248795, 0.28970337
3.3578644, -9.266754, 0.29927063
3.3854065, -9.265564, 0.27053833
3.3566742, -9.25119, 0.31723022
3.3554688, -9.25, 0.30645752
3.367447, -9.233246, 0.30645752
3.351883, -9.25119, 0.32681274
3.3949738, -9.26796, 0.29089355
3.3985748, -9.254791, 0.3040619
3.4045563, -9.26915, 0.29447937
3.4225159, -9.260773, 0.29089355
3.391388, -9.25119, 0.27772522
3.4201202, -9.263168, 0.2956848
3.4680023, -9.294296, 0.30047607
3.4691925, -9.283524, 0.28370667
3.463211, -9.287109, 0.20469666
3.4380798, -9.293091, 0.2454071
3.4620209, -9.273941, 0.30526733
3.4572296, -9.26796, 0.26815796
3.4273071, -9.234436, 0.25737
3.4105377, -9.227249, 0.28730774
3.4225159, -9.234436, 0.2861023
3.4225159, -9.255981, 0.25498962
3.4201202, -9.242813, 0.25857544
3.4093475, -9.234436, 0.25737
3.4105377, -9.283524, 0.27053833
3.4117432, -9.305069, 0.28012085
3.3925781, -9.299072, 0.25019836
3.3985748, -9.285904, 0.26576233
3.4117432, -9.290695, 0.30526733
3.4368744, -9.321823, 0.2741394
3.3985748, -9.276337, 0.22865295
3.3770142, -9.285904, 0.2741394
3.3506927, -9.257187, 0.25857544
3.3638458, -9.255981, 0.24061584
3.329132, -9.241623, 0.25378418
3.3075867, -9.235626, 0.3244171
3.3003998, -9.257187, 0.32321167
3.3387146, -9.297882, 0.30166626
3.324356, -9.312241, 0.28849792
3.3231506, -9.333801, 0.31243896
3.3722382, -9.327805, 0.32800293
3.3303375, -9.315842, 0.3615265
3.327942, -9.332596, 0.36392212
3.3351288, -9.307465, 0.3244171
3.329132, -9.32901, 0.31843567
3.2824554, -9.293091, 0.37469482
3.2668915, -9.34816, 0.34596252
3.2644958, -9.3194275, 0.33518982
3.2309723, -9.308655, 0.35673523
3.2441406, -9.313446, 0.38546753
3.2201996, -9.320633, 0.3902588
3.2369537, -9.315842, 0.35673523
3.2369537, -9.302673, 0.40342712
3.1830902, -9.289505, 0.40940857
3.190277, -9.314636, 0.42736816
3.1962585, -9.293091, 0.40701294
3.1819, -9.2799225, 0.4046173
3.1890717, -9.263168, 0.4118042
3.1854858, -9.261963, 0.39743042
3.1651306, -9.271545, 0.46806335
3.1711273, -9.257187, 0.4225769
3.1567535, -9.285904, 0.41419983
3.1699219, -9.297882, 0.43455505
3.20224, -9.302673, 0.43814087
3.2285767, -9.303864, 0.47166443
3.2010498, -9.324219, 0.39863586
3.1854858, -9.339783, 0.4405365
3.217804, -9.314636, 0.45729065
3.2142181, -9.338577, 0.4513092
3.2010498, -9.334991, 0.45010376
3.2273865, -9.325409, 0.47166443
3.2549133, -9.327805, 0.45489502
3.26091, -9.3194275, 0.44172668
3.2357635, -9.293091, 0.51116943
3.2872314, -9.308655, 0.47525024
3.245346, -9.31105, 0.48362732
3.2860413, -9.265564, 0.47166443
3.2621002, -9.242813, 0.4620819
3.2680817, -9.255981, 0.47644043
3.248932, -9.271545, 0.4620819
3.288437, -9.2643585, 0.4740448
3.3063965, -9.284714, 0.46087646
3.336319, -9.296692, 0.45610046
3.36026, -9.326614, 0.45729065
3.368637, -9.315842, 0.47166443
3.3830109, -9.314636, 0.45010376
3.3435059, -9.30986, 0.4632721
3.3578644, -9.296692, 0.42497253
3.3662415, -9.289505, 0.40821838
3.3614655, -9.2883, 0.40701294
3.3542786, -9.2595825, 0.3866577
3.3638458, -9.272736, 0.3866577
3.36026, -9.260773, 0.34477234
3.3542786, -9.241623, 0.30645752
3.3626556, -9.26915, 0.28370667
3.375824, -9.275131, 0.23223877
3.3854065, -9.282318, 0.23103333
3.4105377, -9.2883, 0.20709229
3.3818054, -9.303864, 0.17956543
3.3937836, -9.296692, 0.1376648
3.3937836, -9.303864, 0.0909729
3.4093475, -9.289505, 0.12210083
3.3961792, -9.2883, 0.07421875
3.3937836, -9.277527, 0.05027771
3.3985748, -9.248795, 0.0071868896
3.4021606, -9.2643585, -0.0059814453
3.4117432, -9.255981, -0.03112793
3.4141388, -9.253586, -0.04069519
3.4213104, -9.245209, -0.03831482
3.4189148, -9.245209, -0.020355225
3.4356842, -9.257187, -0.04309082
3.430893, -9.2404175, -0.046691895
3.415329, -9.228455, -0.065841675
3.415329, -9.253586, -0.03831482
3.430893, -9.273941, -0.032318115
3.4620209, -9.307465, 0.0071868896
3.4620209, -9.302673, 0.027526855
3.4811707, -9.312241, 0.0287323
3.4656067, -9.308655, 0.05506897
3.4296875, -9.253586, 0.05986023
3.4177246, -9.229645, 0.087387085
3.4093475, -9.246414, 0.1149292
3.3865967, -9.246414, 0.111328125
3.3830109, -9.236832, 0.16281128
3.3698425, -9.227249, 0.18196106
3.3506927, -9.2404175, 0.21786499
3.3554688, -9.2643585, 0.18914795
3.3770142, -9.273941, 0.22505188
3.4129333, -9.284714, 0.29808044
3.4165192, -9.299072, 0.2561798
3.4021606, -9.302673, 0.331604
3.4225159, -9.308655, 0.31124878
3.4344788, -9.302673, 0.32321167
3.4416656, -9.327805, 0.31962585
3.4249115, -9.323029, 0.3244171
3.4057465, -9.318237, 0.34835815
3.3973694, -9.338577, 0.35075378
3.3506927, -9.300278, 0.34596252
3.313568, -9.31105, 0.3902588
3.3111877, -9.318237, 0.35075378
3.2980194, -9.350555, 0.35554504
3.3111877, -9.361328, 0.37828064
3.305191, -9.333801, 0.3818817
3.2680817, -9.362518, 0.38426208
3.2824554, -9.362518, 0.35194397
3.2273865, -9.374496, 0.36271667
3.2082367, -9.373306, 0.3423767
3.1615448, -9.379288, 0.3423767
3.142395, -9.340973, 0.32081604
3.1495667, -9.332596, 0.32321167
3.111267, -9.297882, 0.3148346
3.078949, -9.345764, 0.33518982
3.0286713, -9.332596, 0.3076477
3.039444, -9.362518, 0.31843567
3.0681763, -9.349365, 0.31243896
3.0406342, -9.336197, 0.31004333
3.0023346, -9.373306, 0.28970337
3.0190887, -9.373306, 0.3040619
3.039444, -9.339783, 0.2849121
3.0035248, -9.314636, 0.3040619
2.9939423, -9.282318, 0.3040619
3.0047302, -9.276337, 0.2741394
2.9867706, -9.244019, 0.34835815
2.9723969, -9.242813, 0.36032104
2.9304962, -9.242813, 0.3866577
2.952057, -9.2595825, 0.33398438
2.984375, -9.26915, 0.39144897
2.9736023, -9.270355, 0.39505005
2.9987335, -9.276337, 0.3938446
3.0370483, -9.326614, 0.43095398
3.0262756, -9.296692, 0.4513092
3.0466156, -9.334991, 0.46087646
3.094513, -9.327805, 0.49919128
3.0825348, -9.296692, 0.50756836
3.0777435, -9.271545, 0.5231323
3.0921173, -9.229645, 0.53630066
3.0957031, -9.202118, 0.549469
3.1016846, -9.162613, 0.5853882
3.1208344, -9.175781, 0.6428375
3.1363983, -9.222458, 0.5782013
3.1759033, -9.258377, 0.63446045
3.2980194, -9.291901, 0.6428375
3.3578644, -9.324219, 0.64164734
3.463211, -9.339783, 0.6607971
3.509903, -9.385269, 0.6356659
3.5350342, -9.39006, 0.66677856
3.566162, -9.333801, 0.683548
3.6140442, -9.305069, 0.6775665
3.621231, -9.290695, 0.6392517
3.612854, -9.226059, 0.65600586
3.6320038, -9.218872, 0.61291504
3.609253, -9.2248535, 0.62249756
3.6427765, -9.235626, 0.6081238
3.6547546, -9.245209, 0.6093292
3.7145996, -9.277527, 0.5315094
3.7182007, -9.299072, 0.47883606
3.751709, -9.336197, 0.47883606
3.7840424, -9.30986, 0.38067627
3.7744598, -9.3302, 0.36871338
3.7660828, -9.326614, 0.35554504
3.707428, -9.285904, 0.25857544
3.6631317, -9.2404175, 0.24061584
3.609253, -9.253586, 0.16758728
3.5625763, -9.2404175, 0.118515015
3.4979248, -9.1853485, 0.039505005
3.4680023, -9.206909, -0.0143585205
3.4680023, -9.241623, -0.03352356
3.478775, -9.276337, -0.096969604
3.4524384, -9.283524, -0.15083313
3.4165192, -9.291901, -0.18675232
3.399765, -9.31105, -0.24301147
3.384201, -9.293091, -0.31962585
3.3554688, -9.283524, -0.3543396
3.3506927, -9.290695, -0.3866577
3.3016052, -9.308655, -0.40940857
3.2632904, -9.30986, -0.43693542
3.2585144, -9.321823, -0.42616272
3.2166138, -9.308655, -0.39982605
3.1962585, -9.331406, -0.41659546
3.1795044, -9.32901, -0.37709045
3.154358, -9.337387, -0.37348938
3.138794, -9.323029, -0.31604004
3.1363983, -9.303864, -0.26097107
3.1220398, -9.291901, -0.19273376
3.1172485, -9.306259, -0.1879425
3.1004944, -9.318237, -0.116119385
3.1100616, -9.313446, -0.070632935
3.111267, -9.324219, -0.039505005
3.1160583, -9.364914, 0.0143585205
3.1196442, -9.372101, 0.08380127
3.1483765, -9.378082, 0.15322876
3.1687317, -9.397247, 0.1592102
3.1747131, -9.382874, 0.18435669
3.1555634, -9.402023, 0.24780273
3.1639404, -9.372101, 0.22625732
3.1711273, -9.354141, 0.30526733
3.1399994, -9.376892, 0.3423767
3.1495667, -9.376892, 0.33039856
3.1256256, -9.36731, 0.40342712
3.1256256, -9.366119, 0.43933105
3.12323, -9.378082, 0.43933105
3.142395, -9.385269, 0.47644043
3.1435852, -9.419983, 0.48841858
3.118454, -9.406815, 0.47883606
3.1280212, -9.374496, 0.5171509
3.1196442, -9.369705, 0.51475525
3.0909119, -9.375687, 0.5590515
3.0561981, -9.34816, 0.588974
3.0861206, -9.357742, 0.5877838
3.1004944, -9.354141, 0.5638275
3.0849304, -9.349365, 0.5602417
3.0933075, -9.342178, 0.5997467
3.0741577, -9.323029, 0.5877838
3.0909119, -9.327805, 0.60453796
3.111267, -9.31105, 0.6081238
3.10289, -9.325409, 0.6260834
3.118454, -9.326614, 0.6188965
3.1352081, -9.321823, 0.5901642
3.138794, -9.356537, 0.6392517
3.1411896, -9.325409, 0.62727356
3.1447906, -9.340973, 0.61531067
3.1399994, -9.334991, 0.6177063
3.1376038, -9.315842, 0.64404297
3.1411896, -9.315842, 0.64164734
3.1411896, -9.294296, 0.6464386
3.142395, -9.285904, 0.5997467
3.150772, -9.242813, 0.5961609
3.1376038, -9.271545, 0.5877838
3.1196442, -9.2643585, 0.588974
3.1280212, -9.271545, 0.5793915
3.1495667, -9.257187, 0.55784607
3.166336, -9.245209, 0.53749084
3.1890717, -9.247604, 0.54707336
3.2070312, -9.293091, 0.5195465
3.2345734, -9.2883, 0.51834106
3.2429504, -9.299072, 0.46566772
3.229782, -9.287109, 0.4297638
3.289627, -9.300278, 0.46447754
3.3171692, -9.294296, 0.45370483
3.2920227, -9.293091, 0.40342712
3.272873, -9.278732, 0.42497253
3.327942, -9.2643585, 0.39624023
3.3638458, -9.272736, 0.3471527
3.3614655, -9.293091, 0.34954834
3.4105377, -9.294296, 0.3256073
3.4129333, -9.271545, 0.30645752
3.4320831, -9.270355, 0.26216125
3.4656067, -9.260773, 0.23342896
3.4512482, -9.294296, 0.18914795
3.4763794, -9.271545, 0.17118835
3.470398, -9.25, 0.082595825
3.485962, -9.255981, 0.06225586
3.5075073, -9.208099, 0.04548645
3.5470123, -9.253586, -0.02633667
3.5362396, -9.2643585, -0.034713745
3.541031, -9.271545, -0.06942749
3.5541992, -9.271545, -0.12210083
3.573349, -9.291901, -0.12928772
3.5877075, -9.261963, -0.17837524
3.5625763, -9.216476, -0.17956543
3.549408, -9.216476, -0.22265625
3.5278625, -9.20929, -0.252594
3.5063019, -9.236832, -0.2633667
3.5529938, -9.194931, -0.25857544
3.5362396, -9.156631, -0.25976562
3.542221, -9.187744, -0.21907043
3.51828, -9.227249, -0.21548462
3.4620209, -9.233246, -0.22744751
3.4799652, -9.283524, -0.17477417
3.4739838, -9.296692, -0.14125061
3.4536285, -9.3302, -0.14125061
3.4273071, -9.372101, -0.053863525
3.406952, -9.430756, -0.020355225
3.4225159, -9.449921, 0.0059814453
3.4141388, -9.424774, 0.011978149
3.3638458, -9.447525, 0.058654785
3.3506927, -9.475052, 0.07661438
3.3231506, -9.415192, 0.13647461
3.2393494, -9.412811, 0.17477417
3.2046356, -9.340973, 0.20350647
3.1519623, -9.312241, 0.20111084
3.099289, -9.283524, 0.20709229
3.0885162, -9.241623, 0.23342896
3.0178986, -9.23085, 0.25737
3.0142975, -9.261963, 0.3423767
3.0250702, -9.281128, 0.36990356
3.047821, -9.283524, 0.3471527
3.0490112, -9.326614, 0.36631775
3.0621796, -9.321823, 0.35673523
3.0909119, -9.325409, 0.41299438
3.087326, -9.345764, 0.42736816
3.0813446, -9.333801, 0.43814087
3.0741577, -9.357742, 0.4297638
3.1040802, -9.354141, 0.48243713
3.1160583, -9.36731, 0.48841858
3.1088715, -9.352951, 0.5351105
3.1292267, -9.369705, 0.55545044
3.147171, -9.313446, 0.5590515
3.1639404, -9.272736, 0.60095215
3.1687317, -9.284714, 0.6320648
3.1352081, -9.281128, 0.6069336
3.1890717, -9.281128, 0.6823425
3.2381592, -9.295486, 0.69192505
3.2477417, -9.278732, 0.6775665
3.269287, -9.294296, 0.7182617
3.288437, -9.314636, 0.7182617
3.3111877, -9.32901, 0.7170563
3.3387146, -9.318237, 0.7410126
3.3614655, -9.30986, 0.73262024
3.3794098, -9.31105, 0.7697296
3.348297, -9.320633, 0.7769165
3.375824, -9.306259, 0.7948761
3.406952, -9.2643585, 0.7960663
3.4201202, -9.275131, 0.76734924
3.4033508, -9.283524, 0.74938965
3.4117432, -9.2595825, 0.7290344
3.4249115, -9.275131, 0.74339294
3.4177246, -9.261963, 0.74339294
3.4141388, -9.263168, 0.74339294
3.447647, -9.270355, 0.7661438
3.4524384, -9.266754, 0.7146759
3.4536285, -9.281128, 0.7254486
3.454834, -9.26796, 0.7302246
3.4835663, -9.296692, 0.74938965
3.4715881, -9.297882, 0.7110748
3.5122986, -9.303864, 0.6907196
3.5206757, -9.296692, 0.6464386
3.4883575, -9.2799225, 0.628479
3.4811707, -9.293091, 0.61531067
3.5003204, -9.271545, 0.5961609
3.4835663, -9.265564, 0.57341003
3.4680023, -9.302673, 0.533905
3.4680023, -9.294296, 0.5195465
3.4512482, -9.31105, 0.5051727
3.4620209, -9.305069, 0.4728546
3.4021606, -9.327805, 0.41778564
3.384201, -9.300278, 0.39863586
3.336319, -9.320633, 0.32321167
3.3435059, -9.314636, 0.28970337
3.3351288, -9.308655, 0.26576233
3.296814, -9.331406, 0.17118835
3.265686, -9.323029, 0.11253357
3.2465363, -9.307465, 0.10534668
3.2309723, -9.342178, 0.06225586
3.2034454, -9.336197, -0.0023956299
3.190277, -9.333801, -0.03352356
3.190277, -9.345764, -0.13168335
3.147171, -9.345764, -0.21308899
3.1004944, -9.3589325, -0.22505188
3.1495667, -9.337387, -0.26576233
3.1208344, -9.340973, -0.2813263
3.0849304, -9.360138, -0.33039856
3.0813446, -9.338577, -0.3256073
3.047821, -9.366119, -0.35794067
3.0490112, -9.357742, -0.35794067
3.020279, -9.325409, -0.32202148
3.0490112, -9.337387, -0.30645752
3.016693, -9.369705, -0.33398438
3.0573883, -9.336197, -0.3327942
3.0466156, -9.327805, -0.23582458
3.0406342, -9.36731, -0.19992065
3.055008, -9.340973, -0.1304779
3.0645752, -9.34697, -0.065841675
3.0573883, -9.337387, -0.051467896
3.078949, -9.340973, -0.011978149
3.1076813, -9.32901, 0.096969604
3.1196442, -9.332596, 0.15802002
3.142395, -9.360138, 0.18315125
3.1411896, -9.351746, 0.21308899
3.1591492, -9.387665, 0.26576233
3.1795044, -9.356537, 0.28970337
3.1890717, -9.332596, 0.30885315
3.2034454, -9.297882, 0.37348938
3.2154083, -9.301468, 0.45610046
3.2154083, -9.277527, 0.44770813
3.2537231, -9.315842, 0.44651794
3.2872314, -9.31105, 0.43814087
3.3099823, -9.293091, 0.46806335
3.2944183, -9.289505, 0.5207367
3.3267365, -9.301468, 0.5303192
3.3734283, -9.308655, 0.5171509
3.3590698, -9.30986, 0.52552795
3.406952, -9.314636, 0.549469
3.415329, -9.326614, 0.56144714
3.4296875, -9.321823, 0.54707336
3.4644165, -9.308655, 0.54348755
3.4811707, -9.305069, 0.5566559
3.454834, -9.321823, 0.5674286
3.4536285, -9.289505, 0.5626373
3.4739838, -9.281128, 0.6033325
3.4380798, -9.289505, 0.58299255
3.4560242, -9.26796, 0.5530548
3.4225159, -9.295486, 0.52552795
3.3650513, -9.283524, 0.5482788
3.3614655, -9.266754, 0.5231323
3.368637, -9.324219, 0.5398865
3.3806152, -9.32901, 0.509964
3.3638458, -9.3194275, 0.49320984
3.3770142, -9.303864, 0.45010376
3.3459015, -9.337387, 0.43095398
3.324356, -9.355347, 0.44172668
3.3016052, -9.320633, 0.3866577
3.269287, -9.343369, 0.34596252
3.2597046, -9.361328, 0.3423767
3.2393494, -9.339783, 0.29808044
3.2010498, -9.354141, 0.30526733
3.226181, -9.360138, 0.2561798
3.2154083, -9.354141, 0.22865295
3.2070312, -9.337387, 0.21188354
3.1878815, -9.331406, 0.14964294
3.1459808, -9.332596, 0.13287354
3.1304169, -9.325409, 0.11253357
3.111267, -9.299072, 0.111328125
3.083725, -9.285904, 0.080200195
3.083725, -9.332596, 0.056259155
3.0957031, -9.345764, 0.06703186
3.0669708, -9.344574, 0.020355225
3.083725, -9.360138, 0.015563965
3.0382385, -9.381683, 0.04069519
3.0526123, -9.384079, 0.029922485
3.0406342, -9.336197, 0.05506897
3.0286713, -9.381683, -0.01914978
3.04422, -9.376892, -0.017959595
2.9939423, -9.394852, 0.03352356
2.9951477, -9.360138, 0.037109375
2.9855652, -9.326614, 0.0035858154
3.0107117, -9.360138, 0.070632935
2.9951477, -9.308655, 0.089782715
3.016693, -9.296692, 0.099365234
3.008316, -9.297882, 0.1257019
3.0178986, -9.26915, 0.14485168
3.0406342, -9.248795, 0.19631958
3.0502167, -9.278732, 0.24061584
3.0813446, -9.275131, 0.252594
3.1352081, -9.273941, 0.296875
3.1555634, -9.300278, 0.29447937
3.205841, -9.325409, 0.29927063
3.1962585, -9.331406, 0.37709045
3.2201996, -9.355347, 0.3471527
3.257309, -9.378082, 0.39863586
3.241745, -9.362518, 0.44770813
3.2644958, -9.34816, 0.45968628
3.2824554, -9.315842, 0.4728546
3.305191, -9.307465, 0.50756836
3.3327332, -9.305069, 0.49320984
3.3111877, -9.257187, 0.4632721
3.3063965, -9.258377, 0.45729065
3.2860413, -9.257187, 0.47045898
3.3183594, -9.2248535, 0.5063782
3.312378, -9.23085, 0.5123596
3.3662415, -9.235626, 0.5087738
3.3662415, -9.254791, 0.52194214
3.3770142, -9.2643585, 0.50398254
3.4488525, -9.306259, 0.48483276
3.447647, -9.323029, 0.51475525
3.4560242, -9.321823, 0.5398865
3.4739838, -9.340973, 0.51116943
3.4835663, -9.244019, 0.46566772
3.4763794, -9.210495, 0.5027771
3.4799652, -9.165009, 0.509964
3.43927, -9.130295, 0.51475525
3.4344788, -9.105148, 0.50398254
3.454834, -9.108734, 0.509964
3.4691925, -9.113525, 0.52911377
3.5218658, -9.15184, 0.47883606
3.5170898, -9.210495, 0.5027771
3.5553894, -9.233246, 0.47166443
3.6260223, -9.302673, 0.48841858
3.6140442, -9.320633, 0.5015869
3.643982, -9.363724, 0.4513092
3.6930542, -9.381683, 0.4740448
3.664322, -9.400833, 0.4046173
3.6272125, -9.393646, 0.39624023
3.5948944, -9.333801, 0.3423767
3.542221, -9.297882, 0.28370667
3.4967346, -9.283524, 0.28251648
3.4129333, -9.23085, 0.1951294
3.406952, -9.18895, 0.14964294
3.3698425, -9.181763, 0.1663971
3.348297, -9.168594, 0.13647461
3.4213104, -9.163803, 0.092178345
3.4296875, -9.205704, 0.080200195
3.4656067, -9.25119, 0.0095825195
3.4931335, -9.2595825, -0.027526855
3.5063019, -9.263168, -0.068237305
3.4811707, -9.254791, -0.11730957
3.4141388, -9.244019, -0.11013794
3.3351288, -9.20929, -0.12210083
3.2872314, -9.182968, -0.12928772
3.3159637, -9.186554, -0.12928772
3.3626556, -9.221268, -0.082595825
3.4344788, -9.25, -0.13887024
3.4572296, -9.26796, -0.087387085
3.5086975, -9.284714, -0.037109375
3.5290527, -9.30986, -0.06225586
3.4667969, -9.2799225, -0.068237305
3.4129333, -9.296692, -0.123306274
3.3590698, -9.291901, -0.10774231
3.2932281, -9.242813, -0.058654785
3.2908325, -9.182968, -0.063446045
3.2800598, -9.182968, -0.05986023
3.2776642, -9.165009, -0.065841675
3.2621002, -9.156631, -0.05267334
3.2644958, -9.1805725, -0.0287323
3.2369537, -9.19014, 0.0047912598
3.1854858, -9.226059, 0.049087524
3.1854858, -9.305069, 0.06703186
3.2357635, -9.3984375, 0.094573975
3.2908325, -9.476257, 0.13526917
3.3626556, -9.522934, 0.21188354
3.4560242, -9.552872, 0.18075562
3.5122986, -9.527725, 0.2238617
3.4991302, -9.386475, 0.2454071
3.4428558, -9.307465, 0.25976562
3.4368744, -9.176971, 0.31004333
3.3399048, -9.033325, 0.32321167
3.2920227, -8.939957, 0.36871338
3.3063965, -8.916, 0.37709045
3.305191, -8.91481, 0.3531494
3.3303375, -9.005783, 0.3615265
3.3806152, -9.07402, 0.37948608
3.4644165, -9.18895, 0.4405365
3.5314484, -9.297882, 0.44532776
3.6164398, -9.379288, 0.44172668
3.6499634, -9.447525, 0.4405365
3.6667175, -9.482239, 0.4740448
3.6667175, -9.460693, 0.48362732
3.6391907, -9.42836, 0.5171509
3.6080627, -9.419983, 0.51116943
3.6176453, -9.366119, 0.49320984
3.588913, -9.3194275, 0.45968628
3.5110931, -9.289505, 0.42855835
3.470398, -9.253586, 0.44891357
3.4356842, -9.266754, 0.44293213
3.3961792, -9.272736, 0.43095398
3.3985748, -9.342178, 0.37469482
3.4165192, -9.376892, 0.37948608
3.3794098, -9.39006, 0.31843567
3.3506927, -9.449921, 0.3076477
3.3375244, -9.4379425, 0.28370667
3.3075867, -9.416397, 0.27053833
3.1914673, -9.434357, 0.26576233
3.1962585, -9.399643, 0.24182129
3.1567535, -9.355347, 0.18196106
3.0765533, -9.290695, 0.16998291
3.0526123, -9.234436, 0.14364624
2.9939423, -9.184158, 0.15203857
2.9951477, -9.198517, 0.15562439
2.9987335, -9.208099, 0.118515015
2.984375, -9.19014, 0.13526917
2.9544525, -9.192535, 0.1304779
2.9400787, -9.23204, 0.13287354
2.929306, -9.229645, 0.18075562
2.9269104, -9.236832, 0.23942566
3.0071106, -9.278732, 0.23822021
3.0657806, -9.333801, 0.32681274
3.1244354, -9.374496, 0.30645752
3.1519623, -9.388855, 0.30645752
3.1567535, -9.360138, 0.35673523
3.162735, -9.376892, 0.35075378
3.1136627, -9.3302, 0.44891357
3.1220398, -9.301468, 0.43814087
3.1196442, -9.293091, 0.45010376
3.1136627, -9.252396, 0.47525024
3.075348, -9.275131, 0.46087646
3.0968933, -9.253586, 0.45010376
3.142395, -9.255981, 0.48721313
3.1639404, -9.285904, 0.49560547
3.2154083, -9.331406, 0.53630066
3.1998444, -9.32901, 0.56144714
3.190277, -9.343369, 0.57699585
3.2142181, -9.325409, 0.588974
3.2082367, -9.290695, 0.5674286
3.2369537, -9.285904, 0.5925598
3.2405548, -9.331406, 0.57221985
3.257309, -9.323029, 0.549469
3.2788544, -9.296692, 0.5901642
3.312378, -9.300278, 0.6105194
3.3578644, -9.277527, 0.60572815
3.4129333, -9.282318, 0.5997467
3.3961792, -9.287109, 0.5985565
3.4189148, -9.282318, 0.628479
3.4584198, -9.252396, 0.6356659
3.4261017, -9.265564, 0.61650085
3.4572296, -9.233246, 0.60453796
3.5170898, -9.238022, 0.6356659
3.5314484, -9.242813, 0.6248932
3.5386353, -9.246414, 0.6212921
3.5470123, -9.239227, 0.62368774
3.5398254, -9.265564, 0.5997467
3.5446167, -9.271545, 0.58657837
3.5350342, -9.2404175, 0.63327026
3.542221, -9.217682, 0.6177063
3.5673676, -9.205704, 0.55426025
3.5505981, -9.18895, 0.5590515
3.5709534, -9.198517, 0.5195465
3.5553894, -9.214081, 0.48960876
3.5901031, -9.234436, 0.45489502
3.59729, -9.23085, 0.39265442
3.6164398, -9.25119, 0.3327942
3.628418, -9.275131, 0.32800293
3.6631317, -9.252396, 0.296875
3.6822815, -9.258377, 0.28730774
3.6463623, -9.261963, 0.24899292
3.612854, -9.234436, 0.18435669
3.604477, -9.226059, 0.15562439
3.5721436, -9.193741, 0.1771698
3.525467, -9.168594, 0.16281128
3.5015259, -9.144653, 0.16520691
3.4536285, -9.157822, 0.19871521
3.4955292, -9.186554, 0.15441895
3.5063019, -9.202118, 0.15203857
3.5170898, -9.242813, 0.106536865
3.4775848, -9.275131, 0.11730957
3.4751892, -9.277527, 0.05027771
3.4332886, -9.296692, 0.056259155
3.3806152, -9.283524, 0.03112793
3.3650513, -9.257187, 0.05267334
3.313568, -9.25119, 0.03352356
3.2740784, -9.246414, 0.051467896
3.2836456, -9.245209, 0.029922485
3.2872314, -9.258377, 0.05027771
3.3003998, -9.255981, 0.017959595
3.3147736, -9.2404175, 0.07661438
3.2980194, -9.234436, 0.08380127
3.2872314, -9.2595825, 0.087387085
3.327942, -9.2404175, 0.13526917
3.3063965, -9.2595825, 0.13647461
3.3159637, -9.255981, 0.1879425
3.313568, -9.270355, 0.1951294
3.3375244, -9.294296, 0.23822021
3.3159637, -9.296692, 0.2633667
3.327942, -9.299072, 0.25737
3.3315277, -9.295486, 0.24301147
3.3111877, -9.278732, 0.23223877
3.3003998, -9.320633, 0.24182129
3.2860413, -9.290695, 0.25138855
3.2944183, -9.2799225, 0.26576233
3.308792, -9.276337, 0.33758545
3.3267365, -9.2595825, 0.36631775
3.3806152, -9.277527, 0.39265442
3.4428558, -9.270355, 0.47166443
3.4691925, -9.26796, 0.48721313
3.4979248, -9.26796, 0.5482788
3.5051117, -9.26915, 0.60095215
3.487152, -9.2595825, 0.6033325
3.4907532, -9.234436, 0.5793915
3.4727936, -9.276337, 0.5698242
3.509903, -9.283524, 0.5853882
3.494339, -9.25119, 0.6201019
3.5063019, -9.2643585, 0.5602417
3.509903, -9.2595825, 0.5674286
3.545807, -9.282318, 0.51475525
3.566162, -9.260773, 0.4980011
3.5326385, -9.233246, 0.5063782
3.494339, -9.218872, 0.5913696
3.4596252, -9.215286, 0.62368774
3.4284973, -9.202118, 0.6715698
3.4608154, -9.223663, 0.6943207
3.4572296, -9.261963, 0.7182617
3.4656067, -9.2883, 0.6943207
3.4572296, -9.287109, 0.72065735
3.4261017, -9.300278, 0.7445984
3.36026, -9.345764, 0.73501587
3.3387146, -9.308655, 0.72184753
3.312378, -9.290695, 0.6584015
3.305191, -9.307465, 0.65600586
3.3099823, -9.301468, 0.64404297
3.2716827, -9.295486, 0.6763611
3.2764587, -9.2595825, 0.6584015
3.2513275, -9.266754, 0.6356659
3.2680817, -9.273941, 0.6368561
3.28125, -9.260773, 0.6260834
3.2752686, -9.25, 0.6177063
3.2130127, -9.26915, 0.6296692
3.2166138, -9.278732, 0.6464386
3.229782, -9.271545, 0.64404297
3.1926727, -9.307465, 0.60453796
3.2166138, -9.300278, 0.5877838
3.229782, -9.334991, 0.5422821
3.226181, -9.324219, 0.54707336
3.2190094, -9.314636, 0.51594543
3.2680817, -9.312241, 0.47764587
3.250122, -9.281128, 0.48362732
3.3075867, -9.273941, 0.4812317
3.296814, -9.277527, 0.46087646
3.2824554, -9.289505, 0.42855835
3.313568, -9.258377, 0.40222168
3.3219604, -9.2799225, 0.38786316
3.3099823, -9.265564, 0.38426208
3.3339233, -9.257187, 0.4010315
3.3040009, -9.283524, 0.35673523
3.2956238, -9.294296, 0.36990356
3.313568, -9.294296, 0.33638
3.3003998, -9.294296, 0.31723022
3.305191, -9.253586, 0.30645752
3.324356, -9.275131, 0.296875
3.3183594, -9.289505, 0.31124878
3.289627, -9.265564, 0.29927063
3.2920227, -9.284714, 0.3148346
3.28125, -9.281128, 0.2741394
3.2776642, -9.313446, 0.25857544
3.2944183, -9.342178, 0.28012085
3.2836456, -9.320633, 0.2561798
3.272873, -9.331406, 0.25857544
3.2980194, -9.313446, 0.24899292
3.241745, -9.326614, 0.22505188
3.2309723, -9.306259, 0.2561798
3.2680817, -9.31105, 0.25737
3.2381592, -9.290695, 0.25378418
3.2704773, -9.312241, 0.26576233
3.2788544, -9.312241, 0.25138855
3.312378, -9.308655, 0.26455688
3.2920227, -9.324219, 0.252594
3.2716827, -9.283524, 0.23942566
3.2441406, -9.301468, 0.25737
3.250122, -9.294296, 0.22865295
3.250122, -9.31105, 0.25378418
3.2118225, -9.301468, 0.25019836
3.2190094, -9.306259, 0.29927063
3.248932, -9.314636, 0.29927063
3.2621002, -9.337387, 0.2956848
3.2441406, -9.355347, 0.27174377
3.2860413, -9.325409, 0.29927063
3.312378, -9.320633, 0.33638
3.3231506, -9.302673, 0.375885
3.351883, -9.301468, 0.4189911
3.3159637, -9.284714, 0.45010376
3.3075867, -9.253586, 0.47525024
3.2872314, -9.266754, 0.51116943
3.3435059, -9.271545, 0.5398865
3.3710327, -9.294296, 0.5913696
3.4105377, -9.305069, 0.57580566
3.4296875, -9.302673, 0.55784607
3.4715881, -9.314636, 0.5638275
3.4835663, -9.357742, 0.52671814
3.4823608, -9.332596, 0.509964
3.5003204, -9.305069, 0.4692688
3.4536285, -9.303864, 0.42855835
3.4416656, -9.31105, 0.4513092
3.4273071, -9.258377, 0.42018127
3.3961792, -9.26915, 0.4046173
3.3818054, -9.244019, 0.37469482
3.3973694, -9.242813, 0.3722992
3.3901825, -9.252396, 0.36271667
3.4021606, -9.2595825, 0.39743042
3.3925781, -9.271545, 0.34954834
3.3566742, -9.276337, 0.3423767
3.2932281, -9.307465, 0.34954834
3.2992096, -9.317032, 0.34835815
3.3255463, -9.333801, 0.3423767
3.3040009, -9.303864, 0.35913086
3.2992096, -9.30986, 0.4010315
3.313568, -9.312241, 0.39144897
3.3027954, -9.303864, 0.35913086
3.2764587, -9.287109, 0.34477234
3.248932, -9.306259, 0.34835815
3.2393494, -9.315842, 0.34117126
3.241745, -9.299072, 0.35673523
3.245346, -9.283524, 0.375885
3.2142181, -9.282318, 0.3866577
3.1962585, -9.284714, 0.4046173
3.1914673, -9.297882, 0.3938446
3.190277, -9.307465, 0.40582275
3.197464, -9.314636, 0.41539
3.1830902, -9.3302, 0.43693542
3.150772, -9.362518, 0.4740448
3.1806946, -9.361328, 0.5602417
3.210617, -9.327805, 0.533905
3.2154083, -9.336197, 0.51834106
3.2130127, -9.31105, 0.54467773
3.210617, -9.295486, 0.5626373
3.2237854, -9.300278, 0.57699585
3.2201996, -9.281128, 0.5351105
3.2321777, -9.2883, 0.5566559
3.2225952, -9.265564, 0.6069336
3.241745, -9.275131, 0.5805969
3.2549133, -9.301468, 0.57221985
3.3040009, -9.307465, 0.57221985
3.3399048, -9.327805, 0.5303192
3.3387146, -9.313446, 0.5482788
3.36026, -9.307465, 0.54348755
3.3459015, -9.283524, 0.5961609
3.3147736, -9.266754, 0.5626373
3.3219604, -9.2643585, 0.5590515
3.3375244, -9.236832, 0.6033325
3.3626556, -9.258377, 0.5793915
3.3351288, -9.239227, 0.5171509
3.351883, -9.238022, 0.509964
3.3375244, -9.26796, 0.5195465
3.348297, -9.287109, 0.5207367
3.3638458, -9.260773, 0.5171509
3.3722382, -9.293091, 0.5051727
3.3590698, -9.291901, 0.45370483
3.36026, -9.321823, 0.43693542
3.4033508, -9.303864, 0.4118042
3.4117432, -9.284714, 0.37109375
3.406952, -9.325409, 0.39982605
3.4213104, -9.295486, 0.38546753
3.3878021, -9.285904, 0.36871338
3.3830109, -9.272736, 0.36271667
3.3722382, -9.2595825, 0.3543396
3.3746338, -9.2643585, 0.35075378
3.3614655, -9.246414, 0.3040619
3.4129333, -9.2404175, 0.32800293
3.4213104, -9.266754, 0.2956848
3.3854065, -9.276337, 0.2753296
3.3925781, -9.2883, 0.25498962
3.3854065, -9.273941, 0.26097107
3.3830109, -9.284714, 0.21427917
3.375824, -9.326614, 0.18075562
3.3303375, -9.302673, 0.17837524
3.3303375, -9.285904, 0.16998291
3.3375244, -9.301468, 0.13287354
3.3351288, -9.295486, 0.0909729
3.3470917, -9.290695, 0.06703186
3.3387146, -9.271545, 0.06225586
3.3746338, -9.26915, 0.063446045
3.3530731, -9.290695, 0.061050415
3.320755, -9.283524, 0.061050415
3.3255463, -9.282318, 0.06463623
3.3147736, -9.278732, 0.039505005
3.3003998, -9.291901, 0.051467896
3.312378, -9.302673, 0.104141235
3.3255463, -9.325409, 0.13887024
3.3099823, -9.332596, 0.1304779
3.327942, -9.285904, 0.1197052
3.3171692, -9.263168, 0.116119385
3.2800598, -9.281128, 0.1484375
3.2237854, -9.300278, 0.18075562
3.2549133, -9.290695, 0.17956543
3.3195648, -9.339783, 0.22625732
3.2836456, -9.352951, 0.19992065
3.233368, -9.320633, 0.22026062
3.2740784, -9.315842, 0.27893066
3.2860413, -9.326614, 0.27893066
3.2776642, -9.321823, 0.28849792
3.289627, -9.313446, 0.26815796
3.2776642, -9.34697, 0.31124878
3.2525177, -9.32901, 0.38067627
3.2249908, -9.303864, 0.4010315
3.2441406, -9.31105, 0.42855835
3.26091, -9.323029, 0.4513092
3.2800598, -9.317032, 0.48721313
3.3027954, -9.301468, 0.51116943
3.3159637, -9.312241, 0.5135498
3.3147736, -9.291901, 0.57221985
3.2956238, -9.3194275, 0.60572815
3.3040009, -9.308655, 0.5817871
3.3315277, -9.282318, 0.5973511
3.3147736, -9.306259, 0.6320648
3.2716827, -9.317032, 0.6392517
3.3171692, -9.308655, 0.6105194
3.320755, -9.30986, 0.6643982
3.336319, -9.32901, 0.68115234
3.3063965, -9.294296, 0.68473816
3.3195648, -9.314636, 0.6979065
3.3231506, -9.307465, 0.7110748
3.3159637, -9.299072, 0.67037964
3.2621002, -9.305069, 0.6751709
3.3016052, -9.314636, 0.6380615
3.2752686, -9.265564, 0.65242004
3.2537231, -9.265564, 0.6643982
3.2680817, -9.307465, 0.6823425
3.257309, -9.314636, 0.683548
3.2465363, -9.275131, 0.6392517
3.248932, -9.299072, 0.6141052
3.2345734, -9.3302, 0.6141052
3.190277, -9.337387, 0.6428375
3.1651306, -9.312241, 0.6188965
3.1926727, -9.3194275, 0.5782013
3.1651306, -9.338577, 0.55545044
3.154358, -9.349365, 0.51594543
3.1160583, -9.331406, 0.5506592
3.0933075, -9.318237, 0.53749084
3.0933075, -9.31105, 0.5015869
3.0657806, -9.2883, 0.4632721
3.063385, -9.326614, 0.49919128
3.0418396, -9.315842, 0.4728546
3.0813446, -9.308655, 0.44891357
3.1136627, -9.357742, 0.4297638
3.0957031, -9.356537, 0.41778564
3.0885162, -9.337387, 0.36750793
3.0849304, -9.320633, 0.34477234
3.1100616, -9.333801, 0.3615265
3.1280212, -9.296692, 0.34596252
3.1555634, -9.296692, 0.32681274
3.1771088, -9.293091, 0.29447937
3.2249908, -9.278732, 0.26097107
3.233368, -9.284714, 0.24061584
3.241745, -9.278732, 0.25378418
3.2764587, -9.276337, 0.21907043
3.313568, -9.296692, 0.21069336
3.3219604, -9.2643585, 0.1592102
3.3459015, -9.239227, 0.16998291
3.3782196, -9.265564, 0.18675232
3.399765, -9.275131, 0.16879272
3.375824, -9.253586, 0.1376648
3.4368744, -9.275131, 0.15441895
3.4440613, -9.260773, 0.15562439
3.4680023, -9.257187, 0.092178345
3.5063019, -9.281128, 0.10774231
3.5374298, -9.25119, 0.1484375
3.541031, -9.20929, 0.14485168
3.5434113, -9.245209, 0.14724731
3.542221, -9.234436, 0.101760864
3.5865173, -9.241623, 0.12689209
3.5948944, -9.234436, 0.20829773
3.5721436, -9.239227, 0.2059021
3.5589752, -9.26796, 0.19871521
3.5937042, -9.25, 0.21548462
3.569748, -9.258377, 0.24061584
3.5518036, -9.300278, 0.25019836
3.526657, -9.285904, 0.28012085
3.5110931, -9.273941, 0.32681274
3.4667969, -9.2595825, 0.29927063
3.423706, -9.277527, 0.3471527
3.4273071, -9.271545, 0.38067627
3.3830109, -9.2643585, 0.32800293
3.3614655, -9.324219, 0.35794067
3.3303375, -9.326614, 0.3722992
3.3171692, -9.333801, 0.37709045
3.288437, -9.318237, 0.3830719
3.2944183, -9.324219, 0.35794067
3.245346, -9.326614, 0.35075378
3.2381592, -9.336197, 0.3423767
3.1950684, -9.369705, 0.34596252
3.1651306, -9.354141, 0.33398438
3.1567535, -9.34816, 0.34117126
3.142395, -9.34816, 0.3327942
3.1208344, -9.355347, 0.31962585
3.1280212, -9.324219, 0.31723022
3.1316223, -9.355347, 0.331604
3.0909119, -9.357742, 0.32681274
3.0801392, -9.36731, 0.3076477
3.0777435, -9.381683, 0.2956848
3.075348, -9.360138, 0.30047607
3.075348, -9.334991, 0.3136444
3.0980988, -9.325409, 0.3148346
3.0609894, -9.334991, 0.296875
3.035843, -9.372101, 0.292099
3.0430298, -9.384079, 0.32202148
3.0382385, -9.3589325, 0.27772522
3.0250702, -9.350555, 0.2956848
3.0346527, -9.363724, 0.32681274
3.0538025, -9.368515, 0.33877563
3.0454254, -9.370911, 0.32920837
3.0526123, -9.339783, 0.32202148
3.0454254, -9.369705, 0.32321167
3.0466156, -9.378082, 0.32321167
3.0933075, -9.362518, 0.32800293
3.1004944, -9.36731, 0.34117126
3.1076813, -9.352951, 0.32800293
3.1136627, -9.333801, 0.39743042
3.142395, -9.331406, 0.3531494
3.1340027, -9.345764, 0.4010315
3.142395, -9.333801, 0.43693542
3.1675262, -9.305069, 0.4524994
3.1735077, -9.321823, 0.4297638
3.1675262, -9.34697, 0.42736816
3.1759033, -9.314636, 0.44172668
3.241745, -9.294296, 0.44172668
3.2513275, -9.313446, 0.5171509
3.2549133, -9.357742, 0.4920044
3.265686, -9.320633, 0.4908142
3.2788544, -9.338577, 0.52194214
3.313568, -9.350555, 0.509964
3.3231506, -9.340973, 0.49679565
3.3171692, -9.303864, 0.5051727
3.3351288, -9.339783, 0.51594543
3.3530731, -9.339783, 0.5123596
3.344696, -9.317032, 0.50756836
3.3746338, -9.30986, 0.52433777
3.3506927, -9.317032, 0.5351105
3.391388, -9.293091, 0.5135498
3.3973694, -9.31105, 0.53749084
3.406952, -9.295486, 0.49320984
3.4033508, -9.2883, 0.48362732
3.4021606, -9.299072, 0.48602295
3.3973694, -9.315842, 0.45489502
3.4105377, -9.287109, 0.44293213
3.3889923, -9.283524, 0.43095398
3.4284973, -9.307465, 0.4333496
3.4165192, -9.290695, 0.43574524
3.4332886, -9.270355, 0.41419983
3.446457, -9.290695, 0.3866577
3.4141388, -9.2799225, 0.375885
3.4105377, -9.295486, 0.331604
3.4045563, -9.302673, 0.32681274
3.4117432, -9.332596, 0.3040619
3.4093475, -9.31105, 0.32081604
3.4117432, -9.290695, 0.29089355
3.3949738, -9.296692, 0.22026062
3.3746338, -9.260773, 0.23822021
3.3650513, -9.297882, 0.2166748
3.3267365, -9.315842, 0.21069336
3.3566742, -9.289505, 0.17237854
3.3638458, -9.297882, 0.13647461
3.329132, -9.300278, 0.13526917
3.324356, -9.295486, 0.1149292
3.329132, -9.307465, 0.13168335
3.3327332, -9.321823, 0.068237305
3.3159637, -9.315842, 0.05027771
3.3159637, -9.31105, 0.08140564
3.2992096, -9.300278, 0.061050415
3.2704773, -9.276337, 0.01914978
3.2956238, -9.297882, 0.058654785
3.3099823, -9.302673, 0.0287323
3.2752686, -9.297882, 0.0095825195
3.2405548, -9.2883, 0.037109375
3.2010498, -9.327805, -0.015563965
3.2142181, -9.324219, 0.0059814453
3.2130127, -9.306259, 0.04309082
3.2285767, -9.323029, 0.041900635
3.226181, -9.315842, 0.025146484
3.2046356, -9.300278, 0.07421875
3.2249908, -9.306259, 0.03112793
3.2070312, -9.305069, 0.03112793
3.1854858, -9.327805, 0.068237305
3.1830902, -9.333801, 0.065841675
3.1986542, -9.336197, 0.08140564
3.217804, -9.318237, 0.092178345
3.1759033, -9.321823, 0.06942749
3.1819, -9.324219, 0.1592102
3.2154083, -9.324219, 0.15681458
3.2142181, -9.303864, 0.13287354
3.2393494, -9.324219, 0.16879272
3.2381592, -9.326614, 0.14604187
3.2082367, -9.317032, 0.1951294
3.2285767, -9.302673, 0.22146606
3.1819, -9.287109, 0.24420166
3.2142181, -9.315842, 0.26576233
3.2130127, -9.272736, 0.27293396
3.1998444, -9.299072, 0.31843567
3.2249908, -9.303864, 0.28251648
3.2561188, -9.300278, 0.30645752
3.2776642, -9.283524, 0.33039856
3.2740784, -9.296692, 0.36392212
3.2477417, -9.283524, 0.3531494
3.2716827, -9.284714, 0.3543396
3.2752686, -9.278732, 0.3830719
3.3063965, -9.282318, 0.38905334
3.2561188, -9.272736, 0.43574524
3.272873, -9.263168, 0.4513092
3.305191, -9.275131, 0.40582275
3.3315277, -9.277527, 0.44293213
3.3195648, -9.2799225, 0.43933105
3.289627, -9.258377, 0.44172668
3.2776642, -9.276337, 0.43693542
3.3411102, -9.278732, 0.4333496
3.2980194, -9.277527, 0.43574524
3.2908325, -9.308655, 0.4189911
3.3003998, -9.300278, 0.4225769
3.3315277, -9.277527, 0.41539
3.3435059, -9.299072, 0.40821838
3.3099823, -9.3194275, 0.38546753
3.28125, -9.295486, 0.37709045
3.296814, -9.293091, 0.39624023
3.3111877, -9.289505, 0.38426208
3.3040009, -9.312241, 0.39743042
3.3195648, -9.326614, 0.37948608
3.3195648, -9.3194275, 0.33398438
3.312378, -9.30986, 0.34117126
3.3183594, -9.278732, 0.35794067
3.3506927, -9.294296, 0.3028717
3.3387146, -9.308655, 0.27653503
3.3147736, -9.301468, 0.2861023
3.3255463, -9.31105, 0.27293396
3.3327332, -9.30986, 0.29447937
3.305191, -9.275131, 0.3148346
3.3099823, -9.289505, 0.2669525
3.3003998, -9.287109, 0.25378418
3.308792, -9.2883, 0.25737
3.3027954, -9.294296, 0.23223877
3.2776642, -9.308655, 0.25976562
3.2776642, -9.277527, 0.23822021
3.2836456, -9.306259, 0.26216125
3.257309, -9.3194275, 0.28251648
3.2764587, -9.326614, 0.25498962
3.288437, -9.34816, 0.27893066
3.2788544, -9.343369, 0.25498962
3.2680817, -9.336197, 0.28849792
3.2716827, -9.356537, 0.2753296
3.28125, -9.342178, 0.29328918
3.28125, -9.296692, 0.2669525
3.2704773, -9.352951, 0.27893066
3.28125, -9.344574, 0.31004333
3.2405548, -9.3302, 0.3148346
3.2393494, -9.324219, 0.3244171
3.2405548, -9.3194275, 0.31604004
3.2585144, -9.303864, 0.31962585
3.257309, -9.307465, 0.33998108
3.257309, -9.300278, 0.3136444
3.2668915, -9.266754, 0.31962585
3.2405548, -9.294296, 0.3543396
3.2621002, -9.333801, 0.3651123
3.2357635, -9.302673, 0.3615265
3.2549133, -9.301468, 0.4010315
3.288437, -9.294296, 0.39743042
3.2740784, -9.323029, 0.4237671
3.2956238, -9.3194275, 0.40940857
3.2992096, -9.290695, 0.43574524
3.2800598, -9.295486, 0.42736816
3.3016052, -9.306259, 0.45010376
3.2908325, -9.30986, 0.45968628
3.2513275, -9.306259, 0.46447754
3.3003998, -9.291901, 0.47764587
3.308792, -9.294296, 0.4297638
3.3111877, -9.265564, 0.4441223
3.2980194, -9.308655, 0.47166443
3.327942, -9.315842, 0.47166443
3.3327332, -9.3194275, 0.49679565
3.3171692, -9.294296, 0.48841858
3.3147736, -9.284714, 0.44770813
3.308792, -9.303864, 0.4620819
3.2980194, -9.305069, 0.46687317
3.3267365, -9.263168, 0.46806335
3.3147736, -9.255981, 0.48960876
3.3267365, -9.278732, 0.4513092
3.3710327, -9.3194275, 0.4297638
3.3554688, -9.289505, 0.44172668
3.3698425, -9.296692, 0.39982605
3.3650513, -9.287109, 0.4189911
3.3638458, -9.283524, 0.41299438
3.3794098, -9.272736, 0.37948608
3.3746338, -9.307465, 0.37109375
3.3614655, -9.287109, 0.36032104
3.384201, -9.266754, 0.35554504
3.3770142, -9.282318, 0.33398438
3.3506927, -9.278732, 0.292099
3.351883, -9.273941, 0.3040619
3.36026, -9.260773, 0.2753296
3.3662415, -9.281128, 0.25378418
3.3387146, -9.287109, 0.22984314
3.3411102, -9.293091, 0.22984314
3.327942, -9.277527, 0.15681458
3.3470917, -9.293091, 0.15562439
3.324356, -9.283524, 0.14604187
3.3171692, -9.312241, 0.094573975
3.296814, -9.317032, 0.116119385
3.2776642, -9.333801, 0.058654785
3.3040009, -9.294296, 0.068237305
3.312378, -9.294296, 0.10055542
3.289627, -9.285904, 0.08380127
3.2513275, -9.281128, 0.092178345
3.2225952, -9.278732, 0.03831482
3.2465363, -9.276337, 0.061050415
3.2585144, -9.271545, 0.06942749
3.2393494, -9.302673, 0.0574646
3.265686, -9.277527, 0.084991455
3.248932, -9.299072, 0.061050415
3.2549133, -9.333801, 0.1149292
3.2465363, -9.325409, 0.084991455
3.2644958, -9.312241, 0.14964294
3.2537231, -9.325409, 0.14724731
3.2477417, -9.339783, 0.13407898
3.2273865, -9.294296, 0.15562439
3.248932, -9.295486, 0.2059021
3.2441406, -9.285904, 0.19033813
3.233368, -9.31105, 0.21907043
3.2190094, -9.275131, 0.23942566
3.229782, -9.271545, 0.25976562
3.2309723, -9.31105, 0.2669525
3.1926727, -9.336197, 0.32202148
3.2285767, -9.325409, 0.27772522
3.229782, -9.343369, 0.2753296
3.2908325, -9.332596, 0.30645752
3.308792, -9.350555, 0.3435669
3.2357635, -9.338577, 0.31004333
3.2381592, -9.3194275, 0.33877563
3.2321777, -9.312241, 0.35194397
3.2201996, -9.305069, 0.32321167
3.2273865, -9.289505, 0.35075378
3.2393494, -9.272736, 0.35554504
3.210617, -9.321823, 0.33998108
3.229782, -9.307465, 0.331604
3.2273865, -9.313446, 0.33638
3.2597046, -9.308655, 0.3866577
3.288437, -9.318237, 0.40222168
3.2465363, -9.340973, 0.3818817
3.2668915, -9.3302, 0.39144897
3.2273865, -9.320633, 0.40222168
3.2668915, -9.314636, 0.33998108
3.26091, -9.323029, 0.33758545
3.257309, -9.312241, 0.36392212
3.2644958, -9.302673, 0.36990356
3.2644958, -9.296692, 0.3866577
3.245346, -9.282318, 0.3902588
3.2585144, -9.307465, 0.3866577
3.26091, -9.303864, 0.38786316
3.2680817, -9.314636, 0.36871338
3.26091, -9.290695, 0.37348938
3.233368, -9.278732, 0.3866577
3.2776642, -9.312241, 0.39982605
3.2668915, -9.321823, 0.4046173
3.28125, -9.303864, 0.3866577
3.2824554, -9.299072, 0.39144897
3.2621002, -9.303864, 0.37469482
3.2752686, -9.312241, 0.37948608
3.2956238, -9.297882, 0.3615265
3.308792, -9.291901, 0.3471527
3.3003998, -9.308655, 0.38067627
3.305191, -9.291901, 0.37709045
3.320755, -9.278732, 0.34954834
3.324356, -9.313446, 0.38067627
3.3399048, -9.313446, 0.39265442
3.305191, -9.275131, 0.40342712
3.265686, -9.277527, 0.39505005
3.3111877, -9.278732, 0.39863586
3.308792, -9.275131, 0.37828064
3.3195648, -9.285904, 0.39265442
3.3459015, -9.296692, 0.38905334
3.336319, -9.290695, 0.37828064
3.3494873, -9.290695, 0.3830719
3.3351288, -9.305069, 0.3818817
3.313568, -9.300278, 0.38546753
3.3411102, -9.276337, 0.41059875
3.3267365, -9.300278, 0.4046173
3.3662415, -9.317032, 0.38546753
3.3554688, -9.285904, 0.39505005
3.329132, -9.287109, 0.39505005
3.3255463, -9.282318, 0.3543396
3.3506927, -9.275131, 0.3722992
3.36026, -9.294296, 0.37828064
3.3530731, -9.296692, 0.38067627
3.3566742, -9.299072, 0.33998108
3.320755, -9.30986, 0.3076477
3.329132, -9.303864, 0.31962585
3.324356, -9.299072, 0.34477234
3.3219604, -9.317032, 0.31843567
3.28125, -9.306259, 0.331604
3.2944183, -9.30986, 0.32321167
3.3195648, -9.318237, 0.3423767
3.3231506, -9.326614, 0.31243896
3.3075867, -9.301468, 0.26934814
3.3003998, -9.289505, 0.29808044
3.2956238, -9.290695, 0.28970337
3.2908325, -9.313446, 0.32202148
3.26091, -9.314636, 0.29089355
3.2597046, -9.315842, 0.30166626
3.2788544, -9.303864, 0.26815796
3.2680817, -9.306259, 0.25498962
3.2944183, -9.306259, 0.2813263
3.2668915, -9.313446, 0.3040619
3.2561188, -9.318237, 0.29089355
3.2309723, -9.308655, 0.27653503
3.233368, -9.32901, 0.25976562
3.2154083, -9.31105, 0.24061584
3.2309723, -9.306259, 0.26097107
3.2357635, -9.324219, 0.2633667
3.245346, -9.32901, 0.29089355
3.221405, -9.3194275, 0.27174377
3.2309723, -9.301468, 0.292099
3.2477417, -9.313446, 0.26576233
3.2549133, -9.317032, 0.2956848
3.2381592, -9.308655, 0.32081604
3.2477417, -9.307465, 0.28970337
3.2249908, -9.301468, 0.32681274
3.2381592, -9.313446, 0.3040619
3.2237854, -9.318237, 0.28730774
3.2429504, -9.307465, 0.34117126
3.2752686, -9.315842, 0.32202148
3.2393494, -9.324219, 0.32800293
3.2429504, -9.308655, 0.32202148
3.2585144, -9.324219, 0.3327942
3.2644958, -9.323029, 0.3938446
3.2537231, -9.30986, 0.36032104
3.233368, -9.287109, 0.35913086
3.2537231, -9.3302, 0.3615265
3.2704773, -9.3302, 0.35913086
3.2704773, -9.307465, 0.331604
3.248932, -9.300278, 0.33638
3.2321777, -9.312241, 0.3531494
3.2525177, -9.314636, 0.32920837
3.2285767, -9.312241, 0.3423767
3.2465363, -9.306259, 0.33638
3.248932, -9.302673, 0.34954834
3.272873, -9.303864, 0.3531494
3.2824554, -9.294296, 0.33398438
3.245346, -9.2883, 0.3148346
3.2716827, -9.315842, 0.32202148
3.2932281, -9.296692, 0.3076477
3.241745, -9.295486, 0.3136444
3.2142181, -9.301468, 0.2633667
3.2273865, -9.295486, 0.25019836
3.2621002, -9.303864, 0.28370667
3.250122, -9.324219, 0.29927063
3.2537231, -9.302673, 0.27772522
3.2142181, -9.297882, 0.30166626
3.226181, -9.296692, 0.24301147
3.221405, -9.32901, 0.23703003
3.2381592, -9.317032, 0.29447937
3.2704773, -9.303864, 0.2753296
3.2537231, -9.302673, 0.28370667
3.2752686, -9.3194275, 0.29328918
3.28125, -9.315842, 0.2753296
3.248932, -9.31105, 0.32081604
3.265686, -9.312241, 0.29808044
3.284851, -9.2799225, 0.28730774
3.272873, -9.302673, 0.30526733
3.269287, -9.308655, 0.30526733
3.2860413, -9.283524, 0.31124878
3.2752686, -9.278732, 0.27893066
3.305191, -9.26796, 0.25857544
3.2788544, -9.293091, 0.27293396
3.3075867, -9.290695, 0.2956848
3.313568, -9.301468, 0.28970337
3.3027954, -9.318237, 0.3028717
3.2992096, -9.306259, 0.33518982
3.296814, -9.306259, 0.33518982
3.2752686, -9.291901, 0.33039856
3.3063965, -9.30986, 0.3423767
3.312378, -9.285904, 0.31124878
3.289627, -9.2643585, 0.30885315
3.3111877, -9.247604, 0.34117126
3.3063965, -9.261963, 0.39505005
3.344696, -9.291901, 0.37828064
3.3327332, -9.281128, 0.34477234
3.3267365, -9.283524, 0.37948608
3.3231506, -9.299072, 0.4118042
3.3075867, -9.307465, 0.38426208
3.3016052, -9.320633, 0.40701294
3.305191, -9.294296, 0.40821838
3.2956238, -9.320633, 0.41539
3.3219604, -9.296692, 0.44532776
3.3099823, -9.287109, 0.45010376
3.313568, -9.317032, 0.4297638
3.3255463, -9.324219, 0.45968628
3.3662415, -9.283524, 0.46087646
3.3387146, -9.302673, 0.48483276
3.288437, -9.297882, 0.43814087
3.2956238, -9.303864, 0.45729065
3.265686, -9.301468, 0.46087646
3.3255463, -9.305069, 0.46806335
3.3099823, -9.31105, 0.5231323
3.2992096, -9.293091, 0.5590515
3.3542786, -9.331406, 0.5674286
3.344696, -9.326614, 0.55426025
3.3195648, -9.314636, 0.5805969
3.3075867, -9.312241, 0.53630066
3.313568, -9.314636, 0.52552795
3.3351288, -9.300278, 0.49320984
3.3375244, -9.278732, 0.4908142
3.336319, -9.297882, 0.44172668
3.3435059, -9.285904, 0.39863586
3.3470917, -9.315842, 0.38067627
3.3782196, -9.308655, 0.40701294
3.3566742, -9.320633, 0.36392212
3.3159637, -9.3194275, 0.37469482
3.3375244, -9.283524, 0.3531494
3.313568, -9.287109, 0.33638
3.2800598, -9.281128, 0.30526733
3.320755, -9.296692, 0.31124878
3.305191, -9.276337, 0.27293396
3.305191, -9.296692, 0.23703003
3.2932281, -9.318237, 0.21548462
3.2980194, -9.31105, 0.24659729
3.2740784, -9.300278, 0.20469666
3.257309, -9.275131, 0.1879425
3.2381592, -9.255981, 0.19392395
3.2309723, -9.305069, 0.1879425
3.1759033, -9.299072, 0.19154358
3.210617, -9.283524, 0.17118835
3.1747131, -9.2883, 0.18435669
3.1603394, -9.287109, 0.17837524
3.178299, -9.320633, 0.1663971
3.1795044, -9.340973, 0.2059021
3.1842957, -9.327805, 0.21308899
3.1914673, -9.331406, 0.23822021
3.1854858, -9.325409, 0.24061584
3.166336, -9.301468, 0.24420166
3.1100616, -9.284714, 0.24182129
3.12323, -9.281128, 0.22865295
3.1615448, -9.313446, 0.2813263
3.1854858, -9.305069, 0.29447937
3.221405, -9.356537, 0.2956848
3.2357635, -9.325409, 0.34596252
3.221405, -9.317032, 0.3028717
3.2082367, -9.295486, 0.32321167
3.1926727, -9.332596, 0.3076477
3.1878815, -9.313446, 0.31843567
3.1699219, -9.31105, 0.33518982
3.1830902, -9.314636, 0.35673523
3.1950684, -9.307465, 0.3902588
3.193863, -9.317032, 0.37709045
3.2046356, -9.302673, 0.39265442
3.269287, -9.30986, 0.3938446
3.2597046, -9.284714, 0.39505005
3.2465363, -9.2883, 0.39624023
3.2441406, -9.278732, 0.4010315
3.3027954, -9.321823, 0.37709045
3.320755, -9.296692, 0.40940857
3.384201, -9.323029, 0.36271667
3.4057465, -9.333801, 0.3615265
3.3878021, -9.282318, 0.3722992
3.399765, -9.255981, 0.36392212
3.3830109, -9.2595825, 0.34596252
3.348297, -9.308655, 0.36032104
3.384201, -9.283524, 0.38426208
3.4033508, -9.248795, 0.4010315
3.3794098, -9.23085, 0.41299438
3.3794098, -9.272736, 0.48960876
3.4177246, -9.271545, 0.4584961
3.4500427, -9.296692, 0.4908142
3.4033508, -9.291901, 0.49679565
3.4105377, -9.325409, 0.5171509
3.4117432, -9.345764, 0.5051727
3.3901825, -9.325409, 0.47045898
3.3542786, -9.321823, 0.50038147
3.3255463, -9.295486, 0.4980011
3.2704773, -9.257187, 0.54348755
3.2788544, -9.2595825, 0.57221985
3.305191, -9.278732, 0.58299255

