x : y : Z 
-1.051, -0.008, 9.522
-1.051, -0.008, 9.522
-0.993, 0.05, 9.675
-1.003, 0.011, 9.867
-1.003, 0.011, 9.867
-1.041, 0.059, 9.895
-1.185, 0.031, 9.828
-1.185, 0.031, 9.828
-1.175, 0.069, 9.895
-1.262, -0.027, 9.685
-1.262, -0.027, 9.685
-1.338, 0.04, 9.455
-1.214, 0.011, 9.541
-1.214, 0.011, 9.541
-1.271, 0.05, 9.541
-1.233, -0.008, 9.608
-1.185, 0.05, 9.646
-1.185, 0.05, 9.646
-1.137, 0.05, 9.646
-1.175, -0.017, 9.694
-1.175, -0.017, 9.694
-1.233, 0.04, 9.627
-1.233, 0.04, 9.627
-1.252, 0.04, 9.656
-1.185, 0.059, 9.57
-1.137, 0.031, 9.733
-1.032, 0.04, 9.733
-1.032, 0.04, 9.733
-1.089, 0.011, 9.838
-1.156, -0.046, 9.819
-1.156, -0.046, 9.819
-1.137, 0.002, 9.847
-1.137, 0.002, 9.847
-1.175, -0.027, 9.761
-1.156, -0.094, 9.934
-1.156, -0.094, 9.934
-1.242, -0.075, 9.943
-1.214, -0.046, 9.8
-1.214, -0.046, 9.8
-1.223, -0.046, 9.78
-1.281, -0.036, 9.733
-1.281, -0.036, 9.733
-1.29, -0.103, 9.847
-1.357, -0.084, 9.771
-1.3, -0.123, 9.752
-1.3, -0.123, 9.752
-1.376, -0.113, 9.598
-1.348, -0.103, 9.637
-1.319, -0.123, 9.761
-1.367, -0.084, 9.847
-1.367, -0.084, 9.847
-1.329, -0.075, 9.809
-1.338, -0.142, 9.675
-1.338, -0.142, 9.675
-1.319, -0.161, 9.656
-1.3, -0.075, 9.646
-1.3, -0.075, 9.646
-1.3, -0.094, 9.8
-1.3, -0.094, 9.8
-1.309, -0.036, 9.704
-1.262, -0.036, 9.809
-1.262, -0.036, 9.809
-1.319, -0.008, 9.675
-1.367, -0.075, 9.627
-1.319, 0.011, 9.694
-1.319, 0.011, 9.694
-1.309, -0.017, 9.541
-1.281, -0.056, 9.646
-1.3, -0.056, 9.723
-1.3, -0.056, 9.723
-1.3, -0.065, 9.809
-1.319, -0.103, 9.704
-1.319, -0.103, 9.704
-1.329, -0.113, 9.646
-1.329, -0.113, 9.646
-1.329, -0.103, 9.694
-1.271, -0.075, 9.675
-1.271, -0.075, 9.675
-1.262, -0.132, 9.828
-1.262, -0.103, 10.087
-1.262, -0.103, 10.087
-1.242, -0.18, 10.077
-1.242, -0.18, 10.077
-1.281, -0.123, 9.857
-1.281, -0.123, 9.857
-1.367, -0.123, 9.742
-1.367, -0.123, 9.742
-1.376, -0.199, 9.742
-1.415, -0.132, 9.819
-1.319, -0.171, 9.838
-1.319, -0.171, 9.838
-1.348, -0.209, 10.001
-1.348, -0.209, 10.001
-1.491, -0.314, 9.675
-1.491, -0.314, 9.675
-1.463, -0.228, 9.78
-1.396, -0.218, 9.656
-1.405, -0.199, 9.608
-1.463, -0.18, 9.666
-1.463, -0.18, 9.666
-1.463, -0.142, 9.733
-1.463, -0.142, 9.733
-1.463, -0.103, 9.618
-1.463, -0.103, 9.618
-1.367, -0.046, 9.905
-1.472, -0.027, 9.761
-1.472, -0.027, 9.761
-1.453, -0.027, 9.752
-1.472, -0.075, 9.838
-1.472, -0.075, 9.838
-1.367, 0.031, 9.79
-1.262, -0.036, 9.78
-1.396, -0.036, 9.752
-1.396, -0.036, 9.752
-1.405, -0.017, 9.608
-1.405, -0.056, 9.455
-1.405, -0.056, 9.455
-1.367, -0.036, 9.685
-1.367, -0.036, 9.685
-1.329, -0.123, 9.761
-1.367, -0.036, 9.79
-1.367, -0.036, 9.79
-1.396, -0.046, 9.646
-1.338, -0.075, 9.886
-1.338, -0.075, 9.886
-1.281, -0.036, 9.838
-1.405, -0.046, 9.713
-1.405, -0.046, 9.713
-1.482, -0.123, 9.608
-1.482, -0.075, 9.733
-1.463, -0.103, 9.828
-1.463, -0.103, 9.828
-1.472, -0.036, 9.733
-1.491, -0.075, 9.733
-1.511, -0.094, 9.752
-1.511, -0.094, 9.752
-1.511, -0.075, 9.761
-1.549, -0.027, 9.522
-1.549, -0.027, 9.522
-1.549, -0.084, 9.78
-1.539, -0.046, 9.809
-1.539, -0.046, 9.809
-1.491, -0.046, 9.646
-1.463, 0.002, 9.723
-1.405, -0.036, 9.685
-1.396, -0.065, 9.666
-1.396, -0.065, 9.666
-1.396, -0.027, 9.618
-1.52, 0.011, 9.464
-1.482, 0.021, 9.541
-1.472, -0.027, 9.646
-1.472, -0.027, 9.646
-1.453, 0.002, 9.771
-1.511, -0.017, 9.876
-1.511, -0.017, 9.876
-1.53, -0.017, 9.646
-1.558, -0.027, 9.627
-1.558, -0.027, 9.627
-1.578, -0.075, 9.675
-1.568, -0.036, 9.656
-1.568, -0.036, 9.656
-1.539, 0.002, 9.723
-1.453, -0.017, 9.589
-1.453, -0.017, 9.589
-1.482, -0.017, 9.531
-1.463, -0.027, 9.579
-1.424, -0.036, 9.57
-1.424, -0.036, 9.57
-1.501, 0.011, 9.57
-1.482, 0.002, 9.694
-1.482, 0.002, 9.694
-1.405, -0.008, 9.713
-1.444, -0.017, 9.819
-1.396, 0.011, 9.761
-1.396, 0.011, 9.761
-1.396, 0.021, 9.57
-1.405, -0.036, 9.598
-1.405, -0.036, 9.598
-1.386, 0.04, 9.627
-1.386, 0.011, 9.646
-1.386, 0.002, 9.733
-1.386, 0.002, 9.733
-1.386, 0.002, 9.685
-1.386, 0.002, 9.685
-1.367, 0.002, 9.637
-1.434, -0.046, 9.742
-1.434, -0.046, 9.742
-1.463, -0.113, 9.723
-1.52, -0.084, 9.685
-1.52, -0.084, 9.685
-1.539, -0.075, 9.627
-1.539, -0.075, 9.627
-1.635, -0.056, 9.608
-1.635, -0.056, 9.608
-1.606, -0.065, 9.598
-1.568, -0.027, 9.579
-1.424, -0.046, 9.637
-1.424, -0.046, 9.637
-1.386, 0.031, 9.627
-1.386, 0.031, 9.627
-1.376, -0.017, 9.627
-1.376, -0.017, 9.627
-1.367, 0.021, 9.704
-1.3, 0.078, 9.598
-1.3, 0.078, 9.598
-1.319, 0.069, 9.598
-1.396, 0.107, 9.57
-1.472, 0.059, 9.618
-1.472, 0.059, 9.618
-1.367, 0.078, 9.675
-1.415, 0.05, 9.56
-1.415, 0.05, 9.56
-1.415, 0.088, 9.598
-1.415, 0.107, 9.637
-1.329, 0.059, 9.723
-1.329, 0.059, 9.723
-1.338, 0.078, 9.704
-1.338, 0.078, 9.704
-1.29, 0.059, 9.79
-1.29, 0.011, 9.666
-1.29, 0.011, 9.666
-1.376, 0.021, 9.685
-1.376, 0.021, 9.685
-1.348, 0.002, 9.713
-1.376, 0.021, 9.666
-1.415, 0.05, 9.627
-1.415, 0.05, 9.627
-1.367, 0.011, 9.627
-1.396, -0.027, 9.8
-1.396, -0.027, 9.8
-1.376, 0.069, 9.56
-1.357, 0.011, 9.618
-1.357, 0.011, 9.618
-1.357, 0.021, 9.589
-1.357, 0.021, 9.589
-1.367, 0.04, 9.694
-1.223, 0.059, 9.57
-1.223, 0.059, 9.57
-1.223, 0.04, 9.589
-1.204, 0.021, 9.809
-1.223, 0.088, 9.761
-1.223, 0.088, 9.761
-1.271, 0.107, 9.522
-1.271, 0.107, 9.522
-1.252, 0.078, 9.627
-1.29, 0.04, 9.694
-1.29, 0.04, 9.694
-1.252, 0.088, 9.512
-1.252, 0.088, 9.512
-1.29, 0.05, 9.646
-1.29, 0.107, 9.723
-1.376, 0.078, 9.742
-1.309, 0.117, 9.713
-1.309, 0.117, 9.713
-1.367, 0.078, 9.589
-1.415, 0.002, 9.713
-1.357, 0.002, 9.627
-1.329, 0.031, 9.56
-1.338, 0.05, 9.56
-1.338, 0.05, 9.56
-1.348, 0.002, 9.867
-1.338, 0.002, 9.685
-1.338, 0.002, 9.685
-1.281, 0.059, 9.761
-1.242, 0.04, 9.742
-1.214, 0.059, 9.646
-1.262, 0.011, 9.512
-1.262, 0.011, 9.512
-1.329, -0.046, 9.656
-1.242, 0.078, 9.646
-1.242, 0.078, 9.646
-1.319, 0.04, 9.618
-1.29, 0.136, 9.522
-1.29, 0.136, 9.522
-1.271, 0.05, 9.685
-1.214, 0.136, 9.618
-1.214, 0.136, 9.618
-1.118, 0.155, 9.57
-1.127, 0.155, 9.57
-1.108, 0.126, 9.637
-1.108, 0.126, 9.637
-1.099, 0.165, 9.57
-1.07, 0.184, 9.551
-1.07, 0.184, 9.551
-1.137, 0.117, 9.598
-1.137, 0.117, 9.598
-1.195, 0.136, 9.512
-1.214, 0.059, 9.666
-1.214, 0.059, 9.666
-1.262, 0.078, 9.742
-1.262, 0.078, 9.742
-1.223, 0.088, 9.771
-1.252, 0.031, 9.761
-1.252, 0.031, 9.761
-1.271, 0.002, 9.742
-1.281, -0.017, 9.685
-1.281, -0.017, 9.685
-1.29, 0.021, 9.666
-1.271, -0.036, 9.761
-1.271, -0.036, 9.761
-1.309, -0.027, 9.742
-1.271, -0.056, 9.838
-1.271, -0.056, 9.838
-1.252, 0.069, 9.867
-1.252, -0.017, 9.694
-1.386, 0.021, 9.666
-1.386, 0.021, 9.666
-1.491, -0.008, 9.761
-1.463, -0.056, 9.694
-1.463, -0.056, 9.694
-1.53, -0.017, 9.598
-1.539, 0.002, 9.484
-1.434, 0.088, 9.445
-1.434, 0.088, 9.445
-1.348, 0.05, 9.493
-1.348, 0.05, 9.493
-1.357, 0.059, 9.608
-1.357, -0.008, 9.656
-1.357, -0.008, 9.656
-1.386, 0.078, 9.713
-1.348, 0.088, 9.627
-1.329, 0.088, 9.733
-1.233, 0.05, 9.761
-1.233, 0.05, 9.761
-1.214, 0.059, 9.685
-1.195, 0.05, 9.838
-1.195, 0.05, 9.838
-1.242, 0.069, 9.886
-1.453, 0.002, 9.847
-1.453, 0.002, 9.847
-1.549, -0.123, 9.656
-1.664, -0.132, 9.627
-1.597, -0.084, 9.531
-1.597, -0.084, 9.531
-1.645, -0.036, 9.752
-1.702, -0.103, 9.838
-1.702, -0.103, 9.838
-1.654, -0.056, 9.819
-1.654, -0.056, 9.819
-1.635, -0.075, 9.8
-1.635, -0.075, 9.8
-1.625, -0.075, 9.723
-1.645, -0.094, 9.646
-1.539, -0.036, 9.685
-1.539, -0.036, 9.685
-1.472, -0.075, 9.809
-1.444, 0.002, 9.742
-1.444, 0.002, 9.742
-1.415, 0.002, 9.79
-1.386, -0.046, 9.656
-1.386, -0.046, 9.656
-1.357, 0.098, 9.637
-1.357, 0.098, 9.637
-1.472, 0.059, 9.512
-1.472, 0.059, 9.512
-1.415, 0.069, 9.407
-1.376, 0.069, 9.474
-1.329, 0.059, 9.541
-1.329, 0.059, 9.541
-1.357, -0.036, 9.704
-1.357, -0.036, 9.704
-1.357, -0.008, 9.675
-1.367, 0.021, 9.426
-1.405, 0.05, 9.484
-1.405, 0.059, 9.369
-1.405, 0.059, 9.369
-1.357, 0.136, 9.33
-1.357, 0.136, 9.33
-1.319, 0.117, 9.436
-1.309, 0.146, 9.531
-1.309, 0.146, 9.531
-1.214, 0.165, 9.637
-1.214, 0.165, 9.637
-1.214, 0.203, 9.618
-1.195, 0.174, 9.608
-1.195, 0.174, 9.608
-1.223, 0.126, 9.761
-1.252, 0.155, 9.627
-1.252, 0.155, 9.627
-1.271, 0.117, 9.598
-1.271, 0.117, 9.598
-1.281, 0.184, 9.503
-1.262, 0.174, 9.474
-1.415, 0.232, 9.608
-1.491, 0.184, 9.512
-1.53, 0.107, 9.541
-1.53, 0.107, 9.541
-1.549, 0.069, 9.618
-1.549, 0.069, 9.618
-1.53, 0.059, 9.455
-1.606, -0.017, 9.618
-1.606, -0.017, 9.618
-1.568, 0.011, 9.618
-1.625, -0.036, 9.771
-1.597, -0.113, 9.8
-1.597, -0.113, 9.8
-1.673, -0.113, 9.895
-1.683, -0.151, 9.79
-1.683, -0.151, 9.79
-1.702, -0.199, 9.694
-1.702, -0.199, 9.694
-1.76, -0.199, 9.637
-1.76, -0.199, 9.637
-1.846, -0.247, 9.618
-1.875, -0.257, 9.503
-1.798, -0.276, 9.531
-1.798, -0.276, 9.531
-1.817, -0.305, 9.646
-1.807, -0.324, 9.752
-1.807, -0.333, 9.8
-1.807, -0.333, 9.8
-1.884, -0.295, 9.867
-1.836, -0.324, 9.867
-1.836, -0.324, 9.867
-1.836, -0.324, 9.733
-1.836, -0.324, 9.733
-1.942, -0.295, 9.685
-1.788, -0.343, 9.474
-1.788, -0.343, 9.474
-1.76, -0.305, 9.464
-1.76, -0.305, 9.464
-1.769, -0.266, 9.474
-1.769, -0.266, 9.474
-1.788, -0.285, 9.579
-1.788, -0.285, 9.579
-1.788, -0.199, 9.723
-1.798, -0.238, 9.733
-1.817, -0.228, 9.733
-1.817, -0.228, 9.733
-1.779, -0.209, 9.694
-1.779, -0.209, 9.694
-1.74, -0.209, 9.685
-1.74, -0.209, 9.685
-1.731, -0.18, 9.541
-1.683, -0.075, 9.503
-1.712, -0.113, 9.579
-1.712, -0.132, 9.484
-1.712, -0.132, 9.484
-1.693, -0.113, 9.417
-1.693, -0.142, 9.531
-1.693, -0.142, 9.531
-1.654, -0.036, 9.512
-1.654, -0.046, 9.675
-1.654, -0.046, 9.675
-1.664, -0.056, 9.771
-1.673, -0.113, 9.943
-1.625, -0.123, 9.886
-1.578, -0.151, 9.982
-1.578, -0.151, 9.982
-1.645, -0.199, 9.847
-1.645, -0.199, 9.847
-1.654, -0.18, 9.685
-1.807, -0.266, 9.56
-1.894, -0.295, 9.397
-1.865, -0.314, 9.302
-1.865, -0.314, 9.302
-1.98, -0.352, 9.407
-1.922, -0.247, 9.311
-1.922, -0.247, 9.311
-1.827, -0.238, 9.407
-1.779, -0.132, 9.493
-1.827, -0.199, 9.675
-1.827, -0.199, 9.675
-1.788, -0.161, 10.039
-1.788, -0.161, 10.039
-1.807, -0.18, 10.077
-1.807, -0.199, 10.001
-1.807, -0.199, 10.001
-1.894, -0.276, 9.8
-1.942, -0.305, 9.56
-1.942, -0.305, 9.56
-1.961, -0.285, 9.484
-1.875, -0.305, 9.646
-1.846, -0.314, 9.637
-1.846, -0.314, 9.637
-1.769, -0.266, 9.685
-1.836, -0.209, 9.713
-1.836, -0.209, 9.713
-1.836, -0.238, 9.828
-1.836, -0.238, 9.828
-1.865, -0.257, 10.01
-1.865, -0.257, 10.01
-1.875, -0.295, 10.077
-1.875, -0.295, 10.077
-1.922, -0.295, 9.618
-1.97, -0.324, 9.474
-1.97, -0.324, 9.474
-1.942, -0.362, 9.263
-1.999, -0.352, 9.359
-1.97, -0.391, 9.388
-1.97, -0.391, 9.388
-2.028, -0.372, 9.551
-2.028, -0.372, 9.551
-1.98, -0.324, 9.417
-1.903, -0.352, 9.33
-1.903, -0.343, 9.407
-1.903, -0.343, 9.407
-1.855, -0.381, 9.618
-1.827, -0.362, 9.637
-1.76, -0.276, 9.867
-1.76, -0.276, 9.867
-1.894, -0.305, 9.828
-1.903, -0.324, 9.713
-1.903, -0.324, 9.713
-1.932, -0.372, 9.579
-1.903, -0.4, 9.503
-1.903, -0.4, 9.503
-1.865, -0.4, 9.541
-1.702, -0.362, 9.598
-1.702, -0.362, 9.598
-1.788, -0.448, 9.809
-1.788, -0.448, 9.809
-1.875, -0.458, 9.982
-1.702, -0.429, 9.915
-1.702, -0.429, 9.915
-1.654, -0.429, 9.972
-1.597, -0.381, 9.838
-1.597, -0.381, 9.838
-1.616, -0.448, 9.704
-1.616, -0.448, 9.704
-1.731, -0.362, 9.666
-1.731, -0.362, 9.666
-1.855, -0.372, 9.484
-1.855, -0.372, 9.484
-1.922, -0.352, 9.493
-1.932, -0.372, 9.531
-1.999, -0.391, 9.618
-1.999, -0.391, 9.618
-2.124, -0.352, 9.522
-2.047, -0.305, 9.541
-1.98, -0.285, 9.551
-1.98, -0.285, 9.551
-1.989, -0.285, 9.627
-1.951, -0.285, 9.493
-1.865, -0.314, 9.56
-1.865, -0.314, 9.56
-1.875, -0.362, 9.666
-1.827, -0.372, 9.608
-1.827, -0.372, 9.608
-1.817, -0.4, 9.579
-1.836, -0.372, 9.474
-1.75, -0.352, 9.579
-1.75, -0.352, 9.579
-1.75, -0.352, 9.541
-1.712, -0.4, 9.541
-1.712, -0.4, 9.541
-1.693, -0.525, 9.464
-1.702, -0.515, 9.426
-1.702, -0.515, 9.426
-1.712, -0.573, 9.493
-1.683, -0.534, 9.531
-1.683, -0.534, 9.531
-1.74, -0.467, 9.752
-1.616, -0.515, 10.001
-1.664, -0.41, 10.01
-1.606, -0.458, 9.886
-1.606, -0.458, 9.886
-1.587, -0.429, 9.723
-1.578, -0.439, 9.56
-1.578, -0.439, 9.56
-1.702, -0.496, 9.474
-1.702, -0.496, 9.474
-1.683, -0.525, 9.397
-1.788, -0.544, 9.493
-1.807, -0.621, 9.282
-1.807, -0.621, 9.282
-1.587, -0.573, 9.168
-1.511, -0.582, 9.072
-1.444, -0.534, 9.225
-1.444, -0.534, 9.225
-1.338, -0.506, 9.551
-1.319, -0.515, 9.637
-1.319, -0.515, 9.637
-1.281, -0.515, 9.857
-1.281, -0.515, 9.857
-1.348, -0.611, 9.857
-1.424, -0.573, 9.962
-1.654, -0.563, 9.895
-1.702, -0.64, 9.905
-1.702, -0.64, 9.905
-1.606, -0.64, 9.828
-1.606, -0.64, 9.828
-1.625, -0.678, 9.828
-1.76, -0.678, 9.78
-1.76, -0.678, 9.78
-1.798, -0.755, 9.57
-1.913, -0.745, 9.436
-1.913, -0.745, 9.436
-2.028, -0.736, 9.302
-2.037, -0.621, 9.273
-2.248, -0.544, 9.215
-2.248, -0.544, 9.215
-2.258, -0.467, 9.378
-2.258, -0.467, 9.378
-2.258, -0.372, 9.474
-2.191, -0.343, 9.656
-2.143, -0.257, 9.694
-2.143, -0.257, 9.694
-2.066, -0.285, 9.656
-1.855, -0.295, 9.723
-1.855, -0.295, 9.723
-1.673, -0.218, 9.752
-1.721, -0.199, 9.713
-1.97, -0.228, 9.771
-1.97, -0.228, 9.771
-2.152, -0.228, 9.637
-2.095, -0.218, 9.723
-2.076, -0.199, 9.598
-2.047, -0.084, 9.742
-1.932, 0.011, 9.828
-1.932, 0.011, 9.828
-1.875, -0.036, 9.924
-1.875, -0.036, 9.924
-1.817, -0.056, 9.886
-1.846, -0.056, 9.828
-1.836, -0.19, 9.704
-1.836, -0.19, 9.704
-1.664, -0.333, 9.474
-1.664, -0.333, 9.474
-1.606, -0.362, 9.407
-1.606, -0.362, 9.407
-1.683, -0.295, 9.455
-1.683, -0.295, 9.455
-1.683, -0.295, 9.455
-1.807, -0.372, 9.522
-1.989, -0.429, 9.503
-1.989, -0.429, 9.503
-1.999, -0.352, 9.541
-1.999, -0.352, 9.541
-1.855, -0.314, 9.752
-1.855, -0.314, 9.752
-1.827, -0.467, 9.857
-1.597, -0.467, 9.886
-1.568, -0.515, 9.915
-1.568, -0.515, 9.915
-1.664, -0.601, 9.685
-1.855, -0.697, 9.589
-1.855, -0.697, 9.589
-1.999, -0.774, 9.359
-1.961, -0.688, 9.263
-1.961, -0.688, 9.263
-1.606, -0.563, 9.263
-1.616, -0.64, 9.388
-1.74, -0.63, 9.359
-1.74, -0.63, 9.359
-1.951, -0.64, 9.321
-2.056, -0.601, 9.206
-2.056, -0.601, 9.206
-2.162, -0.63, 8.995
-2.277, -0.534, 8.851
-2.382, -0.515, 8.813
-2.382, -0.515, 8.813
-2.267, -0.458, 8.947
-2.267, -0.458, 8.947
-2.152, -0.333, 9.187
-2.124, -0.324, 9.685
-2.124, -0.324, 9.685
-2.124, -0.333, 9.934
-2.191, -0.324, 10.068
-2.191, -0.324, 10.068
-2.2, -0.305, 10.221
-2.2, -0.305, 10.221
-2.152, -0.333, 10.125
-2.047, -0.333, 9.982
-2.056, -0.41, 9.761
-2.258, -0.515, 9.503
-2.258, -0.515, 9.503
-2.258, -0.544, 9.417
-2.258, -0.544, 9.417
-1.961, -0.544, 9.407
-1.884, -0.707, 9.369
-2.191, -0.669, 9.618
-2.191, -0.669, 9.618
-2.191, -0.812, 9.675
-2.056, -0.908, 9.503
-1.989, -0.975, 9.196
-1.961, -1.099, 8.89
-2.056, -1.205, 8.765
-2.056, -1.205, 8.765
-2.21, -1.243, 8.468
-2.162, -1.128, 8.698
-2.162, -1.128, 8.698
-2.143, -1.023, 9.043
-2.056, -0.841, 9.455
-2.056, -0.841, 9.455
-2.018, -0.716, 9.704
-2.047, -0.678, 9.867
-2.047, -0.678, 9.867
-2.171, -0.822, 9.857
-2.171, -0.822, 9.857
-2.219, -0.831, 9.761
-2.296, -0.927, 9.455
-2.296, -0.927, 9.455
-2.411, -0.898, 9.196
-2.411, -0.898, 9.196
-2.411, -0.812, 9.168
-2.162, -0.764, 9.12
-2.162, -0.764, 9.12
-2.037, -0.803, 9.177
-1.913, -0.688, 9.273
-2.124, -0.573, 9.742
-2.124, -0.573, 9.742
-2.171, -0.515, 9.627
-2.238, -0.496, 9.579
-2.238, -0.496, 9.579
-2.219, -0.448, 9.464
-2.104, -0.448, 9.407
-2.104, -0.448, 9.407
-1.942, -0.391, 9.589
-1.942, -0.391, 9.589
-1.942, -0.333, 9.972
-1.942, -0.333, 9.972
-1.999, -0.4, 10.106
-2.066, -0.42, 10.259
-1.989, -0.391, 10.125
-2.056, -0.4, 9.962
-2.056, -0.4, 9.962
-2.047, -0.467, 9.627
-2.047, -0.381, 9.417
-2.047, -0.381, 9.417
-1.922, -0.343, 9.177
-1.922, -0.343, 9.177
-1.913, -0.352, 9.378
-1.913, -0.352, 9.378
-1.903, -0.477, 9.388
-1.961, -0.525, 9.713
-1.961, -0.525, 9.713
-1.779, -0.554, 9.857
-1.635, -0.678, 9.809
-1.635, -0.678, 9.809
-1.434, -0.726, 9.666
-1.434, -0.726, 9.666
-1.444, -0.707, 9.685
-1.511, -0.63, 9.493
-1.511, -0.63, 9.493
-1.491, -0.697, 9.321
-1.501, -0.659, 9.168
-1.501, -0.659, 9.168
-1.587, -0.659, 9.196
-1.903, -0.678, 9.273
-1.903, -0.678, 9.273
-1.942, -0.649, 9.282
-1.855, -0.707, 9.33
-1.855, -0.649, 9.541
-1.75, -0.745, 9.57
-1.635, -0.812, 9.694
-1.463, -0.783, 9.876
-1.309, -0.812, 9.656
-1.309, -0.812, 9.656
-1.156, -0.889, 9.522
-1.156, -0.889, 9.522
-1.281, -0.85, 9.254
-1.549, -0.87, 9.206
-1.673, -0.822, 9.397
-1.673, -0.822, 9.397
-1.558, -0.774, 9.493
-1.539, -0.831, 9.646
-1.52, -0.956, 9.56
-1.721, -1.004, 9.426
-1.721, -1.004, 9.426
-1.855, -0.946, 9.417
-1.75, -0.994, 9.139
-1.779, -1.08, 8.851
-1.779, -1.08, 8.851
-2.066, -1.157, 8.871
-2.238, -1.243, 8.842
-2.238, -1.243, 8.842
-2.286, -1.186, 9.12
-2.286, -1.186, 9.12
-2.411, -1.167, 9.206
-2.507, -1.157, 9.407
-2.507, -1.157, 9.407
-2.564, -1.128, 9.445
-2.564, -1.128, 9.445
-2.583, -1.013, 9.302
-2.583, -1.013, 9.302
-2.574, -0.994, 9.091
-2.545, -0.956, 8.919
-2.497, -0.927, 8.909
-2.497, -0.927, 8.909
-2.392, -0.879, 9.014
-2.344, -0.707, 9.397
-2.344, -0.707, 9.397
-2.181, -0.601, 9.943
-2.181, -0.601, 9.943
-1.712, -0.534, 10.049
-1.712, -0.534, 10.049
-1.491, -0.534, 10.039
-1.367, -0.496, 9.982
-1.3, -0.439, 9.761
-1.3, -0.439, 9.761
-1.223, -0.4, 9.685
-1.156, -0.324, 9.618
-1.003, -0.151, 9.656
-1.003, -0.151, 9.656
-0.898, -0.209, 9.828
-0.84, -0.228, 9.972
-0.716, -0.209, 10.25
-0.716, -0.209, 10.25
-0.639, -0.238, 10.154
-0.505, -0.266, 10.029
-0.505, -0.266, 10.029
-0.457, -0.276, 9.915
-0.457, -0.276, 9.915
-0.524, -0.439, 9.819
-0.649, -0.352, 9.522
-0.84, -0.429, 9.311
-0.831, -0.477, 9.34
-0.917, -0.515, 9.359
-0.917, -0.515, 9.359
-0.993, -0.582, 9.196
-0.993, -0.582, 9.196
-1.041, -0.601, 9.005
-1.051, -0.649, 9.043
-1.156, -0.745, 9.12
-1.175, -0.85, 9.053
-1.252, -0.831, 8.986
-1.357, -0.965, 9.005
-1.357, -0.965, 9.005
-1.405, -0.965, 8.976
-1.271, -0.879, 8.995
-1.271, -0.879, 8.995
-1.099, -0.841, 8.986
-1.089, -0.774, 9.062
-1.041, -0.688, 8.957
-1.041, -0.688, 8.957
-0.821, -0.601, 9.225
-0.821, -0.601, 9.225
-0.754, -0.544, 9.397
-0.831, -0.439, 9.752
-0.831, -0.439, 9.752
-0.85, -0.429, 9.867
-0.85, -0.429, 9.867
-0.773, -0.42, 9.8
-0.687, -0.42, 9.819
-0.687, -0.42, 9.819
-0.754, -0.372, 9.531
-0.754, -0.372, 9.531
-0.658, -0.314, 9.493
-0.668, -0.094, 9.474
-0.562, -0.123, 9.627
-0.562, -0.123, 9.627
-0.658, -0.103, 9.819
-0.649, -0.142, 9.934
-0.629, -0.103, 9.886
-0.629, -0.103, 9.886
-0.725, -0.123, 10.144
-0.725, -0.123, 10.144
-0.783, -0.094, 9.838
-0.783, -0.094, 9.838
-0.697, -0.132, 9.886
-0.677, -0.132, 9.886
-0.562, -0.285, 10.039
-0.562, -0.285, 10.039
-0.543, -0.228, 10.087
-0.419, -0.247, 10.154
-0.419, -0.247, 10.154
-0.409, -0.295, 10.164
-0.467, -0.19, 10.058
-0.629, -0.075, 10.058
-0.629, -0.075, 10.058
-0.505, -0.161, 9.867
-0.505, -0.161, 9.867
-0.275, -0.19, 9.8
-0.275, -0.19, 9.8
-0.419, -0.123, 9.905
-0.457, -0.123, 9.943
-0.486, -0.151, 9.982
-0.486, -0.151, 9.982
-0.553, -0.161, 9.972
-0.438, -0.285, 9.934
-0.333, -0.266, 10.01
-0.333, -0.266, 10.01
-0.218, -0.4, 9.915
-0.361, -0.142, 9.972
-0.361, -0.142, 9.972
-0.457, -0.008, 9.531
-0.419, 0.05, 9.33
-0.352, -0.084, 9.378
-0.352, -0.084, 9.378
-0.266, -0.171, 9.474
-0.266, -0.171, 9.474
-0.171, -0.333, 9.589
-0.171, -0.333, 9.589
-0.161, -0.4, 9.876
-0.237, -0.295, 9.982
-0.256, -0.247, 9.982
-0.256, -0.247, 9.982
-0.227, -0.199, 9.847
-0.227, -0.199, 9.847
-0.18, -0.171, 9.79
-0.18, -0.171, 9.79
-0.227, -0.103, 9.637
-0.218, -0.075, 9.56
-0.123, -0.19, 9.551
-0.123, -0.19, 9.551
-0.113, -0.238, 9.321
-0.113, -0.238, 9.321
-0.132, -0.171, 9.129
-0.227, -0.19, 8.88
-0.227, -0.19, 8.88
-0.19, -0.094, 8.631
-0.199, -0.075, 8.737
-0.208, 0.107, 9.168
-0.208, 0.107, 9.168
-0.142, 0.107, 9.215
-0.104, 0.059, 9.34
-0.142, 0.098, 9.388
-0.142, 0.098, 9.388
-0.294, 0.011, 9.608
-0.352, 0.088, 9.417
-0.352, 0.088, 9.417
-0.352, 0.241, 8.919
-0.352, 0.241, 8.919
-0.352, 0.26, 9.024
-0.39, 0.318, 9.11
-0.304, 0.184, 9.388
-0.304, 0.184, 9.388
-0.256, 0.193, 9.254
-0.256, 0.193, 9.254
-0.285, 0.308, 8.995
-0.19, 0.098, 9.024
-0.323, 0.193, 9.225
-0.323, 0.193, 9.225
-0.361, 0.336, 9.206
-0.294, 0.27, 9.436
-0.294, 0.27, 9.436
-0.361, 0.413, 9.321
-0.409, 0.566, 9.321
-0.39, 0.652, 9.273
-0.39, 0.652, 9.273
-0.457, 0.71, 9.263
-0.323, 0.48, 9.33
-0.199, 0.26, 9.57
-0.142, -0.103, 9.809
-0.142, -0.103, 9.809
-0.085, -0.171, 9.895
-0.085, -0.171, 9.895
-0.123, 0.136, 9.924
-0.304, 0.336, 9.704
-0.304, 0.508, 9.503
-0.342, 0.786, 9.33
-0.342, 0.786, 9.33
-0.285, 0.844, 9.129
-0.352, 0.939, 8.976
-0.275, 0.93, 9.005
-0.275, 0.93, 9.005
-0.246, 0.863, 9.072
-0.208, 0.777, 9.053
-0.208, 0.777, 9.053
-0.123, 0.662, 9.215
-0.123, 0.662, 9.215
-0.18, 0.786, 9.225
-0.123, 0.815, 9.34
-0.161, 1.006, 9.388
-0.208, 1.083, 9.474
-0.38, 1.255, 9.378
-0.38, 1.255, 9.378
-0.342, 1.275, 9.196
-0.342, 1.275, 9.196
-0.294, 1.255, 8.986
-0.285, 1.332, 9.12
-0.285, 1.332, 9.12
-0.38, 1.418, 9.072
-0.38, 1.418, 9.072
-0.467, 1.409, 8.899
-0.467, 1.409, 8.899
-0.562, 1.6, 8.823
-0.553, 1.696, 9.033
-0.553, 1.696, 9.033
-0.534, 1.878, 9.388
-0.534, 1.878, 9.388
-0.553, 1.955, 9.512
-0.543, 2.031, 9.455
-0.543, 2.031, 9.455
-0.467, 2.031, 9.359
-0.342, 1.773, 9.369
-0.342, 1.773, 9.369
-0.294, 1.715, 9.378
-0.342, 1.878, 9.436
-0.534, 2.117, 9.397
-0.534, 2.117, 9.397
-0.572, 2.242, 9.397
-0.639, 2.357, 9.349
-0.639, 2.357, 9.349
-0.658, 2.213, 9.34
-0.658, 2.213, 9.34
-0.601, 2.261, 9.445
-0.553, 2.252, 9.407
-0.553, 2.252, 9.407
-0.601, 2.29, 9.369
-0.764, 2.261, 9.244
-0.773, 2.347, 9.148
-0.773, 2.347, 9.148
-0.649, 2.357, 9.1
-0.591, 2.299, 8.966
-0.591, 2.299, 8.966
-0.562, 2.299, 9.014
-0.668, 2.347, 8.995
-0.668, 2.347, 8.995
-0.831, 2.405, 8.899
-1.003, 2.386, 8.89
-1.051, 2.357, 8.986
-1.051, 2.357, 8.986
-1.003, 2.395, 8.928
-0.936, 2.424, 8.986
-0.936, 2.424, 8.986
-0.955, 2.443, 8.746
-0.955, 2.472, 8.804
-0.85, 2.529, 8.89
-0.85, 2.529, 8.89
-0.744, 2.51, 9.091
-0.744, 2.51, 9.091
-0.792, 2.52, 9.148
-0.792, 2.52, 9.148
-0.878, 2.529, 9.139
-1.147, 2.462, 9.148
-1.262, 2.481, 9.349
-1.262, 2.481, 9.349
-1.214, 2.443, 9.292
-1.166, 2.472, 9.417
-0.955, 2.491, 9.666
-0.955, 2.491, 9.666
-0.486, 2.453, 9.579
-0.152, 2.165, 9.129
-0.266, 2.443, 8.88
-0.266, 2.443, 8.88
-0.668, 2.74, 8.823
-0.668, 2.74, 8.823
-1.041, 2.864, 8.583
-1.041, 2.864, 8.583
-1.137, 2.989, 8.421
-1.137, 2.989, 8.421
-1.166, 2.989, 8.488
-1.195, 2.912, 8.679
-1.195, 2.912, 8.679
-1.022, 2.807, 8.851
-1.003, 2.836, 9.033
-1.003, 2.836, 9.033
-1.013, 2.874, 8.871
-1.06, 2.855, 8.641
-1.29, 2.826, 8.449
-1.29, 2.826, 8.449
-1.3, 2.826, 8.43
-1.233, 2.96, 8.411
-1.195, 2.999, 8.44
-1.022, 3.066, 8.488
-1.041, 3.046, 8.612
-1.041, 3.046, 8.612
-0.984, 3.133, 8.899
-0.984, 3.133, 8.899
-1.032, 3.449, 8.947
-1.032, 3.449, 8.947
-0.974, 3.391, 8.976
-1.06, 3.516, 9.014
-1.137, 3.736, 8.976
-1.137, 3.736, 8.976
-1.214, 3.803, 8.851
-1.156, 3.851, 8.89
-1.156, 3.851, 8.89
-1.175, 3.899, 8.88
-1.348, 3.841, 8.909
-1.463, 3.679, 8.497
-1.463, 3.679, 8.497
-1.616, 3.554, 8.497
-1.606, 3.449, 8.631
-1.606, 3.449, 8.631
-1.635, 3.525, 8.698
-1.587, 3.497, 8.679
-1.587, 3.497, 8.679
-1.625, 3.506, 8.478
-1.779, 3.564, 8.459
-1.779, 3.564, 8.459
-2.009, 3.544, 8.497
-2.095, 3.468, 8.564
-2.191, 3.362, 8.593
-2.191, 3.362, 8.593
-2.018, 3.429, 8.468
-2.018, 3.429, 8.468
-1.75, 3.372, 8.181
-1.539, 3.41, 8.104
-1.501, 3.41, 8.066
-1.472, 3.477, 7.99
-1.472, 3.477, 7.99
-1.472, 3.516, 8.047
-1.444, 3.64, 8.028
-1.396, 3.985, 8.315
-1.175, 3.918, 8.344
-1.175, 3.918, 8.344
-0.534, 3.947, 9.206
-0.534, 3.947, 9.206
-0.371, 3.803, 9.302
-0.706, 3.947, 8.804
-0.706, 3.947, 8.804
-1.099, 3.841, 8.947
-1.415, 3.803, 8.957
-1.415, 3.803, 8.957
-1.625, 3.726, 8.986
-1.625, 3.726, 8.986
-1.74, 3.487, 8.842
-1.625, 3.525, 8.813
-1.625, 3.525, 8.813
-1.262, 3.506, 8.928
-1.166, 3.42, 8.842
-1.166, 3.42, 8.842
-1.252, 3.295, 8.976
-1.319, 3.343, 9.148
-1.319, 3.343, 9.148
-1.319, 3.248, 9.139
-1.319, 3.248, 9.139
-1.376, 3.267, 8.947
-1.405, 3.2, 8.823
-1.405, 3.2, 8.823
-1.463, 3.276, 8.689
-1.549, 3.315, 8.507
-1.453, 3.458, 8.564
-1.453, 3.458, 8.564
-1.367, 3.564, 8.507
-1.367, 3.564, 8.507
-1.348, 3.669, 8.555
-1.348, 3.669, 8.555
-1.3, 3.64, 8.507
-1.06, 3.688, 8.363
-1.013, 3.947, 8.229
-1.013, 3.947, 8.229
-0.697, 3.813, 8.44
-0.917, 3.985, 9.014
-0.859, 3.87, 8.899
-1.156, 3.832, 8.468
-1.156, 3.832, 8.468
-1.127, 3.86, 8.583
-1.127, 3.86, 8.583
-1.127, 3.755, 8.631
-0.85, 3.755, 8.583
-0.85, 3.755, 8.583
-1.089, 3.621, 8.717
-1.386, 3.564, 8.488
-1.386, 3.564, 8.488
-1.702, 3.372, 8.497
-1.702, 3.372, 8.497
-1.76, 3.305, 8.516
-1.76, 3.305, 8.516
-1.76, 3.305, 8.468
-1.645, 3.401, 8.583
-1.319, 3.525, 8.794
-1.223, 3.793, 8.813
-1.223, 3.793, 8.813
-1.051, 3.726, 8.995
-1.051, 3.726, 8.995
-1.089, 3.87, 8.842
-1.156, 3.851, 8.919
-1.156, 3.851, 8.919
-1.051, 3.937, 8.756
-1.013, 3.88, 8.746
-1.013, 3.88, 8.746
-0.965, 3.956, 8.641
-0.965, 3.956, 8.641
-0.955, 3.947, 8.574
-0.984, 4.062, 8.89
-0.984, 4.062, 8.89
-0.946, 3.995, 8.775
-0.946, 3.995, 8.775
-0.878, 4.033, 8.871
-0.859, 4.004, 8.804
-0.859, 4.004, 8.804
-0.878, 4.023, 8.737
-0.898, 4.148, 8.727
-0.898, 4.148, 8.727
-1.032, 4.263, 8.765
-1.032, 4.263, 8.765
-1.137, 4.378, 8.698
-1.137, 4.378, 8.698
-1.099, 4.349, 8.708
-1.013, 4.416, 8.89
-0.821, 4.579, 8.947
-0.821, 4.579, 8.947
-0.802, 4.617, 9.081
-0.802, 4.617, 9.081
-0.85, 4.675, 8.851
-0.993, 4.627, 8.727
-1.147, 4.579, 8.459
-1.108, 4.569, 8.373
-1.108, 4.569, 8.373
-1.252, 4.483, 8.363
-1.357, 4.445, 8.315
-1.357, 4.445, 8.315
-1.233, 4.397, 8.411
-1.233, 4.397, 8.411
-1.242, 4.33, 8.334
-1.242, 4.33, 8.334
-1.262, 4.282, 8.44
-1.338, 4.263, 8.583
-1.338, 4.263, 8.583
-1.434, 4.167, 8.698
-1.597, 4.109, 8.689
-1.74, 4.023, 8.631
-1.894, 4.071, 8.737
-1.894, 4.071, 8.737
-1.999, 3.966, 8.593
-1.999, 3.985, 8.468
-1.989, 3.947, 8.239
-1.989, 3.947, 8.239
-1.903, 3.975, 8.104
-1.903, 3.975, 8.104
-1.846, 3.937, 8.181
-1.846, 3.937, 8.181
-1.827, 3.956, 8.2
-1.731, 4.062, 8.478
-1.731, 4.062, 8.478
-1.74, 4.033, 8.555
-1.74, 4.033, 8.555
-1.75, 4.023, 8.555
-1.75, 4.023, 8.555
-1.769, 4.148, 8.602
-1.539, 4.186, 8.67
-1.539, 4.186, 8.67
-1.29, 4.272, 8.545
-1.262, 4.263, 8.497
-1.262, 4.263, 8.497
-1.204, 4.272, 8.325
-1.204, 4.272, 8.325
-1.271, 4.282, 8.219
-1.271, 4.291, 8.363
-1.271, 4.291, 8.363
-1.367, 4.349, 8.516
-1.281, 4.397, 8.459
-1.281, 4.397, 8.459
-1.223, 4.416, 8.545
-1.223, 4.416, 8.545
-1.195, 4.387, 8.602
-1.166, 4.426, 8.66
-1.166, 4.426, 8.66
-1.166, 4.445, 8.679
-1.214, 4.56, 8.717
-1.156, 4.521, 8.564
-1.156, 4.521, 8.564
-1.185, 4.512, 8.564
-1.233, 4.588, 8.66
-1.233, 4.588, 8.66
-1.204, 4.655, 8.583
-1.357, 4.694, 8.488
-1.357, 4.694, 8.488
-1.376, 4.598, 8.401
-1.357, 4.531, 8.296
-1.367, 4.435, 8.315
-1.367, 4.435, 8.315
-1.424, 4.406, 8.315
-1.424, 4.406, 8.315
-1.415, 4.32, 8.497
-1.415, 4.32, 8.497
-1.367, 4.282, 8.535
-1.386, 4.368, 8.555
-1.52, 4.339, 8.143
-1.52, 4.339, 8.143
-1.625, 4.272, 8.143
-1.625, 4.272, 8.143
-1.597, 4.272, 8.239
-1.558, 4.215, 8.535
-1.472, 4.215, 8.497
-1.472, 4.215, 8.497
-1.434, 4.311, 8.21
-1.434, 4.311, 8.21
-1.625, 4.234, 7.903
-1.76, 4.109, 7.769
-1.76, 4.109, 7.769
-1.98, 4.052, 7.76
-2.104, 3.803, 8.047
-2.104, 3.803, 8.047
-2.181, 3.813, 8.526
-2.066, 3.822, 8.88
-2.066, 3.822, 8.88
-1.836, 3.908, 9.388
-1.587, 4.052, 9.34
-1.558, 4.081, 8.966
-1.558, 4.081, 8.966
-1.779, 4.09, 8.631
-2.047, 4.09, 8.219
-1.999, 4.033, 8.152
-1.875, 4.1, 8.689
-1.875, 4.1, 8.689
-1.501, 4.148, 9.359
-1.137, 4.023, 9.867
-1.137, 4.023, 9.867
-1.032, 4.138, 9.713
-1.032, 4.138, 9.713
-0.965, 4.157, 9.187
-0.965, 4.157, 9.187
-1.041, 4.196, 8.938
-1.185, 4.177, 8.43
-1.357, 4.109, 7.913
-1.779, 4.177, 7.913
-1.779, 4.177, 7.913
-1.999, 4.033, 7.903
-1.884, 3.956, 7.788
-1.884, 3.956, 7.788
-1.961, 3.793, 7.913
-1.961, 3.793, 7.913
-1.942, 3.822, 8.018
-1.664, 3.899, 8.488
-1.664, 3.899, 8.488
-1.367, 3.87, 8.641
-1.3, 3.851, 8.794
-1.3, 3.851, 8.794
-1.3, 3.86, 8.784
-1.338, 3.851, 8.804
-1.338, 3.851, 8.804
-1.52, 3.908, 8.737
-1.52, 3.908, 8.737
-1.549, 3.88, 8.593
-1.587, 3.899, 8.622
-1.587, 3.899, 8.622
-1.558, 3.793, 8.468
-1.558, 3.793, 8.468
-1.702, 3.832, 8.363
-1.472, 3.928, 8.488
-1.472, 3.928, 8.488
-1.252, 4.071, 8.468
-1.252, 4.071, 8.468
-0.955, 4.109, 8.574
-0.821, 4.129, 8.545
-0.821, 4.129, 8.545
-0.706, 4.205, 8.516
-0.706, 4.205, 8.516
-0.706, 4.244, 8.564
-0.62, 4.253, 8.593
-0.62, 4.253, 8.593
-0.725, 4.263, 8.555
-0.725, 4.263, 8.555
-0.917, 4.224, 8.516
-1.108, 4.205, 8.497
-1.108, 4.205, 8.497
-1.271, 4.167, 8.689
-1.252, 4.177, 8.641
-1.252, 4.177, 8.641
-1.252, 4.109, 8.468
-1.118, 4.071, 8.574
-1.118, 4.071, 8.574
-0.993, 4.167, 8.602
-0.869, 4.339, 8.775
-0.869, 4.339, 8.775
-0.84, 4.301, 8.717
-0.754, 4.33, 8.727
-0.792, 4.33, 8.746
-0.754, 4.397, 8.938
-0.754, 4.397, 8.938
-0.725, 4.358, 8.823
-0.725, 4.358, 8.823
-0.783, 4.445, 8.765
-0.735, 4.426, 8.784
-0.725, 4.435, 8.727
-0.725, 4.435, 8.727
-0.677, 4.54, 8.66
-0.677, 4.54, 8.66
-0.649, 4.512, 8.602
-0.601, 4.512, 8.574
-0.601, 4.512, 8.574
-0.591, 4.473, 8.468
-0.601, 4.502, 8.564
-0.601, 4.502, 8.564
-0.601, 4.55, 8.411
-0.601, 4.531, 8.564
-0.601, 4.531, 8.564
-0.582, 4.531, 8.411
-0.639, 4.579, 8.478
-0.677, 4.502, 8.497
-0.677, 4.502, 8.497
-0.677, 4.55, 8.583
-0.677, 4.55, 8.583
-0.735, 4.502, 8.593
-0.85, 4.493, 8.602
-0.85, 4.493, 8.602
-0.955, 4.435, 8.497
-0.955, 4.435, 8.497
-1.137, 4.406, 8.421
-1.214, 4.358, 8.44
-1.396, 4.282, 8.325
-1.396, 4.282, 8.325
-1.52, 4.148, 8.171
-1.654, 4.09, 8.047
-1.712, 4.071, 7.99
-1.712, 4.071, 7.99
-1.712, 4.014, 8.248
-1.549, 4.023, 8.641
-1.549, 4.023, 8.641
-1.29, 4.119, 9.311
-1.089, 4.071, 10.02
-1.089, 4.071, 10.02
-0.898, 3.918, 10.413
-0.974, 3.908, 10.422
-1.118, 4.167, 10.135
-1.156, 4.244, 9.148
-1.156, 4.129, 8.018
-1.156, 4.129, 8.018
-1.233, 3.88, 7.549
-1.606, 3.506, 7.587
-2.047, 3.324, 7.865
-2.171, 3.286, 8.229
-2.171, 3.286, 8.229
-2.047, 3.343, 8.497
-1.875, 3.41, 8.545
-1.875, 3.41, 8.545
-1.539, 3.449, 8.717
-1.539, 3.449, 8.717
-1.348, 3.525, 8.65
-1.348, 3.525, 8.65
-1.271, 3.592, 8.708
-1.319, 3.592, 8.689
-1.319, 3.592, 8.689
-1.511, 3.611, 8.717
-1.942, 3.669, 8.555
-1.942, 3.669, 8.555
-2.056, 3.573, 8.478
-2.056, 3.573, 8.478
-2.162, 3.631, 8.392
-2.066, 3.65, 8.363
-1.827, 3.736, 8.382
-1.827, 3.736, 8.382
-1.654, 3.726, 8.392
-1.52, 3.736, 8.44
-1.52, 3.736, 8.44
-1.444, 3.813, 8.459
-1.444, 3.813, 8.459
-1.539, 3.832, 8.516
-1.616, 3.88, 8.67
-1.616, 3.88, 8.67
-1.731, 3.765, 8.612
-1.788, 3.899, 8.612
-1.788, 3.899, 8.612
-1.788, 3.86, 8.612
-1.75, 3.975, 8.497
-1.75, 3.975, 8.497
-1.597, 4.014, 8.526
-1.558, 4.052, 8.459
-1.558, 4.052, 8.459
-1.53, 4.081, 8.43
-1.568, 4.109, 8.535
-1.578, 4.157, 8.507
-1.578, 4.157, 8.507
-1.511, 4.119, 8.641
-1.511, 4.119, 8.641
-1.472, 4.129, 8.698
-1.511, 4.129, 8.717
-1.472, 4.071, 8.698
-1.472, 4.071, 8.698
-1.472, 3.995, 8.66
-1.444, 4.004, 8.526
-1.444, 4.004, 8.526
-1.434, 4.014, 8.545
-1.453, 3.966, 8.421
-1.453, 3.966, 8.421
-1.444, 3.966, 8.44
-1.444, 4.042, 8.574
-1.444, 4.042, 8.574
-1.453, 3.87, 8.526
-1.453, 3.87, 8.526
-1.453, 3.918, 8.602
-1.453, 3.918, 8.602
-1.415, 3.908, 8.641
-1.415, 3.908, 8.641
-1.329, 3.928, 8.641
-1.309, 3.966, 8.526
-1.309, 3.966, 8.526
-1.252, 4.071, 8.631
-1.252, 4.071, 8.631
-1.271, 4.09, 8.602
-1.262, 4.042, 8.612
-1.3, 4.014, 8.583
-1.242, 4.081, 8.641
-1.242, 4.129, 8.67
-1.242, 4.129, 8.67
-1.3, 4.081, 8.717
-1.3, 4.081, 8.717
-1.242, 4.004, 8.583
-1.3, 3.995, 8.526
-1.3, 4.052, 8.65
-1.3, 4.052, 8.65
-1.396, 4.023, 8.602
-1.434, 4.042, 8.488
-1.444, 4.042, 8.516
-1.444, 4.042, 8.516
-1.463, 4.081, 8.507
-1.463, 4.081, 8.507
-1.357, 4.138, 8.459
-1.357, 4.138, 8.459
-1.281, 4.215, 8.545
-1.242, 4.224, 8.468
-1.223, 4.224, 8.459
-1.223, 4.224, 8.459
-1.223, 4.253, 8.545
-1.223, 4.253, 8.545
-1.233, 4.244, 8.535
-1.223, 4.215, 8.478
-1.223, 4.186, 8.44
-1.223, 4.186, 8.44
-1.214, 4.177, 8.43
-1.214, 4.177, 8.43
-1.252, 4.167, 8.468
-1.281, 4.167, 8.488
-1.281, 4.167, 8.488
-1.329, 4.177, 8.392
-1.386, 4.1, 8.344
-1.386, 4.1, 8.344
-1.329, 4.119, 8.44
-1.329, 4.119, 8.44
-1.386, 4.119, 8.373
-1.415, 4.129, 8.315
-1.434, 4.138, 8.248
-1.434, 4.138, 8.248
-1.386, 4.081, 8.152
-1.357, 4.1, 8.344
-1.357, 4.1, 8.344
-1.386, 4.052, 8.411
-1.386, 4.052, 8.411
-1.309, 3.995, 8.679
-1.3, 3.995, 8.842
-1.281, 4.1, 8.88
-1.281, 4.1, 8.88
-1.195, 4.09, 8.832
-1.195, 4.09, 8.832
-1.185, 4.138, 8.698
-1.223, 4.234, 8.641
-1.127, 4.244, 8.468
-1.127, 4.244, 8.468
-1.137, 4.349, 8.277
-1.137, 4.349, 8.277
-1.147, 4.311, 8.258
-1.118, 4.311, 8.191
-1.118, 4.311, 8.191
-1.242, 4.282, 7.932
-1.319, 4.234, 7.922
-1.319, 4.234, 7.922
-1.386, 4.186, 7.884
-1.434, 4.224, 8.018
-1.434, 4.129, 8.076
-1.434, 4.071, 8.181
-1.424, 4.033, 8.392
-1.424, 4.033, 8.392
-1.405, 3.975, 8.612
-1.625, 4.004, 8.899
-1.625, 4.004, 8.899
-1.683, 4.042, 9.417
-1.309, 3.803, 10.049
-1.309, 3.803, 10.049
-0.85, 3.104, 10.757
-1.003, 3.391, 11.073
-1.032, 3.956, 10.7
-1.032, 3.956, 10.7
-0.811, 4.311, 9.436
-0.62, 4.129, 7.482
-0.62, 4.129, 7.482
-0.936, 3.793, 6.725
-0.936, 3.793, 6.725
-1.76, 3.429, 6.898
-2.487, 3.18, 7.511
-2.698, 3.171, 8.191
-2.602, 3.133, 8.727
-2.602, 3.133, 8.727
-2.171, 3.18, 8.899
-2.171, 3.18, 8.899
-1.501, 3.324, 9.196
-1.013, 3.65, 9.34
-1.013, 3.65, 9.34
-0.649, 3.832, 9.196
-0.649, 3.832, 9.196
-0.486, 3.918, 8.909
-0.486, 3.918, 8.909
-0.658, 4.023, 8.746
-0.658, 4.023, 8.746
-1.175, 4.052, 8.67
-1.539, 3.928, 8.564
-1.817, 3.784, 8.401
-1.817, 3.784, 8.401
-1.903, 3.813, 8.258
-1.903, 3.813, 8.258
-1.731, 3.698, 8.21
-1.415, 3.908, 8.344
-1.118, 3.947, 8.459
-0.926, 4.081, 8.698
-0.926, 4.081, 8.698
-0.898, 4.09, 8.861
-1.127, 4.1, 8.861
-1.127, 4.1, 8.861
-1.166, 4.071, 8.823
-1.405, 4.014, 8.746
-1.405, 4.014, 8.746
-1.558, 3.975, 8.622
-1.558, 3.975, 8.622
-1.673, 3.956, 8.382
-1.645, 3.832, 8.363
-1.511, 3.717, 8.277
-1.511, 3.717, 8.277
-1.415, 3.803, 8.497
-1.348, 3.832, 8.564
-1.338, 3.86, 8.784
-1.281, 3.832, 8.784
-1.281, 3.832, 8.784
-1.242, 3.908, 8.794
-1.262, 3.975, 8.775
-1.329, 3.803, 8.679
-1.329, 3.803, 8.679
-1.444, 3.889, 8.708
-1.453, 3.899, 8.737
-1.491, 3.86, 8.784
-1.491, 3.86, 8.784
-1.501, 3.889, 8.966
-1.501, 3.889, 8.966
-1.309, 3.899, 9.263
-1.147, 3.985, 9.168
-1.147, 4.023, 9.1
-1.089, 4.09, 8.708
-1.089, 4.09, 8.708
-1.185, 4.023, 8.468
-1.185, 4.023, 8.468
-1.405, 3.995, 8.21
-1.405, 3.995, 8.21
-1.635, 4.052, 8.277
-1.76, 4.023, 8.191
-1.76, 4.023, 8.191
-1.836, 3.985, 8.066
-1.769, 3.937, 8.104
-1.625, 3.899, 8.171
-1.434, 3.899, 8.239
-1.434, 3.899, 8.239
-1.147, 4.052, 8.296
-1.147, 4.052, 8.296
-1.013, 4.129, 8.363
-1.07, 4.167, 8.449
-1.127, 4.215, 8.66
-1.195, 4.129, 8.746
-1.195, 4.129, 8.746
-1.252, 4.138, 8.727
-1.252, 4.138, 8.727
-1.214, 4.196, 8.679
-1.099, 4.244, 8.65
-1.051, 4.311, 8.612
-0.888, 4.397, 8.67
-0.888, 4.397, 8.67
-0.869, 4.339, 8.507
-0.898, 4.358, 8.44
-0.974, 4.349, 8.296
-0.974, 4.349, 8.296
-1.013, 4.33, 8.277
-1.013, 4.33, 8.277
-1.108, 4.349, 8.219
-1.118, 4.339, 8.306
-1.118, 4.339, 8.306
-1.137, 4.368, 8.286
-1.108, 4.349, 8.267
-1.099, 4.349, 8.133
-1.099, 4.349, 8.133
-1.022, 4.378, 8.037
-1.022, 4.378, 8.037
-1.089, 4.301, 7.97
-1.166, 4.339, 7.788
-1.242, 4.253, 7.779
-1.242, 4.253, 7.779
-1.329, 4.282, 7.741
-1.367, 4.215, 7.683
-1.367, 4.215, 7.683
-1.52, 4.129, 7.875
-1.578, 4.052, 8.124
-1.798, 4.014, 8.583
-1.798, 4.014, 8.583
-2.095, 3.985, 9.302
-2.095, 3.985, 9.302
-1.932, 4.177, 10.278
-0.543, 3.104, 11.638
-0.543, 3.104, 11.638
-0.285, 2.472, 12.395
-0.658, 3.736, 12.797
-0.658, 3.736, 12.797
-0.4, 4.282, 11.16
-0.075, 4.205, 7.865
-0.075, 4.205, 7.865
-0.104, 3.726, 5.605
-0.104, 3.726, 5.605
-1.08, 3.688, 5.442
-1.08, 3.688, 5.442
-2.526, 3.142, 6.457
-3.512, 3.094, 7.492
-3.732, 2.951, 8.104
-3.732, 2.951, 8.104
-2.775, 3.142, 8.737
-2.775, 3.142, 8.737
-2.392, 3.123, 8.851
-0.955, 3.611, 9.646
-0.352, 3.631, 9.56
-0.352, 3.631, 9.56
0.04, 3.535, 9.215
0.097, 3.573, 8.986
-0.524, 4.071, 8.928
-0.524, 4.071, 8.928
-1.195, 3.995, 8.784
-1.846, 3.765, 8.44
-1.846, 3.765, 8.44
-2.267, 3.506, 8.21
-2.392, 3.449, 8.009
-2.392, 3.449, 8.009
-2.286, 3.391, 7.98
-2.286, 3.391, 7.98
-1.855, 3.554, 8.047
-1.855, 3.554, 8.047
-1.06, 3.822, 8.488
-1.06, 3.822, 8.488
-0.783, 3.918, 8.679
-0.524, 4.023, 9.081
-0.524, 4.023, 9.081
-0.524, 4.081, 9.158
-0.687, 4.272, 9.187
-1.08, 4.263, 9.043
-1.338, 4.234, 8.746
-1.338, 4.234, 8.746
-1.424, 4.129, 8.497
-1.424, 4.129, 8.497
-1.463, 4.138, 8.459
-1.338, 4.071, 8.421
-1.175, 3.985, 8.421
-1.175, 3.985, 8.421
-1.099, 3.995, 8.478
-1.032, 3.928, 8.65
-1.032, 3.928, 8.65
-1.07, 3.966, 8.823
-1.07, 3.966, 8.823
-1.08, 3.937, 8.88
-1.252, 3.841, 8.928
-1.252, 3.841, 8.928
-1.29, 3.87, 8.938
-1.396, 3.87, 8.746
-1.396, 3.87, 8.746
-1.415, 3.784, 8.641
-1.491, 3.736, 8.497
-1.491, 3.736, 8.497
-1.472, 3.746, 8.507
-1.472, 3.746, 8.507
-1.463, 3.755, 8.698
-1.376, 3.803, 8.708
-1.376, 3.803, 8.708
-1.242, 3.86, 8.89
-1.262, 3.851, 8.88
-1.262, 3.851, 8.88
-1.252, 3.908, 8.919
-1.252, 3.908, 8.919
-1.338, 3.899, 8.631
-1.424, 3.889, 8.545
-1.424, 3.889, 8.545
-1.491, 3.87, 8.564
-1.424, 3.88, 8.44
-1.338, 3.908, 8.306
-1.338, 3.908, 8.306
-1.319, 3.908, 8.267
-1.357, 3.851, 8.325
-1.367, 3.908, 8.344
-1.367, 3.908, 8.344
-1.338, 3.918, 8.392
-1.338, 3.918, 8.392
-1.223, 4.042, 8.459
-1.166, 4.109, 8.411
-0.936, 4.205, 8.602
-0.936, 4.205, 8.602
-0.706, 4.263, 8.689
-0.706, 4.263, 8.689
-0.62, 4.282, 8.804
-0.601, 4.32, 8.784
-0.601, 4.32, 8.784
-0.572, 4.387, 8.641
-0.687, 4.368, 8.622
-0.84, 4.349, 8.507
-0.84, 4.349, 8.507
-0.946, 4.349, 8.449
-1.032, 4.32, 8.373
-1.032, 4.32, 8.373
-1.051, 4.291, 8.478
-1.051, 4.32, 8.468
-1.051, 4.32, 8.468
-1.003, 4.33, 8.449
-0.946, 4.349, 8.315
-0.946, 4.349, 8.315
-0.898, 4.368, 8.239
-0.878, 4.291, 8.066
-0.878, 4.291, 8.066
-0.993, 4.291, 8.076
-1.051, 4.272, 8.037
-1.051, 4.272, 8.037
-1.195, 4.186, 8.018
-1.195, 4.186, 8.018
-1.271, 4.215, 7.922
-1.271, 4.215, 7.922
-1.444, 4.129, 7.932
-1.444, 4.129, 7.932
-1.472, 4.071, 7.97
-1.472, 4.071, 7.97
-1.587, 4.052, 8.171
-1.702, 4.004, 8.67
-1.702, 4.004, 8.67
-1.721, 4.138, 9.531
-1.147, 3.822, 10.211
-0.266, 2.673, 11.495
-0.266, 2.673, 11.495
-0.495, 3.621, 11.859
-0.495, 3.621, 11.859
-0.438, 3.88, 11.447
-0.218, 4.1, 9.8
-0.008, 3.698, 6.946
-0.008, 3.698, 6.946
-1.003, 3.248, 6.448
-1.003, 3.248, 6.448
-1.003, 3.094, 6.831
-3.167, 3.037, 8.746
-3.167, 3.037, 8.746
-3.167, 3.037, 8.746
-2.152, 3.219, 9.196
-2.152, 3.219, 9.196
-1.3, 3.592, 9.474
-0.534, 3.88, 9.436
-0.534, 3.88, 9.436
0.011, 3.659, 9.12
0.011, 3.659, 9.12
0.222, 3.688, 8.746
0.222, 3.688, 8.746
-0.018, 3.928, 8.794
-0.505, 4.282, 8.928
-1.338, 4.196, 8.65
-1.338, 4.196, 8.65
-1.75, 4.023, 8.373
-1.846, 3.966, 8.401
-1.894, 3.86, 8.219
-1.894, 3.86, 8.219
-1.635, 3.947, 8.239
-1.175, 4.033, 8.526
-1.175, 4.033, 8.526
-0.639, 4.071, 8.622
-0.419, 4.033, 8.765
-0.419, 4.062, 9.024
-0.419, 4.062, 9.024
-0.62, 4.186, 9.081
-0.888, 4.253, 8.976
-1.338, 4.119, 8.775
-1.338, 4.119, 8.775
-1.444, 4.014, 8.622
-1.539, 3.918, 8.306
-1.539, 3.918, 8.306
-1.463, 3.956, 8.296
-1.29, 3.841, 8.267
-1.29, 3.841, 8.267
-1.195, 3.88, 8.296
-1.051, 3.87, 8.564
-1.051, 3.87, 8.564
-1.108, 3.822, 8.756
-1.147, 3.889, 8.986
-1.147, 3.889, 8.986
-1.175, 3.813, 9.014
-1.223, 3.774, 8.919
-1.3, 3.65, 8.842
-1.453, 3.679, 8.804
-1.453, 3.679, 8.804
-1.511, 3.736, 8.88
-1.511, 3.736, 8.88
-1.52, 3.746, 8.823
-1.434, 3.822, 8.66
-1.396, 3.87, 8.478
-1.195, 3.947, 8.468
-1.195, 3.947, 8.468
-1.099, 4.014, 8.373
-1.099, 4.014, 8.373
-1.013, 4.014, 8.382
-1.032, 4.042, 8.306
-1.032, 4.042, 8.306
-1.051, 4.042, 8.219
-1.137, 3.995, 8.315
-1.137, 3.995, 8.315
-1.156, 4.081, 8.401
-1.127, 4.148, 8.488
-1.022, 4.263, 8.622
-1.022, 4.263, 8.622
-0.831, 4.177, 8.679
-0.773, 4.263, 8.823
-0.773, 4.263, 8.823
-0.697, 4.263, 8.832
-0.697, 4.263, 8.832
-0.562, 4.33, 9.043

