x : y : Z 
1.879, -0.439, 9.733
1.879, -0.439, 9.733
1.936, -0.554, 9.752
1.936, -0.554, 9.752
1.955, -0.621, 9.608
1.955, -0.621, 9.608
1.955, -0.621, 9.608
1.888, -0.659, 9.522
1.831, -0.649, 9.56
1.831, -0.649, 9.56
1.649, -0.736, 9.627
1.639, -0.783, 9.685
1.639, -0.783, 9.685
1.706, -0.774, 9.637
1.62, -0.841, 9.464
1.62, -0.841, 9.464
1.572, -0.764, 9.397
1.572, -0.764, 9.397
1.486, -0.793, 9.196
1.486, -0.793, 9.196
1.477, -0.716, 9.311
1.419, -0.793, 9.273
1.419, -0.793, 9.273
1.63, -0.764, 9.407
1.668, -0.831, 9.225
1.668, -0.831, 9.225
1.582, -0.927, 9.177
1.582, -0.927, 9.177
1.467, -0.841, 9.053
1.304, -0.841, 9.033
1.304, -0.841, 9.033
1.342, -0.64, 9.235
1.342, -0.64, 9.235
1.419, -0.736, 9.177
1.582, -0.688, 9.388
1.793, -0.898, 9.397
1.802, -0.975, 9.426
1.802, -0.975, 9.426
1.601, -0.918, 9.168
1.601, -0.918, 9.168
1.563, -0.889, 8.995
1.218, -0.937, 8.794
1.074, -0.879, 8.928
1.074, -0.879, 8.928
1.046, -0.87, 8.813
1.141, -0.898, 9.081
1.141, -0.898, 9.081
1.151, -0.946, 8.966
1.017, -0.879, 9.129
1.017, -0.879, 9.129
0.988, -0.793, 9.139
0.959, -0.793, 9.196
0.959, -0.793, 9.196
1.065, -0.774, 9.292
1.036, -0.783, 9.417
1.026, -0.812, 9.589
1.026, -0.812, 9.589
1.017, -0.783, 9.761
0.978, -0.783, 9.771
0.978, -0.783, 9.771
1.007, -0.755, 9.982
1.007, -0.755, 9.982
1.113, -0.803, 9.838
1.113, -0.803, 9.838
1.151, -0.764, 9.752
1.256, -0.716, 9.646
1.256, -0.716, 9.646
1.16, -0.822, 9.445
1.16, -0.822, 9.445
1.141, -0.87, 9.311
1.141, -0.87, 9.311
1.074, -1.004, 9.215
0.94, -1.109, 9.033
0.94, -1.109, 9.033
0.873, -1.214, 8.813
0.873, -1.214, 8.813
0.883, -1.281, 8.813
0.816, -1.349, 8.928
0.816, -1.349, 8.928
0.787, -1.358, 8.823
0.816, -1.416, 8.89
0.816, -1.416, 8.89
0.797, -1.425, 8.813
0.873, -1.31, 9.005
0.873, -1.31, 9.005
0.873, -1.32, 8.938
0.95, -1.205, 9.043
0.931, -1.109, 9.244
0.931, -1.109, 9.244
0.998, -1.023, 9.321
1.017, -0.975, 9.407
1.017, -0.975, 9.407
0.988, -0.956, 9.407
1.046, -0.87, 9.388
1.046, -0.87, 9.388
1.036, -0.898, 9.378
1.046, -0.841, 9.417
1.046, -0.841, 9.417
1.007, -0.87, 9.417
0.998, -0.898, 9.608
0.998, -0.898, 9.608
1.007, -0.879, 9.598
1.007, -0.879, 9.598
0.978, -0.937, 9.723
0.892, -0.879, 9.666
0.892, -0.879, 9.666
1.007, -0.86, 9.56
1.007, -0.86, 9.56
0.931, -0.918, 9.455
0.883, -0.85, 9.464
0.95, -0.803, 9.417
0.95, -0.803, 9.417
1.007, -0.793, 9.445
1.007, -0.793, 9.445
1.093, -0.87, 9.388
1.113, -0.889, 9.34
1.084, -0.908, 9.263
1.084, -0.908, 9.263
0.969, -0.87, 9.139
0.969, -0.87, 9.139
0.816, -0.87, 9.321
0.816, -0.87, 9.321
0.806, -0.841, 9.436
0.777, -0.831, 9.637
0.835, -0.889, 9.656
0.835, -0.889, 9.656
0.892, -0.946, 9.598
0.892, -0.946, 9.598
0.71, -1.004, 9.388
0.71, -1.004, 9.388
0.71, -1.004, 9.388
0.691, -1.032, 9.292
0.557, -1.099, 9.235
0.595, -1.186, 9.12
0.595, -1.186, 9.12
0.615, -1.214, 8.909
0.615, -1.214, 8.909
0.548, -1.224, 8.698
0.548, -1.224, 8.698
0.624, -1.339, 8.497
0.538, -1.339, 8.44
0.538, -1.339, 8.44
0.385, -1.138, 9.349
0.385, -1.138, 9.349
0.299, -1.128, 9.809
0.366, -1.08, 9.847
0.366, -1.08, 9.847
0.548, -1.09, 9.838
0.548, -1.09, 9.838
0.729, -1.004, 9.886
0.749, -1.061, 9.713
0.653, -0.994, 9.474
0.548, -1.099, 9.225
0.346, -1.176, 8.957
0.346, -1.176, 8.957
0.279, -1.281, 8.813
0.231, -1.329, 8.708
0.231, -1.329, 8.708
0.05, -1.272, 8.727
-0.104, -1.119, 9.244
-0.104, -1.119, 9.244
-0.113, -1.023, 9.8
-0.113, -1.023, 9.8
-0.008, -1.061, 9.79
0.26, -1.329, 9.56
0.26, -1.329, 9.56
0.337, -1.32, 9.397
0.337, -1.32, 9.397
0.145, -1.272, 9.34
-0.027, -1.128, 9.244
-0.132, -1.023, 9.11
-0.19, -0.946, 9.168
-0.237, -0.956, 9.129
-0.237, -0.956, 9.129
-0.227, -1.004, 9.302
-0.142, -1.052, 9.426
-0.142, -1.052, 9.426
-0.094, -1.099, 9.493
-0.094, -1.099, 9.493
-0.037, -0.994, 9.589
0.126, -1.013, 10.144
0.126, -1.013, 10.144
0.26, -0.956, 10.173
0.48, -0.937, 10.173
0.586, -0.86, 10.087
0.586, -0.86, 10.087
0.672, -0.783, 9.962
0.672, -0.783, 9.962
0.749, -0.678, 9.876
0.433, -0.601, 9.359
1.007, -0.496, 9.886
1.007, -0.496, 9.886
1.505, -0.362, 9.809
1.505, -0.362, 9.809
1.572, -0.295, 9.723
1.467, -0.276, 9.809
1.333, -0.199, 10.173
1.342, -0.19, 10.202
1.342, -0.19, 10.202
1.4, -0.171, 10.288
1.4, -0.171, 10.288
1.39, -0.113, 10.077
1.237, -0.056, 10.116
1.007, -0.113, 10.106
1.007, -0.113, 10.106
0.873, -0.113, 10.039
0.768, -0.084, 10.029
0.768, -0.084, 10.029
0.595, -0.123, 9.876
0.595, -0.123, 9.876
0.634, -0.171, 9.924
0.691, -0.228, 9.78
0.729, -0.19, 9.589
0.729, -0.19, 9.589
0.701, -0.19, 9.417
0.701, -0.19, 9.417
0.691, -0.142, 9.579
0.634, -0.142, 9.646
0.624, -0.142, 9.828
0.653, -0.151, 9.685
0.653, -0.151, 9.685
0.739, -0.142, 9.723
0.777, -0.103, 9.302
0.806, -0.065, 9.359
0.806, -0.065, 9.359
0.739, -0.046, 9.503
0.701, -0.027, 9.704
0.701, -0.027, 9.704
0.739, 0.184, 9.531
0.873, 0.203, 9.417
1.122, 0.241, 9.273
1.122, 0.241, 9.273
1.141, 0.403, 9.014
1.141, 0.403, 9.014
1.055, 0.422, 8.986
1.055, 0.422, 8.986
1.046, 0.318, 9.417
1.046, 0.318, 9.417
0.959, 0.355, 9.273
0.931, 0.355, 9.503
0.931, 0.355, 9.503
0.911, 0.26, 9.263
0.911, 0.26, 9.263
0.825, 0.155, 10.058
0.825, 0.155, 10.058
0.729, 0.117, 10.231
0.729, 0.117, 10.231
0.701, 0.078, 10.087
0.701, 0.078, 10.087
0.634, 0.165, 9.474
0.634, 0.165, 9.474
0.797, 0.107, 9.771
0.787, 0.146, 9.493
0.787, 0.146, 9.493
0.615, 0.165, 8.775
0.739, 0.146, 9.11
0.605, 0.002, 9.273
0.605, 0.002, 9.273
0.241, -0.123, 8.411
0.212, -0.218, 8.583
0.212, -0.218, 8.583
0.069, -0.295, 8.909
-0.094, -0.171, 8.995
-0.094, -0.171, 8.995
-0.056, -0.151, 8.746
-0.056, -0.151, 8.746
0.011, -0.18, 8.842
0.155, -0.065, 8.986
0.155, -0.065, 8.986
0.366, 0.04, 9.081
0.528, 0.174, 8.832
0.528, 0.174, 8.832
0.509, 0.203, 9.033
0.854, 0.318, 8.708
1.275, 0.232, 8.756
1.275, 0.232, 8.756
1.764, 0.27, 8.555
1.917, 0.27, 8.813
1.917, 0.27, 8.813
2.176, 0.155, 9.378
2.444, 0.078, 9.445
2.444, 0.078, 9.445
2.53, 0.098, 9.723
2.444, 0.403, 9.637
2.444, 0.403, 9.637
2.022, 0.289, 10.068
2.013, 1.236, 10.288
1.764, 0.844, 10.278
0.978, 0.48, 9.886
0.816, 0.853, 9.522
0.816, 0.853, 9.522
0.816, 0.853, 9.522
0.758, 0.719, 9.024
0.653, 0.556, 8.765
0.653, 0.556, 8.765
0.615, 0.499, 8.746
0.739, 0.461, 8.765
0.777, 0.413, 9.043
0.777, 0.413, 9.043
0.72, 0.432, 9.091
0.624, 0.299, 9.282
0.624, 0.299, 9.282
0.519, 0.251, 9.158
0.299, 0.289, 8.995
0.231, 0.48, 8.986
0.03, 0.853, 9.196
0.03, 0.853, 9.196
-0.046, 0.825, 9.484
-0.046, 0.825, 9.484
-0.19, 1.006, 9.934
-0.246, 1.074, 10.125
-0.246, 1.045, 10.202
-0.246, 1.045, 10.202
-0.246, 0.939, 10.211
-0.428, 0.92, 10.001
-0.428, 0.92, 10.001
-0.697, 0.748, 10.125
-0.898, 0.556, 10.049
-0.898, 0.556, 10.049
-0.61, 0.059, 10.01
-0.61, 0.059, 10.01
1.007, -0.094, 9.273
1.007, -0.094, 9.273
2.089, 0.05, 8.737
2.549, -0.075, 8.488
2.98, -0.285, 8.804
2.98, -0.285, 8.804
2.98, -0.285, 8.804
3.076, -0.534, 8.593
3.047, -0.803, 8.018
3.047, -0.803, 8.018
3.248, -1.119, 7.922
3.545, -1.253, 7.97
3.526, -0.927, 7.702
4.005, -0.831, 9.158
4.005, -0.831, 9.158
3.967, -0.793, 9.139
3.986, -0.601, 8.353
3.986, -0.601, 8.353
4.081, -0.783, 8.679
3.89, -0.946, 8.717
3.89, -0.946, 8.717
3.526, -0.985, 8.574
3.43, -1.08, 8.679
3.43, -1.08, 8.679
3.325, -1.071, 8.545
3.43, -0.745, 8.593
3.526, -0.515, 8.842
3.526, -0.515, 8.842
3.344, -0.333, 8.612
3.248, -0.362, 8.784
3.248, -0.362, 8.784
2.578, -0.362, 8.88
2.578, -0.362, 8.88
2.271, -0.218, 8.919
2.195, -0.18, 8.947
2.185, -0.075, 8.727
2.137, 0.232, 8.152
2.137, 0.232, 8.152
2.291, 0.232, 8.171
2.291, 0.232, 8.171
2.291, 0.232, 8.171
2.338, 0.28, 8.057
2.434, 0.336, 7.97
2.664, 0.365, 7.99
2.836, 0.518, 7.779
2.836, 0.518, 7.779
2.942, 0.604, 7.922
2.942, 0.604, 7.922
2.884, 0.671, 7.836
2.884, 0.671, 7.836
2.903, 0.853, 7.855
2.999, 0.815, 7.731
2.999, 0.815, 7.731
2.951, 0.901, 7.769
2.951, 0.901, 7.769
2.971, 0.959, 7.779
3.018, 1.093, 7.922
3.018, 1.093, 7.922
3.047, 1.255, 8.066
3.066, 1.476, 8.267
3.066, 1.476, 8.267
3.22, 1.581, 8.382
3.095, 1.667, 8.411
2.894, 1.686, 8.641
2.894, 1.686, 8.641
2.702, 1.619, 8.382
2.702, 1.619, 8.382
2.789, 1.524, 7.98
2.836, 1.466, 7.683
2.808, 1.313, 7.424
2.597, 1.313, 7.444
2.597, 1.313, 7.444
2.338, 1.313, 7.53
2.204, 1.361, 7.635
2.042, 1.399, 7.75
2.042, 1.399, 7.75
1.888, 1.265, 7.98
1.553, 0.987, 8.143
1.553, 0.987, 8.143
1.132, 0.662, 8.851
0.998, 0.413, 9.397
0.873, 0.374, 9.493
0.873, 0.374, 9.493
0.988, 0.499, 9.359
1.678, 0.614, 9.723
2.52, 0.585, 10.173
2.52, 0.585, 10.173
4.359, 0.863, 9.579
6.849, 0.614, 10.48
6.849, 0.614, 10.48
7.366, 0.748, 11.399
7.366, 0.748, 11.399
6.763, 0.978, 12.127
6.763, 0.978, 12.127
5.441, 0.901, 11.313
4.57, 0.595, 11.035
3.622, 0.327, 10.346
3.622, 0.327, 10.346
2.808, 0.04, 10.326
2.808, 0.04, 10.326
1.965, -0.103, 10.211
0.509, -0.879, 9.436
0.509, -0.879, 9.436
0.164, -1.138, 9.024
-0.304, -1.339, 8.526
-0.304, -1.339, 8.526
-0.534, -1.712, 7.961
-0.534, -1.712, 7.961
-0.486, -1.77, 7.865
0.117, -2.067, 7.444
0.117, -2.067, 7.444
1.151, -1.684, 7.262
1.151, -1.684, 7.262
1.888, -1.167, 7.616
2.243, -1.013, 8.114
2.109, -1.023, 8.114
1.524, -1.31, 8.507
1.524, -1.31, 8.507
0.777, -1.617, 8.976
0.777, -1.617, 8.976
0.241, -1.751, 9.311
0.097, -1.693, 9.282
0.097, -1.693, 9.282
0.174, -1.76, 9.215
0.164, -1.703, 9.005
0.164, -1.703, 9.005
0.423, -1.54, 9.531
0.423, -1.54, 9.531
0.624, -1.281, 9.838
0.624, -1.281, 9.838
0.931, -1.138, 10.451
0.921, -0.918, 10.087
0.921, -0.918, 10.087
0.844, -0.831, 9.733
0.844, -0.831, 9.733
0.787, -1.042, 9.139
0.5, -1.329, 8.88
0.5, -1.329, 8.88
0.164, -1.588, 8.698
0.117, -1.818, 8.104
0.117, -1.818, 8.104
0.097, -1.904, 8.162
0.097, -1.904, 8.162
0.021, -1.933, 8.018
0.117, -1.923, 7.875
0.117, -1.923, 7.875
0.528, -1.818, 7.559
0.528, -1.818, 7.559
1.189, -1.176, 7.348
1.189, -1.176, 7.348
1.601, -0.918, 7.511
2.492, -0.276, 8.382
2.492, -0.276, 8.382
2.674, -0.218, 8.909
2.463, 0.193, 9.369
2.463, 0.193, 9.369
1.16, 0.04, 10.097
1.16, 0.04, 10.097
0.653, -0.017, 10.192
0.48, -0.046, 10.192
0.48, -0.046, 10.192
0.222, -0.008, 10.068
0.222, -0.008, 10.068
0.04, 0.107, 10.097
0.04, 0.107, 10.097
0.05, 0.136, 9.761
0.174, 0.05, 9.666
0.164, 0.203, 10.125
0.164, 0.203, 10.125
0.164, 0.203, 10.125
0.155, 0.355, 10.154
0.155, 0.355, 10.154
0.375, 0.355, 9.934
0.375, 0.355, 9.934
0.222, 0.203, 9.867
0.203, 0.213, 10.029
0.011, 0.222, 9.962
-0.142, 0.184, 9.943
-0.266, 0.203, 9.915
-0.237, 0.136, 10.02
-0.237, 0.136, 10.02
-0.161, 0.078, 9.886
0.078, -0.151, 9.771
0.078, -0.151, 9.771
0.442, -0.238, 9.79
0.442, -0.238, 9.79
0.48, -0.209, 9.637
0.509, -0.295, 9.551
0.509, -0.295, 9.551
0.404, -0.343, 9.608
0.299, -0.525, 9.254
0.299, -0.525, 9.254
0.136, -0.544, 9.206
-0.065, -0.333, 9.1
-0.065, -0.333, 9.1
0.04, -0.218, 9.043
0.04, -0.218, 9.043
0.155, -0.19, 9.158
0.375, -0.103, 9.349
0.586, 0.098, 9.464
0.586, 0.098, 9.464
0.777, 0.241, 9.225
0.777, 0.241, 9.225
1.017, 0.374, 9.378
1.046, 0.394, 9.522
1.046, 0.394, 9.522
0.835, 0.422, 9.493
0.816, 0.318, 9.646
0.816, 0.318, 9.646
0.816, 0.318, 9.646
0.768, 0.355, 9.349
0.768, 0.355, 9.369
0.768, 0.355, 9.369
0.615, 0.327, 9.426
0.222, 0.308, 9.713
0.222, 0.308, 9.713
-0.294, 0.595, 9.685
-0.294, 0.595, 9.685
-0.448, 0.7, 9.474
-0.448, 0.748, 9.12
-0.448, 0.748, 9.12
-0.342, 0.614, 9.263
-0.313, 0.623, 9.254
-0.313, 0.623, 9.254
-0.065, 0.384, 9.551
-0.065, 0.384, 9.551
0.05, 0.365, 9.598
0.356, 0.165, 9.924
0.586, 0.146, 10.077
0.586, 0.146, 10.077
0.528, 0.069, 10.585
0.375, 0.098, 10.872
0.184, 0.155, 11.198
0.155, 0.251, 10.987
0.155, 0.251, 10.987
0.002, 0.346, 11.083
0.002, 0.346, 11.083
-0.161, 0.47, 11.188
-0.18, 0.643, 10.92
-0.18, 0.643, 10.92
-0.171, 0.595, 10.844
-0.132, 0.604, 10.709
-0.132, 0.604, 10.709
-0.056, 0.394, 10.451
0.107, 0.251, 10.211
0.413, 0.174, 9.723
0.413, 0.174, 9.723
0.883, 0.28, 9.014
1.572, 0.499, 8.239
1.572, 0.499, 8.239
2.109, 0.528, 7.808
2.109, 0.528, 7.808
2.252, 0.489, 7.855
2.252, 0.489, 7.855
2.243, 0.461, 8.152
2.243, 0.461, 8.152
2.281, 0.336, 8.219
2.463, 0.146, 8.21
2.463, 0.146, 8.21
2.52, -0.017, 8.411
2.319, -0.036, 8.382
2.042, -0.036, 8.555
2.042, -0.036, 8.555
1.86, -0.132, 8.976
1.965, 0.098, 8.957
1.965, 0.098, 8.957
2.243, 0.117, 9.321
3.411, 0.432, 8.899
4.369, 0.872, 8.67
4.369, 0.872, 8.67
4.56, 0.815, 8.65
4.56, 0.815, 8.65
3.344, 0.671, 8.67
3.478, -0.573, 9.934
1.955, -1.052, 9.34
1.333, -2.048, 9.158
1.333, -2.048, 9.158
1.773, -2.105, 8.919
1.773, -2.105, 8.919
2.118, -2.096, 8.861
2.635, -2.096, 9.311
2.635, -2.096, 9.311
2.875, -2.0, 9.637
3.334, -1.55, 10.087
3.334, -1.55, 10.087
3.334, -1.55, 10.087
3.909, -0.994, 9.857
4.302, -0.697, 9.819
4.302, -0.697, 9.819
4.436, -0.621, 9.713
4.436, -0.621, 9.713
4.378, -0.534, 9.713
4.206, -0.525, 9.512
4.206, -0.525, 9.512
4.081, -0.554, 9.091
3.871, -0.678, 8.516
3.871, -0.678, 8.516
3.689, -0.716, 8.143
3.689, -0.716, 8.143
3.373, -0.946, 7.99
3.373, -0.946, 7.99
2.98, -1.004, 7.779
2.664, -1.071, 7.568
2.75, -1.023, 7.415
3.133, -0.793, 7.492
3.133, -0.793, 7.492
3.334, -0.621, 7.539
3.267, -0.649, 7.501
3.267, -0.649, 7.501
3.21, -0.659, 7.472
3.21, -0.659, 7.472
2.827, -0.736, 7.587
2.473, -0.678, 7.932
2.473, -0.678, 7.932
2.482, -0.372, 8.171
2.482, -0.372, 8.171
2.367, -0.199, 8.411
3.162, 0.174, 8.229
3.229, 0.518, 8.066
3.334, 0.585, 8.171
3.22, 0.652, 8.191
2.865, 0.796, 8.066
2.865, 0.796, 8.066
2.626, 0.892, 8.124
2.31, 0.872, 8.382
2.31, 0.872, 8.382
2.089, 0.939, 8.631
1.955, 1.016, 8.698
1.955, 1.016, 8.698
1.745, 0.997, 8.641
1.62, 1.006, 8.468
1.62, 1.006, 8.468
1.783, 1.006, 8.363
1.783, 1.006, 8.363
1.783, 1.026, 8.171
1.869, 0.93, 7.97
1.869, 0.93, 7.97
1.898, 0.92, 7.75
1.994, 1.093, 7.75
1.994, 1.093, 7.75
2.013, 1.093, 7.53
2.003, 1.141, 7.424
1.773, 0.748, 7.597
1.773, 0.748, 7.597
1.726, 0.748, 7.405
2.099, 0.844, 7.424
2.434, 0.825, 7.386
2.434, 0.825, 7.386
2.913, 0.997, 7.396
3.296, 1.093, 7.367
3.296, 1.093, 7.367
3.67, 1.265, 7.386
3.67, 1.265, 7.386
3.9, 1.428, 7.846
4.034, 1.457, 8.162
4.034, 1.457, 8.162
3.967, 1.466, 8.277
3.775, 1.476, 8.507
3.775, 1.476, 8.507
3.574, 1.466, 8.727
3.325, 1.485, 8.784
3.325, 1.485, 8.784
3.162, 1.524, 8.957
2.616, 1.495, 9.282
2.616, 1.495, 9.282
2.434, 1.457, 9.081
2.434, 1.457, 9.081
2.3, 1.476, 8.775
2.243, 1.351, 8.315
2.243, 1.351, 8.315
2.224, 1.255, 8.401
2.156, 1.246, 8.641
1.984, 1.265, 8.478
1.984, 1.265, 8.478
1.955, 1.045, 8.382
1.936, 0.872, 7.884
1.936, 0.872, 7.884
2.099, 0.671, 7.846
2.099, 0.671, 7.846
2.118, 0.614, 8.009
2.118, 0.614, 8.009
2.176, 0.585, 8.181
2.176, 0.585, 8.181
2.616, 0.518, 8.229
2.923, 0.499, 8.392
3.411, 0.681, 8.344
3.9, 0.968, 8.737
3.9, 0.968, 8.737
4.627, 1.188, 9.484
4.627, 1.188, 9.484
6.983, 1.447, 10.02
6.983, 1.447, 10.02
7.213, 1.686, 10.317
6.581, 1.342, 10.547
6.581, 1.342, 10.547
4.168, 1.351, 10.652
4.168, 1.351, 10.652
2.693, 0.69, 10.623
2.042, 0.384, 10.183
1.601, -0.017, 9.579
1.601, -0.017, 9.579
1.218, -0.496, 9.014
1.017, -1.071, 8.612
1.017, -1.071, 8.612
1.132, -1.473, 8.564
1.132, -1.473, 8.564
1.055, -1.712, 8.152
1.371, -1.741, 7.932
1.371, -1.741, 7.932
1.371, -1.741, 7.932
1.62, -1.655, 7.721
1.888, -1.416, 7.597
1.888, -1.416, 7.597
2.07, -1.243, 7.501
2.271, -1.042, 7.645
2.271, -1.042, 7.645
2.377, -0.764, 8.229
2.377, -0.764, 8.229
2.348, -0.707, 8.344
2.013, -0.745, 8.277
2.013, -0.745, 8.277
1.764, -1.042, 8.152
0.787, -1.712, 8.373
0.787, -1.712, 8.373
0.787, -1.712, 8.373
0.864, -1.703, 8.526
0.701, -1.837, 8.67
0.701, -1.837, 8.67
0.643, -1.808, 8.794
0.289, -1.827, 9.311
0.289, -1.827, 9.311
0.318, -1.76, 9.627
0.136, -1.655, 9.876
0.021, -1.32, 10.211
0.021, -1.32, 10.211
0.107, -1.147, 10.336
0.279, -0.831, 10.566
0.538, -0.573, 10.719
0.538, -0.573, 10.719
0.835, -0.305, 10.757
1.237, -0.094, 10.432
1.237, -0.094, 10.432
1.84, 0.059, 10.116
1.84, 0.059, 10.116
2.176, -0.094, 9.771
2.482, -0.324, 9.417
2.827, -0.448, 8.995
2.971, -0.621, 8.679
2.971, -0.621, 8.679
2.415, -0.812, 8.488
2.415, -0.812, 8.488
2.415, -0.812, 8.488
2.281, -0.898, 8.641
2.099, -0.707, 8.928
2.099, -0.707, 8.928
1.975, -0.649, 8.966
1.965, -0.697, 8.919
1.965, -0.697, 8.919
1.936, -0.515, 9.139
1.764, -0.458, 9.158
1.764, -0.458, 9.158
1.697, -0.429, 9.263
1.697, -0.429, 9.263
1.563, -0.41, 9.244
1.342, -0.487, 9.33
1.132, -0.448, 9.177
1.132, -0.448, 9.177
1.208, -0.429, 9.043
1.247, -0.391, 9.053
1.247, -0.391, 9.053
1.227, -0.496, 9.005
1.237, -0.669, 8.851
1.122, -0.726, 8.928
1.18, -0.697, 8.986
1.18, -0.697, 8.986
1.342, -0.64, 9.024
1.342, -0.64, 9.024
1.457, -0.621, 9.244
1.639, -0.439, 9.436
1.639, -0.439, 9.436
1.62, -0.372, 9.637
1.639, -0.343, 9.637
1.639, -0.343, 9.637
1.563, -0.324, 9.694
1.563, -0.324, 9.694
1.4, -0.324, 9.991
1.467, -0.285, 9.991
1.467, -0.285, 9.991
1.285, -0.209, 9.953
1.285, -0.209, 9.953
1.141, -0.285, 9.847
1.113, -0.285, 10.087
1.113, -0.285, 10.087
1.017, -0.343, 10.01
1.007, -0.352, 9.675
1.007, -0.352, 9.675
1.055, -0.496, 9.493
1.055, -0.496, 9.493
1.055, -0.496, 9.493
1.132, -0.573, 9.445
1.132, -0.573, 9.445
1.132, -0.621, 9.541
1.132, -0.621, 9.541
1.199, -0.544, 9.503
1.199, -0.544, 9.503
1.18, -0.573, 9.551
1.227, -0.515, 9.608
1.227, -0.515, 9.608
1.371, -0.477, 9.579
1.371, -0.477, 9.579
1.419, -0.467, 9.522
1.419, -0.467, 9.522
1.448, -0.257, 9.254
1.448, -0.257, 9.254
1.486, -0.199, 9.608
1.275, -0.18, 9.857
1.151, -0.257, 9.953
1.151, -0.257, 9.953
0.931, -0.247, 10.049
0.931, -0.247, 10.049
0.931, -0.247, 10.049
0.959, -0.132, 9.847
0.959, -0.132, 9.847
1.122, -0.113, 9.666
1.304, -0.094, 9.579
1.304, -0.094, 9.579
1.524, 0.031, 9.263
1.524, 0.031, 9.263
1.678, 0.088, 9.168
1.793, 0.05, 9.187
1.793, 0.05, 9.187
1.994, 0.241, 9.33
1.994, 0.241, 9.33
2.08, 0.299, 9.474
2.08, 0.299, 9.474
2.137, 0.27, 9.886
2.118, 0.241, 10.25
2.118, 0.241, 10.25
1.735, -0.008, 10.978
1.735, -0.008, 10.978
0.71, -0.42, 11.705
0.71, -0.42, 11.705
0.48, -0.391, 11.878
0.021, -0.18, 11.935
0.021, -0.18, 11.935
0.021, -0.18, 11.935
0.021, -0.094, 11.696
0.05, -0.046, 11.485
0.289, -0.075, 11.198
0.289, -0.075, 11.198
0.413, -0.161, 10.757
0.825, -0.247, 9.876
0.825, -0.247, 9.876
0.94, -0.295, 9.417
1.591, -0.151, 8.286
1.591, -0.151, 8.286
1.917, 0.011, 8.018
1.917, 0.011, 8.018
2.147, -0.008, 7.635
2.147, -0.008, 7.635
2.243, 0.098, 7.415
2.224, 0.203, 7.511
2.08, 0.232, 7.654
2.08, 0.232, 7.654
1.831, 0.336, 8.133
1.831, 0.336, 8.133
1.831, 0.336, 8.133
1.812, 0.374, 8.306
1.793, 0.48, 8.737
1.793, 0.48, 8.737
1.898, 0.489, 9.187
1.984, 0.47, 9.292
1.984, 0.47, 9.292
2.109, 0.489, 9.589
2.626, 0.518, 9.905
2.626, 0.518, 9.905
3.66, 0.576, 9.886
3.67, 0.547, 9.541
3.67, 0.547, 9.541
3.832, -0.046, 10.039
3.497, -0.678, 9.905
3.334, -1.301, 9.704
3.334, -1.301, 9.704
3.229, -1.722, 9.847
3.229, -1.722, 9.847
3.229, -1.722, 9.847
3.315, -1.827, 9.733
3.315, -1.827, 9.733
3.785, -1.923, 9.943
3.785, -1.923, 9.943
4.12, -1.99, 10.02
4.12, -1.99, 10.02
4.196, -2.105, 10.24
4.129, -2.498, 9.531
4.129, -2.498, 9.531
4.014, -2.862, 8.535
4.014, -2.862, 8.535
4.014, -2.862, 8.535
4.263, -2.948, 8.009
4.493, -3.025, 7.769
4.512, -3.025, 7.53
4.512, -3.025, 7.53
3.957, -3.446, 7.013
4.522, -2.766, 6.591
4.522, -2.766, 6.591
4.694, -2.488, 6.725
4.436, -2.306, 6.419
4.436, -2.306, 6.419
4.129, -2.335, 6.285
4.129, -2.335, 6.285
3.239, -2.335, 6.304
3.239, -2.335, 6.304
2.875, -2.316, 6.352
2.358, -1.99, 6.965
2.358, -1.99, 6.965
2.358, -1.99, 6.965
1.955, -1.933, 6.907
1.946, -1.885, 6.4
1.946, -1.885, 6.4
2.147, -1.933, 6.534
2.204, -1.751, 6.486
2.204, -1.751, 6.486
2.118, -1.569, 7.032
2.204, -1.655, 7.185
2.233, -1.54, 7.472
2.224, -1.224, 7.779
2.224, -1.224, 7.779
2.865, -0.86, 8.421
3.143, -0.496, 8.813
3.737, -0.142, 9.1
3.737, -0.142, 9.1
4.398, -0.238, 8.957
4.934, -0.19, 9.139
4.934, -0.19, 9.139
5.576, -0.372, 9.522
5.576, -0.372, 9.522
6.361, 0.002, 9.847
6.361, 0.002, 9.847
6.619, 0.441, 9.33
6.782, 0.71, 9.215
6.782, 0.71, 9.215
6.275, 0.959, 9.129
6.275, 0.959, 9.129
5.959, 0.949, 8.804
5.959, 0.949, 8.804
5.997, 0.805, 8.478
5.911, 0.643, 8.43
5.911, 0.643, 8.43
5.853, 0.394, 7.769
5.853, 0.394, 7.769
5.384, -0.046, 7.578
4.474, -0.305, 7.338
4.474, -0.305, 7.338
3.67, -0.908, 6.936
3.21, -1.358, 6.601
2.951, -1.866, 6.256
2.951, -1.866, 6.256
2.894, -1.904, 6.591
2.894, -1.904, 6.591
2.712, -1.894, 6.563
2.712, -1.894, 6.563
2.568, -1.818, 6.907
2.568, -1.818, 6.907
2.329, -1.655, 7.223
2.051, -1.425, 7.855
2.051, -1.425, 7.855
2.013, -1.559, 7.922
2.013, -1.559, 7.922
2.08, -1.607, 7.999
2.338, -1.684, 8.306
2.338, -1.684, 8.306
2.626, -1.645, 8.679
3.315, -1.435, 8.89
3.315, -1.435, 8.89
3.698, -1.31, 8.899
3.698, -1.31, 8.899
4.091, -1.176, 8.823
4.244, -1.138, 8.717
4.723, -1.387, 8.277
4.723, -1.387, 8.277
4.723, -1.387, 8.277
4.742, -1.454, 7.99
4.953, -1.732, 7.664
4.924, -1.732, 7.846
4.924, -1.732, 7.846
4.532, -1.617, 8.028
4.532, -1.617, 8.028
4.321, -1.693, 8.047
4.321, -1.693, 8.047
4.034, -1.684, 8.191
4.034, -1.684, 8.191
3.622, -1.712, 8.344
3.258, -1.645, 8.306
3.258, -1.645, 8.306
2.999, -1.617, 8.478
2.999, -1.617, 8.478
2.769, -1.607, 8.583
2.769, -1.607, 8.583
2.405, -1.53, 8.583
2.405, -1.53, 8.583
2.367, -1.483, 8.44
2.291, -1.502, 7.894
2.233, -1.013, 9.024
2.233, -1.013, 9.024
2.233, -1.013, 9.024
2.281, -0.898, 9.148
2.233, -0.716, 9.282
2.233, -0.716, 9.282
2.233, -0.716, 9.282
2.195, -0.592, 9.072
2.195, -0.592, 9.072
2.195, -0.592, 9.072
2.233, -0.506, 9.263
2.07, -0.305, 9.292
2.07, -0.305, 9.292
2.003, -0.247, 9.244
1.888, -0.209, 9.177
1.888, -0.209, 9.177
1.793, -0.132, 9.254
1.793, -0.132, 9.254
1.802, -0.132, 9.302
1.62, 0.011, 9.282
1.63, 0.021, 9.12
1.63, 0.021, 9.12
1.457, 0.011, 9.196
1.371, -0.075, 9.177
1.295, 0.002, 9.158
1.295, 0.002, 9.158
1.247, -0.027, 9.292
1.247, -0.027, 9.292
1.237, 0.078, 9.168
1.237, 0.078, 9.168
1.16, -0.027, 9.397
1.16, -0.027, 9.397
0.519, -0.238, 9.675
0.519, -0.238, 9.675
0.174, -0.276, 9.742
0.174, -0.276, 9.742
-0.056, -0.266, 9.867
-0.19, -0.113, 9.733
-0.056, -0.132, 9.646
-0.056, -0.132, 9.646
0.241, -0.199, 9.752
0.528, 0.002, 9.723
0.528, 0.002, 9.723
0.816, 0.203, 9.713
1.141, 0.432, 9.598
1.141, 0.432, 9.598
1.582, 0.643, 9.484
2.3, 0.825, 9.407
2.3, 0.825, 9.407
2.501, 0.853, 9.359
2.731, 0.767, 9.177
2.156, 0.566, 9.503
1.563, 0.251, 9.723
1.046, -0.448, 9.436
1.046, -0.448, 9.436
0.701, -0.908, 8.909
0.691, -1.08, 8.756
0.72, -1.291, 8.564
0.72, -1.291, 8.564
0.883, -1.406, 8.401
0.94, -1.454, 8.325
0.94, -1.454, 8.325
0.787, -1.416, 8.765
0.787, -1.416, 8.765
0.5, -1.281, 9.177
0.5, -1.281, 9.177
0.471, -1.013, 9.589
0.471, -1.013, 9.589
0.231, -0.994, 9.742
0.145, -0.87, 9.694
0.145, -0.87, 9.694
0.05, -0.898, 9.704
-0.008, -0.85, 9.771
-0.008, -0.85, 9.771
0.059, -0.783, 9.819
0.059, -0.783, 9.819
0.241, -0.697, 9.905
0.241, -0.611, 10.01
0.241, -0.611, 10.01
0.586, -0.515, 9.924
0.586, -0.515, 9.924
0.835, -0.458, 9.8
1.084, -0.477, 9.474
1.084, -0.477, 9.474
1.074, -0.563, 9.464
1.074, -0.563, 9.464
0.988, -0.707, 9.445
0.844, -0.898, 9.397
0.844, -0.898, 9.397
0.701, -0.908, 9.378
0.442, -1.147, 9.129
-0.008, -1.176, 9.273
-0.008, -1.176, 9.273
-0.926, -0.85, 9.541
-0.926, -0.85, 9.541
-1.415, -0.793, 9.704
-1.415, -0.793, 9.704
-1.731, -0.716, 9.847
-1.693, -0.525, 9.962
-1.693, -0.525, 9.962
-1.673, -0.563, 9.991
-1.683, -0.506, 10.01
-1.683, -0.506, 10.01
-1.482, -0.41, 10.02
-1.482, -0.41, 10.02
-1.463, -0.333, 9.972
-1.463, -0.333, 9.972
-1.511, -0.352, 10.049
-1.511, -0.352, 10.049
-1.444, -0.266, 10.029
-1.3, -0.209, 10.135
-1.3, -0.209, 10.135
-1.242, -0.056, 10.02
-1.242, -0.056, 10.02
-1.108, 0.098, 10.029
-0.869, 0.165, 9.761
-0.869, 0.165, 9.761
-0.783, 0.107, 9.733
-0.601, 0.059, 9.8
-0.601, 0.059, 9.8
0.318, -0.257, 9.618
0.346, -0.056, 9.541
0.346, -0.056, 9.541
0.327, -0.305, 9.589
0.327, -0.305, 9.589
0.423, -0.42, 9.531
0.385, -0.515, 9.704
0.385, -0.515, 9.704
0.48, -0.467, 9.771
0.48, -0.467, 9.771
0.413, -0.467, 9.943
0.184, -0.506, 9.982
0.145, -0.601, 9.905
0.088, -0.582, 9.924
0.088, -0.582, 9.924
-0.027, -0.42, 10.039
-0.027, -0.42, 10.039
-0.065, -0.429, 10.135
-0.218, -0.247, 10.058
-0.294, -0.199, 10.106
-0.294, -0.199, 10.106
-0.371, -0.123, 9.943
-0.371, -0.123, 9.943
-0.409, -0.113, 9.982
-0.409, -0.113, 9.982
-0.524, 0.031, 9.828
-0.582, 0.155, 9.857
-0.582, 0.155, 9.857
-0.658, 0.213, 9.723
-0.706, 0.232, 9.598
-0.706, 0.232, 9.598
-0.668, 0.289, 9.359
-0.668, 0.289, 9.359
-0.649, 0.289, 9.254
-0.61, 0.308, 9.263
-0.658, 0.355, 9.1
-0.658, 0.355, 9.1
-0.582, 0.251, 9.302
-0.553, 0.26, 9.321
-0.553, 0.26, 9.321
-0.524, 0.28, 9.215
-0.467, 0.213, 9.302
-0.467, 0.213, 9.302
-0.428, 0.174, 9.34
-0.467, 0.184, 9.349
-0.486, 0.27, 9.359
-0.649, 0.28, 9.388
-0.697, 0.403, 9.426
-0.697, 0.403, 9.426
-0.907, 0.413, 9.445
-0.907, 0.413, 9.445
-0.907, 0.413, 9.445
-0.974, 0.432, 9.56
-0.974, 0.432, 9.56
-1.022, 0.403, 9.579
-1.089, 0.47, 9.417
-1.089, 0.47, 9.417
-1.147, 0.422, 9.531
-1.195, 0.422, 9.713
-1.195, 0.422, 9.713
-1.175, 0.441, 9.618
-1.118, 0.441, 9.551
-1.022, 0.47, 9.474
-1.022, 0.47, 9.474
-0.85, 0.441, 9.426
-0.783, 0.451, 9.455
-0.658, 0.374, 9.493
-0.658, 0.374, 9.493
-0.562, 0.327, 9.56
-0.572, 0.365, 9.436
-0.572, 0.365, 9.436
-0.505, 0.222, 9.436
-0.505, 0.222, 9.436
-0.467, 0.165, 9.474
-0.476, 0.126, 9.484
-0.476, 0.126, 9.484
-0.457, 0.136, 9.551
-0.428, 0.031, 9.531
-0.4, -0.017, 9.56
-0.4, -0.017, 9.56
-0.333, -0.036, 9.493
-0.285, -0.151, 9.618
-0.227, -0.228, 9.57
-0.227, -0.228, 9.57
-0.304, -0.171, 9.56
-0.208, -0.218, 9.666
-0.208, -0.218, 9.666
-0.19, -0.18, 9.627
-0.199, -0.199, 9.618
-0.199, -0.199, 9.618
-0.237, -0.171, 9.56
-0.237, -0.171, 9.56
-0.304, -0.171, 9.723
-0.304, -0.171, 9.723
-0.294, -0.142, 9.847
-0.438, -0.123, 9.924
-0.438, -0.123, 9.924
-0.562, 0.002, 9.905
-0.562, 0.002, 9.905
-0.677, -0.036, 10.001
-0.725, -0.027, 10.01
-0.725, -0.027, 10.01
-0.735, -0.046, 9.982
-0.754, 0.011, 10.001
-0.754, 0.011, 10.001
-0.764, 0.031, 10.077
-0.764, 0.031, 10.077
-0.735, -0.046, 10.087
-0.802, -0.065, 9.991
-0.802, -0.065, 9.991
-0.735, -0.171, 9.934
-0.735, -0.171, 9.934
-0.697, -0.257, 9.972
-0.591, -0.285, 9.79
-0.467, -0.343, 9.675
-0.409, -0.487, 9.503
-0.409, -0.487, 9.503
-0.294, -0.525, 9.484
-0.113, -0.764, 9.321
-0.113, -0.764, 9.321
-0.104, -0.745, 9.254
0.002, -0.803, 9.244
0.002, -0.803, 9.244
0.03, -0.793, 9.388
0.174, -0.87, 9.378
0.366, -0.889, 9.388
0.394, -1.004, 9.273
0.394, -1.004, 9.273
0.433, -1.023, 9.062
0.509, -0.956, 9.206
0.509, -0.956, 9.206
0.643, -1.023, 9.168
0.749, -0.975, 9.254
0.749, -0.975, 9.254
0.806, -0.975, 9.235
0.902, -0.985, 9.397
0.902, -0.985, 9.397
0.883, -1.004, 9.436
0.883, -1.004, 9.436
0.911, -1.042, 9.551
0.94, -1.061, 9.646
0.873, -1.138, 9.752
0.873, -1.138, 9.752
0.72, -1.272, 9.79
0.72, -1.272, 9.79
0.624, -1.396, 9.656
0.5, -1.492, 9.723
0.5, -1.492, 9.723
0.231, -1.473, 9.857
0.078, -1.54, 9.694
0.078, -1.54, 9.694
-0.065, -1.454, 9.522
-0.065, -1.454, 9.522
-0.199, -1.387, 9.455
-0.123, -1.473, 9.168
-0.123, -1.473, 9.168
0.059, -1.645, 8.842
0.337, -1.732, 8.545
0.337, -1.732, 8.545
0.615, -1.712, 8.507
0.615, -1.712, 8.507
0.758, -1.502, 8.574
0.873, -1.358, 8.641
0.873, -1.358, 8.641
1.026, -1.262, 8.784
1.026, -1.262, 8.784
1.247, -1.138, 8.919
1.419, -1.052, 9.1
1.419, -1.052, 9.1
1.63, -1.042, 9.062
1.831, -0.985, 9.196
1.831, -0.985, 9.196
2.003, -1.071, 9.282
2.003, -1.071, 9.282
2.003, -1.071, 9.282
2.042, -1.147, 9.503
2.042, -1.147, 9.503
1.984, -1.099, 9.723
1.975, -1.176, 9.579
1.975, -1.176, 9.579
1.869, -1.243, 9.666
1.869, -1.243, 9.666
1.831, -1.358, 9.359
1.84, -1.444, 9.244
1.84, -1.444, 9.244
1.831, -1.521, 9.206
1.764, -1.53, 9.024
1.764, -1.53, 9.024
1.821, -1.454, 9.033
1.821, -1.454, 9.033
1.821, -1.454, 9.033
1.821, -1.358, 8.986
1.821, -1.358, 8.986
1.831, -1.32, 8.89
1.745, -1.281, 9.005
1.745, -1.281, 9.005
1.745, -1.281, 9.005
1.601, -1.214, 9.148
1.601, -1.214, 9.148
1.247, -1.224, 9.378
1.247, -1.224, 9.378
1.189, -1.214, 9.282
1.036, -1.167, 9.177
1.036, -1.167, 9.177
1.017, -1.042, 9.043
1.017, -1.042, 9.043
1.036, -1.061, 8.756
1.055, -1.052, 8.44
1.055, -1.052, 8.44
1.065, -1.119, 8.258
1.122, -1.109, 8.2
1.122, -1.109, 8.2
1.342, -0.927, 8.229
1.524, -0.812, 8.277
1.735, -0.659, 8.334
1.735, -0.659, 8.334
1.936, -0.467, 8.459
1.936, -0.467, 8.459
2.08, -0.362, 8.612
2.109, -0.333, 8.555
2.224, -0.199, 8.823
2.224, -0.199, 8.823
2.358, -0.19, 9.072
2.511, -0.19, 9.148
2.511, -0.19, 9.148
2.827, -0.161, 9.282
3.009, -0.18, 9.139
3.066, -0.257, 9.033
2.827, -0.199, 8.995
2.827, -0.199, 8.995
2.645, -0.333, 9.024
2.645, -0.333, 9.024
2.367, -0.343, 9.311
2.156, -0.171, 9.742
1.936, -0.142, 9.847
1.936, -0.142, 9.847
1.668, -0.343, 9.733
1.668, -0.343, 9.733
1.658, -0.448, 9.292
1.658, -0.448, 9.292
1.821, -0.525, 9.11
1.821, -0.544, 8.966
1.831, -0.601, 9.062
1.831, -0.601, 9.062
1.86, -0.582, 9.062
2.109, -0.477, 9.072
2.109, -0.477, 9.072
2.329, -0.611, 9.005
2.329, -0.611, 9.005
2.664, -0.736, 8.89
2.664, -0.736, 8.89
2.654, -0.669, 9.148
2.425, -0.669, 9.187
2.214, -0.601, 9.397
1.955, -0.582, 9.436
1.955, -0.582, 9.436
1.716, -0.64, 9.321
1.572, -0.649, 9.282
1.381, -0.669, 9.369
1.381, -0.669, 9.369
0.978, -0.678, 9.694
0.797, -0.63, 9.627
0.797, -0.678, 9.464
0.797, -0.678, 9.464
0.873, -0.649, 9.254
1.199, -0.515, 9.139
1.563, -0.467, 9.129
1.955, -0.4, 9.072
1.955, -0.4, 9.072
2.118, -0.391, 9.235
2.281, -0.439, 9.196
2.281, -0.439, 9.196
2.463, -0.515, 8.976
2.463, -0.515, 8.976
2.683, -0.64, 9.014
2.683, -0.64, 9.014
2.693, -0.688, 8.919
2.645, -0.783, 8.947
2.702, -0.965, 8.775
2.501, -1.061, 8.612
2.501, -1.061, 8.612
2.329, -1.09, 8.737
2.204, -1.042, 8.813
2.089, -1.138, 8.947
2.089, -1.138, 8.947
2.022, -1.119, 8.947
1.984, -1.052, 9.062
1.984, -1.052, 9.062
1.984, -0.87, 9.091
1.984, -0.87, 9.091
1.984, -0.87, 9.091
1.975, -0.755, 9.455
1.879, -0.592, 9.512
1.362, -0.467, 10.001
1.362, -0.467, 10.001
1.151, -0.458, 10.288
1.151, -0.458, 10.288
1.132, -0.333, 10.298
1.046, -0.42, 10.029
0.576, -0.649, 10.173
0.576, -0.649, 10.173
0.222, -0.726, 9.972
0.222, -0.726, 9.972
0.011, -0.726, 9.723
-0.152, -0.793, 9.551
-0.208, -0.85, 9.397
-0.208, -0.85, 9.397
-0.113, -1.09, 9.12
0.126, -1.406, 8.622
0.126, -1.406, 8.622
0.423, -1.779, 8.018
0.423, -1.779, 8.018
0.423, -1.779, 8.018
0.586, -1.837, 7.99
1.007, -1.732, 7.97
1.007, -1.732, 7.97
1.706, -1.272, 8.392
1.706, -1.272, 8.392
1.984, -1.052, 8.698
2.156, -0.879, 8.851
2.156, -0.879, 8.851
2.109, -0.64, 9.378
2.109, -0.64, 9.378
2.032, -0.429, 9.598
1.754, -0.352, 9.78
1.754, -0.352, 9.78
1.457, -0.42, 9.694
1.457, -0.42, 9.694
1.132, -0.487, 9.598
1.132, -0.487, 9.598
0.835, -0.506, 9.369
0.835, -0.506, 9.369
0.701, -0.678, 9.254
0.701, -0.678, 9.254
0.528, -0.745, 9.273
0.346, -0.85, 9.148
0.346, -0.85, 9.148
0.279, -0.927, 8.919
0.136, -1.157, 8.794
0.078, -1.224, 8.88
0.088, -1.262, 8.871
0.088, -1.262, 8.871
0.088, -1.205, 9.196
0.011, -1.061, 9.148
0.011, -1.061, 9.148
0.097, -1.147, 9.417
0.097, -1.147, 9.417
-0.027, -1.08, 9.828
-0.113, -1.052, 10.029
-0.113, -1.052, 10.029
-0.313, -0.803, 10.097
-0.313, -0.803, 10.097
-0.495, -0.688, 9.953
-0.495, -0.688, 9.953
-0.639, -0.649, 9.723
-0.639, -0.649, 9.723
-0.629, -0.707, 9.436
-0.993, -0.592, 9.589
-0.993, -0.592, 9.589
-1.08, -0.621, 9.579
-1.396, -0.477, 10.029
-1.396, -0.477, 10.029
-1.271, -0.429, 10.049
-1.348, -0.362, 10.413
-1.348, -0.362, 10.413
-1.214, -0.228, 10.432
-0.754, -0.18, 10.709
-0.419, -0.199, 10.719
-0.419, -0.199, 10.719
-0.152, -0.343, 10.566
0.366, -0.41, 10.671
0.366, -0.41, 10.671
0.864, -0.113, 10.729
0.864, -0.113, 10.729
0.749, 0.088, 10.585
0.299, 0.088, 10.719
0.299, 0.088, 10.719
-0.161, 0.203, 10.709
-0.161, 0.203, 10.709
-0.4, 0.413, 10.393
-0.543, 0.451, 9.934
-0.572, 0.441, 9.723
-0.572, 0.441, 9.723
-0.744, 0.508, 9.349
-0.744, 0.508, 9.349
-0.888, 0.451, 9.081
-1.051, 0.451, 8.976
-1.051, 0.451, 8.976
-1.252, 0.384, 8.89
-1.329, 0.184, 9.11
-1.396, 0.117, 9.244
-1.424, 0.098, 9.302
-1.424, 0.098, 9.302
-1.281, 0.155, 9.177
-1.281, 0.155, 9.177
-1.089, 0.213, 9.397
-0.907, 0.165, 9.215
-0.907, 0.165, 9.215
-0.582, 0.107, 9.091
-0.38, -0.103, 9.321
-0.38, -0.103, 9.321
-0.304, -0.228, 9.311
-0.333, -0.343, 9.646
-0.333, -0.343, 9.646
-0.285, -0.554, 9.627
-0.285, -0.554, 9.627
-0.246, -0.63, 9.579
-0.246, -0.63, 9.579
-0.208, -0.678, 9.704
-0.208, -0.678, 9.704
-0.237, -0.659, 9.713
-0.352, -0.611, 9.742
-0.476, -0.506, 9.905
-0.476, -0.506, 9.905
-0.553, -0.487, 9.876
-0.553, -0.487, 9.876
-0.582, -0.592, 9.943
-0.591, -0.525, 9.943
-0.591, -0.525, 9.943
-0.553, -0.448, 9.79
-0.553, -0.448, 9.79
-0.62, -0.487, 9.742
-0.601, -0.448, 9.646
-0.601, -0.439, 9.637
-0.639, -0.458, 9.713
-0.639, -0.458, 9.713
-0.668, -0.276, 9.828
-0.668, -0.276, 9.828
-0.706, -0.199, 9.828
-0.783, -0.132, 9.809
-0.773, -0.065, 9.608
-0.773, -0.065, 9.608
-0.792, -0.084, 9.713
-0.792, -0.084, 9.713
-0.898, 0.002, 9.79
-0.898, 0.002, 9.79
-0.946, -0.017, 9.694
-1.07, -0.008, 9.857
-1.156, -0.036, 9.924
-1.175, -0.113, 9.876
-1.175, -0.113, 9.876
-1.166, -0.161, 9.723
-1.166, -0.161, 9.723
-1.166, -0.161, 9.723
-1.07, -0.113, 9.589
-1.07, -0.113, 9.589
-1.099, -0.094, 9.666
-1.06, -0.103, 9.598
-1.089, -0.113, 9.838
-1.147, -0.113, 9.761
-1.147, -0.113, 9.761
-1.204, -0.123, 9.886
-1.214, -0.046, 9.886
-1.147, 0.04, 9.771
-1.147, 0.04, 9.771
-1.118, 0.088, 9.646
-1.022, 0.117, 9.56
-0.85, 0.232, 9.474
-0.85, 0.232, 9.474
-0.792, 0.318, 9.397
-0.687, 0.327, 9.177
-0.543, 0.241, 9.139
-0.543, 0.241, 9.139
-0.323, 0.203, 9.148
-0.246, 0.107, 9.359
-0.246, 0.107, 9.359
-0.142, -0.027, 9.512
-0.046, -0.084, 9.934
0.05, -0.218, 10.087
0.05, -0.218, 10.087
0.088, -0.42, 10.221
0.088, -0.42, 10.221
0.203, -0.678, 10.298
0.203, -0.678, 10.298
0.203, -0.678, 10.298
0.356, -0.764, 10.077
0.701, -0.774, 10.211
0.701, -0.774, 10.211
0.739, -0.879, 10.058
0.739, -0.879, 10.058
0.931, -0.927, 10.135
0.931, -0.927, 10.135
1.036, -1.032, 10.068
1.151, -0.908, 9.982
1.151, -0.908, 9.982
1.467, -1.128, 9.8
1.601, -1.31, 9.838
1.601, -1.31, 9.838
1.716, -1.521, 10.02
1.716, -1.521, 10.02
1.917, -1.511, 10.154
2.022, -1.722, 10.317
2.022, -1.722, 10.317
2.013, -1.875, 10.413
2.013, -1.875, 10.413
2.243, -1.76, 10.489
2.243, -1.76, 10.489
2.195, -1.569, 10.413
2.07, -1.339, 10.269
2.07, -1.339, 10.269
1.907, -1.339, 10.221
1.39, -1.281, 10.01
0.844, -1.377, 9.618
0.844, -1.377, 9.618
0.289, -1.53, 8.947
0.289, -1.53, 8.947
0.289, -1.53, 8.947
0.174, -1.473, 8.583
0.184, -1.234, 8.239
0.184, -1.234, 8.239
0.184, -1.234, 8.239
0.184, -0.841, 8.181
0.069, -0.573, 8.267
0.069, -0.573, 8.267
-0.104, -0.18, 8.057
-0.275, 0.069, 8.239
-0.898, -0.19, 9.091
-1.616, -0.056, 9.062
-2.507, -0.688, 8.411
-2.507, -0.688, 8.411
-2.564, -0.812, 8.286
-2.602, -0.458, 7.664
-2.2, -1.004, 7.932
-2.2, -1.004, 7.932
-1.539, -0.774, 8.191
-1.539, -0.774, 8.191
-0.783, -0.42, 8.67
-0.065, -0.554, 8.909
2.176, 0.422, 9.081
2.176, 0.422, 9.081
3.267, 0.623, 9.014
3.267, 0.623, 9.014
4.072, 0.93, 9.072
4.388, 1.141, 9.694
4.388, 1.141, 9.694
3.631, 0.489, 9.838
3.018, -0.132, 9.685
3.018, -0.132, 9.685
2.798, -0.745, 9.292
2.463, -1.234, 8.909
2.463, -1.234, 8.909
2.367, -1.492, 8.641
2.319, -1.569, 8.468
2.252, -1.636, 8.267
2.214, -1.569, 8.526
2.214, -1.569, 8.526
2.243, -1.377, 8.756
2.224, -0.803, 9.531
2.224, -0.803, 9.531
2.013, -0.534, 9.704
2.013, -0.534, 9.704
1.955, -0.506, 9.694
1.955, -0.506, 9.694
1.678, -0.42, 9.484
1.678, -0.42, 9.484
1.409, -0.506, 9.168
1.074, -0.63, 8.986
1.074, -0.63, 8.986
0.854, -0.601, 8.88
0.854, -0.601, 8.88
0.806, -0.649, 8.593
0.729, -0.736, 8.612
0.653, -0.831, 8.593
0.739, -0.831, 8.363
0.864, -0.745, 8.363
1.141, -0.649, 8.181
1.141, -0.649, 8.181
1.591, -0.506, 8.296
1.927, -0.41, 8.248
1.946, -0.4, 8.344
1.965, -0.4, 8.449
1.965, -0.4, 8.449
2.07, -0.41, 8.612
2.07, -0.41, 8.612
2.109, -0.333, 8.631
2.204, -0.439, 8.65
2.204, -0.439, 8.65
2.185, -0.4, 8.765
2.099, -0.391, 8.823
2.051, -0.343, 9.033
2.099, -0.218, 9.053
2.099, -0.218, 9.053
2.147, -0.075, 9.081
2.195, 0.011, 9.139
2.166, 0.059, 9.215
2.166, 0.059, 9.215
2.176, 0.165, 9.378
2.224, 0.222, 9.474
2.243, 0.432, 9.263
2.243, 0.432, 9.263
2.3, 0.528, 9.12
2.271, 0.719, 8.986
2.271, 0.719, 8.986
2.185, 0.777, 8.976
2.07, 0.815, 9.282
1.86, 0.757, 9.33
1.86, 0.757, 9.33
1.448, 0.451, 9.752
1.448, 0.451, 9.752
1.17, 0.26, 9.905
1.323, -0.084, 10.25
1.323, -0.084, 10.25
1.639, -0.238, 10.346
1.869, -0.41, 10.278
1.869, -0.41, 10.278
2.099, -0.515, 10.346
2.099, -0.515, 10.346
2.31, -0.582, 10.518
2.578, -0.592, 10.7
2.578, -0.592, 10.7
2.54, -0.448, 10.776
2.089, -0.324, 10.901
2.089, -0.324, 10.901
0.95, -0.707, 10.719
0.95, -0.707, 10.719
-0.61, -0.688, 10.681
-0.61, -0.688, 10.681
-1.041, -0.898, 10.269
-1.482, -1.195, 9.876
-1.482, -1.195, 9.876
-1.52, -1.262, 9.12
-1.329, -1.138, 8.928
-0.649, -1.032, 8.756
-0.046, -1.435, 8.229
-0.046, -1.435, 8.229
0.691, -1.53, 7.884
0.691, -1.53, 7.884
1.275, -1.387, 7.731
1.907, -1.195, 8.009
1.907, -1.195, 8.009
2.109, -1.186, 8.171
2.109, -1.186, 8.171
2.099, -1.147, 8.363
1.946, -1.195, 8.583
1.946, -1.195, 8.583
1.362, -1.473, 8.583
1.362, -1.473, 8.583
0.758, -1.789, 8.497
0.193, -1.875, 8.545
-0.18, -1.684, 8.583
-0.18, -1.684, 8.583
-0.352, -1.492, 8.631
-0.352, -1.492, 8.631
-0.467, -1.272, 9.062
-0.39, -1.186, 9.225
-0.39, -1.186, 9.225
-0.246, -1.176, 9.33
-0.008, -1.32, 9.359
-0.008, -1.32, 9.359
0.107, -1.406, 9.541
0.107, -1.406, 9.541
0.03, -1.454, 9.742
-0.132, -1.358, 9.991
-0.132, -1.358, 9.991
-0.294, -1.473, 9.915
-0.515, -1.425, 10.144
-0.515, -1.425, 10.144
-0.61, -1.368, 10.269
-0.716, -1.444, 10.374
-0.677, -1.425, 10.259
-0.677, -1.425, 10.259
-0.515, -1.291, 10.183
-0.515, -1.291, 10.183
-0.467, -1.167, 10.384
-0.294, -1.167, 10.221
-0.294, -1.167, 10.221
-0.046, -1.463, 9.503
-0.046, -1.463, 9.503
-0.065, -1.416, 9.263
0.021, -1.502, 8.89
0.021, -1.502, 8.89
0.174, -1.617, 8.641
0.26, -1.559, 8.488
0.461, -1.626, 8.306
0.461, -1.626, 8.306
0.605, -1.444, 8.239
0.662, -1.31, 8.334
0.662, -1.186, 8.334
0.662, -1.186, 8.334
0.662, -1.109, 8.555
0.662, -1.109, 8.555
0.538, -1.013, 8.612
0.193, -0.965, 8.861
0.193, -0.965, 8.861
-0.123, -0.783, 9.225
-0.123, -0.783, 9.225
-0.333, -0.487, 9.608
-0.658, -0.142, 10.154
-0.658, -0.142, 10.154
-0.869, 0.011, 10.403
-0.869, 0.011, 10.403
-0.572, -0.276, 9.924
-0.572, -0.276, 9.924
-0.313, -0.362, 9.847
-0.237, -0.592, 9.656
-0.152, -0.87, 9.646
-0.152, -0.87, 9.646
-0.113, -0.908, 9.713
-0.256, -0.946, 9.857
-0.256, -0.946, 9.857
-0.113, -1.186, 9.531
-0.113, -1.186, 9.531
0.212, -1.32, 9.254
0.097, -1.195, 9.349
0.097, -1.195, 9.349
-0.056, -1.109, 9.56
-0.152, -0.918, 9.646
-0.152, -0.918, 9.646
-0.237, -0.688, 9.886
-0.237, -0.688, 9.886
-0.294, -0.534, 10.173
-0.294, -0.534, 10.173
-0.4, -0.285, 10.068
-0.38, -0.132, 9.924
-0.38, -0.132, 9.924
-0.304, -0.142, 9.972

