x : y : Z 
-1.539, -2.316, 8.851
-1.539, -2.316, 8.851
-1.434, -2.306, 8.861
-1.434, -2.306, 8.861
-1.367, -2.21, 8.641
-1.271, -2.345, 8.593
-1.271, -2.345, 8.593
-1.089, -2.268, 8.65
-1.089, -2.268, 8.65
-1.147, -2.172, 8.804
-1.223, -2.153, 8.851
-1.233, -2.172, 9.12
-1.214, -2.249, 9.081
-1.214, -2.249, 9.081
-1.252, -2.23, 8.957
-1.252, -2.23, 8.957
-1.185, -2.22, 8.938
-1.185, -2.22, 8.938
-1.319, -2.249, 8.976
-1.319, -2.249, 8.976
-1.386, -2.297, 8.919
-1.405, -2.258, 9.349
-1.405, -2.258, 9.349
-1.415, -2.297, 9.426
-0.888, -2.373, 9.12
-0.888, -2.373, 9.12
-0.888, -2.373, 9.12
-0.754, -2.402, 9.043
-0.716, -2.364, 8.497
-0.716, -2.364, 8.497
-0.572, -2.345, 8.325
-0.572, -2.345, 8.325
-0.553, -2.249, 8.306
-0.668, -2.201, 8.708
-0.668, -2.201, 8.708
-0.716, -2.143, 8.928
-1.108, -2.153, 9.56
-1.108, -2.153, 9.56
-1.242, -2.163, 9.618
-1.242, -2.163, 9.618
-1.309, -2.105, 9.512
-1.348, -2.163, 9.235
-1.348, -2.163, 9.235
-1.329, -2.124, 8.871
-1.329, -2.124, 8.871
-1.329, -2.124, 8.871
-1.204, -2.124, 8.746
-1.013, -2.096, 8.737
-1.013, -2.096, 8.737
-1.013, -2.096, 8.737
-0.974, -2.076, 8.784
-0.974, -2.076, 8.784
-1.108, -2.028, 9.417
-1.108, -2.028, 9.417
-1.156, -2.096, 9.598
-1.214, -2.086, 10.02
-1.214, -2.086, 10.02
-1.252, -2.067, 10.116
-1.108, -2.067, 9.589
-0.831, -2.048, 9.072
-0.831, -2.048, 9.072
-0.553, -2.028, 8.315
-0.553, -2.028, 8.315
-0.495, -2.048, 7.903
-0.266, -2.191, 7.626
-0.266, -2.191, 7.626
-0.917, -1.942, 7.846
-0.917, -1.942, 7.846
-0.917, -1.942, 7.846
-0.792, -1.712, 9.445
-0.792, -1.712, 9.445
-0.543, -1.598, 9.867
-0.543, -1.598, 9.867
-0.4, -1.492, 9.876
-0.275, -1.502, 9.388
-0.275, -1.502, 9.388
0.03, -1.779, 8.555
0.299, -1.933, 7.922
0.299, -1.933, 7.922
0.155, -1.933, 7.013
0.145, -2.0, 7.664
-0.227, -1.578, 8.842
-0.227, -1.578, 8.842
-0.658, -1.339, 9.704
-0.658, -1.339, 9.704
-0.792, -1.157, 10.173
-0.591, -1.119, 9.771
-0.237, -1.492, 8.717
-0.237, -1.492, 8.717
-0.18, -1.665, 8.641
-0.18, -1.665, 8.641
-0.419, -1.483, 8.823
-0.419, -1.483, 8.823
-0.658, -1.416, 8.966
-0.811, -1.281, 9.168
-0.811, -1.281, 9.168
-0.917, -0.87, 9.723
-0.84, -0.803, 9.905
-0.84, -0.803, 9.905
-0.744, -0.879, 9.742
-0.926, -0.946, 9.579
-0.926, -0.946, 9.579
-0.926, -1.004, 9.369
-0.936, -1.042, 9.235
-0.936, -1.042, 9.235
-0.946, -0.975, 9.292
-0.917, -0.86, 9.397
-0.773, -0.879, 9.273
-0.773, -0.879, 9.273
-0.821, -0.87, 9.321
-0.821, -0.87, 9.321
-0.869, -0.726, 9.503
-0.869, -0.726, 9.503
-0.859, -0.764, 9.704
-0.859, -0.764, 9.704
-0.582, -0.879, 9.417
-0.582, -0.879, 9.417
-0.534, -0.831, 9.369
-0.39, -0.889, 9.369
-0.113, -1.234, 9.11
0.394, -1.54, 8.44
0.394, -1.54, 8.44
0.682, -1.425, 8.612
1.113, -1.186, 8.641
1.113, -1.186, 8.641
1.227, -1.023, 9.196
1.247, -0.774, 9.733
1.63, -0.582, 10.298
1.63, -0.582, 10.298
1.85, -0.362, 10.221
2.128, -0.372, 10.24
2.271, -0.439, 10.288
2.252, -0.324, 10.355
2.252, -0.429, 10.451
2.252, -0.429, 10.451
2.281, -0.506, 10.623
2.281, -0.506, 10.623
2.109, -0.266, 10.844
2.051, -0.209, 11.006
2.051, -0.209, 11.006
2.137, -0.218, 10.997
2.137, -0.218, 10.997
2.08, -0.209, 10.767
2.08, -0.209, 10.767
1.831, -0.305, 10.47
0.978, -0.64, 10.374
0.978, -0.64, 10.374
0.241, -0.745, 10.307
-0.304, -0.4, 10.489
-0.304, -0.4, 10.489
-0.687, -0.075, 10.547
-1.032, 0.021, 10.346
-1.405, 0.165, 10.346
-1.405, 0.165, 10.346
-1.52, 0.365, 10.144
-1.597, 0.489, 10.144
-1.693, 0.671, 9.972
-1.693, 0.671, 9.972
-1.98, 0.633, 10.231
-1.98, 0.633, 10.231
-2.382, 0.374, 10.355
-2.382, 0.374, 10.355
-2.583, 0.213, 10.087
-2.583, 0.213, 10.087
-2.554, -0.017, 9.934
-2.554, -0.017, 9.934
-2.497, -0.467, 9.464
-2.497, -0.467, 9.464
-2.305, -0.736, 8.708
-2.305, -0.736, 8.708
-2.296, -1.406, 7.961
-2.296, -1.406, 7.961
-2.047, -1.502, 7.961
-1.635, -1.138, 8.334
-1.07, -1.272, 7.894
-1.07, -1.272, 7.894
-0.515, -1.339, 7.664
0.059, -1.607, 7.424
0.777, -1.645, 6.994
0.777, -1.645, 6.994
1.055, -1.569, 6.831
1.151, -1.636, 6.744
1.151, -1.636, 6.744
1.448, -1.559, 7.195
1.448, -1.559, 7.195
1.706, -1.54, 7.252
1.764, -1.473, 7.817
1.764, -1.473, 7.817
1.764, -1.224, 8.89
1.965, -0.822, 9.56
1.965, -0.822, 9.56
2.042, -0.927, 9.263
2.195, -1.004, 9.043
2.329, -0.985, 8.938
2.329, -0.985, 8.938
2.3, -0.764, 9.263
2.243, -0.678, 9.493
2.31, -0.592, 9.627
2.31, -0.592, 9.627
2.329, -0.487, 9.962
2.329, -0.391, 10.24
2.329, -0.391, 10.24
2.3, -0.352, 10.25
2.3, -0.352, 10.25
2.338, -0.372, 10.365
2.348, -0.333, 10.269
2.348, -0.333, 10.269
2.53, -0.343, 10.077
2.568, -0.238, 9.771
2.568, -0.238, 9.771
2.463, 0.031, 9.819
2.329, 0.203, 9.551
2.329, 0.203, 9.551
2.118, 0.299, 9.397
1.726, 0.232, 9.531
1.726, 0.232, 9.531
1.065, 0.04, 9.675
0.318, -0.362, 9.551
-0.142, -0.381, 9.57
-0.142, -0.381, 9.57
-0.467, -0.439, 9.79
-0.601, -0.563, 9.407
-0.333, -0.745, 8.966
0.174, -0.994, 8.449
0.174, -0.994, 8.449
0.892, -0.793, 8.421
1.783, -0.42, 8.363
1.783, -0.42, 8.363
2.319, -0.218, 8.344
2.319, -0.218, 8.344
2.156, -0.649, 8.191
2.156, -0.649, 8.191
2.224, -0.831, 7.855
2.425, -1.09, 7.922
2.425, -1.09, 7.922
2.683, -1.387, 7.673
2.683, -1.387, 7.673
2.856, -1.511, 7.702
2.856, -1.511, 7.702
3.066, -1.473, 7.922
3.066, -1.473, 7.922
3.124, -1.406, 8.104
3.124, -1.406, 8.104
3.018, -1.31, 8.478
3.018, -1.31, 8.478
3.009, -1.09, 9.005
3.038, -0.898, 9.311
3.057, -0.793, 9.713
3.057, -0.793, 9.713
2.98, -0.649, 9.819
2.98, -0.649, 9.819
2.664, -0.659, 9.771
2.664, -0.659, 9.771
2.578, -0.429, 9.656
2.482, -0.257, 9.512
2.482, -0.257, 9.512
2.319, -0.228, 9.455
2.319, -0.228, 9.455
2.137, 0.078, 9.302
2.137, 0.078, 9.302
1.917, 0.222, 9.187
1.687, 0.241, 9.244
1.687, 0.241, 9.244
1.63, 0.117, 9.321
1.553, -0.036, 9.541
1.601, -0.151, 9.713
1.601, -0.151, 9.713
1.831, -0.257, 9.685
2.042, -0.448, 9.493
2.042, -0.448, 9.493
2.549, -0.994, 9.484
2.549, -0.994, 9.484
2.942, -1.147, 9.254
2.942, -1.147, 9.254
3.574, -1.176, 9.417
3.574, -1.176, 9.417
4.369, -1.234, 9.445
4.369, -1.234, 9.445
4.694, -1.492, 9.752
4.694, -1.492, 9.752
4.829, -1.598, 10.029
4.388, -1.349, 10.336
4.388, -1.349, 10.336
4.206, -1.301, 10.585
3.382, -1.205, 10.451
3.382, -1.205, 10.451
1.85, -1.061, 10.403
1.85, -1.061, 10.403
0.567, -1.406, 10.183
-0.515, -1.052, 10.566
-0.515, -1.052, 10.566
-1.539, -1.425, 10.47
-1.539, -1.425, 10.47
-2.305, -1.779, 10.116
-2.468, -1.923, 9.407
-2.468, -1.923, 9.407
-2.373, -2.163, 9.11
-1.989, -2.076, 8.449
-1.989, -2.076, 8.449
-0.371, -1.923, 7.721
-0.371, -1.923, 7.721
0.749, -1.961, 7.396
0.749, -1.961, 7.396
1.63, -1.406, 7.903
1.879, -1.052, 8.401
1.668, -0.994, 8.583
1.668, -0.994, 8.583
1.352, -1.157, 8.43
1.084, -1.559, 8.076
0.806, -1.875, 7.798
0.806, -1.875, 7.798
0.729, -2.057, 7.808
0.739, -2.22, 7.875
0.739, -2.22, 7.875
0.758, -2.182, 7.932
0.797, -2.172, 8.124
0.797, -2.172, 8.124
0.624, -2.258, 8.353
0.433, -2.22, 8.746
0.231, -2.277, 8.957
0.231, -2.277, 8.957
0.088, -2.249, 8.976
-0.037, -2.22, 9.292
-0.266, -1.923, 9.57
-0.266, -1.923, 9.57
-0.304, -1.866, 9.8
-0.304, -1.866, 9.8
-0.524, -1.559, 10.049
-0.658, -1.349, 10.231
-0.658, -1.349, 10.231
-0.697, -1.281, 10.125
-0.62, -1.176, 10.192
-0.62, -1.176, 10.192
-0.668, -1.176, 10.154
-0.735, -1.176, 10.144
-0.658, -1.253, 9.838
-0.515, -1.473, 9.627
-0.515, -1.473, 9.627
-0.304, -1.684, 9.139
-0.304, -1.684, 9.139
-0.142, -1.875, 8.756
0.03, -1.99, 8.44
0.03, -1.99, 8.44
0.193, -2.038, 8.296
0.433, -1.923, 8.143
0.433, -1.923, 8.143
0.433, -1.885, 8.21
0.433, -1.885, 8.21
0.404, -1.866, 8.392
0.404, -1.866, 8.392
0.346, -1.808, 8.555
0.346, -1.808, 8.555
0.212, -1.779, 8.689
0.088, -1.732, 8.832
0.088, -1.732, 8.832
-0.065, -1.722, 8.88
-0.113, -1.741, 8.813
-0.113, -1.741, 8.813
-0.19, -1.693, 8.842
-0.19, -1.693, 8.842
-0.352, -1.626, 8.746
-0.352, -1.626, 8.746
-0.562, -1.483, 8.957
-0.562, -1.483, 8.957
-0.553, -1.492, 9.244
-0.553, -1.492, 9.244
-0.61, -1.377, 9.263
-0.61, -1.377, 9.263
-0.38, -1.435, 9.12
-0.304, -1.559, 9.024
-0.246, -1.617, 8.938
-0.227, -1.655, 9.177
-0.227, -1.655, 9.177
-0.294, -1.607, 9.254
-0.294, -1.607, 9.254
-0.39, -1.454, 9.464
-0.428, -1.31, 9.809
-0.342, -1.358, 9.867
-0.342, -1.358, 9.867
-0.275, -1.329, 9.819
-0.18, -1.358, 9.704
-0.104, -1.444, 9.704
-0.018, -1.559, 9.541
0.002, -1.53, 9.484
-0.065, -1.444, 9.512
-0.065, -1.444, 9.512
-0.046, -1.444, 9.426
-0.046, -1.444, 9.426
-0.142, -1.329, 9.417
-0.132, -1.329, 9.369
-0.132, -1.329, 9.369
-0.123, -1.425, 9.158
-0.123, -1.425, 9.158
-0.094, -1.387, 9.081
-0.085, -1.502, 9.148
-0.085, -1.502, 9.148
0.011, -1.492, 9.053
0.078, -1.636, 9.148
0.078, -1.636, 9.148
0.107, -1.578, 9.168
0.164, -1.722, 9.177
0.164, -1.722, 9.177
0.155, -1.741, 9.311
0.164, -1.674, 9.397
-0.065, -1.483, 9.493
-0.065, -1.483, 9.493
-0.161, -1.349, 9.627
-0.161, -1.349, 9.627
-0.142, -1.329, 9.752
-0.142, -1.329, 9.752
-0.199, -1.214, 9.704
-0.199, -1.214, 9.704
-0.18, -1.253, 9.608
-0.18, -1.253, 9.608
-0.237, -1.224, 9.608
-0.237, -1.224, 9.608
-0.237, -1.243, 9.56
-0.275, -1.243, 9.503
-0.275, -1.243, 9.503
-0.285, -1.262, 9.436
-0.161, -1.483, 9.503
-0.161, -1.483, 9.503
0.069, -2.076, 10.192
0.069, -2.076, 10.192
0.011, -2.21, 10.556
0.011, -2.21, 10.556
-0.123, -2.076, 10.911
-0.123, -2.076, 10.911
-0.629, -1.569, 11.619
-0.629, -1.569, 11.619
-0.926, -1.339, 11.696
-0.926, -1.339, 11.696
-1.175, -1.138, 11.792
-1.367, -0.946, 11.409
-1.424, -0.927, 10.92
-1.367, -0.908, 9.867
-1.367, -0.908, 9.867
-1.089, -1.023, 8.21
-1.089, -1.023, 8.21
-1.06, -1.205, 7.118
-1.06, -1.205, 7.118
-0.256, -1.99, 6.342
-0.256, -1.99, 6.342
0.94, -2.163, 6.649
2.224, -1.799, 6.285
3.765, -1.722, 6.677
3.765, -1.722, 6.677
4.455, -1.741, 7.271
4.378, -1.779, 7.549
4.378, -1.779, 7.549
3.938, -2.115, 7.606
3.172, -2.306, 7.616
3.172, -2.306, 7.616
2.492, -2.402, 7.731
2.013, -2.21, 8.009
2.013, -2.21, 8.009
1.266, -2.134, 8.2
0.701, -2.182, 8.65
0.701, -2.182, 8.65
0.203, -2.163, 9.081
-0.104, -1.866, 9.397
-0.104, -1.866, 9.397
-0.132, -1.751, 9.493
-0.132, -1.751, 9.493
0.088, -1.799, 9.512
0.203, -1.751, 9.388
0.48, -1.693, 9.177
0.48, -1.693, 9.177
0.902, -1.588, 9.014
1.457, -1.167, 8.851
1.457, -1.167, 8.851
1.927, -1.119, 8.794
2.118, -1.128, 8.574
2.233, -1.119, 8.421
2.338, -1.157, 8.478
2.338, -1.157, 8.478
2.137, -1.09, 8.67
2.137, -1.09, 8.67
2.042, -1.004, 8.823
1.86, -0.908, 9.081
1.86, -0.908, 9.081
1.687, -0.793, 8.966
1.687, -0.793, 8.966
1.352, -0.831, 8.832
1.352, -0.831, 8.832
1.122, -0.822, 8.756
1.16, -0.803, 9.014
1.208, -0.611, 9.062
1.208, -0.611, 9.062
1.486, -0.467, 9.072
1.486, -0.467, 9.072
1.821, -0.333, 9.302
2.022, -0.18, 9.34
2.022, -0.18, 9.34
2.291, -0.19, 9.235
2.291, -0.19, 9.235
2.473, -0.209, 9.282
2.511, -0.238, 9.436
2.511, -0.238, 9.436
2.291, -0.171, 9.627
1.975, -0.266, 9.598
1.486, -0.439, 9.464
1.486, -0.439, 9.464
0.729, -0.429, 9.56
0.729, -0.429, 9.56
0.346, -0.477, 9.503
-0.037, -0.324, 9.512
-0.037, -0.324, 9.512
-0.027, -0.171, 9.598
-0.027, -0.171, 9.598
-0.18, -0.247, 9.464
-0.18, -0.247, 9.464
0.107, -0.391, 9.302
0.739, -0.324, 8.976
0.739, -0.324, 8.976
2.051, 0.318, 8.545
2.271, 0.355, 8.392
2.693, 0.384, 8.459
2.693, 0.384, 8.459
2.913, 0.518, 8.363
3.162, 0.604, 8.449
3.162, 0.604, 8.449
2.434, 0.394, 8.976
2.434, 0.394, 8.976
2.109, 0.355, 9.081
2.032, 0.289, 9.148
2.032, 0.289, 9.148
1.975, 0.327, 9.206
1.975, 0.327, 9.206
2.022, 0.394, 9.148
1.917, 0.327, 9.254
1.917, 0.327, 9.254
1.84, 0.27, 9.321
1.773, 0.232, 9.445
1.773, 0.232, 9.445
1.754, 0.174, 9.589
1.706, 0.155, 9.436
1.773, 0.05, 9.694
1.773, 0.05, 9.694
1.793, 0.107, 9.733
1.85, 0.078, 9.723
1.85, 0.078, 9.723
1.726, -0.056, 9.733
1.726, -0.056, 9.733
1.515, -0.151, 9.608
1.515, -0.151, 9.608
1.477, -0.276, 9.56
1.39, -0.429, 9.464
1.39, -0.429, 9.464
1.352, -0.611, 9.235
1.352, -0.611, 9.235
1.467, -0.783, 8.765
1.467, -0.783, 8.765
1.649, -0.831, 8.65
1.764, -0.908, 8.468
1.764, -0.908, 8.468
1.821, -0.908, 8.497
1.821, -0.908, 8.497
1.86, -0.87, 8.535
1.907, -0.879, 8.373
1.907, -0.879, 8.373
1.793, -0.956, 8.306
1.793, -0.956, 8.306
1.783, -0.889, 8.267
1.783, -0.956, 8.181
1.783, -0.956, 8.181
1.649, -1.128, 8.191
1.649, -1.128, 8.191
1.63, -1.09, 8.219
1.639, -1.243, 8.085
1.649, -1.176, 8.296
1.649, -1.176, 8.296
1.486, -1.291, 8.306
1.563, -1.224, 8.421
1.563, -1.224, 8.421
1.611, -1.272, 8.43
1.611, -1.272, 8.43
1.563, -1.291, 8.421
1.735, -1.052, 8.44
1.812, -0.994, 8.593
1.812, -0.994, 8.593
1.754, -0.898, 8.765
1.754, -0.898, 8.765
1.639, -0.898, 8.947
1.62, -0.946, 9.062
1.62, -0.946, 9.062
1.457, -0.908, 9.168
1.409, -0.965, 9.225
1.409, -0.965, 9.225
1.563, -0.831, 9.235
1.783, -0.745, 9.215
1.783, -0.745, 9.215
1.936, -0.774, 9.254
1.936, -0.774, 9.254
1.994, -0.783, 9.12
2.224, -1.109, 9.033
2.118, -0.726, 9.263
2.118, -0.726, 9.263
2.271, -0.946, 9.397
2.31, -1.09, 9.579
2.425, -1.119, 9.809
2.568, -1.502, 9.953
2.568, -1.502, 9.953
2.674, -1.483, 10.029
2.674, -1.483, 10.029
2.808, -1.645, 10.231
2.999, -1.674, 10.269
3.267, -1.665, 10.202
3.564, -1.636, 10.259
3.564, -1.636, 10.259
3.679, -1.454, 10.508
3.679, -1.454, 10.508
3.344, -1.301, 10.834
2.329, -1.329, 11.169
1.544, -1.454, 11.016
0.653, -1.818, 10.403
0.078, -1.961, 9.867
0.078, -1.961, 9.867
-0.142, -1.808, 9.349
-0.094, -1.837, 8.851
-0.094, -1.837, 8.851
0.155, -1.923, 8.306
0.155, -1.923, 8.306
0.442, -1.827, 8.018
0.844, -1.674, 7.731
0.844, -1.674, 7.731
0.883, -1.741, 7.731
0.892, -1.779, 7.741
0.892, -1.779, 7.741
0.586, -2.019, 7.846
0.586, -2.019, 7.846
0.231, -2.134, 7.922
0.03, -2.086, 8.066
0.03, -2.086, 8.066
-0.237, -2.115, 8.104
-0.524, -1.933, 7.98
-0.802, -1.942, 8.344
-0.802, -1.942, 8.344
-0.802, -1.942, 8.344
-0.831, -1.99, 8.507
-0.831, -1.99, 8.507
-0.668, -2.067, 8.689
-0.037, -2.383, 8.631
0.672, -2.316, 8.756
0.672, -2.316, 8.756
1.917, -1.847, 8.784
1.917, -1.847, 8.784
2.07, -1.684, 8.909
1.936, -1.722, 8.957
1.936, -1.722, 8.957
0.873, -2.028, 8.919
0.873, -2.028, 8.919
0.653, -2.105, 8.947
-0.046, -2.354, 8.966
-0.505, -2.239, 8.804
-0.505, -2.239, 8.804
-0.859, -2.383, 8.832
-0.859, -2.383, 8.832
-0.984, -2.555, 9.005
-0.313, -2.373, 9.129
-0.313, -2.373, 9.129
-0.19, -2.412, 9.378
-0.056, -2.316, 9.541
-0.056, -2.316, 9.541
0.069, -2.277, 9.57
0.145, -2.153, 9.579
0.442, -2.019, 9.417
0.442, -2.019, 9.417
0.595, -1.894, 9.196
0.595, -1.894, 9.196
0.634, -1.885, 9.053
0.615, -1.942, 8.727
0.835, -2.048, 8.344
1.046, -2.038, 8.162
1.046, -2.038, 8.162
1.141, -2.067, 8.104
1.141, -2.067, 8.104
1.151, -2.096, 8.162
1.227, -2.0, 8.21
1.275, -2.191, 8.2
0.892, -2.268, 8.095
0.892, -2.268, 8.095
0.758, -2.354, 8.124
0.557, -2.354, 8.286
0.557, -2.354, 8.286
0.222, -2.44, 8.306
-0.037, -2.335, 8.401
0.413, -2.153, 8.411
0.413, -2.153, 8.411
0.528, -1.885, 8.66
0.528, -1.885, 8.66
0.471, -1.904, 8.804
0.471, -1.904, 8.804
0.452, -1.818, 8.765
0.519, -1.885, 8.966
0.595, -1.837, 9.072
0.595, -1.837, 9.072
0.672, -1.818, 8.832
0.758, -1.789, 8.794
0.758, -1.789, 8.794
0.777, -1.779, 8.823
0.777, -1.779, 8.823
0.816, -1.789, 8.737
0.816, -1.789, 8.737
0.825, -1.866, 8.67
0.777, -1.847, 8.698
0.806, -1.866, 8.708
0.806, -1.866, 8.708
0.969, -1.722, 8.373
0.969, -1.722, 8.373
1.036, -1.732, 8.363
1.122, -1.703, 8.478
1.113, -1.578, 8.756
1.113, -1.578, 8.756
1.065, -1.55, 8.871
1.065, -1.55, 8.871
1.103, -1.511, 9.187
0.911, -1.492, 9.369
0.911, -1.492, 9.369
0.797, -1.626, 9.349
0.5, -1.617, 9.474
0.5, -1.617, 9.474
0.04, -1.435, 9.828
0.04, -1.435, 9.828
-0.008, -1.406, 9.8
-0.094, -1.186, 9.886
-0.085, -1.052, 9.934
-0.085, -1.052, 9.934
0.021, -1.109, 9.838
0.117, -1.032, 9.828
0.117, -1.032, 9.828
0.557, -0.898, 9.857
0.557, -0.898, 9.857
0.634, -0.87, 9.666
0.634, -0.87, 9.666
0.902, -0.841, 9.445
0.902, -0.841, 9.445
0.978, -0.812, 9.417
1.026, -0.783, 9.417
1.122, -0.793, 9.474
1.122, -0.793, 9.474
1.103, -0.726, 9.589
1.103, -0.726, 9.589
1.007, -0.707, 9.8
1.017, -0.783, 9.886
0.825, -0.908, 10.087
0.825, -0.908, 10.087
0.701, -0.994, 10.24
0.548, -1.262, 10.288
0.548, -1.262, 10.288
0.327, -1.598, 10.499
0.327, -1.598, 10.499
0.327, -1.598, 10.499
0.241, -1.636, 10.566
0.174, -1.751, 10.748
0.011, -2.028, 11.073
0.011, -2.028, 11.073
0.069, -2.277, 10.997
0.528, -2.258, 10.671
0.528, -2.258, 10.671
1.314, -2.019, 10.307
2.003, -1.837, 10.097
2.003, -1.837, 10.097
2.243, -1.837, 9.8
2.243, -1.837, 9.8
2.396, -1.856, 9.531
2.482, -1.923, 9.072
2.482, -1.923, 9.072
2.923, -1.952, 8.66
2.923, -1.952, 8.66
3.028, -2.067, 8.143
3.411, -2.076, 7.664
3.411, -2.076, 7.664
3.507, -2.143, 7.329
3.382, -2.239, 7.233
3.085, -2.316, 7.29
3.085, -2.316, 7.29
2.674, -2.402, 7.338
2.482, -2.345, 7.31
2.444, -2.325, 7.175
2.252, -2.268, 7.472
2.252, -2.268, 7.472
2.243, -2.086, 7.635
2.243, -2.086, 7.635
2.291, -2.201, 7.817
2.291, -2.201, 7.817
2.291, -2.201, 7.817
2.118, -2.354, 7.855
1.793, -2.766, 7.99
1.362, -3.082, 8.181
1.362, -3.082, 8.181
1.16, -3.216, 8.535
1.295, -3.206, 9.005
1.295, -3.206, 9.005
1.793, -2.948, 8.919
2.099, -2.747, 9.081
2.099, -2.747, 9.081
2.492, -2.546, 9.311
2.836, -2.153, 9.091
3.066, -1.981, 9.139
3.066, -1.981, 9.139
2.99, -1.827, 9.024
2.99, -1.827, 9.024
2.664, -1.693, 9.177
2.54, -1.655, 8.861
2.396, -1.54, 8.353
2.214, -1.425, 8.191
2.214, -1.425, 8.191
2.032, -1.176, 8.143
2.032, -1.176, 8.143
1.946, -1.052, 8.191
1.946, -1.052, 8.191
1.946, -0.965, 8.076
1.754, -1.052, 8.028
1.754, -1.052, 8.028
1.486, -1.291, 7.779
1.486, -1.291, 7.779
1.314, -1.301, 7.788
1.352, -1.195, 7.98
1.534, -1.157, 8.085
1.534, -1.157, 8.085
1.917, -0.985, 8.325
1.917, -0.985, 8.325
2.099, -1.109, 8.334
2.463, -1.061, 8.373
2.463, -1.061, 8.373
2.607, -1.042, 8.583
2.607, -1.042, 8.583
2.501, -0.956, 8.813
2.396, -0.994, 8.851
2.405, -1.004, 8.804
2.405, -1.004, 8.804
2.463, -1.061, 8.612
2.463, -1.061, 8.612
2.511, -1.042, 8.478
2.607, -1.042, 8.545
2.798, -0.946, 8.478
2.769, -0.831, 8.602
2.769, -0.831, 8.602
2.884, -0.659, 8.66
2.884, -0.659, 8.66
2.894, -0.487, 8.737
2.894, -0.487, 8.737
2.903, -0.4, 8.708
2.999, 0.088, 8.66
2.999, 0.088, 8.66
2.999, 0.088, 8.66
3.181, 0.27, 8.468
3.22, 0.403, 8.277
3.22, 0.403, 8.277
3.162, 0.403, 8.459
3.162, 0.403, 8.459
3.038, 0.461, 8.468
3.038, 0.461, 8.468
2.808, 0.422, 8.727
2.54, 0.384, 8.813
2.3, 0.451, 8.67
2.3, 0.451, 8.67
2.156, 0.394, 8.784
2.061, 0.528, 8.478
2.061, 0.528, 8.478
2.032, 0.537, 8.488
2.032, 0.537, 8.488
2.051, 0.528, 8.478
2.051, 0.528, 8.478
2.147, 0.528, 8.526
2.338, 0.508, 8.363
2.607, 0.47, 8.468
2.607, 0.47, 8.468
2.942, 0.489, 8.488
3.133, 0.422, 8.545
3.191, 0.432, 8.555
3.191, 0.432, 8.555
3.153, 0.299, 8.631
3.153, 0.299, 8.631
3.018, 0.146, 8.583
2.884, -0.123, 8.564
2.511, -0.391, 8.583
2.252, -0.41, 8.794
2.252, -0.41, 8.794
1.975, -0.707, 9.177
1.975, -0.707, 9.177
1.812, -0.918, 9.043
1.812, -0.918, 9.043
1.879, -1.09, 8.899
1.927, -1.272, 8.861
1.927, -1.272, 8.861
2.051, -1.463, 8.775
2.051, -1.463, 8.775
2.262, -1.636, 9.081
2.262, -1.636, 9.081
2.683, -1.722, 9.417
3.44, -1.665, 9.895
4.187, -1.463, 10.001
4.187, -1.463, 10.001
4.8, -1.396, 10.192
4.8, -1.396, 10.192
5.125, -1.32, 10.298
4.512, -0.87, 10.662
4.512, -0.87, 10.662
3.526, -1.09, 10.508
3.526, -1.09, 10.508
2.597, -1.329, 10.25
2.099, -1.32, 9.867
1.984, -1.751, 9.072
1.86, -1.722, 8.928
1.86, -1.722, 8.928
1.524, -1.751, 8.832
1.524, -1.751, 8.832
0.921, -1.942, 8.851
0.921, -1.942, 8.851
-0.008, -1.904, 8.88
-0.008, -1.904, 8.88
-0.457, -1.607, 8.976
-0.946, -1.483, 8.794
-0.946, -1.483, 8.794
-1.309, -1.473, 8.832
-1.233, -1.511, 8.641
-1.233, -1.511, 8.641
-1.06, -1.234, 8.727
-0.773, -0.927, 8.708
-0.773, -0.927, 8.708
-0.352, -0.822, 8.689
0.03, -0.975, 8.65
0.385, -0.898, 8.593
0.672, -0.898, 7.942
0.672, -0.898, 7.942
0.71, -1.109, 8.353
0.787, -1.281, 8.363
0.787, -1.281, 8.363
0.787, -1.626, 8.239
0.787, -1.626, 8.239
0.729, -1.837, 8.076
0.749, -2.076, 7.961
0.749, -2.076, 7.961
0.729, -2.23, 7.999
0.816, -2.297, 8.143
0.902, -2.163, 8.315
1.007, -2.182, 8.421
1.007, -2.182, 8.421
0.94, -2.057, 8.919
0.94, -2.057, 8.919
0.94, -2.009, 9.1
0.777, -1.866, 9.369
0.691, -1.847, 9.484
0.442, -1.818, 9.637
0.442, -1.818, 9.637
0.184, -1.76, 9.637
0.184, -1.76, 9.637
0.002, -1.626, 9.656
-0.085, -1.511, 9.694
-0.056, -1.473, 9.512
-0.056, -1.473, 9.512
0.011, -1.53, 9.407
0.011, -1.53, 9.407
-0.018, -1.416, 9.522
-0.018, -1.416, 9.522
-0.008, -1.473, 9.436
0.002, -1.454, 9.445
0.002, -1.454, 9.445
-0.123, -1.416, 9.445
-0.227, -1.31, 9.455
-0.227, -1.31, 9.455
-0.333, -1.281, 9.359
-0.428, -1.272, 9.33
-0.495, -1.291, 9.436
-0.495, -1.291, 9.436
-0.553, -1.205, 9.503
-0.668, -0.994, 9.723
-0.668, -0.994, 9.723
-0.553, -0.927, 9.867
-0.553, -0.927, 9.867
-0.428, -0.745, 10.125
-0.352, -0.601, 10.202
-0.227, -0.63, 10.116
-0.227, -0.63, 10.116
-0.237, -0.467, 9.972
-0.246, -0.63, 9.895
-0.246, -0.63, 9.895
-0.171, -0.745, 9.78
-0.046, -1.08, 9.33
-0.046, -1.08, 9.33
0.145, -1.425, 8.784
0.231, -1.502, 8.794
0.356, -1.712, 8.449
0.356, -1.712, 8.449
0.356, -1.751, 8.401
0.519, -1.789, 8.507
0.519, -1.789, 8.507
0.672, -1.789, 8.468
0.672, -1.789, 8.468
0.653, -1.77, 8.564
0.452, -1.703, 8.717
0.452, -1.703, 8.717
0.394, -1.645, 8.804
0.394, -1.645, 8.804
0.308, -1.607, 8.899
0.308, -1.607, 8.899
0.107, -1.578, 9.033
-0.094, -1.349, 9.244
-0.094, -1.349, 9.244
-0.199, -1.157, 9.522
-0.294, -1.013, 9.551
-0.275, -1.119, 9.522
-0.266, -1.205, 9.445
-0.266, -1.205, 9.445
-0.294, -1.205, 9.369
-0.333, -1.138, 9.397
-0.333, -1.138, 9.397
-0.304, -1.214, 9.397
-0.304, -1.214, 9.397
-0.304, -1.214, 9.407
-0.266, -1.253, 9.397
-0.285, -1.32, 9.33
-0.285, -1.32, 9.33
-0.171, -1.473, 9.196
-0.171, -1.473, 9.196
-0.152, -1.349, 9.263
-0.152, -1.349, 9.263
-0.065, -1.454, 9.024
0.155, -1.588, 8.966
0.155, -1.588, 8.966
0.251, -1.559, 9.053
0.231, -1.598, 9.014
0.231, -1.598, 9.014
0.212, -1.521, 9.043
0.136, -1.473, 9.321
0.136, -1.473, 9.321
0.117, -1.492, 9.282
0.088, -1.358, 9.206
0.078, -1.31, 9.225
0.078, -1.31, 9.225
0.164, -1.272, 9.397
0.155, -1.272, 9.33
0.097, -1.195, 9.417
0.136, -1.119, 9.752
0.126, -1.099, 9.388
0.203, -1.214, 9.273
0.203, -1.214, 9.273
0.251, -1.214, 9.369
0.251, -1.214, 9.369
0.26, -1.186, 9.484
0.433, -1.186, 9.445
0.413, -1.234, 9.321
0.413, -1.234, 9.321
0.413, -1.234, 9.321
0.423, -1.262, 9.436
0.423, -1.262, 9.436
0.509, -1.128, 9.397
0.394, -1.061, 9.512
0.394, -1.061, 9.512
0.375, -1.013, 9.579
0.251, -0.946, 9.531
0.251, -0.946, 9.531
0.193, -0.879, 9.771
0.193, -0.879, 9.771
0.05, -0.736, 9.637
0.05, -0.736, 9.637
0.011, -0.649, 9.685
-0.046, -0.611, 9.771
-0.046, -0.611, 9.771
-0.199, -0.582, 9.962
-0.199, -0.582, 9.962
-0.199, -0.582, 9.962
-0.227, -0.649, 9.972
-0.313, -0.678, 10.02
-0.313, -0.678, 10.02
-0.275, -0.736, 10.087
-0.342, -0.707, 10.087
-0.342, -0.707, 10.087
-0.294, -0.774, 10.097
-0.333, -0.803, 10.192
-0.467, -0.87, 10.24
-0.467, -0.87, 10.24
-0.811, -1.176, 10.336
-0.811, -1.176, 10.336
-0.802, -1.253, 10.202
-0.457, -1.406, 10.068
-0.065, -1.732, 9.589
-0.065, -1.732, 9.589
0.337, -1.885, 9.34
0.605, -1.904, 9.177
0.605, -1.904, 9.177
0.883, -1.789, 8.928
1.17, -1.636, 8.708
1.314, -1.55, 8.641
1.314, -1.55, 8.641
1.611, -1.368, 8.698
1.611, -1.368, 8.698
1.764, -1.511, 8.478
1.764, -1.511, 8.478
1.955, -1.578, 8.162
1.955, -1.617, 8.152
2.08, -1.559, 8.21
2.032, -1.674, 8.114
2.032, -1.674, 8.114
2.051, -1.674, 8.248
1.764, -1.827, 8.315
1.764, -1.827, 8.315
1.697, -1.847, 8.488
1.295, -1.904, 8.679
1.295, -1.904, 8.679
1.132, -1.866, 8.727
1.132, -1.866, 8.727
1.275, -1.799, 8.89
1.486, -1.636, 8.784
1.793, -1.463, 8.947
1.965, -1.339, 9.033
2.147, -1.234, 8.851
2.147, -1.234, 8.851
2.262, -1.167, 9.024
2.262, -1.167, 9.024
2.291, -1.176, 9.168
2.291, -1.176, 9.168
2.367, -1.186, 9.139
2.434, -1.224, 9.235
2.425, -1.396, 9.215
2.425, -1.396, 9.215
2.482, -1.387, 9.359
2.482, -1.387, 9.359
2.482, -1.387, 9.579
2.233, -1.387, 9.761
2.233, -1.387, 9.761
2.042, -1.32, 9.713
2.042, -1.32, 9.713
1.831, -1.416, 9.464
1.515, -1.55, 9.177
1.065, -1.684, 9.34
0.701, -1.827, 9.56
0.701, -1.827, 9.56
0.452, -1.808, 9.733
0.452, -1.808, 9.733
0.509, -1.818, 9.694
0.729, -1.665, 9.474
1.266, -1.463, 9.158
2.109, -1.214, 9.005
2.109, -1.214, 9.005
2.367, -1.109, 8.67
2.645, -1.167, 8.277
2.808, -1.128, 8.248
2.75, -1.138, 8.076
2.559, -1.157, 7.817
2.559, -1.157, 7.817
2.463, -1.243, 7.721
2.319, -1.214, 7.626
2.185, -1.138, 7.597
2.013, -1.109, 7.693
2.013, -1.109, 7.693
1.955, -1.147, 7.702
1.955, -1.147, 7.702
1.965, -1.071, 7.75
1.965, -1.071, 7.75
1.975, -1.004, 7.788
2.07, -0.956, 7.98
2.281, -0.937, 8.171
2.281, -0.937, 8.171
2.367, -0.86, 8.286
2.597, -1.004, 8.028
2.779, -0.879, 8.507
2.846, -0.755, 8.727
2.846, -0.755, 8.727
2.798, -0.678, 9.321
2.798, -0.678, 9.321
2.674, -0.793, 9.091
1.994, -0.994, 8.583
2.626, -1.301, 8.641
4.034, -0.525, 10.48
4.034, -0.525, 10.48
2.549, -0.151, 9.503
2.463, -0.707, 9.742
2.463, -0.707, 9.742
2.501, -0.927, 8.947
2.836, -0.63, 9.273
2.836, -0.63, 9.273
2.731, -0.487, 9.417
2.271, -0.228, 9.302
2.271, -0.228, 9.302
2.271, -0.084, 9.282
2.271, -0.084, 9.282
2.042, 0.155, 9.062
1.936, 0.078, 8.842
1.936, 0.078, 8.842
1.802, 0.078, 9.12
1.17, 0.107, 9.34
0.95, 0.002, 9.311
0.95, 0.002, 9.311
0.758, -0.238, 9.091
0.615, -0.381, 8.899
0.615, -0.381, 8.899
0.528, -0.487, 8.67
0.528, -0.487, 8.67
0.71, -0.573, 8.306
0.797, -0.573, 8.267
0.797, -0.573, 8.267
0.892, -0.458, 8.66
0.892, -0.458, 8.66
0.978, -0.381, 8.813
1.314, -0.276, 9.033
1.314, -0.276, 9.033
1.572, -0.142, 8.919
1.85, 0.002, 8.976
2.051, 0.26, 9.1
2.051, 0.26, 9.1
2.405, 0.184, 9.072
2.405, 0.184, 9.072
2.444, 0.241, 9.033
2.635, 0.213, 9.033
2.635, 0.213, 9.033
2.683, 0.107, 9.177
2.501, 0.222, 8.976
2.501, 0.222, 8.976
2.501, 0.117, 9.349
2.377, 0.213, 9.34
2.348, 0.336, 9.56
2.329, 0.422, 9.56
2.329, 0.422, 9.56
2.338, 0.413, 9.158
2.338, 0.413, 9.158
2.415, 0.27, 9.321
2.415, 0.27, 9.321
2.367, 0.193, 9.321
2.338, 0.002, 9.723
2.338, 0.002, 9.723
2.271, -0.142, 10.029
2.271, -0.142, 10.029
2.204, -0.448, 10.278
2.08, -0.439, 10.422
2.07, -0.42, 10.48
2.07, -0.42, 10.48
2.118, -0.487, 10.527
2.329, -0.41, 10.489
2.329, -0.41, 10.489
2.75, -0.381, 10.595
3.287, -0.19, 10.384
3.287, -0.19, 10.384
3.325, -0.18, 10.211
2.176, -0.458, 10.489
2.176, -0.458, 10.489
1.764, -0.621, 10.058
1.764, -0.621, 10.058
1.247, -0.927, 9.244
1.247, -0.927, 9.244
0.72, -1.349, 8.622
0.72, -1.349, 8.622
0.5, -1.53, 8.334
0.174, -1.76, 8.124
0.174, -1.76, 8.124
-0.123, -1.693, 8.124
-0.256, -1.578, 8.114
-0.256, -1.578, 8.114
-0.056, -1.76, 8.009
-0.056, -1.76, 8.009
0.174, -1.837, 7.865
0.394, -1.827, 7.788
0.394, -1.827, 7.788
0.768, -1.607, 7.779
1.093, -1.281, 8.124
1.093, -1.281, 8.124
1.132, -1.042, 8.602
1.132, -1.042, 8.602
0.864, -0.879, 9.148
0.864, -0.879, 9.148
0.864, -0.879, 9.148
0.672, -0.994, 9.244
0.385, -1.08, 9.369
0.385, -1.08, 9.369
0.059, -1.052, 9.531
0.059, -1.052, 9.531
-0.065, -1.147, 9.417
-0.237, -1.224, 9.062
-0.237, -1.224, 9.062
-0.553, -1.147, 9.273
-0.553, -1.147, 9.273
-0.476, -1.119, 9.598
-0.476, -1.119, 9.598
-0.152, -1.32, 9.321
-0.18, -0.898, 9.56
-0.18, -0.898, 9.56
0.356, -1.119, 9.225
0.356, -1.119, 9.225
0.107, -1.09, 9.263
0.107, -1.09, 9.263
-0.773, 0.05, 8.631
-0.467, -0.764, 10.298
0.279, -2.306, 10.508
0.279, -2.306, 10.508
-0.208, -1.444, 8.459
-0.246, -1.396, 8.612
-0.218, -1.463, 8.392
-0.534, -1.042, 9.359
-0.534, -1.042, 9.359
-0.208, -1.885, 9.541
-0.208, -1.885, 9.541
-0.562, -1.588, 9.024
-0.562, -1.588, 9.024
-0.754, -1.473, 8.689
-0.754, -1.473, 8.689
-1.06, -1.463, 9.081
-1.06, -1.463, 9.081
-0.878, -1.799, 9.828
-0.878, -1.799, 9.828
-1.329, -1.416, 9.455
-1.367, -1.272, 9.704
-1.405, -1.243, 9.867
-1.405, -1.243, 9.867
-1.539, -1.138, 9.962
-1.53, -1.099, 9.943
-1.53, -1.099, 9.943
-1.52, -0.889, 10.049
-1.357, -0.793, 9.905
-1.357, -0.793, 9.905
-1.252, -0.688, 9.876
-1.137, -0.63, 9.905
-1.137, -0.63, 9.905
-0.917, -0.611, 9.857
-0.62, -0.745, 9.742
-0.4, -0.918, 9.541
-0.4, -0.918, 9.541
-0.18, -1.167, 9.369
-0.18, -1.167, 9.369
0.097, -1.358, 9.282
0.097, -1.358, 9.282
0.078, -1.32, 9.388
0.078, -1.32, 9.388
0.05, -1.454, 9.196
-0.132, -1.214, 10.077
-0.132, -1.214, 10.077
-0.161, -0.573, 10.307
-0.419, -0.86, 9.828
-0.419, -0.86, 9.828
-0.448, -0.898, 9.139
-0.409, -0.927, 9.033
-0.409, -0.927, 9.033
-0.687, -0.831, 9.282
-0.898, -0.582, 9.445
-0.898, -0.582, 9.445
-0.85, -0.774, 9.235
-0.831, -1.128, 9.062
-0.831, -1.128, 9.062
-0.85, -0.918, 9.579
-0.85, -0.918, 9.579
-0.917, -0.822, 9.598
-0.534, -1.167, 9.531
-0.534, -1.167, 9.531
-0.811, -0.831, 9.196
-0.821, -0.64, 9.733
-0.668, -0.87, 9.397
-0.668, -0.87, 9.397
-0.515, -0.889, 9.407
-0.735, -0.793, 9.349
-0.735, -0.793, 9.349
-0.285, -1.004, 9.043
-0.018, -1.042, 9.254
-0.018, -1.042, 9.254
-0.018, -1.042, 9.254
0.145, -1.109, 9.12
0.452, -1.521, 8.976
0.452, -1.521, 8.976
0.375, -1.349, 9.177
0.375, -1.349, 9.177
0.107, -1.281, 9.436
-0.448, -0.716, 10.288
-0.448, -0.716, 10.288
-0.687, -0.63, 10.346
-0.687, -0.63, 10.346
-0.677, -0.688, 10.192
-0.294, -0.85, 9.56
-0.294, -0.85, 9.56
-0.294, -0.85, 9.56
-0.237, -0.85, 9.608
0.174, -1.253, 9.369
0.174, -1.253, 9.369
-0.409, -0.113, 9.522
0.27, -0.707, 9.579
0.27, -0.707, 9.579
0.519, -0.515, 9.867
0.519, -0.515, 9.867
-0.065, -0.19, 10.097
0.423, -0.755, 10.001
0.423, -0.755, 10.001
0.557, -0.439, 9.953
0.557, -0.439, 9.953
0.222, -0.161, 9.694
-0.428, 0.738, 7.913
-0.428, 0.738, 7.913
0.002, 0.04, 9.072
0.864, -0.716, 10.231
1.046, -1.492, 11.294
1.046, -1.492, 11.294
0.413, -1.444, 11.255
-0.783, -0.257, 10.796
-0.783, -0.257, 10.796
-0.974, -0.487, 10.69
-0.888, -0.563, 10.451
-0.888, -0.563, 10.451
-0.888, -0.563, 10.451
-1.108, -0.64, 10.355
-1.108, -0.64, 10.355
-1.214, -0.755, 10.173
-1.185, -0.985, 9.847
-1.204, -1.396, 8.382
-1.204, -1.396, 8.382
-1.204, -1.396, 8.382
-1.137, -1.588, 8.009
-0.936, -1.655, 7.875
-0.955, -1.511, 8.152
-0.898, -1.425, 8.756
-0.687, -1.262, 9.436
-0.687, -1.262, 9.436
-0.495, -1.53, 9.627
0.327, -1.952, 9.522
0.327, -1.952, 9.522
1.093, -1.99, 9.666
1.888, -2.009, 9.723
2.683, -2.297, 9.407
2.683, -2.297, 9.407
2.683, -2.297, 9.407
2.76, -2.182, 9.618
2.76, -2.182, 9.618
2.405, -2.21, 9.867
2.405, -2.21, 9.867
2.147, -2.373, 9.273
2.147, -2.373, 9.273
2.109, -2.498, 9.254
1.936, -2.105, 8.564
1.936, -2.105, 8.564
2.08, -2.048, 8.65
2.089, -1.923, 8.756
2.022, -1.751, 8.871
2.022, -1.751, 8.871
1.438, -1.281, 8.67
1.141, -1.234, 8.727
0.471, -1.416, 8.813
0.471, -1.416, 8.813
-0.027, -1.483, 9.014
-0.936, -1.167, 9.349
-0.936, -1.167, 9.349
-1.099, -1.358, 9.206
-1.645, -1.559, 8.966
-1.645, -1.559, 8.966
-1.645, -1.511, 8.794
-1.645, -1.511, 8.794
-1.348, -1.454, 8.775
-0.84, -1.387, 8.784
-0.294, -1.396, 8.861
0.26, -1.569, 8.421
0.26, -1.569, 8.421
0.71, -1.425, 8.296
0.71, -1.425, 8.296
0.931, -1.272, 8.286
1.151, -1.147, 8.315
1.563, -1.138, 8.334
1.132, -1.214, 7.98
1.132, -1.214, 7.98
1.371, -1.023, 8.143
1.419, -0.946, 8.459
1.419, -0.946, 8.459
1.409, -1.013, 8.353
1.381, -1.052, 8.306
1.314, -1.186, 8.229
1.314, -1.186, 8.229
1.342, -1.262, 8.583
1.342, -1.262, 8.583
1.563, -1.157, 8.89
1.927, -1.195, 8.823
1.927, -1.195, 8.823
1.927, -1.195, 8.823
2.291, -1.511, 8.181
2.003, -1.368, 8.037
2.003, -1.368, 8.037
2.022, -1.463, 8.229
2.022, -1.463, 8.229
2.051, -1.406, 8.516
2.042, -1.301, 9.11
2.147, -1.214, 9.627
2.147, -1.214, 9.627
2.156, -1.205, 9.637
2.252, -1.09, 9.579
2.473, -1.09, 9.378
2.75, -1.099, 9.503
2.75, -1.099, 9.503
2.846, -0.946, 9.369
2.846, -0.946, 9.369
2.932, -0.841, 8.976
2.76, -0.458, 8.689
2.76, -0.458, 8.689
2.702, -0.305, 8.775
2.702, -0.305, 8.775
2.52, -0.218, 8.832
2.367, -0.266, 8.804
2.367, -0.266, 8.804
2.137, -0.285, 8.727
2.137, -0.285, 8.727
1.917, -0.477, 8.67
1.917, -0.477, 8.67
1.515, -0.659, 8.65
1.199, -0.793, 8.612
1.199, -0.793, 8.612
1.132, -0.726, 8.66
1.141, -0.611, 8.698
1.141, -0.611, 8.698
1.093, -0.63, 8.727
1.189, -0.601, 8.851
1.189, -0.601, 8.851
1.342, -0.611, 8.794
1.572, -0.525, 8.871
1.572, -0.525, 8.871
1.84, -0.391, 8.823
1.84, -0.391, 8.823
1.994, -0.314, 8.89
2.042, -0.218, 8.957
2.042, -0.218, 8.957
2.061, -0.123, 9.129
2.061, -0.123, 9.129
2.099, 0.031, 8.995
2.185, 0.021, 9.081
2.348, -0.103, 9.311
2.348, -0.103, 9.311
2.386, -0.171, 9.445
2.415, -0.276, 9.417
2.415, -0.276, 9.417
2.386, -0.305, 9.512
2.252, -0.257, 9.215
2.252, -0.257, 9.215
2.233, -0.429, 9.177
2.233, -0.429, 9.177
2.07, -0.515, 9.34
2.032, -1.004, 9.512
2.032, -1.004, 9.512
2.099, -1.234, 9.474
2.099, -1.234, 9.474
2.147, -1.492, 9.522
2.53, -1.741, 9.589
2.53, -1.741, 9.589
2.53, -1.741, 9.589
2.884, -1.712, 9.943
3.354, -1.607, 9.972
3.354, -1.607, 9.972
3.89, -1.167, 10.049
4.168, -1.205, 9.79
4.168, -1.205, 9.79
3.382, -1.023, 10.125
2.54, -0.889, 10.221
1.927, -0.956, 10.116
1.927, -0.956, 10.116
1.247, -1.645, 8.928
1.247, -1.645, 8.928
1.122, -1.712, 8.296
1.16, -1.789, 8.2
1.16, -1.789, 8.2
1.208, -1.904, 7.903
1.16, -2.028, 7.788
1.16, -2.028, 7.788
0.978, -2.115, 7.721
0.825, -2.277, 8.037
0.595, -2.316, 8.478
0.595, -2.316, 8.478
0.595, -2.297, 8.622
0.567, -2.067, 8.871
0.567, -2.067, 8.871
0.595, -1.923, 8.986
0.595, -1.923, 8.986
0.548, -1.942, 8.947
0.433, -1.904, 8.842
0.433, -1.904, 8.842
0.327, -1.875, 8.784
0.327, -1.875, 8.784
0.145, -1.952, 8.794
0.021, -1.942, 9.273
-0.075, -1.971, 9.244
-0.075, -1.971, 9.244
-0.075, -1.942, 9.129
-0.046, -1.981, 8.909
0.04, -2.096, 8.871
0.04, -2.096, 8.871
0.107, -2.163, 8.756
0.155, -2.153, 8.899
0.212, -2.105, 8.995
0.212, -2.105, 8.995
0.308, -2.038, 8.938
0.442, -1.971, 8.784
0.442, -1.971, 8.784
0.729, -1.952, 8.574
0.729, -1.952, 8.574
0.787, -1.923, 8.564
0.787, -1.923, 8.564
0.825, -1.866, 8.765
0.825, -1.866, 8.765
0.806, -1.875, 9.043
0.662, -1.76, 9.235
0.662, -1.76, 9.235
0.452, -1.818, 9.081
0.452, -1.818, 9.081
0.241, -1.827, 9.033
0.241, -1.827, 9.033
0.231, -1.847, 9.072
0.203, -1.818, 8.966
-0.046, -1.818, 8.871
-0.046, -1.818, 8.871
-0.132, -1.77, 8.976
-0.515, -1.483, 9.579
-0.515, -1.483, 9.579
-0.61, -1.406, 9.867
-0.61, -1.406, 9.867
-0.62, -1.406, 10.029
-0.629, -1.32, 10.135
-0.629, -1.195, 10.144
-0.629, -1.195, 10.144
-0.62, -1.176, 9.809
-0.639, -1.004, 9.761
-0.668, -1.042, 9.761
-0.668, -1.042, 9.761
-0.783, -1.032, 9.733
-0.783, -1.032, 9.733
-0.85, -0.994, 9.522
-0.716, -0.898, 9.493
-0.716, -0.898, 9.493
-0.505, -0.87, 9.474
-0.275, -0.994, 9.33
-0.275, -0.994, 9.33
-0.104, -1.186, 8.947
0.059, -1.291, 8.842
0.059, -1.291, 8.842
0.078, -1.272, 8.842
0.059, -1.272, 8.976
0.059, -1.425, 8.631
0.059, -1.425, 8.631
-0.065, -1.262, 8.593
-0.171, -1.243, 8.765
-0.171, -1.243, 8.765
-0.342, -1.08, 8.966
-0.342, -1.08, 8.966
-0.467, -0.736, 8.986
-0.697, -0.85, 9.943
-0.697, -0.85, 9.943
-0.543, -0.879, 9.675
-0.476, -0.793, 9.579
-0.476, -0.793, 9.579
-0.419, -0.841, 9.915
-0.313, -0.736, 10.097
-0.361, -0.621, 10.211
-0.361, -0.621, 10.211
-0.4, -0.726, 10.077
-0.486, -0.688, 10.106
-0.486, -0.688, 10.106
-0.572, -0.688, 10.24
-0.658, -0.726, 10.326
-0.917, -0.812, 10.077
-0.917, -0.812, 10.077
-1.099, -0.621, 9.847
-1.099, -0.621, 9.847
-1.003, -1.09, 10.077
-0.936, -0.841, 9.359
-0.936, -0.841, 9.359
-1.022, -0.927, 9.742
-0.888, -1.023, 10.24
-0.888, -1.023, 10.24
-1.3, -1.013, 9.646
-1.252, -0.822, 9.685
-1.252, -0.822, 9.685
-1.137, -0.927, 9.79
-1.137, -0.927, 9.79
-1.252, -0.764, 9.589
-1.252, -0.764, 9.589
-0.965, -0.554, 9.704
-0.965, -0.554, 9.704
-0.591, -0.314, 9.867
-0.285, -0.324, 9.876
-0.285, -0.324, 9.876
0.241, -0.4, 9.531
0.576, -0.458, 9.033
0.576, -0.458, 9.033
0.624, -0.439, 8.995
0.729, -0.391, 9.11
0.729, -0.391, 9.11
0.921, -0.372, 9.033
0.921, -0.372, 9.033
1.055, -0.439, 8.813
1.151, -0.324, 8.67
1.256, -0.448, 9.005
1.256, -0.448, 9.005
0.768, -0.774, 9.321
0.768, -0.774, 9.321
0.605, -0.937, 9.656
0.605, -0.937, 9.656
0.528, -0.965, 9.761
0.442, -0.994, 9.905
0.49, -1.099, 9.924
0.49, -1.099, 9.924
0.452, -1.234, 9.704
0.452, -1.234, 9.704
0.461, -1.281, 9.541
0.461, -1.281, 9.541
0.48, -1.214, 9.512
0.366, -1.262, 9.57
0.366, -1.262, 9.57
0.289, -1.138, 9.694
0.308, -1.08, 9.445
0.308, -1.08, 9.445
0.548, -1.138, 9.349
0.653, -1.138, 9.11
0.653, -1.138, 9.11
0.825, -1.167, 8.871
0.825, -1.167, 8.871
0.931, -1.281, 8.689
0.921, -1.071, 8.478
0.94, -1.004, 8.583
1.084, -1.071, 8.488
1.084, -1.071, 8.488
1.371, -0.774, 8.449
1.371, -0.774, 8.449
1.582, -0.649, 8.689
1.515, -0.314, 8.986
1.515, -0.314, 8.986
1.467, -0.238, 9.1
1.467, -0.238, 9.1
1.457, -0.238, 9.206
1.457, -0.238, 9.206
1.304, -0.285, 9.349
1.141, -0.4, 9.484
0.864, -0.285, 9.656
0.624, -0.477, 10.058
0.624, -0.477, 10.058
0.404, -0.563, 9.943
0.366, -0.496, 9.924
0.366, -0.534, 9.713
0.366, -0.534, 9.713
0.413, -0.534, 9.694
0.557, -0.324, 9.857
0.557, -0.324, 9.857
0.768, -0.314, 9.895
0.892, -0.247, 9.531
0.892, -0.247, 9.531
1.065, -0.132, 9.57
1.199, -0.075, 9.474
1.409, -0.075, 9.474
1.486, 0.031, 9.369
1.486, 0.031, 9.369
1.515, 0.136, 9.579
1.63, 0.078, 9.311
1.63, 0.078, 9.311
1.601, 0.232, 9.062
1.601, 0.232, 9.062
1.601, 0.232, 9.062
1.457, 0.213, 9.12
1.304, 0.213, 9.177
1.304, 0.213, 9.177
1.16, 0.174, 9.139
1.16, 0.174, 9.139
1.103, 0.098, 9.388
1.103, 0.098, 9.388
1.065, 0.107, 9.378
1.065, 0.107, 9.378
0.998, 0.059, 9.311
0.95, 0.002, 9.397
0.95, 0.002, 9.397
0.95, -0.036, 9.407
0.95, -0.036, 9.407
1.065, 0.002, 9.694
1.065, 0.002, 9.694
1.113, 0.155, 9.56
1.113, 0.155, 9.56
1.132, 0.203, 9.656
1.132, 0.203, 9.656
1.237, 0.28, 9.579
1.266, 0.346, 9.397
1.237, 0.308, 9.503
1.113, 0.374, 9.541
1.113, 0.374, 9.541
1.065, 0.289, 9.426
1.065, 0.289, 9.426
1.065, 0.222, 9.407
0.95, 0.232, 9.551
0.95, 0.232, 9.551
1.046, 0.069, 9.56
1.036, 0.031, 9.56
1.074, -0.151, 9.493
1.074, -0.151, 9.493
1.151, -0.228, 9.254
1.151, -0.228, 9.254
1.218, -0.218, 9.33
1.371, -0.161, 9.464
1.371, -0.161, 9.464
1.467, -0.132, 9.493
1.658, -0.065, 9.464
1.62, -0.036, 9.666
1.62, -0.036, 9.666
1.678, -0.056, 9.752
1.515, 0.059, 9.646
1.515, 0.059, 9.646
1.381, -0.027, 9.704
1.17, -0.113, 9.761
1.007, -0.199, 9.761
1.007, -0.199, 9.761
0.883, -0.305, 9.752
0.998, -0.285, 9.426
0.998, -0.285, 9.426
1.017, -0.362, 9.34
1.017, -0.362, 9.34
0.988, -0.42, 9.302
0.998, -0.467, 9.33
0.998, -0.467, 9.33
1.036, -0.563, 9.474
1.036, -0.563, 9.474
1.055, -0.582, 9.589
1.055, -0.582, 9.589
0.978, -0.544, 9.733
0.978, -0.544, 9.733
0.978, -0.544, 9.733
0.931, -0.506, 9.694
0.931, -0.506, 9.694
0.978, -0.477, 9.474
0.978, -0.477, 9.474
1.007, -0.458, 9.292
1.036, -0.439, 9.359
0.902, -0.496, 9.34
0.902, -0.496, 9.34
0.988, -0.515, 9.455
1.026, -0.496, 9.417
0.988, -0.582, 9.369
1.065, -0.554, 9.503
1.065, -0.554, 9.503
1.141, -0.582, 9.445
1.141, -0.582, 9.445
1.036, -0.582, 9.187
1.036, -0.582, 9.187
1.074, -0.649, 9.646
1.065, -0.707, 9.369
1.065, -0.707, 9.369
0.969, -0.697, 9.282
0.988, -0.678, 9.464
0.988, -0.678, 9.464
0.998, -0.582, 9.522
0.998, -0.582, 9.522
1.036, -0.573, 9.551
1.036, -0.573, 9.551
1.026, -0.563, 9.627
1.046, -0.534, 9.598
1.046, -0.534, 9.598
1.141, -0.554, 9.579
1.122, -0.544, 9.704

