x : y : Z 
2.6240451, 2.0494366, 8.983045
3.3614593, 1.8770541, 9.825804
3.122039, 1.8387469, 9.174581
2.825158, 1.8291701, 9.260772
2.6623523, 1.7812861, 9.184157
2.6048915, 1.8770541, 9.030929
2.5378537, 2.030283, 9.308656
2.4708161, 2.0207062, 9.232041
2.3463178, 2.0111294, 9.385271
2.135628, 1.9440918, 9.241618
1.8291701, 1.9153614, 9.758766
1.8195933, 1.9057846, 9.452309
2.5953147, 2.0398598, 9.097966
1.6184803, 1.7908629, 9.816227
1.5131354, 1.934515, 9.471462
0.5554548, 2.0494366, 8.925584
0.18195933, 2.2888567, 9.682152
-0.31603462, 1.8770541, 11.118672
-3.7062242, 1.436521, 11.540052
-4.855441, 2.480393, 11.731588
2.5187001, 7.3549876, 11.243171
3.2465374, 6.14831, 10.716447
-2.96881, 0.9672575, 11.463438
-0.7278373, 0.30645782, 10.160992
-0.35434186, -2.4708161, 7.441179
0.25857377, -3.5817258, 4.865018
1.9057846, -3.371036, 3.763685
2.087744, -2.2409728, 3.2752678
2.384625, 1.5227122, 5.8322754
3.4284968, 9.959879, 14.221559
-2.4229321, 16.261417, 19.709068
-8.408437, 16.596605, 19.699492
-10.812215, 10.218452, 19.699492
-8.063671, 3.8307228, 16.338032
-4.462792, -1.7717092, 9.969456
-1.4556746, -6.0142345, 4.7500963
1.2162545, -8.504205, -0.047884032
3.3423057, -9.557653, -2.2026656
6.291962, -8.542512, -3.7732618
7.4124484, -6.3302693, -6.0046577
4.0318356, -4.8458643, -7.920019
0.94810385, -4.1371803, -7.067683
-0.7469909, -3.122039, -2.4133554
-3.371036, 2.432509, 5.2480903
-10.160992, 9.844957, 18.713081
-13.781025, 14.642938, 19.709068
-6.6079965, 16.701952, 19.651608
-4.654328, 13.723564, 19.469648
-4.156334, 8.935161, 12.449849
-3.4955344, 4.2999864, 7.28795
-1.043872, 0.23942018, 3.3997664
0.59376204, -3.3327289, -1.8291701
2.6527755, -6.0142345, -4.2042184
4.960786, -6.2632318, -3.6487634
4.76925, -5.1235914, -4.1659107
1.934515, -2.2984335, -4.2042184
-0.45010993, 4.060566, 0.8714894
-2.8060043, 10.342952, 13.9151
-1.4939818, 13.541605, 19.709068
-0.24899697, 13.378799, 18.176779
0.60333884, 10.94629, 11.18571
1.8004397, 7.929596, 7.297527
1.8866309, 5.592855, 5.9567738
1.5705963, 4.548983, 6.0238113
1.532289, 4.3478703, 4.807557
1.6950948, 4.309563, 4.673482
2.078167, 4.6255975, 5.046977
1.8770541, 5.353435, 5.4300494
1.7525556, 6.033388, 6.157887
1.8387469, 6.3781533, 6.301539
1.3215994, 6.349423, 6.579266
1.0821792, 6.157887, 7.067683
1.0726024, 5.851429, 6.8091097
1.1300632, 5.6120086, 6.445191
1.733402, 5.3438582, 7.0964136
2.384625, 5.305551, 7.632715
2.7868507, 5.544971, 7.4986396
2.8060043, 5.6407394, 8.00621
2.72939, 5.544971, 8.829816
2.4133554, 5.2863975, 8.887277
1.5705963, 4.9703627, 8.896853
0.7469909, 5.161899, 8.963891
-0.05746084, 5.5162406, 8.130709
-0.2681506, 5.602432, 7.73806
0.06703765, 5.813122, 6.981492
-0.08619126, 6.253655, 6.7708025
-0.24899697, 6.6750345, 6.531382
0.6607997, 6.14831, 6.8761473
1.685518, 5.3438582, 7.192182
1.8004397, 5.1906295, 6.7229185
1.7429788, 5.2002063, 6.9048777
1.7812861, 5.2002063, 7.489063
1.3599066, 5.363012, 7.73806
0.63206923, 5.7269306, 7.920019
0.8331822, 5.592855, 8.446744
1.0247183, 5.3821654, 7.9487495
1.1779473, 5.209783, 7.1634517
1.5227122, 4.9895163, 6.646304
1.5131354, 4.7884035, 8.350976
1.6184803, 4.7788267, 9.749189
1.3982137, 4.903325, 8.963891
1.0630256, 4.9703627, 8.207323
0.90021986, 4.9703627, 7.97748
0.8619126, 5.171476, 7.5465236
0.2681506, 5.544971, 7.3071036
0.019153614, 5.851429, 7.28795
0.34476504, 5.9184666, 6.1004257
0.47884035, 5.5258174, 7.1347213
0.62249243, 5.391742, 7.5944076
0.545878, 5.2863975, 7.9583263
0.7278373, 5.315128, 7.8050976
0.39264908, 5.2959743, 7.7189064
0.48841715, 5.3438582, 7.6710224
0.6703765, 5.267244, 8.312668
0.9768343, 5.142745, 8.542512
1.1013328, 5.094861, 8.255207
0.9672575, 5.1140146, 7.776367
0.8714894, 5.171476, 7.7189064
0.94810385, 5.305551, 7.8912888
0.9768343, 5.497087, 8.159439
0.6895301, 5.985504, 8.082825
-0.45968673, 6.291962, 8.714894
-2.0111294, 6.0621185, 12.679692
-3.7924154, 0.58418524, 17.046717
-0.34476504, -8.791509, 9.710882
8.111555, -10.103531, -0.7374141
9.414001, -7.201759, -7.2783732
-1.6089035, -3.9456444, -8.37013
-11.654974, 5.7748146, -5.5162406
-18.377892, 18.100164, 5.899313
-19.086576, 18.981232, 18.26297
-17.889475, 18.904617, 19.709068
-12.325351, 11.520899, 19.651608
-11.559206, 2.0494366, 12.229582
-8.025364, -3.4572272, 8.63828
-4.357447, -10.658986, 8.762778
-1.2162545, -18.818426, 10.28549
6.215348, -20.159178, 9.80665
12.50731, -15.370775, 2.2122424
10.419566, -11.36767, -5.851429
4.8745947, -9.662998, -8.00621
-0.61291564, -6.7708025, -6.4068837
-9.605537, 5.9280434, 3.064578
-19.086576, 18.981232, 14.623784
-19.086576, 18.981232, 19.709068
-18.406622, 18.962078, 19.172768
-15.68681, 18.02355, 9.299079
-14.12579, 7.7189064, 7.73806
-6.4643445, -3.0071173, 7.019799
-1.3024458, -9.222465, 2.4037786
2.135628, -14.049175, -2.1452048
7.2687964, -16.529568, -3.0454245
11.109096, -14.60463, -2.0207062
8.341399, -12.363658, -4.606444
1.9632454, -10.323798, -4.7979803
-2.2888567, -8.848969, -1.4269443
-10.314221, -0.91937345, 5.592855
-19.086576, 16.874334, 18.416199
-19.086576, 18.981232, 19.709068
-17.0946, 18.914194, 19.37388
-13.64695, 18.914194, 8.312668
-11.779472, 12.258312, 5.985504
-5.094861, 1.5514427, 5.707777
-0.59376204, -4.4819455, 1.5035586
1.733402, -8.418014, -1.5801731
4.7788267, -12.813767, -2.1068976
8.255207, -14.748282, -0.41180268
8.896853, -12.344504, -2.930503
3.6870706, -10.304645, -4.3957543
-0.34476504, -8.532935, -2.7581203
-5.813122, -5.1235914, 2.0398598
-16.845604, 10.754754, 15.773001
-19.086576, 18.981232, 19.709068
-18.511967, 18.933348, 19.64203
-15.524004, 18.981232, 12.459426
-17.33402, 14.872781, -0.6991069
-8.992621, 2.1164744, 2.6623523
-1.0630256, -5.4204726, 3.8402996
2.4133554, -10.132261, 3.6870706
6.244078, -14.60463, 6.7708025
8.599973, -16.19438, 6.895301
9.184157, -12.679692, -1.1683705
4.9224787, -10.582372, -3.763685
2.6240451, -9.050082, -2.920926
-3.0071173, -6.5984197, 0.7278373
-15.179238, 9.203311, 9.653421
-19.086576, 18.981232, 19.546263
-19.029116, 18.942924, 19.469648
-16.577452, 18.971655, 2.7102363
-12.899959, 17.161638, -2.767697
-9.184157, 6.6750345, 0.9576807
-3.964798, -0.7469909, 5.9759274
-0.06703765, -5.7843914, 5.0278234
1.9249382, -10.821792, 2.930503
4.5872903, -14.805743, 5.48751
12.172121, -15.389929, 6.1866174
9.107543, -14.681245, 1.3694834
1.733402, -13.062764, 1.2162545
-4.7022123, -8.810662, 2.2218192
-16.270994, 8.504205, 11.789049
-19.086576, 18.981232, 19.709068
-19.029116, 18.92377, 19.574993
-16.663643, 18.971655, 7.3549876
-14.164097, 16.318878, 1.9057846
-9.787497, 5.085284, 4.5777135
-2.6048915, -3.0071173, 4.912902
1.7525556, -8.896853, 3.016694
6.215348, -16.156073, 2.1643584
11.645397, -19.31642, 4.3287168
10.534488, -15.294161, -1.8674773
0.89064306, -12.0093155, -4.414908
-0.80445176, -8.954314, -4.405331
-6.3685765, -6.943185, 0.8619126
-17.630901, 10.170568, 10.994174
-19.086576, 18.981232, 19.709068
-14.939818, 18.92377, 19.709068
-10.400413, 18.981232, 17.27656
-13.072341, 17.48725, 6.090849
-10.716447, 6.7708025, 6.885724
-3.0454245, -3.2369606, 7.9008656
1.1109096, -11.779472, 5.3342814
7.0006456, -20.226215, 2.2984335
14.33648, -20.235792, -0.47884035
10.553641, -19.747375, -6.7229185
-2.7102363, -15.313314, -5.1906295
-7.1826053, -10.1226845, -0.4309563
-14.54717, 5.583278, 10.563218
-19.086576, 18.981232, 19.709068
-17.506403, 18.952501, 19.709068
-10.0748005, 18.971655, 19.383457
-10.94629, 15.571888, 8.580819
-10.151415, 2.7964275, 3.6296098
-0.91937345, -5.631162, 3.9073372
2.9113493, -10.515334, 4.9895163
6.4260373, -18.387468, 0.10534488
12.449849, -20.235792, 0.2681506
13.560759, -19.009962, 1.8100165
1.283292, -14.422671, 0.7757214
-4.7309427, -8.762778, 0.7278373
-11.224017, 0.60333884, 4.3861775
-19.086576, 18.770542, 12.50731
-18.847157, 18.981232, 19.709068
-11.760319, 18.92377, 19.699492
-11.444284, 18.981232, 10.0748005
-14.5567465, 15.993267, 0.18195933
-10.237606, 5.315128, 5.861006
-4.098873, -5.056554, 10.850522
-1.1013328, -17.832014, 8.66701
7.297527, -20.235792, 2.0685902
17.99482, -19.958065, -1.484405
9.988609, -17.439365, -3.2944214
-5.267244, -13.704411, -0.58418524
-7.785944, -4.232949, 3.2273839
-16.759413, 16.01242, 3.7828386
-19.086576, 18.981232, 11.87524
-16.22311, 18.89504, 19.709068
-6.646304, 18.981232, 19.498379
-10.658986, 13.771448, 12.603078
-11.760319, 1.3311762, 7.642292
-5.659893, -12.392388, 5.899313
3.7828386, -20.235792, 3.6296098
14.882358, -20.235792, 0.6799533
15.801731, -18.2917, -6.3589997
2.3558946, -13.953407, -7.038953
-4.6830587, -9.662998, -3.3806129
-9.289502, -2.8921957, 1.3120226
-18.83758, 15.897499, 8.762778
-19.086576, 18.981232, 18.397045
-14.997279, 18.904617, 19.709068
-7.8529816, 18.981232, 19.651608
-15.102624, 16.16565, 12.794614
-12.363658, 4.1371803, 3.7062242
-6.129156, -6.2632318, 3.3614593
1.8100165, -14.671668, 3.0550013
9.442732, -20.235792, 6.5696893
15.045163, -20.072987, 7.680599
10.093954, -16.663643, 0.33518824
-1.7142484, -13.790602, -2.0590134
-7.517793, -8.24563, -0.36391866
-12.631808, 6.3685765, 7.3071036
-19.086576, 18.981232, 11.587936
-19.086576, 18.981232, -4.175488
-17.085024, 18.952501, -5.1523223
-5.1235914, 18.981232, 2.8538885
-1.4269443, 18.703505, 11.118672
-3.916914, 16.270994, 7.4986396
-7.5848308, 12.430696, 1.4748282
-5.650316, 6.090849, 7.776367
-0.49799395, -1.2737153, 15.677233
3.217807, -8.331821, 5.257667
7.0006456, -14.221559, -2.4708161
10.103531, -19.574993, 0.9672575
11.262324, -17.774553, 0.94810385
-4.2425256, -16.472107, -1.0534488
-13.9438305, -7.144298, -1.2737153
-18.100164, 9.682152, 9.797073
-19.086576, 18.981232, 19.709068
-18.847157, 18.971655, 15.993267
-11.654974, 18.971655, 8.197746
-8.2169, 18.914194, 7.2687964
-10.429143, 13.88637, 4.6351743
-8.571242, 6.6654577, 4.223372
-5.707777, 0.33518824, 5.257667
-0.1340753, -5.889736, 3.7349546
5.2768207, -10.448297, 4.31914
9.643845, -11.951855, 7.0485296
10.295067, -10.477027, 2.9975405
5.353435, -9.404425, -3.1028855
0.545878, -8.418014, -4.8362875
-3.964798, -6.129156, -2.7868507
-11.128249, 1.9440918, 1.1492168
-18.751389, 17.33402, 11.81778
-19.086576, 18.981232, 19.709068
-16.912642, 18.92377, 18.004396
-9.078813, 18.981232, 9.969456
-10.726024, 15.667656, 6.991069
-8.791509, 6.3781533, 5.1140146
-4.462792, -1.541866, 3.7828386
0.842759, -6.703765, 0.7086837
4.2999864, -10.180145, 0.5363012
6.655881, -13.187263, 3.9264908
10.295067, -13.388376, 3.083732
6.847417, -12.497733, -0.62249243
-1.4939818, -11.463438, -1.9249382
-6.2632318, -7.5561004, -1.6567876
-14.422671, 5.3342814, 0.641646
-19.086576, 18.981232, 16.414646
-14.489709, 18.981232, 19.709068
-9.940725, 18.952501, 15.552734
-10.7356, 18.981232, 3.1794999
-12.555194, 16.452953, 7.6710224
-9.672575, 7.3549876, 11.501745
-5.9280434, -1.5227122, 11.18571
-1.532289, -7.422025, 5.4779334
1.982399, -12.459426, 1.8004397
6.397307, -15.150508, 0.9672575
9.998186, -15.763424, -1.7046716
8.00621, -14.441825, -6.9623384
-0.4213795, -13.369223, -7.393295
-6.196194, -10.927136, -4.5298295
-8.848969, -5.0661306, 1.2066777
-18.109741, 10.658986, 17.362751
-19.086576, 18.981232, 19.709068
-18.492813, 18.962078, 19.632454
-10.04607, 18.971655, 17.918205
-10.879252, 18.05228, 14.33648
-11.444284, 8.542512, 8.456321
-7.326257, -0.78529817, 5.535394
-1.8483237, -6.6750345, 2.4899697
2.4995465, -9.816227, -1.6376339
4.903325, -12.162544, -3.4380736
7.9487495, -12.909535, -2.9496565
10.218452, -10.994174, -4.185065
5.4300494, -10.371682, -4.367024
-0.90021986, -9.56723, -2.0973208
-3.1603463, -6.9048777, 1.9057846
-12.028469, 1.532289, 9.80665
-19.086576, 17.209522, 11.21444
-19.029116, 18.981232, 17.659632
-12.29662, 18.914194, 19.709068
-9.308656, 18.981232, 14.700398
-13.867216, 15.389929, 7.4986396
-9.078813, 3.9552212, 9.414001
-2.719813, -5.2768207, 7.374141
1.0630256, -9.241618, 1.340753
3.7062242, -10.572795, -1.8483237
6.1195793, -11.21444, -2.0494366
7.9008656, -10.553641, -2.9496565
8.015787, -9.059659, -5.142745
4.721366, -8.408437, -4.6926355
1.292869, -8.159439, -2.4037786
-1.8674773, -7.690176, 0.60333884
-9.768343, 1.0055647, 8.322245
-19.086576, 17.860744, 16.883911
-19.086576, 18.981232, 17.228676
-14.623784, 18.92377, 19.709068
-4.8362875, 18.65562, 17.697939
-6.3781533, 10.67814, 11.33894
-3.5242648, 1.9728222, 4.4819455
-0.047884032, -2.1452048, 0.8619126
2.3175871, -4.1946416, -1.1875241
5.7269306, -4.663905, -2.6910827
7.5561004, -6.1770406, -2.9113493
7.6710224, -7.536947, -1.2449849
7.1155677, -7.4507556, 0.7374141
4.4723687, -7.038953, 0.49799395
0.82360536, -6.531382, 0.6703765
-2.7964275, -3.9743748, 2.3942018
-13.723564, 5.9663506, 9.931149
-19.086576, 18.981232, 17.860744
-17.650055, 18.981232, 18.05228
-8.6095495, 18.942924, 18.167202
-7.07726, 18.962078, 8.676587
-7.929596, 15.255854, -1.1109096
-7.690176, 10.199299, -3.371036
-6.646304, 6.655881, -0.5746084
-2.7868507, 2.6048915, 3.2369606
1.388637, -0.5650316, 5.3821654
3.7541082, -5.3438582, 7.1826053
6.4260373, -11.798626, 9.279925
10.314221, -12.727576, 7.479486
6.991069, -11.204864, 3.2082303
-1.4173675, -8.820239, -0.7565677
-2.920926, -2.0494366, 0.08619126

