x : y : Z 
5.0661306, -3.4763808, 7.517793
4.654328, -9.739613, 5.085284
4.003105, -17.688362, 1.3503298
5.90889, -17.353174, -7.603985
3.2273839, -12.53604, -6.5984197
0.31603462, -8.532935, -3.0550013
-9.165004, -2.0494366, -0.39264908
-19.086576, 13.474567, 5.133168
-19.086576, 18.981232, 16.79772
-14.087482, 18.914194, 19.709068
-3.9743748, 18.933348, 19.651608
0.545878, 12.105083, 19.029116
3.265691, 0.8523358, 15.179238
4.050989, -5.650316, 9.768343
1.685518, -14.326903, 3.1028855
3.86903, -20.235792, -12.26789
5.2289367, -18.703505, -14.020445
-2.1164744, -11.291056, -4.146757
-2.5187001, -6.8186865, -1.0630256
-4.4244847, -0.33518824, 7.9104424
-16.060305, 15.284584, 19.421764
-19.086576, 18.981232, 19.709068
-7.52737, 18.914194, 19.670761
2.2601264, 18.693928, 19.64203
2.2984335, 11.061212, 15.495274
3.1794999, 2.5761611, 9.672575
4.271256, -1.9632454, 6.7324953
4.6926355, -5.592855, 6.3302693
5.592855, -12.909535, -0.5554548
10.764331, -18.2917, -8.446744
10.352529, -16.443377, -5.3821654
1.9919758, -11.798626, -0.5363012
-3.0358477, -7.536947, 1.0534488
-7.2687964, 0.47884035, 8.7053175
-18.875887, 15.437813, 15.246277
-19.086576, 18.981232, 11.597513
-17.343597, 18.92377, 14.346057
-7.920019, 18.981232, 16.060305
-3.8881836, 16.021997, 15.361198
-1.3503298, 5.841852, 15.437813
2.0207062, -1.6567876, 13.139379
3.2752678, -8.686164, 7.8912888
7.0006456, -18.033127, -1.6184803
11.405977, -20.235792, -7.9870567
7.345411, -15.600618, -5.410896
-0.40222588, -9.155427, -1.7142484
-2.7581203, -4.4340615, -2.2218192
-9.854534, 4.3861775, 5.353435
-16.021997, 18.981232, 19.239805
-16.82645, 18.981232, 19.709068
-12.047623, 18.942924, 18.828003
-7.7572136, 18.2917, 7.8529816
-4.8362875, 9.5385, 7.153875
0.90021986, 0.91937345, 9.749189
3.3423057, -4.156334, 8.6574335
3.5625722, -10.43872, 3.5338416
7.929596, -16.328455, -3.5242648
10.496181, -14.930242, -7.4124484
6.540959, -9.624691, -4.4915223
2.9592333, -5.506664, -0.61291564
1.9536686, -1.6663644, 3.1124623
-6.579266, 7.9966335, 11.683704
-19.086576, 18.981232, 16.950949
-19.086576, 18.981232, 19.709068
-12.392388, 18.952501, 13.88637
-5.592855, 16.816874, 10.984597
-1.3503298, 6.215348, 9.672575
3.4093432, -0.6991069, 6.847417
5.631162, -4.6160207, 5.497087
6.0046577, -9.260772, 2.0590134
7.9008656, -15.552734, -5.803545
10.199299, -15.667656, -8.992621
5.746084, -11.463438, -3.9073372
1.8770541, -7.9391727, -0.7661445
-0.22026655, -3.9456444, 4.951209
-7.5944076, 8.954314, 14.566323
-18.607735, 18.981232, 19.709068
-17.927782, 18.981232, 19.709068
-9.193734, 18.971655, 16.347609
-4.912902, 16.548721, 10.764331
-0.93852705, 6.4164605, 9.126697
3.4572272, -0.4309563, 8.523358
6.38773, -3.8594532, 6.799533
7.0485296, -7.345411, 4.5202527
8.724471, -14.12579, -1.8579005
11.587936, -17.161638, -10.228029
7.929596, -13.196839, -5.5258174
1.9728222, -8.6574335, 0.02873042
0.35434186, -5.4683566, 1.9249382
-3.8498764, 1.1587936, 8.494628
-18.301277, 13.828909, 14.480132
-19.086576, 18.981232, 12.124237
-16.749836, 18.942924, 17.00841
-9.490616, 18.971655, 13.838486
-4.453215, 13.464991, 11.042058
3.8307228, 2.1930888, 10.773908
8.00621, -4.156334, 7.3166804
9.710882, -7.297527, 4.003105
6.6846113, -15.294161, -0.81402856
6.694188, -18.483236, -13.455414
4.7979803, -13.953407, -10.611102
0.6799533, -8.523358, -2.135628
-0.11492168, -5.4779334, 0.076614454
-0.7182605, -1.0055647, 3.7062242
-7.469909, 9.433155, 13.369223
-15.179238, 18.981232, 19.709068
-8.39886, 18.981232, 19.709068
1.3982137, 18.942924, 19.699492
4.7979803, 13.321339, 17.889475
6.435614, 2.4516625, 10.70687
9.32781, -3.7732618, 4.462792
10.46745, -7.249643, 2.7868507
7.651869, -14.518439, -2.336741
1.2354081, -18.86631, -15.370775
-1.8962077, -13.206416, -15.188815
-2.0494366, -8.513782, -5.45878
-2.7964275, -5.497087, 0.6512229
-5.4300494, 0.6991069, 3.0358477
-11.281479, 9.3661175, 13.369223
-17.774553, 18.981232, 19.709068
-13.934254, 18.981232, 19.709068
-1.5993267, 17.832014, 19.594147
9.404425, 9.126697, 14.355634
13.283031, 0.34476504, 7.2592196
14.135366, -5.6982, 4.5872903
12.966996, -8.695741, 3.5338416
6.6079965, -13.350069, 0.37349546
0.05746084, -18.397045, -10.25676
-1.0821792, -14.317327, -16.74026
-1.7046716, -8.149862, -7.8912888
-2.2888567, -5.2768207, -3.5625722
-2.7102363, -3.7062242, 0.2777274
-7.680599, 3.3135753, 7.785944
-18.368315, 15.47612, 9.519346
-19.086576, 18.981232, 18.693928
-10.6398325, 18.83758, 19.37388
7.3166804, 11.319786, 15.543158
11.233594, 0.095768064, 10.515334
13.962984, -6.4643445, 4.510676
13.589489, -9.5385, 4.817134
10.726024, -13.9151, 2.6240451
6.3781533, -18.511967, -6.5026517
5.5258174, -14.834474, -14.777013
3.916914, -9.481039, -9.404425
1.541866, -7.3071036, -3.074155
-0.24899697, -6.4547677, -1.13964
-6.751649, -4.1276035, -1.0342951
-18.971655, 4.55856, -5.7748146
-19.086576, 18.349161, 0.019153614
-18.760965, 18.981232, 14.451402
-9.414001, 18.033127, 17.391481
0.545878, 8.1402855, 13.828909
10.955867, -1.6663644, 7.7093296
12.401965, -6.9719152, 6.6654577
9.433155, -10.783484, 10.237606
9.002198, -17.640478, 7.07726
8.293514, -20.235792, -6.83784
6.5505357, -18.875887, -15.409082
1.2641385, -11.999739, -7.7572136
-2.0207062, -7.785944, -0.2681506
-5.8801594, -2.633622, -0.34476504
-14.987702, 9.14585, -2.6910827
-18.828003, 18.981232, 12.77546
-15.198392, 18.981232, 19.37388
-6.742072, 18.962078, 17.611748
-0.18195933, 16.481684, 18.157625
5.6215854, 5.4779334, 16.089035
8.446744, -3.6296098, 11.616667
9.528923, -7.651869, 8.063671
7.240066, -11.329363, 6.0716953
4.4915223, -17.946936, -3.572149
4.1371803, -17.669209, -14.777013
2.4899697, -12.947843, -10.151415
0.40222588, -9.136273, -2.2122424
0.1340753, -6.981492, 0.7565677
-0.10534488, -3.3039982, 4.9799395
-9.519346, 4.6830587, 10.43872
-19.086576, 17.381905, -4.673482
-19.077, 18.981232, -5.142745
-15.581465, 18.92377, 7.1347213
-6.4739213, 15.571888, 9.80665
-2.7006595, 5.544971, 11.128249
4.003105, -2.5091233, 5.3247046
7.8050976, -6.2345014, 2.96881
9.174581, -10.28549, 1.1013328
7.9487495, -15.035586, -4.0318356
7.4507556, -14.116213, -11.520899
4.7500963, -10.7356, -9.682152
2.1260512, -8.073248, -4.855441
0.24899697, -6.6175733, -0.8810662
0.79487497, -1.7525556, 6.5026517
-8.839393, 4.6255975, 12.430696
-19.086576, 16.76899, 0.40222588
-19.077, 18.981232, -1.6089035
-16.01242, 18.89504, 7.6710224
-6.3589997, 15.150508, 6.799533
-1.7142484, 6.2249246, 6.4068837
3.0933087, -1.292869, 3.8402996
6.981492, -4.903325, 1.7908629
8.599973, -6.531382, 0.5363012
8.6574335, -11.405977, -2.0207062
9.471462, -15.006856, -10.879252
8.322245, -13.292608, -11.856087
4.3478703, -10.266336, -3.5434184
1.733402, -7.843405, 3.8594532
1.0055647, -3.1794999, 8.8777
-12.5264635, 4.271256, 11.999739
-19.086576, 17.48725, 1.541866
-19.019539, 18.981232, -0.35434186
-15.897499, 18.942924, 9.414001
-10.247183, 14.997279, 9.557653
-2.327164, 5.1906295, 9.184157
4.10845, -2.2218192, 5.8226986
8.37013, -6.1004257, 3.2369606
9.643845, -11.980585, -1.340753
10.362105, -15.112201, -9.557653
7.97748, -12.74673, -10.103531
4.865018, -8.820239, -3.3614593
4.6255975, -5.66947, 0.38307226
3.514688, -2.930503, 4.510676
-3.7253778, 2.5187001, 11.492168
-18.215086, 10.630256, 9.768343
-19.086576, 18.981232, -2.815581
-18.732235, 18.981232, 2.4133554
-11.568783, 15.840038, 7.4603324
-4.510676, 9.126697, 8.226477
-0.19153613, 2.4037786, 8.274361
4.050989, -3.3614593, 4.7884035
8.734048, -6.291962, 3.1411927
8.1402855, -9.203311, 1.2354081
5.592855, -14.60463, -8.504205
8.169016, -11.33894, -14.451402
3.572149, -8.255207, -4.644751
2.3463178, -6.215348, -1.7142484
2.1739352, -3.9743748, 3.8402996
-4.405331, 3.0262709, 16.25184
-19.086576, 13.579912, 15.696386
-19.086576, 18.981232, 2.2409728
-17.583017, 18.92377, 9.519346
-5.9663506, 13.67568, 12.354081
1.4652514, 3.514688, 12.756307
5.66947, -3.4859576, 8.475474
8.207323, -6.9719152, 5.0278234
7.144298, -11.674128, -0.7278373
8.178593, -15.485697, -12.08593
8.1881695, -13.053187, -12.938266
0.9864111, -9.203311, -2.72939
0.39264908, -5.592855, -1.0821792
2.4899697, -3.4284968, 3.1603463
-3.1124623, 1.4173675, 16.788143
-18.588581, 9.059659, 11.674128
-19.086576, 18.981232, -6.5026517
-18.511967, 18.550274, 0.10534488
-7.872135, 9.892841, 11.789049
1.340753, 2.1930888, 18.358738
4.865018, -3.9935284, 10.984597
6.6271505, -6.799533, 4.663905
7.517793, -7.383718, 2.0590134
7.1826053, -12.220005, -9.5385
11.281479, -14.614207, -19.507956
5.7843914, -12.794614, -7.489063
1.1875241, -10.266336, -1.6376339
-2.5953147, -9.662998, 1.1683705
-8.197746, -4.357447, 8.149862
-19.086576, 8.034941, 10.515334
-19.086576, 18.981232, -2.4229321
-17.72667, 18.981232, 11.080365
-9.32781, 16.098612, 19.306843
-3.8402996, 7.4603324, 19.421764
1.1779473, -0.8331822, 14.221559
4.0797195, -5.1906295, 10.132261
4.7405195, -6.339846, 7.4028716
4.175488, -8.197746, 2.0015526
7.029376, -14.317327, -10.295067
15.773001, -15.591042, -15.868769
6.493075, -12.0571995, -1.8962077
1.0726024, -7.824251, -1.1971009
-2.231396, -7.6231384, -2.7581203
-10.141838, -2.6431987, 2.5474305
-19.086576, 8.054094, 6.7612257
-19.086576, 17.975666, 17.48725
-13.072341, 16.989256, 19.709068
-6.2728086, 9.883265, 19.670761
-3.3901896, 2.2697031, 18.339584
-1.7046716, -2.1260512, 9.892841
1.1109096, -3.821146, 7.1155677
3.3997664, -4.865018, 6.4739213
3.1794999, -9.3182335, 2.3750482
7.5561004, -15.591042, -2.5091233
16.711529, -13.570335, -3.9743748
7.632715, -11.36767, -1.8004397
-3.3614593, -7.5848308, -3.8786068
-5.133168, -5.401319, 1.1492168
-6.742072, -2.432509, 12.497733
-17.027563, 1.9057846, 19.709068
-13.158532, 4.4915223, 19.709068
-10.323798, 2.6623523, 19.699492
-6.7133417, -1.6280571, 19.709068
-4.5872903, -7.28795, 17.30529
-0.2777274, -11.118672, 13.359646
1.3503298, -11.827356, 10.831368
-0.49799395, -12.11466, 5.7365074
1.8674773, -17.219099, -1.1683705
14.12579, -14.738706, -9.653421
14.642938, -11.147403, -6.7324953
4.271256, -10.898406, -5.267244
-3.9743748, -9.059659, -3.6008794
-6.3302693, -7.7093296, 3.8881836
-8.868123, -6.090849, 17.448942
-16.357185, -4.673482, 19.709068
-6.38773, 0.047884032, 19.651608
-5.449203, 3.2848446, 19.709068
-6.531382, -0.41180268, 19.37388
-2.7485435, -6.646304, 13.905523
0.8714894, -9.844957, 6.8186865
3.323152, -8.676587, 3.2944214
5.353435, -12.832921, 0.58418524
12.670115, -17.429789, -3.763685
13.733141, -15.26543, -3.3806129
3.1028855, -13.215993, -3.7828386
-3.4955344, -9.097966, -3.9935284
-5.1906295, -6.7612257, -3.6774938
-9.050082, -8.350976, -3.620033
-15.227123, -14.211981, 11.616667
-2.231396, -15.255854, 19.709068
3.5625722, -9.3661175, 19.622877
-0.23942018, -3.466804, 19.709068
-1.4556746, -5.803545, 19.709068
1.8387469, -12.459426, 19.009962
3.5529952, -16.328455, 12.076353
2.231396, -16.156073, 6.1770406
2.4420857, -19.469648, -3.4955344
9.864111, -19.843143, -16.596605
9.040505, -16.16565, -16.318878
1.1204864, -10.783484, -9.299079
-5.439626, -6.8761473, -5.1906295
-7.9104424, -4.7884035, -3.3135753
-9.385271, -1.4556746, 7.7667904
-16.51999, 2.834735, 19.709068
-8.954314, 4.0318356, 19.709068
3.122039, 4.414908, 19.680338
0.33518824, 3.1794999, 19.709068
-1.1204864, -1.4269443, 18.033127
-0.2873042, -5.094861, 9.241618
2.8060043, -6.244078, 5.544971
3.8115692, -6.5984197, 3.8977604
3.5338416, -10.630256, -2.1643584
8.734048, -15.734694, -9.854534
13.283031, -14.623784, -9.816227
6.1770406, -12.0571995, -4.7022123
-0.91937345, -9.519346, 0.15322891
-5.0374002, -4.2521024, 9.251195
-11.099519, 7.6231384, 19.709068
-19.086576, 18.971655, 19.268536
-18.406622, 18.981232, 19.431341
-9.423578, 18.732235, 19.709068
-6.129156, 11.63582, 19.40261
-2.8443117, 1.9728222, 14.240712
-0.30645782, -4.4436383, 8.963891
3.8307228, -7.3549876, 6.8569937
5.5641246, -12.191275, 1.7046716
11.329363, -17.99482, -7.8146744
15.734694, -16.213533, -9.940725
6.943185, -12.947843, -5.2385135
-0.11492168, -9.586384, -1.292869
-3.5338416, -5.554548, 4.8267107
-11.061212, 5.0757074, 15.658079
-19.086576, 17.956512, 19.709068
-18.981232, 18.981232, 19.689915
-10.850522, 18.511967, 19.019539
-4.1276035, 10.611102, 17.03714
1.3790601, 1.4077905, 12.660539
4.999093, -4.4723687, 8.6574335
8.686164, -7.086837, 7.3549876
8.810662, -14.202404, 1.6759412
13.790602, -19.220652, -9.011775
13.043611, -16.587029, -9.682152
3.916914, -12.966996, -4.2521024
-2.585738, -8.887277, -0.18195933
-4.999093, -1.091756, 6.157887
-13.292608, 10.668563, 17.190369
-19.086576, 18.981232, 18.80885
-18.358738, 18.981232, 16.625336
-9.346964, 17.00841, 17.879898
-2.135628, 6.7229185, 15.361198
3.4284968, -2.4516625, 10.620679
7.0006456, -7.345411, 6.8186865
8.571242, -12.239159, 3.3614593
9.873688, -18.483236, -7.833828
11.319786, -15.773001, -14.432248
4.4723687, -10.323798, -5.9567738
1.2449849, -5.506664, -2.087744
0.33518824, -3.5051112, -1.0247183
-2.2601264, 0.6799533, 7.0485296
-15.02601, 9.500193, 18.47366
-19.086576, 18.981232, 9.940725
-18.253393, 18.981232, 11.693281
-8.571242, 16.82645, 16.290148
-2.6719291, 9.11712, 15.485697
1.7046716, 1.3503298, 13.67568
5.209783, -4.0318356, 8.944737
8.054094, -6.205771, 6.9719152
8.159439, -6.8091097, 4.7788267
5.410896, -9.950302, -1.0151415
8.8777, -13.570335, -13.110648
11.530476, -13.196839, -14.192827
6.5601125, -11.33894, -4.8458643

