x : y : Z 
-3.7541082, -10.582372, 3.514688
-11.18571, -4.5872903, 10.898406
-19.086576, 13.474567, 19.709068
-17.745823, 18.981232, 19.709068
-15.006856, 18.914194, 19.469648
-16.108189, 18.981232, 9.710882
-15.868769, 18.684351, 5.7269306
-9.3182335, 10.25676, 11.051635
0.31603462, -1.8291701, 16.136919
7.383718, -8.063671, 14.18325
9.404425, -10.314221, 12.5264635
7.5465236, -13.321339, 7.201759
5.592855, -18.2917, -6.1866174
9.203311, -20.235792, -16.127342
10.28549, -20.168755, -9.5385
5.449203, -17.592594, -2.6240451
-0.5363012, -13.493721, 1.0821792
-6.3206925, -9.3661175, 7.0964136
-12.0571995, 2.2026656, 17.918205
-8.456321, 18.339584, 19.709068
-4.414908, 18.981232, 19.661184
-5.2480903, 18.92377, 19.709068
-6.2345014, 17.458519, 15.801731
-2.3175871, 6.3111157, 13.474567
5.947197, -3.6487634, 16.903065
8.8777, -9.385271, 17.401058
8.7053175, -12.143391, 15.093047
7.651869, -14.614207, 5.707777
8.24563, -17.81286, -6.8186865
9.356541, -17.822437, -11.118672
7.422025, -15.47612, -6.129156
0.12449849, -12.382812, -4.098873
-3.5242648, -9.002198, -4.003105
-8.034941, -8.283937, -4.1180267
-11.233594, -2.96881, 8.820239
-12.717999, 11.559206, 19.709068
-9.854534, 18.981232, 19.680338
-2.2409728, 18.962078, 19.699492
-3.8977604, 18.971655, 19.709068
-6.0142345, 15.160085, 17.477673
-1.7908629, 2.585738, 12.459426
3.0071173, -5.803545, 9.854534
4.6830587, -9.050082, 8.082825
6.8761473, -14.872781, 0.4213795
10.477027, -18.904617, -9.289502
8.810662, -17.056293, -6.291962
2.384625, -12.717999, -4.146757
-0.7374141, -9.653421, -4.865018
-3.6583402, -8.628703, -3.8977604
-8.599973, -9.165004, -1.9536686
-8.274361, -3.4093432, 14.4130945
-5.410896, 13.158532, 19.709068
-6.3589997, 18.981232, 19.622877
-2.7389667, 18.933348, 19.709068
-7.9966335, 18.464083, 19.699492
-9.040505, 8.619126, 15.342045
-4.060566, -2.4037786, 10.093954
0.8523358, -8.1881695, 9.270349
2.5761611, -13.254301, 4.9799395
9.615114, -20.235792, -7.192182
14.623784, -20.235792, -12.6222315
4.050989, -19.009962, -7.1730285
-4.4915223, -12.028469, -3.6391866
-8.350976, -8.0924015, -2.9496565
-12.919112, -1.8100165, 4.711789
-17.48725, 14.958972, 19.709068
-12.26789, 18.981232, 19.709068
-0.4213795, 18.914194, 19.670761
-3.6296098, 18.981232, 19.64203
-5.9280434, 15.102624, 14.824897
-0.35434186, 2.9879637, 12.5264635
4.261679, -4.7500963, 11.999739
3.5242648, -7.642292, 9.758766
2.9783869, -14.18325, 1.2354081
7.9870567, -20.235792, -8.6574335
11.990162, -19.450495, -6.6271505
3.3518825, -13.120225, -2.0494366
-0.9864111, -7.6710224, -2.0398598
-4.807557, -5.401319, -0.46926352
-11.434708, 5.631162, 9.921572
-19.086576, 18.981232, 19.709068
-14.020445, 18.981232, 19.709068
-4.501099, 18.952501, 19.689915
-7.5082164, 17.563864, 16.682798
-6.6846113, 6.3111157, 6.7229185
0.0, -3.2082303, 7.2783732
4.2904096, -7.52737, 7.747637
3.514688, -14.614207, 3.4955344
7.517793, -20.235792, -9.691729
9.232041, -19.996372, -10.563218
0.32561144, -14.097059, -3.2944214
-1.3120226, -8.025364, -2.0398598
-4.548983, -4.644751, 0.38307226
-13.9438305, 8.954314, 7.422025
-19.086576, 18.981232, 19.709068
-8.42759, 18.962078, 19.709068
2.9592333, 18.971655, 19.670761
-0.82360536, 16.778566, 19.364304
-3.371036, 5.3438582, 11.300632
0.6895301, -2.9496565, 7.2209125
3.1507695, -7.747637, 7.07726
1.5801731, -15.016433, 1.1779473
5.085284, -20.235792, -10.486604
8.197746, -18.799273, -9.069236
2.528277, -12.488156, -5.161899
-0.89064306, -7.52737, -4.414908
-3.0071173, -5.765238, -1.8195933
-12.4785795, 6.4643445, 7.0102224
-15.543158, 18.981232, 19.709068
8.858546, 18.981232, 19.709068
19.565416, 17.257406, 19.670761
4.0892963, 0.46926352, 18.454506
-3.6774938, -6.3685765, 1.5993267
-1.9057846, -6.5505357, -0.9768343
1.1971009, -11.271901, 0.019153614
2.4229321, -19.009962, -5.746084
7.2113357, -19.37388, -7.0964136
1.541866, -14.020445, -6.8186865
-1.7046716, -8.983045, -7.2113357
-3.8881836, -7.565677, -5.305551
-8.456321, -3.8594532, 1.7429788
-10.70687, 6.339846, 18.914194
4.2999864, 16.117765, 19.709068
15.514427, 18.981232, 19.64203
8.686164, 11.654974, 19.709068
-1.6759412, 0.019153614, 17.362751
-5.2289367, -4.453215, 4.9895163
-0.25857377, -7.690176, 5.9663506
-0.8523358, -12.5264635, 3.323152
-2.96881, -19.900604, -5.9759274
8.552089, -19.680338, -11.224017
7.5561004, -13.330915, -8.6095495
-1.3982137, -7.431602, -5.995081
-6.7708025, -4.4340615, -8.226477
-8.025364, -2.0398598, 0.2777274
-2.9400797, 7.469909, 19.709068
9.021352, 18.684351, 19.709068
12.334928, 18.981232, 19.651608
7.747637, 16.721106, 19.709068
3.1603463, 4.2425256, 16.893488
5.1906295, -4.999093, 9.634268
5.2289367, -8.034941, 6.5122285
1.4173675, -12.239159, 0.8523358
2.6910827, -19.64203, -9.959879
8.695741, -18.990808, -11.463438
5.2480903, -13.64695, -5.9567738
-1.5705963, -8.197746, -6.4068837
-6.2632318, -5.7748146, -6.1195793
-6.6175733, -1.8100165, 4.9416323
-9.184157, 11.942278, 19.709068
-4.5872903, 18.981232, 19.709068
0.5554548, 18.942924, 19.680338
2.6527755, 18.071434, 19.709068
1.7142484, 3.8019924, 17.391481
4.7788267, -7.690176, 7.201759
4.280833, -10.43872, 3.2465374
0.24899697, -13.388376, -0.7757214
-0.6512229, -18.272547, -14.240712
4.5681367, -18.119318, -19.507956
3.1794999, -12.53604, -12.210428
-0.8523358, -7.785944, -3.1028855
-2.4516625, -6.8569937, -3.5913026
-5.535394, -6.033388, -6.4739213
-15.418659, 0.8619126, 4.2904096
-19.086576, 11.980585, 17.535133
-14.968549, 18.981232, 19.709068
1.5705963, 18.981232, 19.661184
4.510676, 17.219099, 19.709068
3.6296098, 4.9224787, 18.090588
3.3614593, -3.0262709, 8.0924015
4.9320555, -5.544971, 3.7253778
5.315128, -7.843405, 2.0494366
4.0222588, -13.579912, -6.2345014
8.983045, -17.927782, -15.428236
8.619126, -14.259866, -8.743625
1.8100165, -7.536947, -0.79487497
0.79487497, -4.453215, -2.930503
0.4405331, -3.763685, -2.0685902
-7.489063, 2.6527755, 6.033388
-19.086576, 16.031574, 5.6886234
-19.086576, 18.981232, 5.506664
-16.060305, 18.92377, 18.579004
-9.758766, 18.425776, 18.789696
-6.588843, 10.007763, 8.025364
-1.2066777, 2.3750482, 3.083732
3.5242648, -2.5091233, 6.0142345
4.999093, -7.422025, 6.7229185
5.2002063, -15.275007, -1.1779473
9.691729, -15.600618, -3.8977604
9.232041, -11.051635, -2.231396
0.6895301, -8.303091, -2.7485435
-4.098873, -4.185065, -4.156334
-7.1826053, 1.5035586, -1.0055647
-11.951855, 16.625336, 9.883265
-14.777013, 18.981232, 16.950949
-7.0102224, 18.914194, 19.709068
4.309563, 18.856733, 19.689915
4.0318356, 11.042058, 16.318878
1.6376339, 1.5897499, 8.762778
1.2258313, -2.6240451, 5.3821654
1.1683705, -8.437167, 2.7006595
3.9073372, -16.51999, -2.336741
7.345411, -17.908628, -4.8745947
4.0318356, -12.957419, -3.3135753
-1.5801731, -7.5561004, -3.0454245
-4.1180267, -2.078167, -4.185065
-10.25676, 12.306197, 5.6120086
-17.219099, 18.981232, 19.709068
-8.255207, 18.92377, 19.709068
-1.2162545, 18.981232, 18.962078
1.0151415, 15.495274, 10.429143
1.3694834, 5.4204726, 7.07726
2.9592333, -0.31603462, 7.0485296
4.1659107, -4.5394063, 6.215348
5.5162406, -11.63582, 2.8921957
8.590396, -16.357185, 0.36391866
7.9487495, -14.240712, -0.6991069
2.432509, -9.3661175, -1.1683705
-1.6759412, -4.548983, -3.2752678
-7.07726, -0.1436521, -5.21936
-13.551182, 12.804191, 5.257667
-13.9917145, 18.981232, 18.617311
-3.3423057, 18.933348, 19.709068
3.1507695, 18.981232, 19.661184
0.61291564, 13.522451, 16.634912
-1.7046716, 2.8060043, 8.178593
0.92895025, -2.7581203, 4.510676
1.1492168, -7.680599, 3.1794999
1.8195933, -15.638926, -1.3790601
6.8282633, -19.737799, -4.213795
6.397307, -15.638926, -5.3725886
0.18195933, -10.151415, -3.5051112
-1.9440918, -5.161899, -2.9879637
-7.603985, 7.3071036, 7.7572136
-14.84405, 18.981232, 19.709068
-2.2601264, 18.981232, 19.709068
6.646304, 18.962078, 19.680338
4.2904096, 14.614207, 18.713081
1.091756, 4.156334, 9.385271
1.0055647, -0.45968673, 5.401319
1.2737153, -4.414908, 5.7269306
-0.10534488, -11.118672, 2.3558946
2.6527755, -17.72667, -0.22984336
10.151415, -16.625336, -2.528277
7.651869, -11.176133, -3.5529952
2.078167, -6.6654577, -3.8977604
-1.3790601, -2.5187001, -2.6240451
-9.758766, 12.076353, 11.664551
-14.585477, 18.981232, 19.709068
-0.1340753, 18.92377, 19.651608
1.2449849, 18.693928, 19.709068
-0.59376204, 8.054094, 16.606182
0.78529817, -3.9073372, 6.6079965
2.9879637, -7.4028716, 1.292869
2.0494366, -9.605537, -2.2409728
4.1371803, -15.179238, -4.807557
9.998186, -20.235792, -6.129156
9.193734, -16.950949, -5.506664
1.7812861, -11.377247, -2.7389667
-1.6376339, -7.795521, -0.6703765
-10.716447, 2.4133554, 8.331821
-17.0946, 18.981232, 19.709068
-10.189722, 18.981232, 19.709068
-5.746084, 18.933348, 19.52711
-4.003105, 18.732235, 13.474567
-1.0534488, 9.911995, 10.46745
5.353435, -0.35434186, 10.43872
8.456321, -5.9184666, 11.3964
6.435614, -12.804191, 6.991069
8.762778, -20.235792, -4.7309427
11.616667, -20.09214, -11.176133
6.694188, -15.342045, -5.4300494
-0.34476504, -8.532935, -1.6089035
-6.7133417, -3.323152, -0.40222588
-15.437813, 9.155427, 12.708423
-13.962984, 18.981232, 19.709068
-6.6367273, 18.962078, 19.651608
6.7612257, 18.971655, 19.680338
4.865018, 15.801731, 16.01242
4.7500963, 6.943185, 8.810662
6.933608, 0.59376204, 7.297527
8.389283, -3.6870706, 6.5984197
7.5944076, -7.5082164, 5.2289367
3.7828386, -13.599066, -5.985504
6.14831, -16.874334, -13.503298
6.215348, -14.863204, -5.717354
1.6089035, -9.892841, -2.6048915
-2.1739352, -6.5984197, -3.6870706
-4.9320555, -3.466804, 1.6472107
-7.192182, 9.155427, 17.343597
-9.414001, 18.981232, 19.709068
-6.5218053, 18.981232, 19.64203
-3.4955344, 18.962078, 19.31642
-7.747637, 17.401058, 9.126697
-6.349423, 8.456321, 2.231396
-1.5993267, -0.076614454, 4.3382936
2.327164, -5.7365074, 3.0358477
7.335834, -5.8705826, 1.2354081
5.21936, -8.887277, -0.18195933
7.153875, -14.652514, -8.762778
11.300632, -16.701952, -13.88637
8.350976, -14.5088625, -5.659893
3.916914, -10.409989, 1.1204864
2.2505496, -6.5122285, 4.8267107
-6.6271505, -0.08619126, 7.029376
-18.540697, 11.15698, 12.813767
-19.086576, 18.981232, 17.496826
-13.034034, 18.981232, 19.709068
-4.146757, 18.971655, 19.709068
-2.9400797, 17.017986, 19.709068
-2.3654714, 7.6614456, 17.381905
0.39264908, -0.5650316, 11.166556
4.654328, -4.9703627, 7.8146744
5.7365074, -7.699753, 5.535394
6.196194, -15.294161, -0.545878
10.888829, -19.325996, -10.658986
8.226477, -16.941372, -11.21444
2.633622, -12.890382, -5.765238
-0.842759, -9.605537, -1.4460979
-2.480393, -7.824251, 0.9672575
-8.063671, 0.31603462, 7.469909
-19.086576, 18.090588, 16.4338
-19.086576, 18.981232, 19.709068
-8.542512, 18.92377, 19.670761
-4.7405195, 18.626888, 19.709068
-6.0716953, 10.141838, 16.711529
-3.5913026, -0.7374141, 9.653421
0.076614454, -6.9527617, 4.7405195
2.4612393, -9.931149, 1.0726024
5.803545, -17.650055, -5.2480903
15.571888, -20.235792, -14.748282
12.909535, -19.833567, -10.70687
1.4939818, -15.74427, -1.0726024
-2.4612393, -10.888829, 2.183512
-4.6160207, -7.1730285, 6.3302693
-16.998833, 7.383718, 8.350976
-19.086576, 18.981232, 14.671668
-8.590396, 18.981232, 19.709068
-1.9057846, 18.962078, 19.670761
-2.2505496, 17.286137, 19.709068
-1.4652514, 4.1276035, 17.985243
0.78529817, -5.2863975, 9.758766
3.1603463, -7.52737, 5.2959743
2.432509, -12.133814, 1.3311762
7.07726, -20.235792, -7.479486
16.376339, -20.235792, -11.990162
5.9567738, -18.875887, -6.1387334
-4.3957543, -13.321339, -1.340753
-6.0525417, -6.933608, -1.8387469
-12.354081, 5.66947, 7.824251
-19.086576, 18.981232, 19.709068
-19.057846, 18.981232, 19.709068
-11.492168, 18.942924, 19.689915
-1.1204864, 14.566323, 19.383457
-1.8866309, 3.2082303, 11.530476
0.0, -2.3175871, 6.8569937
4.146757, -6.0525417, 6.7803793
6.349423, -15.093047, 3.3997664
12.411542, -20.235792, -4.5298295
14.298173, -19.862297, -7.469909
2.633622, -15.887922, -5.7269306
-4.759673, -9.615114, -4.0414124
-6.847417, -4.3766007, -1.0055647
-13.464991, 12.890382, 15.792154
-19.086576, 18.981232, 19.709068
-12.564771, 18.89504, 19.622877
-3.6104562, 18.952501, 19.258959
-4.0222588, 12.737153, 11.693281
0.5554548, 2.920926, 5.66947
5.305551, -2.3750482, 4.7500963
7.192182, -4.8841715, 5.9280434
5.631162, -7.6710224, 2.5761611
5.45878, -12.411542, -5.5737014
8.791509, -15.485697, -8.178593
11.473015, -15.188815, -2.777274
6.0142345, -12.966996, -0.22026655
0.8619126, -9.107543, 1.7525556
-2.030283, -3.7828386, 7.1634517
-12.459426, 10.400413, 16.021997
-19.086576, 18.981232, 19.709068
-9.011775, 18.952501, 19.709068
1.340753, 18.971655, 19.709068
-1.4652514, 15.887922, 18.454506
-2.585738, 6.1866174, 9.844957
0.06703765, 0.4309563, 7.4507556
2.7485435, -3.3518825, 9.270349
2.1739352, -8.178593, 4.4436383
6.6367273, -15.08347, -0.45010993
14.633361, -20.03468, -2.030283
15.131354, -17.104177, -4.4915223
6.2632318, -12.583924, -2.2601264
0.7182605, -9.021352, -0.20111294
-2.528277, -6.4164605, 1.9536686
-10.036493, 4.865018, 9.279925
-19.086576, 18.981232, 19.709068
-15.533581, 18.942924, 18.741812
-8.887277, 17.927782, 13.091495
-3.8019924, 5.5162406, 10.860099
2.078167, -4.367024, 9.126697
4.817134, -8.829816, 8.063671
6.301539, -15.495274, 6.1100025
11.789049, -20.235792, -6.6654577
16.108189, -20.159178, -14.135366
7.1826053, -16.472107, -4.10845
2.030283, -10.783484, 1.5514427
-0.34476504, -8.101978, 4.012682
-11.15698, 2.7102363, 10.754754

