x : y : Z 
3.3662415, -9.2643585, 0.60572815
3.3889923, -9.271545, 0.62368774
3.4033508, -9.289505, 0.6428375
3.4249115, -9.323029, 0.6476288
3.4057465, -9.302673, 0.64523315
3.3722382, -9.271545, 0.6655884
3.3542786, -9.277527, 0.6895294
3.3830109, -9.290695, 0.6859436
3.3578644, -9.273941, 0.6464386
3.3614655, -9.276337, 0.6356659
3.3806152, -9.290695, 0.6751709
3.367447, -9.272736, 0.6188965
3.3722382, -9.287109, 0.59495544
3.3339233, -9.290695, 0.5913696
3.2980194, -9.275131, 0.58418274
3.2836456, -9.282318, 0.55426025
3.284851, -9.300278, 0.4980011
3.3171692, -9.285904, 0.47883606
3.3303375, -9.285904, 0.43933105
3.2932281, -9.315842, 0.4513092
3.265686, -9.30986, 0.42855835
3.221405, -9.306259, 0.41059875
3.2381592, -9.278732, 0.42018127
3.1986542, -9.283524, 0.41778564
3.1280212, -9.315842, 0.44891357
3.157959, -9.3302, 0.40342712
3.190277, -9.363724, 0.32920837
3.205841, -9.340973, 0.31243896
3.1519623, -9.340973, 0.27893066
3.099289, -9.340973, 0.26576233
3.1244354, -9.312241, 0.23942566
3.071762, -9.297882, 0.23223877
3.0729523, -9.307465, 0.22026062
3.0957031, -9.291901, 0.21427917
3.094513, -9.295486, 0.19033813
3.142395, -9.314636, 0.22744751
3.1639404, -9.300278, 0.22625732
3.190277, -9.32901, 0.1879425
3.1304169, -9.342178, 0.23342896
3.1160583, -9.321823, 0.24780273
3.1711273, -9.337387, 0.25857544
3.2776642, -9.356537, 0.29447937
3.336319, -9.32901, 0.29328918
3.384201, -9.31105, 0.24780273
3.3949738, -9.281128, 0.2753296
3.4296875, -9.25, 0.26934814
3.4452515, -9.20929, 0.29089355
3.447647, -9.197327, 0.31723022
3.446457, -9.205704, 0.33039856
3.5110931, -9.18895, 0.36032104
3.5278625, -9.199722, 0.33638
3.5541992, -9.234436, 0.33638
3.5230713, -9.253586, 0.33758545
3.533844, -9.299072, 0.3435669
3.5685577, -9.315842, 0.3543396
3.541031, -9.3194275, 0.35554504
3.5398254, -9.301468, 0.37348938
3.5003204, -9.291901, 0.37828064
3.470398, -9.285904, 0.38426208
3.4775848, -9.233246, 0.3818817
3.487152, -9.252396, 0.38067627
3.4273071, -9.208099, 0.40940857
3.3806152, -9.242813, 0.39144897
3.3626556, -9.241623, 0.43215942
3.3470917, -9.25, 0.5015869
3.2788544, -9.2643585, 0.51594543
3.2716827, -9.261963, 0.51594543
3.2776642, -9.299072, 0.5027771
3.257309, -9.339783, 0.51116943
3.2956238, -9.368515, 0.48841858
3.2908325, -9.410416, 0.4920044
3.284851, -9.384079, 0.50756836
3.272873, -9.338577, 0.5279236
3.2237854, -9.315842, 0.58299255
3.1998444, -9.283524, 0.58299255
3.1986542, -9.239227, 0.57699585
3.205841, -9.271545, 0.62249756
3.1795044, -9.254791, 0.60453796
3.205841, -9.289505, 0.5877838
3.1699219, -9.293091, 0.5925598
3.1615448, -9.282318, 0.5961609
3.2130127, -9.313446, 0.58657837
3.2405548, -9.313446, 0.5710144
3.217804, -9.323029, 0.54467773
3.2225952, -9.354141, 0.53749084
3.2465363, -9.338577, 0.53271484
3.2142181, -9.308655, 0.48483276
3.2549133, -9.331406, 0.49919128
3.2944183, -9.305069, 0.51475525
3.3195648, -9.336197, 0.4980011
3.3530731, -9.305069, 0.4812317
3.3387146, -9.303864, 0.5135498
3.312378, -9.283524, 0.45370483
3.2764587, -9.257187, 0.4010315
3.288437, -9.281128, 0.39144897
3.3578644, -9.285904, 0.40821838
3.3734283, -9.314636, 0.3902588
3.3854065, -9.333801, 0.3531494
3.4021606, -9.314636, 0.31604004
3.3770142, -9.281128, 0.3040619
3.3614655, -9.2799225, 0.36271667
3.327942, -9.246414, 0.36750793
3.296814, -9.23085, 0.41419983
3.3219604, -9.236832, 0.40222168
3.3530731, -9.206909, 0.39982605
3.3806152, -9.260773, 0.3615265
3.391388, -9.313446, 0.2753296
3.4428558, -9.296692, 0.2956848
3.4273071, -9.344574, 0.26576233
3.415329, -9.345764, 0.23703003
3.3985748, -9.296692, 0.29089355
3.3830109, -9.275131, 0.3076477
3.3530731, -9.245209, 0.2813263
3.3614655, -9.235626, 0.25857544
3.3889923, -9.23204, 0.3148346
3.4045563, -9.275131, 0.28251648
3.3937836, -9.2595825, 0.31843567
3.4093475, -9.2883, 0.35794067
3.4356842, -9.2799225, 0.37709045
3.4141388, -9.272736, 0.37469482
3.3961792, -9.281128, 0.37828064
3.351883, -9.258377, 0.37348938
3.348297, -9.247604, 0.39265442
3.313568, -9.254791, 0.38546753
3.3327332, -9.277527, 0.41059875
3.3255463, -9.287109, 0.43095398
3.3351288, -9.317032, 0.42497253
3.3027954, -9.315842, 0.42736816
3.324356, -9.3194275, 0.43574524
3.3231506, -9.350555, 0.45968628
3.257309, -9.355347, 0.42616272
3.248932, -9.313446, 0.43095398
3.2190094, -9.273941, 0.45489502
3.1842957, -9.25, 0.47166443
3.154358, -9.2404175, 0.44293213
3.1699219, -9.241623, 0.4237671
3.1998444, -9.26915, 0.44293213
3.1854858, -9.293091, 0.46087646
3.1747131, -9.314636, 0.48243713
3.1795044, -9.320633, 0.45610046
3.150772, -9.339783, 0.4632721
3.1256256, -9.373306, 0.48841858
3.1352081, -9.376892, 0.5063782
3.1411896, -9.362518, 0.5303192
3.142395, -9.350555, 0.5506592
3.150772, -9.361328, 0.549469
3.162735, -9.332596, 0.5626373
3.1483765, -9.294296, 0.5566559
3.142395, -9.26796, 0.5805969
3.1447906, -9.306259, 0.5901642
3.157959, -9.266754, 0.60095215
3.1699219, -9.290695, 0.5602417
3.1986542, -9.291901, 0.52911377
3.2249908, -9.282318, 0.52911377
3.2357635, -9.327805, 0.5279236
3.2716827, -9.337387, 0.5279236
3.284851, -9.32901, 0.4920044
3.329132, -9.338577, 0.48602295
3.2824554, -9.344574, 0.42736816
3.2992096, -9.355347, 0.42497253
3.3075867, -9.351746, 0.3818817
3.3075867, -9.31105, 0.40582275
3.2549133, -9.291901, 0.36032104
3.2632904, -9.281128, 0.38426208
3.2872314, -9.265564, 0.34835815
3.296814, -9.257187, 0.31604004
3.3016052, -9.275131, 0.33518982
3.2716827, -9.2883, 0.31962585
3.324356, -9.261963, 0.29808044
3.3411102, -9.275131, 0.36631775
3.3231506, -9.302673, 0.3327942
3.3003998, -9.32901, 0.30047607
3.3147736, -9.291901, 0.30645752
3.3159637, -9.307465, 0.3435669
3.3063965, -9.30986, 0.32081604
3.313568, -9.318237, 0.35794067
3.2956238, -9.306259, 0.34954834
3.2956238, -9.300278, 0.34477234
3.250122, -9.273941, 0.33998108
3.2561188, -9.290695, 0.31243896
3.28125, -9.300278, 0.3136444
3.2908325, -9.293091, 0.292099
3.2381592, -9.26796, 0.3028717
3.2632904, -9.2643585, 0.3040619
3.2513275, -9.293091, 0.32681274
3.217804, -9.315842, 0.30885315
3.2513275, -9.327805, 0.32081604
3.248932, -9.321823, 0.27772522
3.2621002, -9.344574, 0.26097107
3.3387146, -9.356537, 0.2238617
3.2836456, -9.354141, 0.20829773
3.288437, -9.320633, 0.23342896
3.2680817, -9.321823, 0.2238617
3.2752686, -9.307465, 0.21188354
3.2716827, -9.285904, 0.25019836
3.3530731, -9.261963, 0.29328918
3.4201202, -9.285904, 0.31004333
3.4141388, -9.275131, 0.3244171
3.4021606, -9.287109, 0.331604
3.4105377, -9.285904, 0.39624023
3.4189148, -9.2799225, 0.43215942
3.4536285, -9.299072, 0.4046173
3.4967346, -9.2643585, 0.40821838
3.5015259, -9.255981, 0.40701294
3.5063019, -9.271545, 0.37348938
3.4979248, -9.270355, 0.4189911
3.4584198, -9.248795, 0.41778564
3.454834, -9.273941, 0.41659546
3.4440613, -9.2799225, 0.42736816
3.4380798, -9.282318, 0.40701294
3.4500427, -9.287109, 0.45729065
3.4428558, -9.308655, 0.4297638
3.4284973, -9.318237, 0.41059875
3.3901825, -9.314636, 0.41659546
3.3411102, -9.299072, 0.40222168
3.351883, -9.314636, 0.40940857
3.3530731, -9.301468, 0.39144897
3.3267365, -9.302673, 0.34596252
3.3195648, -9.325409, 0.31843567
3.3159637, -9.308655, 0.30166626
3.3267365, -9.306259, 0.3136444
3.2824554, -9.349365, 0.27893066
3.2537231, -9.355347, 0.23822021
3.2369537, -9.342178, 0.24301147
3.2225952, -9.314636, 0.25857544
3.2034454, -9.302673, 0.23942566
3.1890717, -9.303864, 0.23223877
3.2094269, -9.301468, 0.23942566
3.2130127, -9.327805, 0.22146606
3.2046356, -9.34816, 0.26097107
3.186676, -9.356537, 0.25976562
3.190277, -9.34816, 0.21188354
3.162735, -9.34697, 0.2059021
3.1447906, -9.3589325, 0.24182129
3.1747131, -9.382874, 0.27893066
3.1591492, -9.379288, 0.2166748
3.1363983, -9.355347, 0.2849121
3.142395, -9.375687, 0.27053833
3.1292267, -9.32901, 0.29927063
3.0933075, -9.323029, 0.3076477
3.111267, -9.327805, 0.292099
3.1124573, -9.303864, 0.2813263
3.0968933, -9.337387, 0.3244171
3.071762, -9.317032, 0.34954834
3.0980988, -9.343369, 0.38905334
3.094513, -9.3302, 0.3543396
3.1076813, -9.345764, 0.34954834
3.1292267, -9.352951, 0.37348938
3.111267, -9.364914, 0.36271667
3.1292267, -9.342178, 0.41778564
3.147171, -9.379288, 0.4225769
3.1376038, -9.339783, 0.3938446
3.1340027, -9.349365, 0.42018127
3.1304169, -9.366119, 0.45370483
3.1483765, -9.333801, 0.45729065
3.1280212, -9.307465, 0.4620819
3.1363983, -9.320633, 0.48841858
3.1830902, -9.307465, 0.49919128
3.1483765, -9.300278, 0.4908142
3.1376038, -9.305069, 0.5027771
3.1651306, -9.297882, 0.51594543
3.1854858, -9.326614, 0.5207367
3.1711273, -9.340973, 0.533905
3.20224, -9.327805, 0.51116943
3.2154083, -9.355347, 0.5135498
3.197464, -9.349365, 0.5482788
3.1962585, -9.323029, 0.5171509
3.1735077, -9.3194275, 0.5698242
3.1842957, -9.3302, 0.5051727
3.1735077, -9.31105, 0.4920044
3.1998444, -9.307465, 0.5530548
3.2225952, -9.308655, 0.5171509
3.2190094, -9.303864, 0.5458832
3.2094269, -9.300278, 0.52552795
3.2381592, -9.301468, 0.51475525
3.2477417, -9.321823, 0.48841858
3.2644958, -9.336197, 0.48721313
3.2788544, -9.34816, 0.47525024
3.2860413, -9.326614, 0.46447754
3.2824554, -9.3302, 0.45370483
3.26091, -9.3194275, 0.41419983
3.2752686, -9.301468, 0.4297638
3.2585144, -9.31105, 0.4237671
3.2237854, -9.296692, 0.3818817
3.2309723, -9.317032, 0.3902588
3.2549133, -9.290695, 0.37469482
3.2716827, -9.326614, 0.35673523
3.2632904, -9.313446, 0.33518982
3.2800598, -9.324219, 0.33518982
3.3219604, -9.331406, 0.31843567
3.2752686, -9.300278, 0.29328918
3.2764587, -9.327805, 0.2561798
3.288437, -9.321823, 0.26934814
3.312378, -9.293091, 0.22984314
3.348297, -9.320633, 0.21308899
3.3470917, -9.307465, 0.21548462
3.3267365, -9.257187, 0.14006042
3.3554688, -9.278732, 0.12928772
3.3423004, -9.287109, 0.1951294
3.3423004, -9.301468, 0.15203857
3.3614655, -9.284714, 0.16520691
3.3722382, -9.276337, 0.14964294
3.4057465, -9.26796, 0.12928772
3.4428558, -9.307465, 0.15802002
3.4165192, -9.291901, 0.13287354
3.3854065, -9.291901, 0.17118835
3.3626556, -9.295486, 0.19033813
3.3782196, -9.291901, 0.19631958
3.3878021, -9.278732, 0.2166748
3.406952, -9.289505, 0.18075562
3.4380798, -9.291901, 0.2059021
3.4320831, -9.277527, 0.19752502
3.4057465, -9.305069, 0.25138855
3.3614655, -9.287109, 0.22625732
3.3746338, -9.277527, 0.28012085
3.3854065, -9.281128, 0.28370667
3.3554688, -9.281128, 0.31243896
3.3662415, -9.302673, 0.31604004
3.3985748, -9.300278, 0.34477234
3.3901825, -9.287109, 0.3818817
3.3818054, -9.282318, 0.38067627
3.3470917, -9.305069, 0.38905334
3.3530731, -9.313446, 0.38786316
3.3590698, -9.284714, 0.42616272
3.3554688, -9.297882, 0.44651794
3.3375244, -9.2799225, 0.4692688
3.3315277, -9.31105, 0.46087646
3.320755, -9.338577, 0.48483276
3.3327332, -9.295486, 0.4812317
3.3267365, -9.278732, 0.5398865
3.336319, -9.271545, 0.53630066
3.312378, -9.318237, 0.5171509
3.3075867, -9.283524, 0.5710144
3.3016052, -9.26796, 0.5626373
3.3016052, -9.302673, 0.5482788
3.2920227, -9.287109, 0.55545044
3.2956238, -9.294296, 0.5877838
3.305191, -9.307465, 0.57580566
3.312378, -9.30986, 0.6081238
3.2920227, -9.323029, 0.60572815
3.2525177, -9.302673, 0.57221985
3.250122, -9.321823, 0.62249756
3.288437, -9.31105, 0.6356659
3.2716827, -9.295486, 0.61531067
3.2716827, -9.282318, 0.61172485
3.2429504, -9.282318, 0.6201019
3.2225952, -9.305069, 0.63327026
3.2632904, -9.299072, 0.6105194
3.2381592, -9.302673, 0.5997467
3.205841, -9.317032, 0.63087463
3.2345734, -9.303864, 0.61531067
3.2154083, -9.312241, 0.62727356
3.2273865, -9.338577, 0.5973511
3.1950684, -9.294296, 0.6476288
3.1795044, -9.289505, 0.6392517
3.1819, -9.317032, 0.5985565
3.1950684, -9.291901, 0.5901642
3.205841, -9.323029, 0.59495544
3.1950684, -9.331406, 0.5279236
3.1914673, -9.317032, 0.52194214
3.20224, -9.334991, 0.533905
3.1950684, -9.317032, 0.51116943
3.1711273, -9.321823, 0.49679565
3.1890717, -9.300278, 0.46687317
3.229782, -9.294296, 0.43215942
3.221405, -9.2799225, 0.4010315
3.2082367, -9.313446, 0.41419983
3.2357635, -9.291901, 0.35554504
3.2381592, -9.303864, 0.36032104
3.2668915, -9.3194275, 0.32920837
3.269287, -9.314636, 0.33398438
3.2345734, -9.295486, 0.292099
3.2369537, -9.315842, 0.3040619
3.257309, -9.32901, 0.2741394
3.2752686, -9.295486, 0.25138855
3.2597046, -9.2883, 0.23703003
3.2704773, -9.289505, 0.21188354
3.2740784, -9.273941, 0.23703003
3.2932281, -9.26915, 0.16041565
3.2944183, -9.283524, 0.15681458
3.2956238, -9.26796, 0.15681458
3.288437, -9.272736, 0.14724731
3.3303375, -9.294296, 0.16520691
3.327942, -9.302673, 0.10295105
3.312378, -9.299072, 0.11253357
3.3231506, -9.293091, 0.101760864
3.3027954, -9.300278, 0.0909729
3.336319, -9.296692, 0.10055542
3.2932281, -9.301468, 0.13407898
3.312378, -9.285904, 0.16281128
3.3530731, -9.303864, 0.099365234
3.3411102, -9.285904, 0.077804565
3.348297, -9.290695, 0.14604187
3.3530731, -9.261963, 0.13887024
3.312378, -9.258377, 0.120910645
3.2860413, -9.275131, 0.17837524
3.313568, -9.272736, 0.18196106
3.3171692, -9.260773, 0.20469666
3.312378, -9.305069, 0.23822021
3.3219604, -9.31105, 0.26216125
3.3339233, -9.276337, 0.25378418
3.3255463, -9.282318, 0.26934814
3.308792, -9.303864, 0.27293396
3.3040009, -9.343369, 0.30047607
3.3435059, -9.30986, 0.31124878
3.3183594, -9.3194275, 0.3136444
3.320755, -9.323029, 0.33877563
3.3003998, -9.289505, 0.32081604
3.2980194, -9.26796, 0.33998108
3.2992096, -9.276337, 0.37469482
3.272873, -9.277527, 0.39624023
3.308792, -9.257187, 0.3902588
3.3147736, -9.252396, 0.39743042
3.3016052, -9.263168, 0.3866577
3.296814, -9.296692, 0.40342712
3.3399048, -9.323029, 0.44172668
3.2944183, -9.318237, 0.40342712
3.313568, -9.307465, 0.40342712
3.305191, -9.307465, 0.42855835
3.3638458, -9.307465, 0.44532776
3.3195648, -9.342178, 0.47525024
3.308792, -9.3302, 0.40342712
3.329132, -9.327805, 0.41059875
3.296814, -9.305069, 0.41539
3.2788544, -9.290695, 0.4908142
3.2680817, -9.281128, 0.45370483
3.288437, -9.26796, 0.4584961
3.2668915, -9.265564, 0.46566772
3.2824554, -9.238022, 0.44651794
3.2824554, -9.25, 0.47166443
3.272873, -9.252396, 0.4441223
3.2920227, -9.270355, 0.4692688
3.329132, -9.281128, 0.4441223
3.324356, -9.270355, 0.42855835
3.3339233, -9.294296, 0.43095398
3.3375244, -9.302673, 0.45610046
3.3327332, -9.291901, 0.4046173
3.329132, -9.336197, 0.44293213
3.3542786, -9.3302, 0.4225769
3.3722382, -9.326614, 0.40940857
3.3782196, -9.344574, 0.40821838
3.3219604, -9.308655, 0.40701294
3.3219604, -9.30986, 0.3615265
3.3267365, -9.271545, 0.4118042
3.3255463, -9.294296, 0.39505005
3.3411102, -9.26915, 0.34596252
3.3063965, -9.276337, 0.3615265
3.3027954, -9.294296, 0.3651123
3.3411102, -9.275131, 0.39505005
3.3506927, -9.257187, 0.36032104
3.3040009, -9.255981, 0.32081604
3.3003998, -9.276337, 0.30645752
3.324356, -9.2643585, 0.29927063
3.3255463, -9.2799225, 0.29447937
3.3578644, -9.275131, 0.30645752
3.3889923, -9.317032, 0.29927063
3.3435059, -9.313446, 0.296875
3.3327332, -9.31105, 0.3028717
3.3339233, -9.334991, 0.31604004
3.3219604, -9.338577, 0.25857544
3.3255463, -9.312241, 0.25019836
3.3075867, -9.308655, 0.27653503
3.28125, -9.314636, 0.24420166
3.2716827, -9.3194275, 0.3028717
3.2632904, -9.3194275, 0.27893066
3.2752686, -9.306259, 0.28370667
3.289627, -9.2883, 0.27653503
3.2644958, -9.326614, 0.2633667
3.2668915, -9.293091, 0.2633667
3.26091, -9.324219, 0.23223877
3.257309, -9.336197, 0.2753296
3.250122, -9.315842, 0.26097107
3.233368, -9.303864, 0.24301147
3.2321777, -9.3302, 0.25976562
3.245346, -9.343369, 0.27653503
3.26091, -9.320633, 0.25138855
3.2632904, -9.332596, 0.24420166
3.241745, -9.312241, 0.29089355
3.217804, -9.317032, 0.28970337
3.2118225, -9.312241, 0.29808044
3.2237854, -9.299072, 0.32321167
3.2201996, -9.302673, 0.30047607
3.1962585, -9.320633, 0.29927063
3.2130127, -9.297882, 0.28370667
3.226181, -9.301468, 0.26934814
3.2321777, -9.307465, 0.30166626
3.2321777, -9.318237, 0.27293396
3.2285767, -9.312241, 0.29808044
3.221405, -9.338577, 0.2956848
3.2142181, -9.332596, 0.33518982
3.2201996, -9.32901, 0.31243896
3.2369537, -9.336197, 0.31962585
3.226181, -9.326614, 0.2956848
3.2321777, -9.350555, 0.3076477
3.2441406, -9.30986, 0.31004333
3.2345734, -9.337387, 0.28970337
3.2369537, -9.314636, 0.25737
3.233368, -9.293091, 0.29808044
3.250122, -9.3302, 0.2956848
3.2309723, -9.31105, 0.32202148
3.2537231, -9.2883, 0.32920837
3.2597046, -9.275131, 0.3148346
3.2944183, -9.276337, 0.29328918
3.2752686, -9.26796, 0.30885315
3.2621002, -9.30986, 0.27293396
3.2632904, -9.327805, 0.29328918
3.313568, -9.300278, 0.3076477
3.296814, -9.283524, 0.29927063
3.320755, -9.287109, 0.28012085
3.3159637, -9.294296, 0.32321167
3.289627, -9.302673, 0.30166626
3.2836456, -9.277527, 0.27174377
3.2752686, -9.289505, 0.27653503
3.2956238, -9.321823, 0.296875
3.329132, -9.294296, 0.28849792
3.3063965, -9.294296, 0.28970337
3.324356, -9.300278, 0.296875
3.3159637, -9.307465, 0.2669525
3.3063965, -9.299072, 0.25737
3.2860413, -9.312241, 0.25976562
3.3099823, -9.306259, 0.25976562
3.3375244, -9.300278, 0.2561798
3.3147736, -9.284714, 0.28012085
3.3147736, -9.281128, 0.28849792
3.3003998, -9.320633, 0.22265625
3.3099823, -9.318237, 0.25737
3.3040009, -9.2883, 0.2813263
3.2716827, -9.30986, 0.2813263
3.2920227, -9.294296, 0.23342896
3.2920227, -9.297882, 0.26576233
3.2704773, -9.340973, 0.27293396
3.2824554, -9.305069, 0.26934814
3.2836456, -9.333801, 0.296875
3.2704773, -9.308655, 0.26216125
3.250122, -9.318237, 0.26097107
3.2166138, -9.31105, 0.2861023
3.2525177, -9.325409, 0.292099
3.2369537, -9.302673, 0.28730774
3.226181, -9.296692, 0.2861023
3.2309723, -9.318237, 0.2813263
3.221405, -9.295486, 0.29089355
3.221405, -9.283524, 0.25737
3.2369537, -9.339783, 0.2956848
3.2201996, -9.317032, 0.26455688
3.217804, -9.312241, 0.29808044
3.2010498, -9.339783, 0.2861023
3.1986542, -9.349365, 0.25019836
3.2249908, -9.308655, 0.2753296
3.2357635, -9.31105, 0.30645752
3.2225952, -9.323029, 0.2956848
3.2118225, -9.336197, 0.30166626
3.2034454, -9.318237, 0.331604
3.2321777, -9.339783, 0.32321167
3.20224, -9.340973, 0.30885315
3.2082367, -9.323029, 0.30645752
3.1962585, -9.326614, 0.30885315
3.217804, -9.325409, 0.33758545
3.221405, -9.314636, 0.34477234
3.210617, -9.291901, 0.35554504
3.229782, -9.302673, 0.33039856
3.2237854, -9.297882, 0.3244171
3.2381592, -9.299072, 0.3471527
3.2321777, -9.295486, 0.33758545
3.2225952, -9.294296, 0.35194397
3.2668915, -9.302673, 0.3531494
3.2764587, -9.2883, 0.35554504
3.2836456, -9.312241, 0.38546753
3.2908325, -9.323029, 0.37348938
3.284851, -9.301468, 0.39982605
3.289627, -9.2799225, 0.35194397
3.284851, -9.282318, 0.33638
3.2752686, -9.275131, 0.3435669
3.2932281, -9.2799225, 0.32920837
3.305191, -9.302673, 0.38905334
3.3040009, -9.299072, 0.3615265
3.3075867, -9.302673, 0.375885
3.3195648, -9.295486, 0.36032104
3.3147736, -9.321823, 0.35075378
3.320755, -9.318237, 0.35075378
3.3339233, -9.317032, 0.35913086
3.3411102, -9.31105, 0.31723022
3.305191, -9.297882, 0.33758545
3.3339233, -9.289505, 0.3327942
3.3614655, -9.278732, 0.32800293
3.3027954, -9.281128, 0.33877563
3.2776642, -9.281128, 0.31723022
3.3099823, -9.294296, 0.32321167
3.3159637, -9.284714, 0.32800293
3.344696, -9.30986, 0.3244171
3.336319, -9.31105, 0.31004333
3.3327332, -9.294296, 0.31723022
3.3375244, -9.282318, 0.32202148
3.312378, -9.308655, 0.331604
3.324356, -9.308655, 0.28370667
3.344696, -9.31105, 0.3028717
3.320755, -9.30986, 0.3028717
3.305191, -9.270355, 0.3256073
3.3075867, -9.290695, 0.29808044
3.305191, -9.266754, 0.28730774
3.3040009, -9.26796, 0.27653503
3.2908325, -9.2883, 0.30047607
3.26091, -9.284714, 0.2561798
3.288437, -9.271545, 0.2454071
3.296814, -9.275131, 0.26934814
3.289627, -9.285904, 0.25378418
3.284851, -9.320633, 0.27772522
3.3099823, -9.3194275, 0.2753296
3.2944183, -9.290695, 0.20709229
3.272873, -9.289505, 0.23582458
3.3111877, -9.315842, 0.23103333
3.288437, -9.305069, 0.26576233
3.233368, -9.30986, 0.23582458
3.2405548, -9.295486, 0.23103333
3.2764587, -9.290695, 0.21308899
3.2369537, -9.284714, 0.21188354
3.2357635, -9.324219, 0.19154358
3.265686, -9.318237, 0.19033813
3.265686, -9.301468, 0.21786499
3.2225952, -9.352951, 0.17837524
3.2010498, -9.334991, 0.18196106
3.2046356, -9.306259, 0.23703003
3.1830902, -9.342178, 0.24780273
3.1723175, -9.352951, 0.18315125
3.1842957, -9.356537, 0.18554688
3.1555634, -9.345764, 0.22865295
3.1459808, -9.340973, 0.22505188
3.1519623, -9.366119, 0.22026062
3.1567535, -9.336197, 0.17477417
3.1172485, -9.331406, 0.20469666
3.1172485, -9.337387, 0.21786499
3.0968933, -9.3194275, 0.20948792
3.1160583, -9.332596, 0.18914795
3.1244354, -9.318237, 0.22744751
3.1244354, -9.299072, 0.20829773
3.094513, -9.293091, 0.23942566
3.1447906, -9.325409, 0.26576233
3.1483765, -9.340973, 0.2813263
3.126831, -9.337387, 0.28730774
3.1759033, -9.31105, 0.30047607
3.1986542, -9.325409, 0.26815796
3.2309723, -9.306259, 0.2861023
3.1830902, -9.345764, 0.31243896
3.2345734, -9.305069, 0.30885315
3.2357635, -9.2799225, 0.3028717
3.2525177, -9.324219, 0.34954834
3.2932281, -9.300278, 0.35913086
3.3315277, -9.308655, 0.36271667
3.3003998, -9.284714, 0.3866577
3.3219604, -9.272736, 0.39743042
3.3255463, -9.277527, 0.34596252
3.3746338, -9.308655, 0.36631775
3.320755, -9.305069, 0.39743042
3.3662415, -9.30986, 0.36631775
3.3470917, -9.324219, 0.331604
3.3339233, -9.297882, 0.3040619
3.3267365, -9.260773, 0.32321167
3.3183594, -9.2883, 0.33638
3.3339233, -9.273941, 0.36032104
3.3075867, -9.287109, 0.33398438
3.3159637, -9.314636, 0.3076477
3.2920227, -9.340973, 0.29808044
3.3003998, -9.331406, 0.28730774
3.28125, -9.314636, 0.29927063
3.3183594, -9.291901, 0.28370667
3.296814, -9.313446, 0.27893066
3.2537231, -9.327805, 0.25498962
3.2788544, -9.327805, 0.24659729
3.2585144, -9.312241, 0.27772522
3.226181, -9.318237, 0.23942566
3.2345734, -9.339783, 0.24899292
3.2190094, -9.306259, 0.24420166
3.210617, -9.312241, 0.22505188
3.190277, -9.277527, 0.23703003
3.1854858, -9.273941, 0.27293396
3.2249908, -9.297882, 0.23822021
3.2285767, -9.321823, 0.2166748
3.2201996, -9.3194275, 0.21548462
3.2357635, -9.307465, 0.22865295
3.1926727, -9.3302, 0.25737
3.2249908, -9.32901, 0.22265625
3.2561188, -9.327805, 0.252594
3.2513275, -9.305069, 0.24899292
3.2477417, -9.320633, 0.28370667
3.272873, -9.313446, 0.26576233
3.265686, -9.295486, 0.2633667
3.265686, -9.315842, 0.24301147
3.2561188, -9.314636, 0.28251648
3.2632904, -9.291901, 0.2741394
3.26091, -9.30986, 0.28370667
3.2285767, -9.295486, 0.28970337
3.2118225, -9.317032, 0.2741394
3.233368, -9.305069, 0.3040619
3.2585144, -9.318237, 0.2669525
3.2273865, -9.317032, 0.30645752
3.2273865, -9.30986, 0.29927063
3.2249908, -9.313446, 0.30047607
3.226181, -9.301468, 0.296875
3.2393494, -9.350555, 0.3136444
3.2381592, -9.305069, 0.35554504
3.2357635, -9.327805, 0.3543396
3.2273865, -9.30986, 0.35075378
3.221405, -9.299072, 0.35554504
3.217804, -9.325409, 0.3818817
3.241745, -9.338577, 0.33758545
3.2237854, -9.331406, 0.37348938
3.2357635, -9.324219, 0.35913086
3.2201996, -9.323029, 0.36271667
3.2429504, -9.303864, 0.3818817
3.226181, -9.299072, 0.3830719
3.2477417, -9.30986, 0.4118042
3.2549133, -9.2883, 0.375885
3.265686, -9.30986, 0.37109375
3.233368, -9.34697, 0.3543396
3.2561188, -9.327805, 0.37348938
3.2920227, -9.315842, 0.3435669
3.272873, -9.318237, 0.34835815
3.2824554, -9.312241, 0.36750793
3.2429504, -9.324219, 0.3531494
3.2585144, -9.3302, 0.38067627
3.2836456, -9.320633, 0.32681274
3.2752686, -9.326614, 0.35194397
3.2752686, -9.294296, 0.3435669
3.2525177, -9.296692, 0.31843567
3.26091, -9.31105, 0.3327942
3.2644958, -9.312241, 0.31962585
3.3016052, -9.305069, 0.35913086
3.2513275, -9.306259, 0.35554504
3.2668915, -9.323029, 0.32920837
3.2788544, -9.343369, 0.32800293
3.2992096, -9.307465, 0.31004333
3.265686, -9.305069, 0.3028717
3.2537231, -9.291901, 0.29447937
3.2824554, -9.2883, 0.32081604
3.2704773, -9.282318, 0.331604
3.3147736, -9.289505, 0.31962585
3.3267365, -9.306259, 0.2861023
3.2920227, -9.337387, 0.26576233
3.3075867, -9.324219, 0.2753296
3.305191, -9.3194275, 0.27772522
3.272873, -9.337387, 0.27053833
3.2537231, -9.312241, 0.2861023
3.2632904, -9.301468, 0.30047607
3.241745, -9.300278, 0.25857544
3.2513275, -9.333801, 0.26097107
3.2381592, -9.326614, 0.28012085
3.2788544, -9.32901, 0.296875
3.2537231, -9.342178, 0.30526733
3.2800598, -9.34697, 0.27053833
3.257309, -9.32901, 0.2454071
3.2357635, -9.3194275, 0.24659729
3.2321777, -9.3589325, 0.2454071
3.2070312, -9.340973, 0.25857544
3.229782, -9.281128, 0.2669525
3.233368, -9.320633, 0.2741394
3.2237854, -9.306259, 0.23703003
3.2094269, -9.305069, 0.21427917
3.1591492, -9.30986, 0.252594
3.1986542, -9.312241, 0.26455688
3.2154083, -9.336197, 0.25976562
3.20224, -9.295486, 0.25498962
3.2070312, -9.313446, 0.27772522
3.2201996, -9.351746, 0.2669525
3.210617, -9.336197, 0.28370667
3.2201996, -9.314636, 0.3148346
3.221405, -9.326614, 0.25138855
3.2166138, -9.345764, 0.31723022
3.2345734, -9.3194275, 0.30885315
3.2190094, -9.313446, 0.31004333
3.2477417, -9.297882, 0.31962585
3.229782, -9.294296, 0.3148346
3.241745, -9.317032, 0.32681274
3.2094269, -9.34816, 0.3244171
3.2225952, -9.306259, 0.331604
3.245346, -9.312241, 0.31004333
3.2381592, -9.327805, 0.32681274
3.245346, -9.302673, 0.31604004
3.2824554, -9.30986, 0.31004333
3.2561188, -9.323029, 0.32321167
3.2549133, -9.300278, 0.3327942
3.2549133, -9.320633, 0.35794067
3.257309, -9.339783, 0.36032104
3.2800598, -9.349365, 0.3435669
3.2668915, -9.325409, 0.3136444
3.2549133, -9.293091, 0.31124878
3.2680817, -9.296692, 0.29927063
3.3075867, -9.270355, 0.3244171
3.2525177, -9.295486, 0.29089355
3.2860413, -9.30986, 0.27653503
3.2716827, -9.282318, 0.33638
3.3183594, -9.2799225, 0.33877563
3.308792, -9.289505, 0.3028717
3.2824554, -9.295486, 0.31723022
3.2752686, -9.287109, 0.33039856
3.313568, -9.2883, 0.30645752
3.2836456, -9.300278, 0.30645752
3.28125, -9.293091, 0.2669525
3.3027954, -9.2883, 0.28012085
3.313568, -9.295486, 0.23942566
3.308792, -9.315842, 0.27293396
3.2788544, -9.318237, 0.2861023
3.296814, -9.2883, 0.28012085
3.2788544, -9.303864, 0.2561798
3.2956238, -9.307465, 0.25498962
3.3063965, -9.294296, 0.23703003
3.3423004, -9.272736, 0.21188354
3.3423004, -9.31105, 0.18675232
3.327942, -9.305069, 0.21188354
3.3063965, -9.308655, 0.21427917
3.2932281, -9.307465, 0.23942566
3.3267365, -9.306259, 0.20948792
3.3219604, -9.281128, 0.20350647
3.3040009, -9.321823, 0.23703003
3.3171692, -9.344574, 0.2059021
3.313568, -9.295486, 0.20231628
3.3111877, -9.263168, 0.20469666
3.3040009, -9.271545, 0.21069336
3.312378, -9.300278, 0.21308899
3.3075867, -9.302673, 0.21907043
3.3183594, -9.344574, 0.2238617
3.308792, -9.331406, 0.21188354
3.3267365, -9.315842, 0.20231628
3.3075867, -9.342178, 0.26216125
3.265686, -9.317032, 0.24061584
3.269287, -9.31105, 0.27772522
3.250122, -9.2883, 0.25378418
3.2704773, -9.297882, 0.23223877
3.3159637, -9.293091, 0.24061584
3.2932281, -9.26796, 0.296875
3.3159637, -9.3302, 0.28970337
3.2632904, -9.315842, 0.28970337
3.2860413, -9.295486, 0.3040619
3.2477417, -9.307465, 0.33039856
3.2680817, -9.30986, 0.2741394
3.2597046, -9.331406, 0.2849121
3.2632904, -9.331406, 0.296875
3.265686, -9.320633, 0.30885315
3.2477417, -9.313446, 0.36032104
3.2094269, -9.32901, 0.31723022
3.2585144, -9.31105, 0.33518982
3.2597046, -9.289505, 0.33638
3.2237854, -9.325409, 0.3148346
3.193863, -9.306259, 0.33398438
3.193863, -9.3194275, 0.36871338
3.2237854, -9.285904, 0.36392212
3.2225952, -9.299072, 0.35794067
3.2225952, -9.326614, 0.39144897
3.2381592, -9.369705, 0.37469482
3.250122, -9.325409, 0.40821838
3.2369537, -9.320633, 0.38067627
3.2142181, -9.293091, 0.3902588
3.2285767, -9.2883, 0.3651123
3.2273865, -9.295486, 0.40342712
3.217804, -9.297882, 0.4118042
3.2046356, -9.337387, 0.39265442
3.1986542, -9.299072, 0.44891357
3.221405, -9.300278, 0.43693542
3.26091, -9.300278, 0.44891357
3.2860413, -9.2799225, 0.42138672
3.250122, -9.295486, 0.39863586
3.2285767, -9.317032, 0.43933105
3.221405, -9.340973, 0.44172668
3.2273865, -9.312241, 0.4189911
3.2405548, -9.339783, 0.41539
3.2477417, -9.337387, 0.39982605
3.2513275, -9.344574, 0.40582275
3.288437, -9.318237, 0.42616272
3.2644958, -9.342178, 0.42018127
3.245346, -9.306259, 0.41299438
3.2285767, -9.314636, 0.40342712
3.284851, -9.287109, 0.42736816
3.272873, -9.2643585, 0.41659546
3.269287, -9.281128, 0.37709045
3.2441406, -9.296692, 0.3902588
3.2836456, -9.294296, 0.3531494
3.2537231, -9.285904, 0.3615265
3.2860413, -9.321823, 0.38905334
3.3111877, -9.361328, 0.36392212
3.2920227, -9.345764, 0.36392212
3.2704773, -9.339783, 0.36392212
3.3027954, -9.3302, 0.3327942
3.2740784, -9.30986, 0.32800293
3.3003998, -9.297882, 0.29447937
3.2992096, -9.299072, 0.32800293
3.2800598, -9.343369, 0.31723022
3.3003998, -9.34816, 0.31124878
3.2908325, -9.283524, 0.32920837
3.3111877, -9.293091, 0.26815796
3.3327332, -9.291901, 0.25138855
3.3423004, -9.283524, 0.27293396
3.313568, -9.300278, 0.25378418
3.3530731, -9.339783, 0.20829773
3.3063965, -9.312241, 0.22026062
3.2944183, -9.307465, 0.17837524
3.296814, -9.321823, 0.19752502
3.2872314, -9.313446, 0.14724731
3.327942, -9.339783, 0.13647461
3.2944183, -9.376892, 0.15681458
3.2561188, -9.312241, 0.15203857
3.245346, -9.272736, 0.1304779
3.233368, -9.255981, 0.14125061
3.2166138, -9.2248535, 0.1592102
3.2130127, -9.239227, 0.12210083
3.1842957, -9.258377, 0.111328125
3.1711273, -9.260773, 0.094573975
3.2082367, -9.2799225, 0.1197052
3.2405548, -9.315842, 0.12210083
3.2034454, -9.339783, 0.15203857
3.2381592, -9.361328, 0.15203857
3.2824554, -9.364914, 0.1663971
3.257309, -9.355347, 0.15322876
3.2621002, -9.340973, 0.1951294
3.2142181, -9.357742, 0.23342896
3.2585144, -9.340973, 0.22026062
3.2309723, -9.3194275, 0.23342896
3.248932, -9.289505, 0.2561798
3.257309, -9.294296, 0.24899292
3.257309, -9.272736, 0.21907043
3.2345734, -9.285904, 0.22865295
3.248932, -9.266754, 0.24061584
3.250122, -9.290695, 0.25857544
3.257309, -9.312241, 0.26934814
3.320755, -9.3302, 0.26455688
3.2824554, -9.34816, 0.2813263
3.3219604, -9.363724, 0.31124878
3.3506927, -9.364914, 0.28730774
3.3183594, -9.337387, 0.27772522
3.3016052, -9.337387, 0.292099
3.3075867, -9.344574, 0.27893066
3.2800598, -9.318237, 0.30166626
3.265686, -9.334991, 0.28012085
3.2309723, -9.313446, 0.2633667
3.2381592, -9.343369, 0.27772522
3.2429504, -9.338577, 0.26576233
3.1771088, -9.327805, 0.31004333
3.157959, -9.363724, 0.29089355
3.2154083, -9.373306, 0.26815796
3.2393494, -9.39006, 0.3136444
3.1759033, -9.376892, 0.30166626
3.190277, -9.410416, 0.3028717
3.193863, -9.392456, 0.3256073
3.178299, -9.349365, 0.29328918
3.1328125, -9.340973, 0.27893066
3.114853, -9.299072, 0.30047607
3.126831, -9.26796, 0.30885315
3.0933075, -9.2643585, 0.31604004
3.0669708, -9.284714, 0.34477234
3.1088715, -9.299072, 0.33398438
3.1076813, -9.2799225, 0.32681274
3.1100616, -9.295486, 0.36392212
3.10289, -9.302673, 0.36032104
3.1639404, -9.276337, 0.34835815
3.1735077, -9.289505, 0.38067627
3.1771088, -9.254791, 0.38067627
3.1711273, -9.276337, 0.39982605
3.1842957, -9.242813, 0.41778564
3.193863, -9.2404175, 0.40582275
3.2142181, -9.257187, 0.41539
3.2010498, -9.283524, 0.45489502
3.2632904, -9.295486, 0.45729065
3.2980194, -9.300278, 0.43693542
3.3459015, -9.345764, 0.48243713
3.3794098, -9.388855, 0.49679565
3.3961792, -9.414001, 0.48841858
3.4189148, -9.431961, 0.4812317
3.4057465, -9.440338, 0.4980011
3.4189148, -9.451111, 0.50038147
3.4332886, -9.443924, 0.5231323
3.4189148, -9.411606, 0.49560547
3.3937836, -9.40802, 0.46687317
3.3698425, -9.372101, 0.4189911
3.3171692, -9.325409, 0.38546753
3.2740784, -9.278732, 0.4010315
3.2237854, -9.281128, 0.39144897
3.20224, -9.263168, 0.35194397
3.1747131, -9.2643585, 0.34835815
3.1591492, -9.30986, 0.31604004
3.1603394, -9.34816, 0.31243896
3.1256256, -9.360138, 0.25976562
3.1172485, -9.323029, 0.26815796
3.138794, -9.361328, 0.2561798
3.1411896, -9.376892, 0.2238617
3.1196442, -9.396042, 0.22265625
3.1447906, -9.388855, 0.22146606
3.1340027, -9.366119, 0.21069336
3.094513, -9.366119, 0.21308899
3.078949, -9.370911, 0.17118835
3.1016846, -9.333801, 0.18554688
3.0490112, -9.326614, 0.19871521
3.0298615, -9.343369, 0.18554688
3.0178986, -9.331406, 0.1951294
3.0430298, -9.314636, 0.19871521
3.0226746, -9.34697, 0.18914795
3.0047302, -9.364914, 0.21786499
3.0430298, -9.3589325, 0.21548462
3.035843, -9.376892, 0.1951294
3.0657806, -9.3984375, 0.19752502
3.04422, -9.368515, 0.19992065
3.0370483, -9.369705, 0.20231628
3.0250702, -9.338577, 0.23582458
2.9975433, -9.345764, 0.23582458
3.0035248, -9.31105, 0.22265625
3.015503, -9.303864, 0.23822021
3.015503, -9.297882, 0.2956848
3.0466156, -9.271545, 0.25857544
3.1016846, -9.294296, 0.2861023
3.1136627, -9.321823, 0.28370667
3.162735, -9.297882, 0.28251648
3.1998444, -9.312241, 0.33877563
3.229782, -9.317032, 0.3148346
3.2788544, -9.306259, 0.3256073
3.3470917, -9.339783, 0.33518982
3.3578644, -9.3194275, 0.34954834
3.3961792, -9.321823, 0.31243896
3.423706, -9.315842, 0.33398438
3.430893, -9.313446, 0.33638
3.4404755, -9.317032, 0.39265442
3.478775, -9.290695, 0.33518982
3.5039215, -9.285904, 0.3435669
3.4883575, -9.283524, 0.34477234
3.4931335, -9.239227, 0.30166626
3.4883575, -9.25, 0.30166626
3.4931335, -9.210495, 0.27653503
3.454834, -9.2200775, 0.31843567
3.446457, -9.223663, 0.28370667
3.446457, -9.23085, 0.23822021
3.4739838, -9.263168, 0.2238617
3.470398, -9.315842, 0.23103333
3.4751892, -9.314636, 0.19992065
3.4560242, -9.321823, 0.16998291
3.4189148, -9.313446, 0.2166748
3.3530731, -9.313446, 0.20350647
3.3554688, -9.300278, 0.18435669
3.3339233, -9.312241, 0.21427917
3.2980194, -9.273941, 0.19392395
3.2716827, -9.26796, 0.17477417
3.2740784, -9.2799225, 0.17237854
3.2465363, -9.318237, 0.19154358
3.2190094, -9.317032, 0.16520691
3.1747131, -9.324219, 0.15681458
3.1771088, -9.324219, 0.1592102
3.1926727, -9.308655, 0.16758728
3.2249908, -9.355347, 0.14485168
3.1615448, -9.326614, 0.15322876
3.1411896, -9.338577, 0.14245605
3.1495667, -9.299072, 0.101760864
3.0681763, -9.2643585, 0.113723755
3.0406342, -9.300278, 0.14964294
3.0609894, -9.351746, 0.113723755
3.0131073, -9.404419, 0.118515015
3.0071106, -9.465469, 0.15802002
3.0538025, -9.522934, 0.2059021
3.1040802, -9.594757, 0.23703003
3.162735, -9.609131, 0.2166748
3.2441406, -9.582794, 0.25498962
3.2345734, -9.557648, 0.25737
3.2201996, -9.455902, 0.27053833
3.1771088, -9.349365, 0.36032104
3.1004944, -9.2200775, 0.34954834
3.0346527, -9.124298, 0.40342712
2.9975433, -9.080017, 0.40701294
2.999939, -9.069229, 0.43215942
3.0286713, -9.078812, 0.46087646
3.1016846, -9.131485, 0.47525024
3.2154083, -9.270355, 0.52911377
3.320755, -9.370911, 0.57221985
3.408142, -9.433151, 0.5566559
3.5015259, -9.503784, 0.55426025
3.5637665, -9.520538, 0.57341003
3.5374298, -9.503784, 0.5901642
3.4847565, -9.464279, 0.5782013
3.4368744, -9.372101, 0.5805969
3.3901825, -9.26915, 0.5626373
3.3818054, -9.242813, 0.55426025
3.3949738, -9.18895, 0.52671814
3.3925781, -9.138672, 0.49560547
3.351883, -9.203308, 0.50038147
3.3889923, -9.273941, 0.46566772
3.4141388, -9.378082, 0.52911377
3.4093475, -9.482239, 0.5051727
3.4644165, -9.569626, 0.5063782
3.526657, -9.601944, 0.51834106
3.542221, -9.581589, 0.48483276
3.5290527, -9.531311, 0.4333496
3.3854065, -9.421188, 0.45729065
3.2585144, -9.321823, 0.4333496
3.190277, -9.23085, 0.4046173
3.0669708, -9.144653, 0.4046173
2.9795837, -9.105148, 0.3543396
2.9149475, -9.096771, 0.3543396
2.8096008, -9.088394, 0.3244171
2.7988281, -9.173386, 0.30645752
2.834732, -9.246414, 0.29328918
2.8993835, -9.340973, 0.25378418
2.9460602, -9.443924, 0.27174377
2.975998, -9.493011, 0.29089355
2.9975433, -9.510971, 0.25737
2.9747925, -9.537308, 0.25737
3.0142975, -9.542084, 0.24061584
3.0190887, -9.458298, 0.23822021
2.9652252, -9.376892, 0.17837524
2.9005737, -9.324219, 0.20709229
2.8335419, -9.242813, 0.20948792
2.8287506, -9.17218, 0.2238617
2.8299408, -9.15303, 0.2238617
2.8921967, -9.1698, 0.2238617
2.9544525, -9.194931, 0.22146606
3.02388, -9.233246, 0.25378418
3.0573883, -9.252396, 0.3327942
3.099289, -9.278732, 0.32681274
3.1376038, -9.290695, 0.3866577
3.1819, -9.325409, 0.37828064
3.1819, -9.337387, 0.40222168
3.245346, -9.368515, 0.45489502
3.2800598, -9.3589325, 0.4620819
3.2956238, -9.357742, 0.5135498
3.3351288, -9.332596, 0.509964
3.3806152, -9.332596, 0.5793915
3.3794098, -9.303864, 0.5458832
3.406952, -9.277527, 0.549469
3.4380798, -9.2595825, 0.5961609
3.485962, -9.277527, 0.6093292
3.557785, -9.263168, 0.6093292
3.59729, -9.248795, 0.59376526
3.5984802, -9.281128, 0.6368561
3.667923, -9.261963, 0.59376526
3.7205963, -9.265564, 0.6428375
3.7349548, -9.271545, 0.60572815
3.7840424, -9.2404175, 0.57580566
3.7481232, -9.226059, 0.55784607
3.75531, -9.197327, 0.52671814
3.7505188, -9.197327, 0.51834106
3.743332, -9.196121, 0.5015869
3.7182007, -9.17218, 0.45729065
3.7026367, -9.182968, 0.43095398
3.6595306, -9.197327, 0.48841858
3.6798859, -9.202118, 0.47525024
3.6846771, -9.238022, 0.45010376
3.6691132, -9.2883, 0.44770813
3.6786957, -9.278732, 0.48483276
3.645172, -9.261963, 0.4333496
3.6140442, -9.253586, 0.44172668
3.585312, -9.273941, 0.41778564
3.557785, -9.229645, 0.37348938
3.5242615, -9.23204, 0.39982605
3.478775, -9.233246, 0.39982605
3.423706, -9.200912, 0.3902588
3.3770142, -9.214081, 0.35794067
3.3734283, -9.23085, 0.33398438
3.368637, -9.226059, 0.31723022
3.3435059, -9.238022, 0.32321167
3.2992096, -9.247604, 0.25498962
3.3147736, -9.296692, 0.22865295
3.272873, -9.291901, 0.22865295
3.2441406, -9.3194275, 0.2166748
3.2094269, -9.334991, 0.23582458
3.1591492, -9.312241, 0.24899292
3.1986542, -9.307465, 0.14485168
3.1735077, -9.340973, 0.16758728
3.1890717, -9.32901, 0.17237854
3.1830902, -9.32901, 0.16879272
3.1531677, -9.342178, 0.14724731
3.147171, -9.332596, 0.12689209
3.111267, -9.325409, 0.104141235
3.0933075, -9.299072, 0.16041565
3.0490112, -9.321823, 0.23582458
3.0346527, -9.315842, 0.296875
3.0585938, -9.293091, 0.37948608
3.0657806, -9.287109, 0.3830719
3.1555634, -9.3302, 0.36032104
3.2513275, -9.40802, 0.35794067
3.2345734, -9.393646, 0.3722992
3.1830902, -9.351746, 0.37948608
3.1795044, -9.295486, 0.37828064
3.1950684, -9.266754, 0.38067627
3.166336, -9.282318, 0.3938446
3.1878815, -9.291901, 0.42138672
3.2201996, -9.277527, 0.4740448
3.221405, -9.293091, 0.5303192
3.2465363, -9.301468, 0.5626373
3.269287, -9.3194275, 0.5686188
3.289627, -9.34816, 0.58418274
3.3375244, -9.355347, 0.6380615
3.312378, -9.317032, 0.6069336
3.313568, -9.2883, 0.6093292
3.305191, -9.293091, 0.6404419
3.3111877, -9.305069, 0.6201019
3.3171692, -9.2799225, 0.6105194
3.2561188, -9.270355, 0.6404419
3.2321777, -9.293091, 0.64164734
3.166336, -9.289505, 0.62249756
3.178299, -9.2883, 0.63087463
3.3063965, -9.333801, 0.6404419
3.3901825, -9.3194275, 0.6584015
3.4691925, -9.354141, 0.68833923
3.4177246, -9.320633, 0.6296692
3.4225159, -9.245209, 0.6536102
3.4033508, -9.229645, 0.65600586
3.3542786, -9.179367, 0.6536102
3.368637, -9.199722, 0.6488342
3.3901825, -9.212891, 0.6368561
3.4344788, -9.248795, 0.62249756
3.487152, -9.242813, 0.5602417
3.5362396, -9.257187, 0.549469
3.5386353, -9.271545, 0.48483276
3.485962, -9.290695, 0.48960876
3.4344788, -9.308655, 0.43693542
3.3494873, -9.276337, 0.3615265
3.3494873, -9.2799225, 0.36631775
3.3470917, -9.285904, 0.34477234
3.3423004, -9.291901, 0.29927063
3.3638458, -9.297882, 0.26576233
3.4033508, -9.312241, 0.21786499
3.4356842, -9.294296, 0.19273376
3.4500427, -9.297882, 0.20948792
3.4727936, -9.289505, 0.23223877
3.4715881, -9.261963, 0.19033813
3.446457, -9.242813, 0.20948792
3.4033508, -9.227249, 0.25498962
3.375824, -9.236832, 0.27174377
3.3734283, -9.248795, 0.31962585
3.384201, -9.263168, 0.37709045
3.4273071, -9.308655, 0.3543396
3.4284973, -9.306259, 0.35194397
3.4261017, -9.332596, 0.36631775
3.4033508, -9.339783, 0.3531494
3.336319, -9.321823, 0.34835815
3.2872314, -9.296692, 0.36631775
3.2716827, -9.307465, 0.36990356
3.2597046, -9.300278, 0.32081604
3.3219604, -9.278732, 0.36392212
3.336319, -9.285904, 0.4225769
3.2980194, -9.247604, 0.42018127
3.3255463, -9.272736, 0.43693542
3.2920227, -9.277527, 0.43455505
3.320755, -9.301468, 0.45489502
3.2872314, -9.325409, 0.4046173
3.2309723, -9.337387, 0.37948608
3.2597046, -9.342178, 0.4010315
3.289627, -9.362518, 0.43693542
3.26091, -9.307465, 0.43814087
3.226181, -9.290695, 0.49679565
3.2405548, -9.300278, 0.47644043
3.1962585, -9.275131, 0.49560547
3.2094269, -9.303864, 0.48243713
3.2525177, -9.3194275, 0.5590515
3.2321777, -9.2883, 0.5315094
3.248932, -9.300278, 0.54467773
3.2644958, -9.350555, 0.58299255
3.2632904, -9.343369, 0.5638275
3.2285767, -9.345764, 0.60095215
3.1819, -9.354141, 0.6081238
3.229782, -9.357742, 0.6536102
3.2249908, -9.368515, 0.6548157
3.2130127, -9.355347, 0.6607971
3.1819, -9.308655, 0.69911194
3.1687317, -9.296692, 0.72184753
3.1088715, -9.297882, 0.76135254
3.059784, -9.275131, 0.7852936
3.0286713, -9.275131, 0.79367065
3.0298615, -9.299072, 0.8140259
3.0334473, -9.313446, 0.77212524
3.1004944, -9.344574, 0.7170563
3.1292267, -9.3302, 0.7661438
3.1639404, -9.36731, 0.707489
3.12323, -9.368515, 0.71347046
3.1016846, -9.34697, 0.7302246
3.0801392, -9.334991, 0.7182617
3.1196442, -9.321823, 0.6871338
3.150772, -9.3302, 0.65122986
3.1411896, -9.3302, 0.6356659
3.1555634, -9.340973, 0.6260834
3.1639404, -9.326614, 0.6201019
3.1998444, -9.299072, 0.5626373
3.190277, -9.308655, 0.5422821
3.178299, -9.315842, 0.5303192
3.1926727, -9.294296, 0.51116943
3.217804, -9.307465, 0.44651794
3.2118225, -9.327805, 0.4692688
3.2190094, -9.31105, 0.4225769
3.2166138, -9.299072, 0.39624023
3.197464, -9.334991, 0.38786316
3.2070312, -9.305069, 0.33877563
3.1878815, -9.325409, 0.30645752
3.250122, -9.34697, 0.34835815
3.257309, -9.325409, 0.27772522
3.2561188, -9.317032, 0.3136444
3.2872314, -9.284714, 0.2956848
3.269287, -9.312241, 0.296875
3.2680817, -9.296692, 0.32321167
3.2944183, -9.290695, 0.29808044
3.3255463, -9.263168, 0.26455688
3.296814, -9.258377, 0.331604
3.3506927, -9.2799225, 0.31243896
3.327942, -9.282318, 0.31843567
3.3542786, -9.305069, 0.34117126
3.3578644, -9.323029, 0.3148346
3.4009705, -9.323029, 0.3423767
3.4560242, -9.34816, 0.33638
3.4835663, -9.320633, 0.3148346
3.4847565, -9.313446, 0.30526733
3.4296875, -9.312241, 0.31723022
3.4344788, -9.287109, 0.3076477
3.3973694, -9.221268, 0.29927063
3.408142, -9.226059, 0.27893066
3.3854065, -9.282318, 0.24420166
3.43927, -9.26915, 0.24659729
3.4656067, -9.283524, 0.24061584
3.4751892, -9.295486, 0.23582458
3.4739838, -9.263168, 0.26934814
3.4691925, -9.258377, 0.24061584
3.4452515, -9.271545, 0.24182129
3.447647, -9.270355, 0.24780273
3.4883575, -9.278732, 0.25019836
3.4536285, -9.26796, 0.31004333
3.4416656, -9.263168, 0.27293396
3.4141388, -9.287109, 0.31843567
3.3327332, -9.2799225, 0.35554504
3.313568, -9.26915, 0.4118042
3.288437, -9.273941, 0.42616272
3.3016052, -9.285904, 0.4405365
3.3219604, -9.315842, 0.46447754
3.351883, -9.303864, 0.48483276
3.3387146, -9.297882, 0.49679565
3.3219604, -9.331406, 0.4800415
3.3040009, -9.323029, 0.44770813
3.327942, -9.297882, 0.50038147
3.312378, -9.2643585, 0.509964
3.2597046, -9.25, 0.4980011
3.2369537, -9.252396, 0.48602295
3.2716827, -9.278732, 0.52552795
3.284851, -9.265564, 0.5422821
3.313568, -9.302673, 0.52671814
3.3231506, -9.324219, 0.52911377
3.2788544, -9.324219, 0.4812317
3.2980194, -9.31105, 0.49919128
3.2956238, -9.313446, 0.48602295
3.2824554, -9.370911, 0.51116943
3.3111877, -9.338577, 0.52433777
3.3459015, -9.344574, 0.4920044
3.2920227, -9.369705, 0.4920044
3.3063965, -9.323029, 0.46447754
3.2740784, -9.305069, 0.47525024
3.248932, -9.299072, 0.47644043
3.2046356, -9.32901, 0.48243713
3.1890717, -9.314636, 0.48483276
3.1795044, -9.312241, 0.5051727
3.2154083, -9.325409, 0.5207367
3.20224, -9.34816, 0.52194214
3.190277, -9.394852, 0.55545044
3.1878815, -9.386475, 0.5087738
3.1615448, -9.337387, 0.52552795
3.1567535, -9.374496, 0.52194214
3.1483765, -9.3194275, 0.5231323
3.1040802, -9.320633, 0.48362732
3.1136627, -9.339783, 0.4405365
3.1447906, -9.336197, 0.4920044
3.1208344, -9.337387, 0.5087738
3.1256256, -9.320633, 0.47166443
3.0765533, -9.307465, 0.48243713
3.0741577, -9.314636, 0.4441223
3.083725, -9.324219, 0.45729065
3.083725, -9.305069, 0.45968628
3.0621796, -9.308655, 0.49440002
3.0645752, -9.323029, 0.48483276
3.0801392, -9.339783, 0.4692688
3.0957031, -9.308655, 0.4441223
3.0968933, -9.339783, 0.4584961
3.1363983, -9.352951, 0.49679565
3.114853, -9.373306, 0.4513092
3.1447906, -9.350555, 0.50398254
3.154358, -9.324219, 0.49320984
3.1495667, -9.317032, 0.50756836
3.2034454, -9.31105, 0.5410919
3.229782, -9.326614, 0.56144714
3.1986542, -9.273941, 0.54707336
3.2082367, -9.273941, 0.549469
3.2369537, -9.31105, 0.5817871
3.2477417, -9.318237, 0.55426025
3.2716827, -9.303864, 0.5901642
3.2704773, -9.30986, 0.5805969
3.284851, -9.282318, 0.5638275
3.2956238, -9.294296, 0.5782013
3.296814, -9.320633, 0.5913696
3.2992096, -9.324219, 0.60453796
3.265686, -9.3194275, 0.6081238
3.2465363, -9.337387, 0.6188965
3.2668915, -9.290695, 0.5913696
3.2321777, -9.289505, 0.5973511
3.2405548, -9.287109, 0.6105194
3.2273865, -9.276337, 0.61172485
3.2441406, -9.297882, 0.61531067
3.2537231, -9.325409, 0.55426025
3.2166138, -9.325409, 0.549469
3.2680817, -9.342178, 0.50756836
3.272873, -9.361328, 0.48721313
3.2788544, -9.369705, 0.4692688
3.284851, -9.376892, 0.43814087
3.2908325, -9.345764, 0.3651123
3.313568, -9.349365, 0.3651123
3.313568, -9.318237, 0.35794067
3.3111877, -9.306259, 0.29808044
3.2992096, -9.301468, 0.24301147
3.2872314, -9.297882, 0.20231628
3.289627, -9.2595825, 0.2238617
3.3171692, -9.227249, 0.18554688
3.3494873, -9.254791, 0.16400146
3.3339233, -9.252396, 0.17358398
3.344696, -9.25119, 0.17837524
3.3506927, -9.285904, 0.09815979
3.3626556, -9.284714, 0.0574646
3.3698425, -9.2883, 0.082595825
3.3985748, -9.333801, 0.015563965
3.3459015, -9.302673, 0.029922485
3.3626556, -9.315842, 0.05506897
3.3961792, -9.307465, 0.092178345
3.3794098, -9.314636, 0.087387085
3.3698425, -9.301468, 0.049087524
3.3973694, -9.306259, 0.089782715
3.3806152, -9.26915, 0.101760864
3.3530731, -9.272736, 0.15203857
3.351883, -9.26915, 0.1484375
3.391388, -9.270355, 0.15562439
3.3770142, -9.272736, 0.20469666
3.3614655, -9.284714, 0.2166748
3.3710327, -9.275131, 0.26815796
3.3255463, -9.281128, 0.28012085
3.3399048, -9.294296, 0.27053833
3.3303375, -9.300278, 0.3148346
3.3435059, -9.300278, 0.3136444
3.3411102, -9.30986, 0.33638
3.344696, -9.340973, 0.37709045
3.308792, -9.320633, 0.4297638
3.3315277, -9.324219, 0.4441223
3.324356, -9.32901, 0.48960876
3.3111877, -9.30986, 0.5231323
3.3159637, -9.30986, 0.5207367
3.336319, -9.289505, 0.5686188
3.3435059, -9.300278, 0.588974
3.3770142, -9.301468, 0.5901642
3.3865967, -9.276337, 0.5973511
3.3854065, -9.265564, 0.5961609
3.348297, -9.265564, 0.6177063
3.36026, -9.291901, 0.6105194
3.3578644, -9.273941, 0.57699585
3.3710327, -9.291901, 0.6141052
3.415329, -9.277527, 0.61291504
3.3961792, -9.299072, 0.56622314
3.367447, -9.324219, 0.5303192
3.3734283, -9.318237, 0.54348755
3.3351288, -9.299072, 0.5051727
3.288437, -9.324219, 0.4225769
3.2477417, -9.32901, 0.42138672
3.2273865, -9.321823, 0.44770813
3.250122, -9.30986, 0.38786316
3.2429504, -9.317032, 0.37709045
3.226181, -9.315842, 0.34477234
3.1878815, -9.327805, 0.36990356
3.197464, -9.303864, 0.3423767
3.1639404, -9.317032, 0.29808044
3.193863, -9.32901, 0.2741394
3.1639404, -9.3302, 0.30885315
3.1459808, -9.3194275, 0.31962585
3.1459808, -9.325409, 0.32321167
3.157959, -9.331406, 0.2861023
3.1352081, -9.30986, 0.3028717
3.1519623, -9.320633, 0.28012085
3.1998444, -9.326614, 0.28251648
3.2130127, -9.333801, 0.27293396
3.2010498, -9.351746, 0.2633667
3.1806946, -9.345764, 0.24182129
3.1806946, -9.327805, 0.1771698
3.193863, -9.340973, 0.19154358
3.193863, -9.332596, 0.20469666
3.2118225, -9.306259, 0.17358398
3.2537231, -9.2799225, 0.13887024
3.229782, -9.323029, 0.17956543
3.2249908, -9.337387, 0.11013794
3.2142181, -9.320633, 0.11253357
3.2190094, -9.326614, 0.10774231
3.1890717, -9.3302, 0.075424194
3.190277, -9.317032, 0.120910645
3.1878815, -9.3194275, 0.1592102
3.1854858, -9.31105, 0.111328125
3.210617, -9.314636, 0.12689209
3.2190094, -9.293091, 0.111328125
3.2429504, -9.3194275, 0.113723755
3.2357635, -9.327805, 0.1663971
3.2597046, -9.332596, 0.14604187
3.2309723, -9.334991, 0.18196106
3.250122, -9.300278, 0.21786499
3.2201996, -9.290695, 0.22265625
3.2632904, -9.26915, 0.22865295
3.3063965, -9.2643585, 0.24061584
3.2249908, -9.285904, 0.29089355
3.2381592, -9.312241, 0.3076477
3.2525177, -9.305069, 0.30166626
3.288437, -9.303864, 0.296875
3.2872314, -9.30986, 0.34954834
3.2788544, -9.320633, 0.37348938
3.2836456, -9.306259, 0.3866577
3.3195648, -9.318237, 0.37828064
3.3111877, -9.299072, 0.3938446
3.312378, -9.31105, 0.34954834
3.288437, -9.325409, 0.35554504
3.2668915, -9.323029, 0.39624023
3.2752686, -9.296692, 0.4046173
3.2441406, -9.300278, 0.4297638
3.2465363, -9.31105, 0.4441223
3.2680817, -9.300278, 0.36990356
3.226181, -9.2799225, 0.37348938
3.250122, -9.31105, 0.37828064
3.2632904, -9.318237, 0.38905334
3.2704773, -9.320633, 0.36871338
3.2549133, -9.30986, 0.35794067
3.2405548, -9.324219, 0.3471527
3.210617, -9.313446, 0.35794067
3.1926727, -9.296692, 0.37348938
3.1830902, -9.324219, 0.34596252
3.1806946, -9.317032, 0.33039856
3.1878815, -9.318237, 0.34835815
3.1914673, -9.30986, 0.33039856
3.2118225, -9.312241, 0.34954834
3.250122, -9.312241, 0.33638
3.20224, -9.312241, 0.32321167
3.2357635, -9.308655, 0.3148346
3.2357635, -9.287109, 0.31723022
3.2369537, -9.320633, 0.31723022
3.2201996, -9.283524, 0.31604004
3.2154083, -9.306259, 0.30047607
3.2130127, -9.333801, 0.29328918
3.1998444, -9.317032, 0.33398438
3.2345734, -9.295486, 0.33518982
3.2632904, -9.313446, 0.33518982
3.2621002, -9.297882, 0.3615265
3.2513275, -9.295486, 0.3615265
3.2537231, -9.281128, 0.35794067
3.245346, -9.289505, 0.4046173
3.245346, -9.313446, 0.40342712
3.2944183, -9.303864, 0.38786316
3.28125, -9.321823, 0.41059875
3.2621002, -9.326614, 0.41299438
3.2680817, -9.291901, 0.41299438
3.308792, -9.301468, 0.46087646
3.3111877, -9.321823, 0.45610046
3.2920227, -9.323029, 0.43693542
3.3147736, -9.327805, 0.43215942
3.3147736, -9.326614, 0.4740448
3.3111877, -9.294296, 0.4908142
3.3016052, -9.282318, 0.4800415
3.313568, -9.287109, 0.44770813
3.3399048, -9.303864, 0.43693542
3.327942, -9.291901, 0.47045898
3.3470917, -9.2799225, 0.4632721
3.3494873, -9.293091, 0.44770813
3.3075867, -9.297882, 0.45010376
3.308792, -9.2883, 0.47166443
3.329132, -9.302673, 0.43933105
3.313568, -9.284714, 0.42497253
3.336319, -9.300278, 0.42497253
3.3554688, -9.296692, 0.3818817
3.312378, -9.336197, 0.39144897
3.3147736, -9.314636, 0.39265442
3.3016052, -9.296692, 0.375885
3.3231506, -9.315842, 0.375885
3.3040009, -9.320633, 0.29447937
3.3099823, -9.297882, 0.31962585
3.3195648, -9.331406, 0.30166626
3.312378, -9.308655, 0.29328918
3.2752686, -9.303864, 0.3148346
3.2836456, -9.31105, 0.23942566
3.2752686, -9.306259, 0.25019836
3.2273865, -9.308655, 0.29089355
3.2190094, -9.313446, 0.26097107
3.2393494, -9.307465, 0.26934814
3.2130127, -9.320633, 0.2346344
3.1699219, -9.32901, 0.2753296
3.186676, -9.32901, 0.27293396
3.2118225, -9.350555, 0.26815796
3.2046356, -9.364914, 0.29927063
3.1759033, -9.355347, 0.2669525
3.1854858, -9.342178, 0.24061584
3.186676, -9.340973, 0.27174377
3.1795044, -9.345764, 0.25857544
3.1723175, -9.3194275, 0.31243896
3.1651306, -9.312241, 0.3136444
3.1639404, -9.336197, 0.292099
3.1376038, -9.318237, 0.31843567
3.1759033, -9.306259, 0.31604004
3.1603394, -9.295486, 0.331604
3.1567535, -9.308655, 0.32920837
3.2249908, -9.349365, 0.29927063
3.217804, -9.325409, 0.38067627
3.1926727, -9.318237, 0.33039856
3.2130127, -9.318237, 0.32081604
3.233368, -9.317032, 0.36271667
3.2429504, -9.327805, 0.35554504
3.250122, -9.315842, 0.33877563
3.2537231, -9.324219, 0.35794067
3.265686, -9.317032, 0.3435669
3.2513275, -9.326614, 0.36032104
3.2513275, -9.312241, 0.35913086
3.2465363, -9.2799225, 0.3818817
3.269287, -9.271545, 0.36271667
3.2465363, -9.284714, 0.34954834
3.2513275, -9.307465, 0.3423767
3.245346, -9.327805, 0.31004333
3.2561188, -9.343369, 0.36871338
3.2046356, -9.357742, 0.43574524
3.217804, -9.370911, 0.36871338
3.2201996, -9.387665, 0.3423767
3.233368, -9.34697, 0.3531494
3.2010498, -9.326614, 0.40582275
3.1687317, -9.313446, 0.41059875
3.1735077, -9.287109, 0.44651794
3.1819, -9.299072, 0.38546753
3.1747131, -9.294296, 0.39144897
3.1890717, -9.271545, 0.4225769
3.205841, -9.305069, 0.41778564
3.2094269, -9.306259, 0.4225769
3.1830902, -9.281128, 0.44770813
3.1819, -9.283524, 0.42138672
3.2345734, -9.289505, 0.43215942
3.210617, -9.293091, 0.43574524
3.217804, -9.285904, 0.44532776
3.2597046, -9.315842, 0.42855835
3.2597046, -9.307465, 0.4225769
3.2477417, -9.294296, 0.4620819
3.2800598, -9.297882, 0.42616272
3.272873, -9.297882, 0.39505005
3.26091, -9.287109, 0.4297638
3.296814, -9.287109, 0.41659546
3.2920227, -9.2799225, 0.3902588
3.3003998, -9.281128, 0.40582275
3.3171692, -9.272736, 0.39863586
3.3147736, -9.289505, 0.42497253
3.3147736, -9.273941, 0.43933105
3.3351288, -9.296692, 0.43933105
3.344696, -9.284714, 0.40940857
3.3818054, -9.300278, 0.36032104
3.367447, -9.3302, 0.43095398
3.3734283, -9.312241, 0.3938446
3.3470917, -9.315842, 0.40582275
3.3865967, -9.336197, 0.44770813
3.3865967, -9.314636, 0.40940857
3.4201202, -9.31105, 0.43814087
3.3949738, -9.26796, 0.40222168
3.4009705, -9.301468, 0.37709045
3.446457, -9.312241, 0.41299438
3.4560242, -9.302673, 0.4513092
3.4775848, -9.30986, 0.4225769
3.4620209, -9.334991, 0.4010315
3.470398, -9.321823, 0.40582275
3.4739838, -9.307465, 0.40222168
3.4296875, -9.325409, 0.42855835
3.4141388, -9.293091, 0.4189911
3.4057465, -9.299072, 0.40342712
3.336319, -9.284714, 0.42855835
3.3530731, -9.291901, 0.35794067
3.36026, -9.276337, 0.3531494
3.36026, -9.253586, 0.40701294
3.3315277, -9.302673, 0.35194397
3.3554688, -9.300278, 0.3423767
3.3734283, -9.352951, 0.31962585
3.3530731, -9.386475, 0.32800293
3.336319, -9.40802, 0.32800293
3.320755, -9.393646, 0.292099
3.329132, -9.387665, 0.31723022
3.3111877, -9.397247, 0.31604004
3.2752686, -9.379288, 0.32681274
3.2070312, -9.372101, 0.292099
3.217804, -9.351746, 0.2753296
3.2094269, -9.306259, 0.2741394
3.1603394, -9.281128, 0.292099
3.1591492, -9.25119, 0.2753296
3.12323, -9.215286, 0.26097107
3.1208344, -9.212891, 0.26576233
3.138794, -9.216476, 0.2669525
3.1411896, -9.248795, 0.25857544
3.1411896, -9.313446, 0.23223877
3.1651306, -9.323029, 0.23342896
3.1842957, -9.340973, 0.252594
3.190277, -9.404419, 0.25857544
3.1651306, -9.447525, 0.25976562
3.1639404, -9.475052, 0.23942566
3.1172485, -9.50618, 0.26097107
3.1244354, -9.526535, 0.2561798
3.1328125, -9.546875, 0.22146606
3.1292267, -9.5564575, 0.28012085
3.0957031, -9.601944, 0.27893066
3.087326, -9.542084, 0.26815796
3.0514069, -9.509766, 0.2633667
3.0226746, -9.44632, 0.25737
2.960434, -9.36731, 0.24420166
2.9317017, -9.326614, 0.2561798
2.8850098, -9.26796, 0.24061584
2.8682556, -9.218872, 0.24301147
2.8167725, -9.210495, 0.252594
2.8036041, -9.212891, 0.28251648
2.8072052, -9.23085, 0.26216125
2.8227692, -9.281128, 0.27893066
2.8335419, -9.333801, 0.3028717
2.819168, -9.369705, 0.28970337
2.8287506, -9.363724, 0.33998108
2.8622742, -9.414001, 0.3471527
2.8778229, -9.455902, 0.3327942
2.8694458, -9.452301, 0.36271667
2.86586, -9.4379425, 0.38426208
2.8945923, -9.466675, 0.39505005
2.9340973, -9.500198, 0.39265442
2.9245148, -9.458298, 0.43455505
2.8778229, -9.458298, 0.4237671
2.86586, -9.463089, 0.42138672
2.8754425, -9.481033, 0.47525024
2.8562775, -9.464279, 0.47764587
2.8239594, -9.448715, 0.4920044
2.8455048, -9.455902, 0.52552795
2.8634644, -9.478638, 0.5793915
2.8538818, -9.472656, 0.5638275
2.8634644, -9.454697, 0.55784607
2.841919, -9.431961, 0.5901642
2.8682556, -9.465469, 0.6188965
2.8550873, -9.451111, 0.5901642
2.8227692, -9.50737, 0.5997467
2.8119965, -9.509766, 0.6033325
2.8131866, -9.520538, 0.59376526
2.8251648, -9.526535, 0.5961609
2.8431091, -9.533707, 0.6572113
2.8886108, -9.539703, 0.6476288
2.9101562, -9.502594, 0.6368561
2.9424744, -9.434357, 0.6655884
2.9400787, -9.405624, 0.6775665
2.9700012, -9.355347, 0.6584015
2.984375, -9.289505, 0.6607971
2.968811, -9.226059, 0.69192505
2.984375, -9.194931, 0.68115234
3.047821, -9.2200775, 0.6895294
3.0777435, -9.227249, 0.7362213
3.1088715, -9.223663, 0.70988464
3.1914673, -9.248795, 0.6775665
3.221405, -9.271545, 0.66200256
3.2740784, -9.325409, 0.67396545
3.2980194, -9.334991, 0.6871338
3.2980194, -9.339783, 0.6488342
3.329132, -9.384079, 0.61650085
3.3722382, -9.379288, 0.6105194
3.3794098, -9.378082, 0.6033325
3.3925781, -9.3984375, 0.6081238
3.3973694, -9.334991, 0.57341003
3.4045563, -9.290695, 0.5566559
3.415329, -9.265564, 0.56503296
3.4320831, -9.223663, 0.5686188
3.4129333, -9.161407, 0.5422821
3.3734283, -9.124298, 0.5590515
3.391388, -9.059662, 0.5698242
3.4261017, -9.052475, 0.5518646
3.494339, -9.038116, 0.49320984
3.5110931, -9.069229, 0.47644043
3.5613708, -9.112335, 0.5123596
3.6535492, -9.173386, 0.52552795
3.7325592, -9.246414, 0.46566772
3.7852325, -9.284714, 0.44651794
3.830719, -9.290695, 0.4189911
3.8474884, -9.362518, 0.41659546
3.8474884, -9.360138, 0.35075378
3.8750153, -9.293091, 0.33998108
3.8295288, -9.285904, 0.27893066
3.8295288, -9.26915, 0.27053833
3.810379, -9.263168, 0.27653503
3.7972107, -9.2248535, 0.25138855
3.822342, -9.244019, 0.19273376
3.8139648, -9.265564, 0.13287354
3.8450928, -9.26915, 0.0574646
3.8450928, -9.284714, 0.037109375
3.8486786, -9.291901, 0.0047912598
3.839096, -9.303864, -0.046691895
3.794815, -9.26796, -0.1197052
3.746933, -9.302673, -0.16758728
3.683487, -9.277527, -0.17118835
3.6296082, -9.263168, -0.22984314
3.5541992, -9.291901, -0.23703003
3.5326385, -9.2799225, -0.24182129
3.4751892, -9.282318, -0.2753296
3.4129333, -9.349365, -0.27653503
3.4009705, -9.366119, -0.31723022
3.336319, -9.386475, -0.31004333
3.2860413, -9.394852, -0.3148346
3.1914673, -9.416397, -0.33877563
3.1854858, -9.434357, -0.34117126
3.1435852, -9.42598, -0.3435669
3.078949, -9.448715, -0.34596252
3.0490112, -9.457092, -0.33758545
3.0119019, -9.451111, -0.32081604
2.975998, -9.454697, -0.28012085
2.9077606, -9.473862, -0.2454071
2.9041595, -9.483429, -0.2346344
2.8646698, -9.461884, -0.18435669
2.8311462, -9.443924, -0.11730957
2.7916412, -9.451111, -0.10295105
2.7581177, -9.441528, -0.04548645
2.7808685, -9.418793, -0.05027771
2.735382, -9.452301, -0.0023956299
2.7329865, -9.433151, 0.022750854
2.740158, -9.460693, 0.08859253
2.7281952, -9.491806, 0.15322876
2.7042542, -9.491806, 0.20350647
2.6862946, -9.478638, 0.22026062
2.6874847, -9.497803, 0.23342896
2.724594, -9.515747, 0.25378418
2.659958, -9.5325165, 0.33039856
2.6707306, -9.50618, 0.3531494
2.6731262, -9.48703, 0.375885
2.6575623, -9.509766, 0.46566772
2.6851044, -9.491806, 0.5015869
2.661148, -9.458298, 0.49679565
2.6671448, -9.475052, 0.549469
2.6467896, -9.40921, 0.5961609
2.632431, -9.40802, 0.6201019
2.644394, -9.422379, 0.62727356
2.6348114, -9.403229, 0.6368561
2.6587677, -9.410416, 0.66677856
2.6851044, -9.451111, 0.69551086
2.6827087, -9.439133, 0.707489
2.7664948, -9.418793, 0.7457886
2.779663, -9.445129, 0.7589569
2.78685, -9.483429, 0.79008484
2.8431091, -9.471466, 0.74220276
2.8933868, -9.470261, 0.78889465
2.9089508, -9.451111, 0.8092346
2.8850098, -9.403229, 0.83677673
2.9089508, -9.373306, 0.86790466
2.9113464, -9.3589325, 0.8643036
2.929306, -9.32901, 0.9169769
2.953247, -9.327805, 0.9062042
2.977188, -9.356537, 0.9421234
2.9736023, -9.374496, 0.9217682
3.0190887, -9.379288, 0.9325409
3.0825348, -9.384079, 0.93852234
3.0897217, -9.387665, 0.9792328
3.111267, -9.417587, 0.9624634
3.1591492, -9.435547, 0.9349365
3.1435852, -9.418793, 0.9062042
3.1687317, -9.400833, 0.9038086
3.1675262, -9.384079, 0.89901733
3.1651306, -9.375687, 0.89424133
3.178299, -9.3589325, 0.8571167
3.1615448, -9.338577, 0.846344
3.150772, -9.333801, 0.8164215
3.147171, -9.287109, 0.8092346
3.1435852, -9.32901, 0.7984619
3.1555634, -9.307465, 0.76135254
3.154358, -9.318237, 0.7769165
3.1411896, -9.318237, 0.72424316
3.1495667, -9.312241, 0.6751709
3.20224, -9.334991, 0.6464386
3.1819, -9.368515, 0.67277527
3.2034454, -9.356537, 0.6188965
3.205841, -9.374496, 0.5782013
3.2201996, -9.393646, 0.58418274
3.1842957, -9.404419, 0.5482788
3.1519623, -9.405624, 0.5063782
3.1531677, -9.410416, 0.4524994
3.1519623, -9.396042, 0.35913086
3.1555634, -9.393646, 0.32321167
3.10289, -9.403229, 0.31604004
3.1100616, -9.384079, 0.22865295
3.0957031, -9.372101, 0.19752502
3.083725, -9.366119, 0.09336853
3.0669708, -9.352951, -0.0023956299
3.0490112, -9.366119, -0.032318115
3.0669708, -9.379288, -0.08859253
3.0490112, -9.339783, -0.1484375
3.0538025, -9.337387, -0.23103333
3.0921173, -9.373306, -0.30526733
3.0968933, -9.369705, -0.34954834
3.1256256, -9.357742, -0.39982605
3.162735, -9.355347, -0.45370483
3.1842957, -9.391251, -0.48362732
3.2118225, -9.357742, -0.53749084
3.241745, -9.362518, -0.52671814
3.2525177, -9.324219, -0.50756836
3.250122, -9.282318, -0.46566772
3.2537231, -9.290695, -0.49440002
3.2740784, -9.293091, -0.43215942
3.2920227, -9.281128, -0.3076477
3.3530731, -9.246414, -0.26934814
3.3985748, -9.252396, -0.1879425
3.3830109, -9.23204, -0.08859253
3.4296875, -9.248795, -0.0287323
3.4620209, -9.2643585, 0.04069519
3.4991302, -9.277527, 0.14604187
3.5194702, -9.248795, 0.20350647
3.5601807, -9.252396, 0.25976562
3.5505981, -9.26796, 0.31243896
3.5637665, -9.248795, 0.36271667
3.5565796, -9.294296, 0.41299438
3.5829163, -9.31105, 0.38905334
3.5948944, -9.295486, 0.375885
3.5278625, -9.287109, 0.40582275
3.526657, -9.289505, 0.38905334
3.5362396, -9.278732, 0.39144897
3.5170898, -9.2595825, 0.3902588
3.525467, -9.261963, 0.40342712
3.4919434, -9.321823, 0.34835815
3.4691925, -9.30986, 0.3615265
3.4620209, -9.317032, 0.31243896
3.4404755, -9.34697, 0.33638
3.4165192, -9.344574, 0.37948608
3.4273071, -9.362518, 0.375885
3.4368744, -9.387665, 0.36631775
3.4105377, -9.357742, 0.41539
3.3782196, -9.361328, 0.43215942
3.3626556, -9.362518, 0.42855835
3.305191, -9.333801, 0.43933105
3.2836456, -9.314636, 0.45489502
3.2632904, -9.313446, 0.46566772
3.2549133, -9.308655, 0.4728546
3.272873, -9.2643585, 0.47525024
3.2070312, -9.313446, 0.4692688
3.233368, -9.301468, 0.53749084
3.2118225, -9.334991, 0.549469
3.1699219, -9.370911, 0.50398254
3.1447906, -9.372101, 0.5279236
3.1160583, -9.382874, 0.509964
3.1136627, -9.373306, 0.5195465
3.1004944, -9.411606, 0.5482788
3.0466156, -9.376892, 0.5530548
3.0131073, -9.392456, 0.57699585
3.0011292, -9.385269, 0.52911377
3.0059204, -9.349365, 0.55426025
2.9388885, -9.356537, 0.54348755
2.9317017, -9.333801, 0.56144714
2.936493, -9.3194275, 0.5303192
2.937683, -9.318237, 0.46806335
2.9077606, -9.297882, 0.47166443
2.9544525, -9.326614, 0.50038147
2.952057, -9.3589325, 0.4728546
2.9257202, -9.362518, 0.50398254
2.9616241, -9.368515, 0.5171509
2.9736023, -9.372101, 0.44770813
2.9664154, -9.376892, 0.4513092
2.9939423, -9.386475, 0.46447754
2.992752, -9.356537, 0.47045898
2.975998, -9.339783, 0.4441223
3.015503, -9.339783, 0.39863586
3.04422, -9.320633, 0.38426208
3.0502167, -9.317032, 0.33877563
3.0538025, -9.32901, 0.3028717
3.0466156, -9.325409, 0.32202148
2.9903564, -9.290695, 0.37109375
2.9388885, -9.313446, 0.37948608
2.9221191, -9.314636, 0.39505005
2.9700012, -9.36731, 0.41299438
2.9424744, -9.411606, 0.46566772
2.9484558, -9.433151, 0.4584961
2.9855652, -9.497803, 0.50756836
3.0262756, -9.52533, 0.5207367
3.0250702, -9.58519, 0.53630066
3.0609894, -9.580399, 0.5482788
3.0765533, -9.564835, 0.5410919
3.0406342, -9.515747, 0.49679565
2.9819794, -9.478638, 0.5207367
2.9939423, -9.490616, 0.5877838
2.952057, -9.473862, 0.6248932
2.9400787, -9.471466, 0.65960693
2.929306, -9.471466, 0.6584015
2.968811, -9.498993, 0.6763611
2.9975433, -9.503784, 0.63327026
3.0573883, -9.513367, 0.6428375
3.10289, -9.524139, 0.5913696
3.114853, -9.534912, 0.5710144
3.1280212, -9.504974, 0.6069336
3.0777435, -9.4774475, 0.6476288
3.0047302, -9.417587, 0.66200256
2.992752, -9.376892, 0.6787567
3.0107117, -9.361328, 0.70988464
3.055008, -9.344574, 0.69311523
3.1483765, -9.325409, 0.68833923
3.2130127, -9.331406, 0.67396545
3.288437, -9.352951, 0.68833923
3.313568, -9.352951, 0.6895294
3.3183594, -9.332596, 0.69192505
3.2908325, -9.36731, 0.6823425
3.3351288, -9.354141, 0.6548157
3.3638458, -9.382874, 0.6081238
3.3435059, -9.42598, 0.55784607
3.3219604, -9.40802, 0.50756836
3.2944183, -9.394852, 0.49679565
3.2824554, -9.402023, 0.48243713
3.2525177, -9.381683, 0.45010376
3.2249908, -9.385269, 0.42616272
3.2752686, -9.354141, 0.41778564
3.2740784, -9.303864, 0.39982605
3.2465363, -9.301468, 0.3651123
3.2393494, -9.291901, 0.3615265
3.269287, -9.254791, 0.375885
3.3219604, -9.253586, 0.33039856
3.3351288, -9.233246, 0.28730774
3.3099823, -9.25119, 0.2059021
3.2776642, -9.23204, 0.1771698
3.2441406, -9.210495, 0.13287354
3.2740784, -9.202118, 0.10774231
3.2429504, -9.226059, 0.089782715
3.2477417, -9.222458, 0.07182312
3.2632904, -9.235626, 0.075424194
3.272873, -9.238022, 0.061050415
3.3303375, -9.281128, 0.01675415
3.367447, -9.290695, 0.0143585205
3.4117432, -9.295486, 0.011978149
3.4320831, -9.247604, -0.022750854
3.447647, -9.226059, -0.0095825195
3.4165192, -9.187744, 0.027526855
3.4261017, -9.1410675, 0.089782715
3.4129333, -9.1698, 0.111328125
3.4380798, -9.132675, 0.16758728
3.4644165, -9.096771, 0.23103333
3.4847565, -9.093185, 0.25019836
3.470398, -9.133881, 0.32681274
3.5003204, -9.166199, 0.32681274
3.5242615, -9.147049, 0.39265442
3.5314484, -9.174576, 0.45010376
3.5230713, -9.179367, 0.4010315
3.5482025, -9.178177, 0.45010376
3.5146942, -9.154236, 0.47525024
3.487152, -9.163803, 0.46806335
3.470398, -9.19014, 0.5123596
3.5015259, -9.221268, 0.54467773
3.509903, -9.217682, 0.5566559
3.4847565, -9.216476, 0.5386963
3.5218658, -9.223663, 0.5805969
3.5589752, -9.234436, 0.5638275
3.6008759, -9.261963, 0.5997467
3.5757446, -9.278732, 0.60572815
3.573349, -9.263168, 0.6260834
3.5230713, -9.247604, 0.61172485
3.4919434, -9.208099, 0.6320648
3.502716, -9.218872, 0.5961609
3.4656067, -9.194931, 0.5458832
3.4739838, -9.17218, 0.59376526
3.4763794, -9.215286, 0.6033325
3.4715881, -9.197327, 0.5997467
3.4895477, -9.203308, 0.59376526
3.4667969, -9.236832, 0.6201019
3.4691925, -9.23204, 0.62368774
3.4141388, -9.2404175, 0.5985565
3.384201, -9.26796, 0.57580566
3.4213104, -9.306259, 0.5782013
3.4129333, -9.303864, 0.5279236
3.3830109, -9.293091, 0.51834106
3.3889923, -9.301468, 0.5351105
3.4201202, -9.3194275, 0.5123596
3.4117432, -9.275131, 0.533905
3.4105377, -9.26915, 0.46806335
3.3865967, -9.265564, 0.48362732
3.3650513, -9.246414, 0.4728546
3.384201, -9.229645, 0.4740448
3.3698425, -9.197327, 0.5087738
3.3470917, -9.245209, 0.5231323
3.3351288, -9.23085, 0.50756836
3.3351288, -9.273941, 0.4920044
3.3387146, -9.26915, 0.49560547
3.3195648, -9.26796, 0.47883606
3.3255463, -9.277527, 0.48483276
3.3016052, -9.295486, 0.47166443
3.3040009, -9.281128, 0.49679565
3.2716827, -9.294296, 0.50756836
3.2644958, -9.294296, 0.49440002
3.2644958, -9.307465, 0.46687317
3.2740784, -9.276337, 0.45489502
3.2465363, -9.275131, 0.43814087
3.2393494, -9.297882, 0.43693542
3.2621002, -9.313446, 0.41778564
3.2680817, -9.314636, 0.41419983
3.2836456, -9.295486, 0.3938446
3.2800598, -9.293091, 0.3902588
3.245346, -9.270355, 0.40821838
3.2465363, -9.2643585, 0.4405365
3.2405548, -9.2883, 0.43215942
3.265686, -9.296692, 0.42616272
3.2537231, -9.241623, 0.44770813
3.2956238, -9.26796, 0.43095398
3.3147736, -9.260773, 0.44293213
3.336319, -9.271545, 0.4740448
3.3351288, -9.290695, 0.47045898
3.3111877, -9.302673, 0.4632721
3.36026, -9.291901, 0.41659546
3.368637, -9.2799225, 0.45968628
3.3878021, -9.2883, 0.4584961
3.4165192, -9.302673, 0.4908142
3.4440613, -9.295486, 0.45489502
3.4440613, -9.290695, 0.4920044
3.4775848, -9.287109, 0.49320984
3.494339, -9.275131, 0.5015869
3.5194702, -9.281128, 0.46566772
3.5362396, -9.275131, 0.47764587
3.5565796, -9.255981, 0.49320984
3.5434113, -9.282318, 0.4920044
3.5326385, -9.26796, 0.4800415
3.609253, -9.247604, 0.48243713
3.605667, -9.238022, 0.49679565
3.6068573, -9.242813, 0.49440002
3.5865173, -9.212891, 0.50038147
3.621231, -9.204514, 0.48960876
3.5769348, -9.215286, 0.47644043
3.5793304, -9.222458, 0.43814087
3.6020813, -9.217682, 0.45610046
3.5841217, -9.221268, 0.42497253
3.581726, -9.233246, 0.375885
3.5709534, -9.285904, 0.38546753
3.5673676, -9.272736, 0.34835815
3.5937042, -9.306259, 0.32920837
3.557785, -9.332596, 0.34117126
3.541031, -9.355347, 0.32920837
3.5482025, -9.297882, 0.26576233
3.4811707, -9.272736, 0.26576233
3.4835663, -9.289505, 0.23822021
3.4811707, -9.281128, 0.20350647
3.463211, -9.290695, 0.1484375
3.4213104, -9.31105, 0.13168335
3.3949738, -9.301468, 0.113723755
3.3710327, -9.299072, 0.1149292
3.3387146, -9.313446, 0.06703186
3.3183594, -9.324219, 0.05027771
3.2860413, -9.308655, -0.015563965
3.2345734, -9.327805, -0.008377075
3.2477417, -9.325409, -0.0047912598
3.2237854, -9.321823, -0.010772705
3.1890717, -9.326614, -0.05267334
3.162735, -9.315842, -0.049087524
3.1591492, -9.325409, -0.073028564
3.166336, -9.321823, -0.101760864
3.1376038, -9.337387, -0.082595825
3.111267, -9.345764, -0.02154541
3.114853, -9.357742, -0.0023956299
3.1040802, -9.343369, -0.020355225
3.094513, -9.357742, -0.0047912598
3.1483765, -9.345764, -0.0011901855
3.118454, -9.357742, 0.022750854
3.0957031, -9.378082, 0.03352356
3.1052856, -9.357742, 0.058654785
3.114853, -9.325409, 0.06942749
3.0957031, -9.345764, 0.12808228
3.0980988, -9.327805, 0.16879272
3.0885162, -9.336197, 0.18914795
3.1100616, -9.349365, 0.2166748
3.111267, -9.3302, 0.2059021
3.1459808, -9.34816, 0.25976562
3.1806946, -9.349365, 0.30885315
3.150772, -9.338577, 0.3076477
3.1675262, -9.333801, 0.33758545
3.1926727, -9.334991, 0.3938446
3.178299, -9.313446, 0.3938446
3.1795044, -9.293091, 0.43455505
3.1890717, -9.313446, 0.44891357
3.1819, -9.31105, 0.48960876
3.210617, -9.263168, 0.49440002
3.2201996, -9.282318, 0.46566772
3.2369537, -9.306259, 0.5410919
3.2824554, -9.285904, 0.52911377
3.2872314, -9.277527, 0.55426025
3.284851, -9.246414, 0.5518646
3.2992096, -9.248795, 0.5530548
3.289627, -9.235626, 0.5901642
3.2872314, -9.260773, 0.61291504
3.3099823, -9.260773, 0.5746155
3.3195648, -9.291901, 0.5985565
3.3219604, -9.30986, 0.6188965
3.3351288, -9.2799225, 0.55426025
3.3638458, -9.320633, 0.55545044
3.3818054, -9.3194275, 0.59376526
3.3901825, -9.314636, 0.5973511
3.3985748, -9.278732, 0.60095215
3.3746338, -9.295486, 0.54467773
3.351883, -9.281128, 0.5817871
3.3267365, -9.265564, 0.5686188
3.3470917, -9.221268, 0.5279236
3.320755, -9.236832, 0.50756836
3.3099823, -9.276337, 0.49560547
3.3003998, -9.253586, 0.509964
3.2740784, -9.221268, 0.48243713
3.2465363, -9.271545, 0.46087646
3.2860413, -9.271545, 0.43574524
3.3315277, -9.307465, 0.4333496
3.312378, -9.368515, 0.4118042
3.3195648, -9.343369, 0.3423767
3.288437, -9.355347, 0.3543396
3.2920227, -9.354141, 0.34596252
3.2788544, -9.325409, 0.32800293
3.2752686, -9.315842, 0.29927063
3.2525177, -9.32901, 0.28970337
3.2549133, -9.307465, 0.25857544
3.2321777, -9.276337, 0.20948792
3.2142181, -9.296692, 0.22026062
3.1986542, -9.282318, 0.1771698
3.2142181, -9.289505, 0.1771698
3.221405, -9.30986, 0.19154358
3.2381592, -9.321823, 0.17837524
3.2441406, -9.332596, 0.1484375
3.241745, -9.345764, 0.15322876
3.1962585, -9.31105, 0.17118835
3.221405, -9.282318, 0.16281128
3.1795044, -9.253586, 0.1197052
3.1555634, -9.236832, 0.12808228
3.1411896, -9.23085, 0.116119385
3.1711273, -9.25, 0.084991455
3.178299, -9.276337, 0.09336853
3.1842957, -9.312241, 0.108932495
3.2668915, -9.323029, 0.13526917
3.2872314, -9.345764, 0.1304779
3.3075867, -9.323029, 0.12210083
3.2920227, -9.287109, 0.13407898
3.329132, -9.25119, 0.13407898
3.327942, -9.242813, 0.14604187
3.269287, -9.199722, 0.1592102
3.269287, -9.199722, 0.1771698
3.336319, -9.2248535, 0.20111084
3.3626556, -9.215286, 0.22146606
3.3614655, -9.2404175, 0.27772522
3.367447, -9.270355, 0.27772522
3.399765, -9.315842, 0.28730774
3.454834, -9.34816, 0.2861023
3.485962, -9.380478, 0.26216125
3.502716, -9.394852, 0.3028717
3.478775, -9.388855, 0.3423767
3.5039215, -9.385269, 0.33877563
3.502716, -9.337387, 0.31843567
3.430893, -9.2883, 0.3471527
3.4141388, -9.297882, 0.36032104
3.3459015, -9.270355, 0.37828064
3.3423004, -9.26796, 0.39144897
3.3506927, -9.282318, 0.3651123
3.329132, -9.277527, 0.37948608
3.320755, -9.289505, 0.36631775
3.3470917, -9.337387, 0.38546753
3.3722382, -9.372101, 0.34835815
3.329132, -9.381683, 0.36750793
3.312378, -9.379288, 0.36271667
3.265686, -9.40802, 0.36990356
3.2764587, -9.378082, 0.39265442
3.288437, -9.380478, 0.39624023
3.2776642, -9.397247, 0.36750793
3.272873, -9.42836, 0.39863586
3.2321777, -9.375687, 0.39624023
3.2525177, -9.360138, 0.41419983
3.2357635, -9.343369, 0.41299438
3.221405, -9.315842, 0.43574524
3.2094269, -9.306259, 0.44172668
3.150772, -9.253586, 0.41539
3.1435852, -9.218872, 0.42497253
3.1483765, -9.1805725, 0.4225769
3.10289, -9.18895, 0.43215942
3.0765533, -9.137466, 0.4405365
3.0741577, -9.133881, 0.4632721
3.0418396, -9.147049, 0.5051727
3.0226746, -9.166199, 0.4728546
3.0262756, -9.199722, 0.509964
3.0657806, -9.275131, 0.5351105
3.1376038, -9.327805, 0.55784607
3.1723175, -9.374496, 0.549469
3.2118225, -9.4379425, 0.549469
3.2764587, -9.447525, 0.59376526
3.2932281, -9.421188, 0.5590515
3.3159637, -9.406815, 0.5877838
3.329132, -9.326614, 0.5853882
3.3219604, -9.242813, 0.588974
3.296814, -9.162613, 0.58299255
3.308792, -9.11113, 0.61291504
3.313568, -9.047684, 0.5985565
3.3040009, -8.981842, 0.57221985
3.320755, -8.986633, 0.61172485
3.3710327, -9.010574, 0.56622314
3.4500427, -9.028534, 0.5231323
3.4907532, -9.082397, 0.5135498
3.566162, -9.162613, 0.48602295
3.645172, -9.217682, 0.44172668
3.7265778, -9.244019, 0.46687317
3.770874, -9.323029, 0.42018127
3.794815, -9.313446, 0.36631775
3.7972107, -9.275131, 0.3423767
3.8367157, -9.275131, 0.34117126
3.8522644, -9.25, 0.28849792
3.870224, -9.211685, 0.22505188
3.8762054, -9.186554, 0.21427917
3.8762054, -9.167404, 0.18196106
3.9121246, -9.130295, 0.13407898
3.942047, -9.182968, 0.06225586
3.9779663, -9.223663, 0.0059814453
3.9911346, -9.222458, -0.065841675
4.043808, -9.227249, -0.053863525
4.035431, -9.289505, -0.123306274
4.0426025, -9.334991, -0.14485168
4.0186615, -9.333801, -0.22265625
3.964798, -9.345764, -0.27893066
3.9360657, -9.372101, -0.34835815
3.9001617, -9.354141, -0.40222168
3.8091736, -9.318237, -0.45489502
3.69664, -9.278732, -0.47764587
3.5865173, -9.25119, -0.51594543
3.4931335, -9.226059, -0.50038147
3.4129333, -9.235626, -0.5123596
3.3255463, -9.242813, -0.5674286
3.2465363, -9.187744, -0.5602417
3.1854858, -9.211685, -0.5351105
3.1447906, -9.223663, -0.5458832
3.0825348, -9.239227, -0.5207367
3.0609894, -9.307465, -0.47764587
3.0430298, -9.336197, -0.39863586
2.999939, -9.387665, -0.34596252
2.9879608, -9.39006, -0.36271667
3.0059204, -9.372101, -0.3256073
2.9592285, -9.39006, -0.24420166
2.9616241, -9.34816, -0.21308899
2.9496613, -9.318237, -0.13407898
2.9352875, -9.331406, -0.07182312
2.968811, -9.282318, -0.04309082
2.9412842, -9.289505, 0.020355225
2.9101562, -9.314636, 0.03352356
2.9221191, -9.313446, 0.094573975
2.9496613, -9.323029, 0.13887024
2.9233246, -9.297882, 0.19392395
2.9616241, -9.357742, 0.21907043
2.984375, -9.393646, 0.25737
2.9951477, -9.416397, 0.331604
3.0430298, -9.440338, 0.36750793
3.0430298, -9.463089, 0.44172668
3.0346527, -9.452301, 0.49320984
3.02388, -9.452301, 0.4632721
3.0561981, -9.463089, 0.5123596
3.0765533, -9.447525, 0.5506592
3.0645752, -9.42598, 0.5686188
3.059784, -9.396042, 0.61172485
3.0490112, -9.3589325, 0.62727356
3.0502167, -9.380478, 0.6428375
3.0119019, -9.34816, 0.66200256
3.0131073, -9.339783, 0.6763611
3.0561981, -9.36731, 0.6787567
3.0813446, -9.391251, 0.6871338
3.0885162, -9.369705, 0.7362213
3.118454, -9.362518, 0.76016235
3.1567535, -9.370911, 0.80085754
3.1567535, -9.356537, 0.8164215
3.154358, -9.34697, 0.7912903
3.1328125, -9.334991, 0.77093506
3.1447906, -9.301468, 0.7661438
3.1363983, -9.287109, 0.8379669
3.0980988, -9.241623, 0.8355713
3.1591492, -9.244019, 0.86190796
3.2118225, -9.245209, 0.8631134
3.2190094, -9.244019, 0.8643036
3.226181, -9.25119, 0.841568
3.2441406, -9.248795, 0.84754944
3.2788544, -9.26796, 0.8200073
3.305191, -9.276337, 0.82958984
3.3303375, -9.258377, 0.84754944
3.336319, -9.257187, 0.8092346
3.3542786, -9.248795, 0.79248047
3.3889923, -9.26915, 0.8128357
3.4296875, -9.26915, 0.78889465
3.4177246, -9.25, 0.7745209
3.4033508, -9.253586, 0.7541809
3.4380798, -9.263168, 0.7338257
3.4488525, -9.2799225, 0.7362213
3.4416656, -9.266754, 0.7457886
3.478775, -9.257187, 0.73861694
3.4644165, -9.291901, 0.6763611
3.4823608, -9.305069, 0.6464386
3.5039215, -9.2883, 0.6188965
3.5063019, -9.303864, 0.56503296
3.5015259, -9.26915, 0.55545044
3.487152, -9.247604, 0.5027771
3.4895477, -9.245209, 0.47883606
3.5146942, -9.266754, 0.4405365
3.4799652, -9.25, 0.3722992
3.4428558, -9.221268, 0.331604
3.4823608, -9.222458, 0.3076477
3.4368744, -9.226059, 0.2849121
3.4680023, -9.236832, 0.22865295
3.4907532, -9.234436, 0.16758728
3.4596252, -9.233246, 0.14604187
3.4428558, -9.255981, 0.1376648
3.4763794, -9.25119, 0.08140564
3.4727936, -9.270355, 0.073028564
3.4572296, -9.278732, -0.01914978
3.4691925, -9.297882, -0.07182312
3.4763794, -9.297882, -0.092178345
3.4823608, -9.278732, -0.1257019
3.4620209, -9.277527, -0.12210083
3.4919434, -9.342178, -0.1376648
3.4368744, -9.324219, -0.19033813
3.485962, -9.283524, -0.22265625
3.4416656, -9.325409, -0.22026062
3.430893, -9.323029, -0.22744751
3.4189148, -9.299072, -0.24899292
3.408142, -9.307465, -0.25378418
3.3937836, -9.276337, -0.26815796
3.367447, -9.2643585, -0.2849121
3.3554688, -9.25119, -0.2238617
3.3506927, -9.295486, -0.20829773
3.3339233, -9.297882, -0.19631958
3.3351288, -9.303864, -0.14964294
3.2944183, -9.344574, -0.17956543
3.2956238, -9.333801, -0.10055542
3.3003998, -9.351746, -0.12210083
3.2932281, -9.376892, -0.10534668
3.2716827, -9.345764, -0.06463623
3.1950684, -9.318237, -0.03112793
3.1723175, -9.3194275, 0.017959595
3.1819, -9.360138, 0.073028564
3.1806946, -9.332596, 0.05506897
3.1591492, -9.323029, 0.11253357
3.1711273, -9.364914, 0.1484375
3.157959, -9.370911, 0.18554688
3.154358, -9.355347, 0.20231628
3.1328125, -9.349365, 0.20709229
3.1459808, -9.368515, 0.2669525
3.1459808, -9.351746, 0.25498962
3.1483765, -9.361328, 0.2956848
3.147171, -9.351746, 0.33877563
3.1160583, -9.326614, 0.35794067
3.1316223, -9.314636, 0.36990356
3.1842957, -9.318237, 0.3722992
3.118454, -9.338577, 0.4010315
3.111267, -9.327805, 0.42736816
3.1220398, -9.315842, 0.41539
3.114853, -9.339783, 0.48721313
3.1196442, -9.303864, 0.51834106
3.1304169, -9.339783, 0.55545044
3.0980988, -9.351746, 0.5303192
3.1280212, -9.336197, 0.5793915
3.1519623, -9.345764, 0.5793915
3.1352081, -9.345764, 0.61172485
3.1603394, -9.331406, 0.59495544
3.1519623, -9.314636, 0.5686188
3.1735077, -9.305069, 0.60453796
3.162735, -9.294296, 0.5985565
3.1340027, -9.314636, 0.6212921
3.1447906, -9.285904, 0.6476288
3.162735, -9.261963, 0.61172485
3.162735, -9.281128, 0.59376526
3.1806946, -9.285904, 0.6392517
3.2130127, -9.287109, 0.64164734
3.1819, -9.303864, 0.6488342
3.20224, -9.306259, 0.6428375
3.2130127, -9.324219, 0.6476288
3.229782, -9.368515, 0.6584015
3.2190094, -9.363724, 0.64164734
3.2249908, -9.32901, 0.6212921
3.2465363, -9.308655, 0.63087463
3.2561188, -9.333801, 0.6368561
3.2154083, -9.325409, 0.63327026
3.217804, -9.300278, 0.6105194
3.2321777, -9.308655, 0.6081238
3.2369537, -9.331406, 0.60214233
3.2249908, -9.340973, 0.5817871
3.2632904, -9.344574, 0.5805969
3.2585144, -9.343369, 0.57580566
3.2393494, -9.362518, 0.549469
3.265686, -9.373306, 0.53271484
3.2285767, -9.342178, 0.5398865
3.2357635, -9.349365, 0.5087738
3.241745, -9.324219, 0.47883606
3.2405548, -9.364914, 0.49679565
3.2381592, -9.355347, 0.45968628
3.2441406, -9.3302, 0.43574524
3.2561188, -9.356537, 0.4046173
3.233368, -9.379288, 0.42138672
3.2369537, -9.339783, 0.39743042
3.190277, -9.339783, 0.3830719
3.2010498, -9.369705, 0.36990356
3.2154083, -9.372101, 0.34477234
3.2237854, -9.396042, 0.296875
3.2118225, -9.364914, 0.22744751
3.2118225, -9.354141, 0.22505188
3.2130127, -9.400833, 0.2346344
3.193863, -9.372101, 0.20709229
3.1699219, -9.357742, 0.21907043
3.1819, -9.350555, 0.17118835
3.1735077, -9.3589325, 0.17358398
3.1795044, -9.378082, 0.16400146
3.1555634, -9.370911, 0.13287354
3.1220398, -9.374496, 0.13887024
3.1459808, -9.373306, 0.13526917
3.178299, -9.369705, 0.09336853
3.166336, -9.382874, 0.10534668
3.1459808, -9.368515, 0.082595825
3.1759033, -9.397247, 0.089782715
3.1723175, -9.396042, 0.05986023
3.1483765, -9.343369, 0.06703186
3.1435852, -9.368515, 0.046691895
3.1136627, -9.366119, 0.09336853
3.1172485, -9.362518, 0.08380127
3.1615448, -9.350555, 0.053863525
3.1531677, -9.3589325, 0.089782715
3.1100616, -9.34816, 0.08380127
3.1292267, -9.363724, 0.084991455
3.114853, -9.337387, 0.09336853
3.142395, -9.342178, 0.108932495
3.12323, -9.343369, 0.12808228
3.1316223, -9.342178, 0.14964294
3.114853, -9.350555, 0.16998291
3.1531677, -9.356537, 0.1771698
3.162735, -9.331406, 0.2238617
3.1603394, -9.3302, 0.21786499
3.1615448, -9.388855, 0.23103333
3.1603394, -9.361328, 0.25857544
3.1591492, -9.3302, 0.30047607
3.2010498, -9.340973, 0.3148346
3.1890717, -9.312241, 0.30885315
3.1603394, -9.325409, 0.33518982
3.1687317, -9.323029, 0.36871338
3.2142181, -9.326614, 0.38546753
3.1819, -9.327805, 0.40821838
3.1854858, -9.317032, 0.43215942
3.2166138, -9.315842, 0.4237671
3.2010498, -9.320633, 0.47764587
3.2441406, -9.345764, 0.45370483
3.2644958, -9.331406, 0.5231323
3.2764587, -9.34697, 0.48602295
3.288437, -9.313446, 0.509964
3.2824554, -9.302673, 0.51116943
3.245346, -9.290695, 0.49679565
3.2776642, -9.285904, 0.5386963
3.2764587, -9.293091, 0.5518646
3.269287, -9.289505, 0.54707336
3.2525177, -9.284714, 0.5051727
3.2740784, -9.293091, 0.52552795
3.2740784, -9.284714, 0.5746155
3.3016052, -9.291901, 0.5386963
3.2944183, -9.297882, 0.5207367
3.28125, -9.305069, 0.51475525
3.289627, -9.295486, 0.54348755
3.3339233, -9.283524, 0.51594543
3.3255463, -9.317032, 0.5135498
3.3183594, -9.308655, 0.48841858
3.3099823, -9.300278, 0.44172668
3.28125, -9.287109, 0.4632721
3.3027954, -9.287109, 0.4297638
3.324356, -9.313446, 0.45010376
3.288437, -9.326614, 0.4225769
3.3016052, -9.300278, 0.37469482
3.2944183, -9.301468, 0.3722992
3.2621002, -9.271545, 0.38546753
3.2704773, -9.306259, 0.31124878
3.2944183, -9.325409, 0.27174377
3.2836456, -9.321823, 0.29328918
3.2980194, -9.290695, 0.2561798
3.3016052, -9.315842, 0.24780273
3.241745, -9.338577, 0.21907043
3.2680817, -9.312241, 0.19631958
3.2668915, -9.320633, 0.18435669
3.2537231, -9.321823, 0.123306274
3.226181, -9.318237, 0.084991455
3.2046356, -9.31105, 0.09576416
3.1998444, -9.277527, 0.11253357
3.2381592, -9.272736, 0.05267334
3.2154083, -9.290695, 0.08140564
3.20224, -9.318237, 0.046691895
3.1962585, -9.321823, 0.0095825195
3.205841, -9.3194275, 0.013168335
3.2190094, -9.331406, 0.041900635
3.2525177, -9.349365, 0.0
3.2321777, -9.345764, -0.01914978
3.2285767, -9.351746, 0.0023956299
3.20224, -9.318237, -0.0035858154
3.210617, -9.314636, -0.01914978
3.2237854, -9.305069, -0.0035858154
3.1926727, -9.287109, 0.03831482
3.1747131, -9.2799225, 0.051467896
3.1759033, -9.278732, 0.087387085
3.205841, -9.290695, 0.082595825
3.2190094, -9.30986, 0.087387085
3.229782, -9.317032, 0.1149292
3.2429504, -9.312241, 0.1304779
3.210617, -9.32901, 0.12928772
3.2309723, -9.3194275, 0.19273376
3.245346, -9.321823, 0.25019836
3.2154083, -9.2883, 0.22026062
3.2166138, -9.299072, 0.2346344

