x : y : Z 
3.312378, -9.299072, -0.010772705
3.3614655, -9.278732, 0.020355225
3.344696, -9.263168, 0.05027771
3.3638458, -9.26915, 0.075424194
3.368637, -9.26915, 0.080200195
3.367447, -9.272736, 0.12808228
3.375824, -9.270355, 0.16520691
3.3554688, -9.244019, 0.15802002
3.3578644, -9.228455, 0.17956543
3.3794098, -9.202118, 0.16281128
3.3854065, -9.227249, 0.2166748
3.3782196, -9.245209, 0.26934814
3.3973694, -9.25, 0.30526733
3.4141388, -9.2643585, 0.28012085
3.4189148, -9.308655, 0.26934814
3.3662415, -9.320633, 0.2813263
3.3722382, -9.305069, 0.3148346
3.3865967, -9.315842, 0.35194397
3.3327332, -9.3302, 0.33758545
3.3303375, -9.333801, 0.33638
3.2956238, -9.34816, 0.36631775
3.3375244, -9.3302, 0.3615265
3.2944183, -9.307465, 0.29089355
3.2836456, -9.302673, 0.3040619
3.2094269, -9.325409, 0.29808044
3.197464, -9.314636, 0.3136444
3.1687317, -9.326614, 0.31243896
3.114853, -9.332596, 0.3076477
3.1244354, -9.344574, 0.30885315
3.1160583, -9.308655, 0.3076477
3.1100616, -9.278732, 0.30645752
3.071762, -9.336197, 0.29447937
3.1304169, -9.357742, 0.30047607
3.111267, -9.418793, 0.33398438
3.1076813, -9.402023, 0.30526733
3.1052856, -9.388855, 0.3423767
3.1376038, -9.406815, 0.32081604
3.1256256, -9.42598, 0.33398438
3.1363983, -9.403229, 0.32202148
3.1076813, -9.397247, 0.3423767
3.1160583, -9.351746, 0.3327942
3.1076813, -9.373306, 0.30526733
3.1435852, -9.356537, 0.375885
3.1292267, -9.3302, 0.34954834
3.0777435, -9.294296, 0.35075378
3.0801392, -9.293091, 0.3902588
3.078949, -9.23085, 0.3818817
3.087326, -9.217682, 0.38546753
3.1016846, -9.208099, 0.4118042
3.0681763, -9.197327, 0.40342712
3.0621796, -9.23085, 0.39265442
3.055008, -9.277527, 0.41539
3.0801392, -9.31105, 0.4237671
3.150772, -9.410416, 0.4405365
3.2225952, -9.451111, 0.4405365
3.2154083, -9.404419, 0.44651794
3.2381592, -9.355347, 0.4728546
3.2477417, -9.375687, 0.46447754
3.2130127, -9.326614, 0.49560547
3.1651306, -9.305069, 0.46566772
3.157959, -9.30986, 0.4800415
3.1531677, -9.374496, 0.5063782
3.2345734, -9.404419, 0.4740448
3.2513275, -9.440338, 0.46687317
3.2908325, -9.463089, 0.44172668
3.3399048, -9.470261, 0.45968628
3.3423004, -9.447525, 0.47166443
3.344696, -9.422379, 0.4620819
3.327942, -9.343369, 0.43693542
3.3183594, -9.270355, 0.42736816
3.2345734, -9.18895, 0.48960876
3.1986542, -9.144653, 0.45729065
3.1950684, -9.113525, 0.46087646
3.20224, -9.078812, 0.46087646
3.229782, -9.114731, 0.47045898
3.3016052, -9.149445, 0.43814087
3.3530731, -9.202118, 0.46566772
3.4021606, -9.235626, 0.42497253
3.4261017, -9.296692, 0.41419983
3.4691925, -9.3589325, 0.41778564
3.5122986, -9.364914, 0.4333496
3.530243, -9.379288, 0.3902588
3.5374298, -9.406815, 0.40821838
3.5362396, -9.391251, 0.42736816
3.5314484, -9.366119, 0.4046173
3.5290527, -9.291901, 0.3722992
3.5326385, -9.25119, 0.33518982
3.5086975, -9.222458, 0.36271667
3.4656067, -9.199722, 0.3615265
3.470398, -9.176971, 0.32081604
3.4751892, -9.17218, 0.32920837
3.4811707, -9.221268, 0.28970337
3.5470123, -9.248795, 0.2633667
3.5218658, -9.290695, 0.22026062
3.541031, -9.32901, 0.18075562
3.5996857, -9.384079, 0.14604187
3.5613708, -9.419983, 0.1149292
3.5685577, -9.415192, 0.065841675
3.580536, -9.385269, 0.0287323
3.541031, -9.350555, 0.02154541
3.4907532, -9.308655, -0.020355225
3.446457, -9.245209, -0.05506897
3.4380798, -9.197327, -0.05506897
3.3865967, -9.157822, -0.06703186
3.3315277, -9.136276, -0.14006042
3.272873, -9.094376, -0.14006042
3.3111877, -9.123108, -0.17956543
3.3003998, -9.1805725, -0.17837524
3.305191, -9.258377, -0.18914795
3.3638458, -9.314636, -0.22146606
3.3099823, -9.380478, -0.21427917
3.313568, -9.397247, -0.23223877
3.324356, -9.405624, -0.19871521
3.257309, -9.382874, -0.20709229
3.217804, -9.344574, -0.16998291
3.221405, -9.305069, -0.17118835
3.186676, -9.296692, -0.14724731
3.1208344, -9.307465, -0.08859253
3.147171, -9.305069, -0.077804565
3.1316223, -9.297882, -0.034713745
3.1196442, -9.3194275, -0.020355225
3.0693665, -9.375687, -0.0023956299
3.075348, -9.372101, 0.011978149
3.094513, -9.391251, 0.029922485
3.10289, -9.423584, 0.058654785
3.1040802, -9.453506, 0.065841675
3.1100616, -9.448715, 0.10295105
3.0585938, -9.445129, 0.14485168
3.035843, -9.447525, 0.14125061
2.9903564, -9.4379425, 0.2059021
2.960434, -9.44632, 0.25378418
2.9783936, -9.415192, 0.23822021
2.977188, -9.385269, 0.25019836
2.929306, -9.372101, 0.27293396
2.9328918, -9.411606, 0.2861023
2.9269104, -9.405624, 0.31004333
2.920929, -9.423584, 0.31124878
2.913742, -9.42836, 0.30885315
2.8802185, -9.421188, 0.3830719
2.8766327, -9.42717, 0.38426208
2.8634644, -9.406815, 0.40342712
2.8670502, -9.439133, 0.3651123
2.9017792, -9.458298, 0.3938446
2.9221191, -9.451111, 0.43095398
2.960434, -9.459488, 0.41539
2.9185333, -9.447525, 0.45489502
2.9185333, -9.431961, 0.4513092
2.9508514, -9.435547, 0.46566772
2.9352875, -9.418793, 0.4513092
2.9089508, -9.412811, 0.46806335
2.8838196, -9.393646, 0.4728546
2.8682556, -9.379288, 0.5063782
2.8610687, -9.361328, 0.5386963
2.898178, -9.372101, 0.5566559
2.94487, -9.326614, 0.5674286
2.9508514, -9.342178, 0.5458832
2.9496613, -9.332596, 0.5602417
2.975998, -9.354141, 0.52552795
2.980774, -9.337387, 0.60453796
2.9891663, -9.339783, 0.63446045
3.0190887, -9.379288, 0.5961609
3.035843, -9.334991, 0.63446045
3.0526123, -9.334991, 0.68115234
3.0669708, -9.345764, 0.6548157
3.0909119, -9.361328, 0.65600586
3.118454, -9.334991, 0.6787567
3.1459808, -9.320633, 0.69911194
3.186676, -9.315842, 0.6967163
3.2201996, -9.302673, 0.7122803
3.2010498, -9.314636, 0.7158661
3.2513275, -9.2883, 0.7146759
3.2704773, -9.325409, 0.6979065
3.289627, -9.294296, 0.70628357
3.3159637, -9.283524, 0.72784424
3.3399048, -9.313446, 0.74220276
3.3590698, -9.293091, 0.723053
3.3794098, -9.305069, 0.68473816
3.423706, -9.333801, 0.7146759
3.4296875, -9.317032, 0.6979065
3.4380798, -9.299072, 0.6799469
3.4584198, -9.300278, 0.6584015
3.4296875, -9.281128, 0.63446045
3.4452515, -9.277527, 0.56622314
3.447647, -9.271545, 0.5985565
3.4500427, -9.257187, 0.5805969
3.4811707, -9.257187, 0.54707336
3.4715881, -9.282318, 0.5422821
3.5039215, -9.272736, 0.48483276
3.4907532, -9.270355, 0.43574524
3.4919434, -9.294296, 0.4524994
3.4763794, -9.306259, 0.39624023
3.4368744, -9.284714, 0.3435669
3.4512482, -9.294296, 0.331604
3.423706, -9.308655, 0.27293396
3.4141388, -9.323029, 0.2454071
3.4117432, -9.324219, 0.17956543
3.4045563, -9.343369, 0.14245605
3.4296875, -9.337387, 0.101760864
3.3973694, -9.296692, 0.02633667
3.351883, -9.303864, -0.020355225
3.3327332, -9.323029, -0.04548645
3.3351288, -9.315842, -0.07182312
3.3195648, -9.293091, -0.104141235
3.2860413, -9.305069, -0.16520691
3.296814, -9.313446, -0.17597961
3.2369537, -9.320633, -0.18315125
3.2142181, -9.334991, -0.24780273
3.2441406, -9.325409, -0.25857544
3.1998444, -9.315842, -0.296875
3.20224, -9.312241, -0.292099
3.2046356, -9.30986, -0.3040619
3.1723175, -9.336197, -0.27293396
3.1711273, -9.333801, -0.2813263
3.1771088, -9.345764, -0.23942566
3.1340027, -9.350555, -0.23703003
3.1292267, -9.355347, -0.2166748
3.1483765, -9.362518, -0.17597961
3.1747131, -9.372101, -0.13287354
3.12323, -9.337387, -0.108932495
3.0897217, -9.349365, -0.06942749
3.0968933, -9.369705, -0.06942749
3.0861206, -9.323029, 0.0023956299
3.1208344, -9.343369, 0.07901001
3.0921173, -9.340973, 0.111328125
3.0897217, -9.324219, 0.13526917
3.114853, -9.350555, 0.15441895
3.1160583, -9.343369, 0.13287354
3.118454, -9.323029, 0.22026062
3.1256256, -9.352951, 0.26455688
3.1280212, -9.34816, 0.2849121
3.138794, -9.343369, 0.3148346
3.1567535, -9.334991, 0.33398438
3.138794, -9.379288, 0.34117126
3.1483765, -9.362518, 0.3543396
3.2034454, -9.3589325, 0.37348938
3.1735077, -9.325409, 0.3818817
3.150772, -9.332596, 0.43095398
3.1483765, -9.363724, 0.44172668
3.1819, -9.360138, 0.46687317
3.1914673, -9.354141, 0.53749084
3.1819, -9.350555, 0.5506592
3.1878815, -9.386475, 0.5746155
3.1986542, -9.34697, 0.5746155
3.2345734, -9.340973, 0.60214233
3.2201996, -9.334991, 0.60095215
3.2190094, -9.373306, 0.6141052
3.1926727, -9.340973, 0.6141052
3.190277, -9.332596, 0.59495544
3.1914673, -9.338577, 0.6105194
3.178299, -9.337387, 0.60095215
3.1747131, -9.340973, 0.58657837
3.1603394, -9.345764, 0.5853882
3.1340027, -9.336197, 0.53749084
3.1735077, -9.354141, 0.52433777
3.1615448, -9.334991, 0.57221985
3.154358, -9.34697, 0.52433777
3.1687317, -9.349365, 0.4728546
3.1352081, -9.36731, 0.47166443
3.1052856, -9.350555, 0.4740448
3.1244354, -9.339783, 0.37709045
3.1340027, -9.364914, 0.39144897
3.1124573, -9.333801, 0.41299438
3.0921173, -9.354141, 0.39265442
3.0825348, -9.34816, 0.34954834
3.0765533, -9.360138, 0.33039856
3.0861206, -9.349365, 0.331604
3.1160583, -9.370911, 0.32800293
3.1004944, -9.384079, 0.3423767
3.1076813, -9.361328, 0.33518982
3.0897217, -9.374496, 0.26216125
3.087326, -9.387665, 0.30526733
3.0705566, -9.374496, 0.29808044
3.0669708, -9.36731, 0.296875
3.0705566, -9.34816, 0.28251648
3.0861206, -9.350555, 0.2669525
3.075348, -9.352951, 0.24659729
3.0705566, -9.339783, 0.30526733
3.1040802, -9.3302, 0.28370667
3.1340027, -9.320633, 0.2849121
3.1076813, -9.331406, 0.26934814
3.1435852, -9.333801, 0.22625732
3.142395, -9.31105, 0.29328918
3.1340027, -9.30986, 0.30047607
3.1495667, -9.351746, 0.331604
3.20224, -9.342178, 0.31843567
3.2166138, -9.315842, 0.3244171
3.2249908, -9.3194275, 0.2849121
3.2621002, -9.326614, 0.3040619
3.2932281, -9.327805, 0.34117126
3.269287, -9.323029, 0.3148346
3.2597046, -9.314636, 0.32920837
3.2632904, -9.302673, 0.31723022
3.3027954, -9.306259, 0.3076477
3.2860413, -9.317032, 0.34117126
3.3183594, -9.334991, 0.33518982
3.308792, -9.302673, 0.3256073
3.3303375, -9.300278, 0.3076477
3.3782196, -9.312241, 0.28730774
3.3470917, -9.320633, 0.29927063
3.3698425, -9.297882, 0.31243896
3.3159637, -9.305069, 0.29089355
3.313568, -9.295486, 0.26934814
3.3506927, -9.2883, 0.31604004
3.36026, -9.312241, 0.30166626
3.3590698, -9.297882, 0.25378418
3.3315277, -9.287109, 0.27053833
3.3315277, -9.293091, 0.24182129
3.3267365, -9.312241, 0.21188354
3.2980194, -9.284714, 0.23942566
3.3003998, -9.306259, 0.24061584
3.320755, -9.317032, 0.22625732
3.3147736, -9.318237, 0.24301147
3.313568, -9.338577, 0.22265625
3.2956238, -9.325409, 0.21786499
3.2992096, -9.31105, 0.16520691
3.2716827, -9.317032, 0.14245605
3.245346, -9.291901, 0.1304779
3.2225952, -9.289505, 0.13647461
3.2166138, -9.2883, 0.12689209
3.2369537, -9.308655, 0.14485168
3.250122, -9.321823, 0.06942749
3.2082367, -9.32901, 0.09336853
3.2118225, -9.342178, 0.09336853
3.221405, -9.323029, 0.101760864
3.2130127, -9.351746, 0.12808228
3.2166138, -9.349365, 0.096969604
3.1603394, -9.34816, 0.108932495
3.1591492, -9.34697, 0.1304779
3.1567535, -9.31105, 0.13168335
3.1531677, -9.318237, 0.1197052
3.1854858, -9.336197, 0.1663971
3.1316223, -9.327805, 0.14724731
3.1208344, -9.320633, 0.18315125
3.118454, -9.32901, 0.24061584
3.099289, -9.333801, 0.20829773
3.1459808, -9.360138, 0.21308899
3.150772, -9.3589325, 0.22984314
3.1459808, -9.378082, 0.26815796
3.157959, -9.360138, 0.28012085
3.154358, -9.336197, 0.28251648
3.186676, -9.321823, 0.27893066
3.1759033, -9.339783, 0.28251648
3.1711273, -9.321823, 0.31723022
3.138794, -9.307465, 0.34477234
3.12323, -9.300278, 0.37709045
3.1376038, -9.300278, 0.36990356
3.1208344, -9.31105, 0.37828064
3.150772, -9.32901, 0.33638
3.1483765, -9.3589325, 0.3651123
3.1759033, -9.336197, 0.37709045
3.2142181, -9.356537, 0.39505005
3.1986542, -9.331406, 0.37709045
3.2034454, -9.338577, 0.3722992
3.2046356, -9.336197, 0.4010315
3.1998444, -9.318237, 0.39863586
3.226181, -9.312241, 0.39982605
3.2154083, -9.315842, 0.39863586
3.20224, -9.303864, 0.42138672
3.2166138, -9.307465, 0.41419983
3.248932, -9.342178, 0.40342712
3.2345734, -9.344574, 0.4441223
3.2585144, -9.334991, 0.37709045
3.2704773, -9.312241, 0.40342712
3.2680817, -9.334991, 0.4010315
3.2237854, -9.312241, 0.41299438
3.226181, -9.308655, 0.40582275
3.233368, -9.3194275, 0.42138672
3.248932, -9.325409, 0.37828064
3.2237854, -9.31105, 0.38426208
3.2321777, -9.332596, 0.3902588
3.2477417, -9.324219, 0.3531494
3.2776642, -9.324219, 0.3543396
3.2668915, -9.366119, 0.3136444
3.2704773, -9.343369, 0.33398438
3.2824554, -9.31105, 0.35794067
3.26091, -9.303864, 0.3256073
3.2525177, -9.302673, 0.33758545
3.2788544, -9.289505, 0.33039856
3.289627, -9.301468, 0.33998108
3.2800598, -9.301468, 0.3028717
3.2680817, -9.277527, 0.31124878
3.3339233, -9.307465, 0.31843567
3.312378, -9.307465, 0.296875
3.3016052, -9.283524, 0.28370667
3.3099823, -9.303864, 0.29328918
3.3231506, -9.297882, 0.296875
3.3016052, -9.301468, 0.2753296
3.284851, -9.30986, 0.23703003
3.2944183, -9.3302, 0.26815796
3.3411102, -9.291901, 0.25378418
3.3016052, -9.314636, 0.22744751
3.3159637, -9.315842, 0.23703003
3.3183594, -9.273941, 0.22625732
3.305191, -9.283524, 0.20709229
3.3111877, -9.290695, 0.22026062
3.3171692, -9.31105, 0.20111084
3.305191, -9.313446, 0.23942566
3.3099823, -9.331406, 0.24899292
3.3267365, -9.342178, 0.23942566
3.3315277, -9.344574, 0.2166748
3.312378, -9.323029, 0.25138855
3.2704773, -9.317032, 0.23103333
3.2680817, -9.285904, 0.23942566
3.2142181, -9.289505, 0.22625732
3.241745, -9.307465, 0.21786499
3.284851, -9.299072, 0.24061584
3.3027954, -9.293091, 0.21907043
3.3159637, -9.302673, 0.22984314
3.3255463, -9.308655, 0.26216125
3.3315277, -9.340973, 0.2669525
3.308792, -9.362518, 0.24420166
3.2381592, -9.321823, 0.2813263
3.2154083, -9.283524, 0.26576233
3.250122, -9.301468, 0.26097107
3.2860413, -9.290695, 0.252594
3.2549133, -9.289505, 0.2633667
3.269287, -9.334991, 0.252594
3.2369537, -9.294296, 0.29447937
3.2369537, -9.343369, 0.3028717
3.2537231, -9.349365, 0.30885315
3.2668915, -9.325409, 0.28012085
3.2704773, -9.331406, 0.3148346
3.2549133, -9.31105, 0.32081604
3.2285767, -9.307465, 0.33518982
3.1806946, -9.317032, 0.331604
3.210617, -9.312241, 0.31962585
3.2513275, -9.317032, 0.31843567
3.250122, -9.327805, 0.3148346
3.2154083, -9.320633, 0.31243896
3.2010498, -9.324219, 0.30166626
3.1723175, -9.3194275, 0.31962585
3.1890717, -9.327805, 0.30885315
3.2237854, -9.320633, 0.292099
3.2201996, -9.31105, 0.26815796
3.2369537, -9.3194275, 0.292099
3.2130127, -9.313446, 0.32321167
3.190277, -9.337387, 0.3256073
3.1962585, -9.344574, 0.31124878
3.2034454, -9.332596, 0.33039856
3.2154083, -9.34697, 0.30645752
3.2405548, -9.370911, 0.29447937
3.1986542, -9.324219, 0.29089355
3.1459808, -9.317032, 0.30526733
3.154358, -9.337387, 0.29808044
3.1603394, -9.320633, 0.292099
3.1555634, -9.338577, 0.27772522
3.162735, -9.313446, 0.22505188
3.1890717, -9.312241, 0.23582458
3.190277, -9.30986, 0.252594
3.1986542, -9.320633, 0.22146606
3.1771088, -9.333801, 0.25138855
3.1711273, -9.334991, 0.22505188
3.1699219, -9.356537, 0.20111084
3.1747131, -9.366119, 0.22984314
3.1926727, -9.320633, 0.23223877
3.20224, -9.325409, 0.24659729
3.2237854, -9.321823, 0.27293396
3.205841, -9.338577, 0.22505188
3.1950684, -9.354141, 0.25138855
3.217804, -9.34816, 0.26934814
3.2345734, -9.325409, 0.29927063
3.2201996, -9.305069, 0.26097107
3.2273865, -9.31105, 0.25737
3.2237854, -9.314636, 0.29089355
3.2285767, -9.364914, 0.2956848
3.2237854, -9.339783, 0.3040619
3.2010498, -9.331406, 0.2813263
3.2130127, -9.318237, 0.2561798
3.2429504, -9.318237, 0.26216125
3.269287, -9.321823, 0.2956848
3.226181, -9.3194275, 0.28970337
3.2094269, -9.315842, 0.27653503
3.2561188, -9.333801, 0.33039856
3.229782, -9.344574, 0.3028717
3.229782, -9.283524, 0.31004333
3.2429504, -9.337387, 0.31124878
3.2166138, -9.331406, 0.31962585
3.2465363, -9.321823, 0.3531494
3.2752686, -9.285904, 0.29328918
3.289627, -9.296692, 0.3136444
3.2477417, -9.287109, 0.33758545
3.2441406, -9.305069, 0.35673523
3.2441406, -9.314636, 0.3148346
3.2118225, -9.314636, 0.32081604
3.2680817, -9.327805, 0.2813263
3.2585144, -9.308655, 0.28730774
3.2632904, -9.284714, 0.30526733
3.2597046, -9.295486, 0.33039856
3.2429504, -9.317032, 0.31004333
3.2908325, -9.314636, 0.27293396
3.2932281, -9.301468, 0.24780273
3.2920227, -9.323029, 0.25498962
3.3351288, -9.275131, 0.3028717
3.3231506, -9.2883, 0.3327942
3.3435059, -9.303864, 0.31243896
3.3435059, -9.297882, 0.27293396
3.3219604, -9.287109, 0.27174377
3.3411102, -9.296692, 0.30885315
3.3387146, -9.291901, 0.30047607
3.3423004, -9.294296, 0.2753296
3.336319, -9.303864, 0.27893066
3.3387146, -9.2799225, 0.27653503
3.3411102, -9.287109, 0.292099
3.313568, -9.294296, 0.2753296
3.3267365, -9.26796, 0.26934814
3.313568, -9.300278, 0.29808044
3.3040009, -9.32901, 0.30166626
3.3231506, -9.315842, 0.2861023
3.3255463, -9.317032, 0.3471527
3.3399048, -9.305069, 0.33998108
3.2824554, -9.305069, 0.32202148
3.2908325, -9.299072, 0.3256073
3.3315277, -9.306259, 0.30645752
3.3315277, -9.3194275, 0.3028717
3.3219604, -9.305069, 0.32202148
3.308792, -9.291901, 0.30526733
3.284851, -9.312241, 0.32321167
3.3267365, -9.324219, 0.33518982
3.288437, -9.312241, 0.34477234
3.2824554, -9.293091, 0.3531494
3.2872314, -9.302673, 0.33398438
3.2285767, -9.30986, 0.3471527
3.2369537, -9.305069, 0.39624023
3.2190094, -9.281128, 0.31243896
3.2237854, -9.297882, 0.3256073
3.2405548, -9.299072, 0.27893066
3.241745, -9.313446, 0.33998108
3.2597046, -9.336197, 0.32800293
3.241745, -9.315842, 0.3423767
3.248932, -9.326614, 0.32800293
3.2249908, -9.351746, 0.3028717
3.2393494, -9.352951, 0.292099
3.1986542, -9.32901, 0.30526733
3.210617, -9.324219, 0.36990356
3.197464, -9.299072, 0.3722992
3.210617, -9.315842, 0.34596252
3.2034454, -9.317032, 0.33758545
3.226181, -9.317032, 0.375885
3.20224, -9.30986, 0.3866577
3.2010498, -9.301468, 0.36750793
3.1998444, -9.293091, 0.40222168
3.2118225, -9.303864, 0.40342712
3.2166138, -9.340973, 0.40342712
3.2525177, -9.334991, 0.42138672
3.2561188, -9.320633, 0.41659546
3.3075867, -9.337387, 0.42138672
3.2788544, -9.307465, 0.37709045
3.2680817, -9.294296, 0.43814087
3.3183594, -9.293091, 0.42138672
3.289627, -9.2643585, 0.39624023
3.2956238, -9.276337, 0.42736816
3.305191, -9.287109, 0.39624023
3.329132, -9.2883, 0.375885
3.3566742, -9.295486, 0.45370483
3.3925781, -9.305069, 0.40582275
3.3710327, -9.287109, 0.38905334
3.3470917, -9.291901, 0.41299438
3.3111877, -9.290695, 0.41778564
3.2836456, -9.2643585, 0.39743042
3.3411102, -9.277527, 0.42138672
3.3375244, -9.306259, 0.43215942
3.327942, -9.302673, 0.4225769
3.3075867, -9.287109, 0.42138672
3.3327332, -9.297882, 0.39505005
3.3159637, -9.303864, 0.3902588
3.3016052, -9.32901, 0.38546753
3.3171692, -9.306259, 0.3938446
3.2800598, -9.295486, 0.35913086
3.2680817, -9.295486, 0.3615265
3.2166138, -9.300278, 0.33039856
3.2309723, -9.285904, 0.35075378
3.226181, -9.276337, 0.35194397
3.2285767, -9.3302, 0.35794067
3.2429504, -9.331406, 0.34596252
3.2405548, -9.299072, 0.33638
3.2369537, -9.320633, 0.3471527
3.26091, -9.331406, 0.34596252
3.2393494, -9.333801, 0.33758545
3.2441406, -9.3194275, 0.40222168
3.2597046, -9.291901, 0.375885
3.2668915, -9.30986, 0.34596252
3.2393494, -9.300278, 0.375885
3.2525177, -9.321823, 0.36271667
3.2429504, -9.303864, 0.331604
3.233368, -9.312241, 0.33998108
3.2034454, -9.332596, 0.36032104
3.2010498, -9.325409, 0.37948608
3.210617, -9.312241, 0.3722992
3.1806946, -9.342178, 0.36990356
3.1962585, -9.355347, 0.38067627
3.1854858, -9.334991, 0.38067627
3.1830902, -9.318237, 0.40582275
3.1447906, -9.325409, 0.3615265
3.1459808, -9.344574, 0.40582275
3.150772, -9.344574, 0.41778564
3.157959, -9.32901, 0.4441223
3.1555634, -9.340973, 0.44770813
3.1615448, -9.352951, 0.45729065
3.1687317, -9.314636, 0.46447754
3.1771088, -9.336197, 0.4812317
3.2166138, -9.34816, 0.4728546
3.1926727, -9.326614, 0.47166443
3.166336, -9.294296, 0.50756836
3.1675262, -9.307465, 0.5135498
3.1495667, -9.287109, 0.5171509
3.1926727, -9.308655, 0.5207367
3.2082367, -9.314636, 0.55784607
3.2429504, -9.333801, 0.54467773
3.3003998, -9.32901, 0.55784607
3.3099823, -9.332596, 0.5482788
3.2872314, -9.321823, 0.5638275
3.2836456, -9.318237, 0.54467773
3.3159637, -9.303864, 0.5386963
3.3231506, -9.308655, 0.49440002
3.3459015, -9.284714, 0.48841858
3.320755, -9.299072, 0.51475525
3.3303375, -9.293091, 0.4980011
3.3099823, -9.2595825, 0.5015869
3.3267365, -9.283524, 0.5398865
3.3411102, -9.276337, 0.50756836
3.3530731, -9.285904, 0.5518646
3.3973694, -9.325409, 0.5674286
3.4225159, -9.308655, 0.5626373
3.447647, -9.31105, 0.50398254
3.4596252, -9.32901, 0.48243713
3.4715881, -9.342178, 0.43574524
3.4380798, -9.336197, 0.42736816
3.4320831, -9.296692, 0.39144897
3.4129333, -9.314636, 0.32681274
3.3985748, -9.297882, 0.3327942
3.3782196, -9.32901, 0.27174377
3.344696, -9.30986, 0.19631958
3.3267365, -9.300278, 0.14364624
3.2860413, -9.3302, 0.14125061
3.2668915, -9.331406, 0.118515015
3.2357635, -9.360138, 0.05267334
3.2429504, -9.370911, 0.011978149
3.2237854, -9.361328, 0.01675415
3.2429504, -9.334991, 0.022750854
3.2154083, -9.342178, 0.037109375
3.205841, -9.345764, 0.03831482
3.2201996, -9.349365, 0.02154541
3.1376038, -9.339783, 0.07661438
3.1675262, -9.317032, 0.1197052
3.190277, -9.323029, 0.10295105
3.205841, -9.317032, 0.1376648
3.1771088, -9.342178, 0.21548462
3.1771088, -9.352951, 0.20350647
3.1890717, -9.338577, 0.24780273
3.1914673, -9.3194275, 0.292099
3.1795044, -9.333801, 0.28370667
3.1914673, -9.3302, 0.33638
3.186676, -9.355347, 0.33877563
3.1699219, -9.345764, 0.34477234
3.150772, -9.299072, 0.39144897
3.1950684, -9.314636, 0.4333496
3.1950684, -9.325409, 0.46566772
3.210617, -9.333801, 0.48362732
3.233368, -9.349365, 0.5015869
3.2237854, -9.344574, 0.52552795
3.2142181, -9.318237, 0.52552795
3.2070312, -9.31105, 0.5063782
3.2046356, -9.331406, 0.56622314
3.1759033, -9.331406, 0.58299255
3.2309723, -9.308655, 0.57221985
3.2561188, -9.314636, 0.5698242
3.229782, -9.343369, 0.5710144
3.2273865, -9.323029, 0.5925598
3.197464, -9.302673, 0.6093292
3.186676, -9.320633, 0.60453796
3.2142181, -9.331406, 0.63087463
3.205841, -9.32901, 0.6248932
3.2285767, -9.314636, 0.5805969
3.2465363, -9.340973, 0.57341003
3.2225952, -9.320633, 0.5686188
3.2142181, -9.333801, 0.5997467
3.241745, -9.307465, 0.5817871
3.241745, -9.313446, 0.5590515
3.241745, -9.3302, 0.5303192
3.2309723, -9.339783, 0.51116943
3.2632904, -9.315842, 0.51594543
3.2537231, -9.294296, 0.47644043
3.2429504, -9.31105, 0.44172668
3.2513275, -9.313446, 0.45729065
3.2632904, -9.331406, 0.43933105
3.2118225, -9.30986, 0.37348938
3.2549133, -9.312241, 0.35554504
3.2537231, -9.320633, 0.35554504
3.2429504, -9.336197, 0.3423767
3.221405, -9.320633, 0.3148346
3.217804, -9.307465, 0.26216125
3.205841, -9.315842, 0.26455688
3.1806946, -9.3302, 0.24899292
3.1723175, -9.337387, 0.23223877
3.2237854, -9.331406, 0.20709229
3.1842957, -9.324219, 0.21548462
3.1806946, -9.333801, 0.1951294
3.1926727, -9.305069, 0.23822021
3.2034454, -9.32901, 0.2059021
3.1771088, -9.361328, 0.21069336
3.2190094, -9.308655, 0.20948792
3.186676, -9.305069, 0.21427917
3.1603394, -9.301468, 0.22984314
3.1986542, -9.305069, 0.23703003
3.2381592, -9.355347, 0.25737
3.2273865, -9.334991, 0.24899292
3.210617, -9.303864, 0.2669525
3.2273865, -9.303864, 0.2669525
3.265686, -9.294296, 0.2561798
3.2680817, -9.31105, 0.2753296
3.2776642, -9.332596, 0.2861023
3.269287, -9.307465, 0.24780273
3.2788544, -9.327805, 0.2633667
3.289627, -9.321823, 0.28012085
3.312378, -9.31105, 0.29808044
3.3219604, -9.293091, 0.30047607
3.313568, -9.313446, 0.292099
3.3267365, -9.289505, 0.31004333
3.3183594, -9.293091, 0.3423767
3.3375244, -9.296692, 0.37948608
3.3027954, -9.275131, 0.41059875
3.272873, -9.278732, 0.40582275
3.3075867, -9.308655, 0.3938446
3.3111877, -9.299072, 0.4405365
3.3219604, -9.323029, 0.4189911
3.3016052, -9.3194275, 0.44172668
3.3315277, -9.285904, 0.47883606
3.3171692, -9.2883, 0.47644043
3.2980194, -9.290695, 0.45968628
3.3195648, -9.282318, 0.52552795
3.308792, -9.282318, 0.50038147
3.3016052, -9.254791, 0.4908142
3.3303375, -9.263168, 0.4908142
3.351883, -9.305069, 0.48362732
3.3387146, -9.318237, 0.4908142
3.3351288, -9.290695, 0.4800415
3.3626556, -9.301468, 0.47045898
3.320755, -9.300278, 0.50038147
3.3171692, -9.266754, 0.509964
3.3171692, -9.283524, 0.48602295
3.3063965, -9.291901, 0.47644043
3.305191, -9.284714, 0.48960876
3.3195648, -9.282318, 0.4920044
3.336319, -9.303864, 0.47644043
3.3435059, -9.317032, 0.4812317
3.3063965, -9.295486, 0.45489502
3.2704773, -9.300278, 0.47166443
3.2429504, -9.303864, 0.44172668
3.2465363, -9.270355, 0.44293213
3.241745, -9.31105, 0.4405365
3.2393494, -9.303864, 0.4237671
3.2142181, -9.299072, 0.3866577
3.210617, -9.283524, 0.43933105
3.2070312, -9.303864, 0.37828064
3.2034454, -9.340973, 0.4237671
3.1842957, -9.314636, 0.41419983
3.1447906, -9.315842, 0.41659546
3.1830902, -9.3194275, 0.41419983
3.2142181, -9.333801, 0.41299438
3.1759033, -9.313446, 0.4189911
3.1519623, -9.331406, 0.45010376
3.1519623, -9.321823, 0.45968628
3.2082367, -9.3302, 0.4010315
3.210617, -9.32901, 0.40342712
3.2249908, -9.326614, 0.42855835
3.2166138, -9.293091, 0.41299438
3.2513275, -9.333801, 0.42138672
3.2477417, -9.323029, 0.40342712
3.2309723, -9.31105, 0.4118042
3.2597046, -9.307465, 0.36990356
3.2668915, -9.320633, 0.375885
3.2549133, -9.308655, 0.4010315
3.245346, -9.314636, 0.43455505
3.2740784, -9.287109, 0.4118042
3.2932281, -9.324219, 0.39505005
3.2716827, -9.3302, 0.41059875
3.2764587, -9.296692, 0.4046173
3.2956238, -9.282318, 0.41059875
3.3327332, -9.314636, 0.4046173
3.3327332, -9.308655, 0.38426208
3.3231506, -9.317032, 0.42497253
3.3435059, -9.308655, 0.3651123
3.36026, -9.293091, 0.37709045
3.3578644, -9.299072, 0.3435669
3.3435059, -9.289505, 0.34477234
3.3506927, -9.290695, 0.33758545
3.3327332, -9.289505, 0.3543396
3.320755, -9.321823, 0.3076477
3.3794098, -9.307465, 0.30885315
3.3195648, -9.284714, 0.30166626
3.3375244, -9.271545, 0.27053833
3.344696, -9.302673, 0.28251648
3.3219604, -9.293091, 0.28012085
3.2992096, -9.287109, 0.3136444
3.3219604, -9.293091, 0.2861023
3.2800598, -9.302673, 0.28849792
3.265686, -9.326614, 0.33039856
3.272873, -9.320633, 0.3423767
3.305191, -9.352951, 0.34477234
3.2836456, -9.312241, 0.3543396
3.2477417, -9.284714, 0.36871338
3.2525177, -9.297882, 0.375885
3.26091, -9.303864, 0.36750793
3.2345734, -9.337387, 0.3902588
3.2716827, -9.321823, 0.42497253
3.229782, -9.308655, 0.39982605
3.257309, -9.312241, 0.40940857
3.2345734, -9.338577, 0.4524994
3.233368, -9.306259, 0.39743042
3.2130127, -9.312241, 0.38426208
3.2118225, -9.299072, 0.37348938
3.1914673, -9.336197, 0.40582275
3.1806946, -9.3302, 0.4441223
3.1854858, -9.321823, 0.39505005
3.2070312, -9.327805, 0.37709045
3.2441406, -9.338577, 0.41059875
3.1878815, -9.320633, 0.42736816
3.1830902, -9.327805, 0.41419983
3.147171, -9.306259, 0.4010315
3.142395, -9.314636, 0.44770813
3.1495667, -9.336197, 0.47525024
3.1854858, -9.320633, 0.4632721
3.1519623, -9.332596, 0.40821838
3.1747131, -9.369705, 0.41299438
3.210617, -9.357742, 0.44651794
3.186676, -9.336197, 0.43693542
3.1759033, -9.340973, 0.40821838
3.1986542, -9.314636, 0.3938446
3.1747131, -9.340973, 0.38905334
3.1615448, -9.317032, 0.39144897
3.1806946, -9.318237, 0.40940857
3.1735077, -9.324219, 0.39982605
3.193863, -9.342178, 0.4010315
3.2321777, -9.3302, 0.3435669
3.193863, -9.31105, 0.3531494
3.2369537, -9.313446, 0.36271667
3.2142181, -9.343369, 0.36631775
3.2166138, -9.3302, 0.35194397
3.2285767, -9.301468, 0.35913086
3.2249908, -9.318237, 0.375885
3.2381592, -9.276337, 0.34477234
3.2632904, -9.291901, 0.34117126
3.2309723, -9.30986, 0.33877563
3.2429504, -9.299072, 0.35554504
3.289627, -9.303864, 0.34477234
3.2429504, -9.326614, 0.34117126
3.269287, -9.302673, 0.3148346
3.2824554, -9.318237, 0.32321167
3.312378, -9.324219, 0.29089355
3.2944183, -9.314636, 0.34117126
3.296814, -9.308655, 0.35554504
3.305191, -9.331406, 0.31723022
3.2944183, -9.327805, 0.32920837
3.2944183, -9.2799225, 0.32202148
3.2908325, -9.285904, 0.33039856
3.2860413, -9.281128, 0.34477234
3.2956238, -9.307465, 0.32681274
3.3219604, -9.305069, 0.32920837
3.3159637, -9.3194275, 0.31004333
3.3267365, -9.314636, 0.33877563
3.3063965, -9.32901, 0.31962585
3.2824554, -9.305069, 0.31004333
3.3339233, -9.283524, 0.30645752
3.296814, -9.320633, 0.27053833
3.2872314, -9.314636, 0.2849121
3.324356, -9.323029, 0.28730774
3.2992096, -9.314636, 0.28370667
3.2668915, -9.301468, 0.3471527
3.257309, -9.296692, 0.30645752
3.2704773, -9.313446, 0.2956848
3.2704773, -9.323029, 0.32920837
3.2956238, -9.305069, 0.31124878
3.2513275, -9.307465, 0.29808044
3.2166138, -9.314636, 0.33758545
3.2537231, -9.306259, 0.3327942
3.272873, -9.327805, 0.3244171
3.2345734, -9.312241, 0.33758545
3.2201996, -9.323029, 0.35673523
3.2597046, -9.307465, 0.35794067
3.248932, -9.318237, 0.3866577
3.2381592, -9.321823, 0.36990356
3.2405548, -9.31105, 0.3722992
3.2369537, -9.301468, 0.3902588
3.2393494, -9.31105, 0.37828064
3.2644958, -9.312241, 0.3543396
3.2752686, -9.317032, 0.36990356
3.2585144, -9.318237, 0.35673523
3.241745, -9.308655, 0.3423767
3.2549133, -9.321823, 0.3531494
3.2477417, -9.3302, 0.36990356
3.2465363, -9.31105, 0.37348938
3.2393494, -9.3194275, 0.37709045
3.2094269, -9.31105, 0.38067627
3.2429504, -9.327805, 0.37709045
3.2621002, -9.333801, 0.37828064
3.2357635, -9.308655, 0.36990356
3.2525177, -9.308655, 0.32681274
3.2513275, -9.318237, 0.36392212
3.2381592, -9.317032, 0.33877563
3.2465363, -9.296692, 0.36271667
3.2166138, -9.321823, 0.35194397
3.2537231, -9.317032, 0.3040619
3.2525177, -9.302673, 0.32920837
3.2357635, -9.290695, 0.31843567
3.2393494, -9.3194275, 0.30645752
3.2549133, -9.323029, 0.31124878
3.241745, -9.285904, 0.32920837
3.233368, -9.307465, 0.30526733
3.2321777, -9.3302, 0.31723022
3.2381592, -9.338577, 0.28849792
3.2716827, -9.337387, 0.26815796
3.2860413, -9.331406, 0.296875
3.269287, -9.32901, 0.28251648
3.2585144, -9.289505, 0.27772522
3.2585144, -9.318237, 0.2669525
3.2621002, -9.300278, 0.24780273
3.28125, -9.290695, 0.3423767
3.2644958, -9.283524, 0.32202148
3.2704773, -9.271545, 0.31723022
3.2944183, -9.273941, 0.2956848
3.3027954, -9.294296, 0.30885315
3.3027954, -9.2595825, 0.31004333
3.3159637, -9.293091, 0.31124878
3.313568, -9.321823, 0.3148346
3.313568, -9.3302, 0.36392212
3.336319, -9.293091, 0.3136444
3.3171692, -9.308655, 0.30047607
3.2944183, -9.30986, 0.33398438
3.3219604, -9.277527, 0.32681274
3.3231506, -9.299072, 0.35913086
3.308792, -9.277527, 0.33039856
3.3159637, -9.277527, 0.37709045
3.3003998, -9.260773, 0.37828064
3.2824554, -9.293091, 0.35075378
3.2836456, -9.30986, 0.3531494
3.2632904, -9.285904, 0.3615265
3.2932281, -9.314636, 0.3543396
3.2944183, -9.306259, 0.33877563
3.257309, -9.294296, 0.33638
3.2537231, -9.305069, 0.33638
3.2644958, -9.32901, 0.33518982
3.2249908, -9.293091, 0.30047607
3.2082367, -9.317032, 0.3148346
3.190277, -9.344574, 0.33518982
3.1735077, -9.318237, 0.27772522
3.1591492, -9.31105, 0.2861023
3.1555634, -9.300278, 0.28251648
3.1603394, -9.314636, 0.2454071
3.166336, -9.327805, 0.26934814
3.186676, -9.3194275, 0.27053833
3.1376038, -9.339783, 0.24182129
3.157959, -9.362518, 0.2849121
3.150772, -9.342178, 0.23822021
3.10289, -9.337387, 0.24899292
3.1244354, -9.343369, 0.26934814
3.118454, -9.34697, 0.26934814
3.1160583, -9.314636, 0.26216125
3.1483765, -9.338577, 0.2741394
3.1411896, -9.323029, 0.2753296
3.1459808, -9.306259, 0.2813263
3.1842957, -9.32901, 0.29328918
3.1819, -9.307465, 0.30526733
3.2034454, -9.272736, 0.30047607
3.2237854, -9.301468, 0.33877563
3.2309723, -9.303864, 0.3435669
3.2632904, -9.293091, 0.331604
3.28125, -9.333801, 0.37948608
3.3099823, -9.320633, 0.3722992
3.351883, -9.2883, 0.3830719
3.3494873, -9.284714, 0.3423767
3.3698425, -9.282318, 0.36271667
3.368637, -9.30986, 0.38426208
3.3794098, -9.2799225, 0.36871338
3.3889923, -9.26915, 0.3866577
3.4296875, -9.273941, 0.33877563
3.408142, -9.276337, 0.3615265
3.4057465, -9.257187, 0.3423767
3.4296875, -9.245209, 0.292099
3.4249115, -9.229645, 0.33398438
3.4261017, -9.2595825, 0.37348938
3.4512482, -9.2799225, 0.33518982
3.4296875, -9.273941, 0.31243896
3.4536285, -9.282318, 0.27772522
3.4500427, -9.290695, 0.26455688
3.4572296, -9.312241, 0.25378418
3.430893, -9.30986, 0.22146606
3.3901825, -9.314636, 0.252594
3.367447, -9.321823, 0.21427917
3.3423004, -9.301468, 0.1951294
3.288437, -9.271545, 0.21548462
3.2632904, -9.26915, 0.19273376
3.2824554, -9.302673, 0.21308899
3.2285767, -9.297882, 0.21069336
3.2465363, -9.340973, 0.19992065
3.226181, -9.342178, 0.20350647
3.2225952, -9.321823, 0.18315125
3.193863, -9.356537, 0.15681458
3.2082367, -9.331406, 0.15083313
3.1735077, -9.323029, 0.16160583
3.186676, -9.340973, 0.15802002
3.1483765, -9.333801, 0.18554688
3.1591492, -9.332596, 0.18675232
3.1376038, -9.300278, 0.20231628
3.0980988, -9.342178, 0.22625732
3.111267, -9.333801, 0.18554688
3.087326, -9.3194275, 0.20829773
3.0801392, -9.34816, 0.21308899
3.10289, -9.3589325, 0.25737
3.1292267, -9.342178, 0.2633667
3.0957031, -9.34816, 0.30047607
3.0849304, -9.375687, 0.30645752
3.0968933, -9.3589325, 0.32920837
3.1136627, -9.345764, 0.3722992
3.1316223, -9.327805, 0.34954834
3.1340027, -9.331406, 0.34117126
3.1100616, -9.334991, 0.3615265
3.1160583, -9.334991, 0.37948608
3.1280212, -9.327805, 0.39624023
3.1411896, -9.321823, 0.38426208
3.1567535, -9.336197, 0.38905334
3.166336, -9.343369, 0.42616272
3.1842957, -9.333801, 0.46447754
3.1950684, -9.318237, 0.4728546
3.1771088, -9.331406, 0.45610046
3.2321777, -9.313446, 0.45610046
3.221405, -9.31105, 0.48483276
3.2070312, -9.297882, 0.48841858
3.2082367, -9.297882, 0.49679565
3.2465363, -9.301468, 0.46806335
3.2561188, -9.296692, 0.45610046
3.2704773, -9.306259, 0.52552795
3.2836456, -9.306259, 0.49919128
3.2872314, -9.291901, 0.4620819
3.2956238, -9.289505, 0.4908142
3.3075867, -9.290695, 0.47525024
3.2944183, -9.31105, 0.47166443
3.3219604, -9.285904, 0.44891357
3.3171692, -9.278732, 0.45370483
3.3626556, -9.296692, 0.43693542
3.3315277, -9.312241, 0.43933105
3.312378, -9.296692, 0.4118042
3.351883, -9.308655, 0.39863586
3.3315277, -9.290695, 0.36631775
3.3423004, -9.291901, 0.38426208
3.3566742, -9.313446, 0.33638
3.3387146, -9.2799225, 0.296875
3.3459015, -9.300278, 0.27174377
3.3159637, -9.295486, 0.25976562
3.3375244, -9.293091, 0.19631958
3.3435059, -9.300278, 0.18554688
3.3375244, -9.318237, 0.16160583
3.336319, -9.306259, 0.1592102
3.3267365, -9.323029, 0.07182312
3.3231506, -9.305069, 0.051467896
3.3411102, -9.3194275, 0.068237305
3.3147736, -9.320633, 0.032318115
3.2513275, -9.323029, -0.032318115
3.2525177, -9.31105, -0.051467896
3.2716827, -9.289505, -0.041900635
3.3003998, -9.295486, -0.03831482
3.245346, -9.297882, -0.058654785
3.2621002, -9.302673, -0.07661438
3.2668915, -9.30986, -0.08140564
3.2369537, -9.301468, -0.04309082
3.2644958, -9.332596, -0.0047912598
3.2597046, -9.306259, -0.049087524
3.2201996, -9.315842, -0.017959595
3.2309723, -9.307465, 0.0
3.1926727, -9.338577, 0.0071868896
3.2201996, -9.323029, 0.049087524
3.2201996, -9.327805, 0.07901001
3.1962585, -9.317032, 0.14245605
3.1795044, -9.308655, 0.1149292
3.2130127, -9.315842, 0.17597961
3.1890717, -9.30986, 0.18914795
3.166336, -9.271545, 0.20709229
3.2190094, -9.30986, 0.22865295
3.2094269, -9.318237, 0.22146606
3.2094269, -9.317032, 0.27174377
3.2249908, -9.3194275, 0.31124878
3.226181, -9.3194275, 0.31962585
3.221405, -9.302673, 0.331604
3.2309723, -9.302673, 0.34954834
3.2321777, -9.294296, 0.3722992
3.2249908, -9.287109, 0.36631775
3.248932, -9.278732, 0.40940857
3.2357635, -9.277527, 0.3938446
3.2130127, -9.327805, 0.38546753
3.2225952, -9.281128, 0.4297638
3.2237854, -9.272736, 0.40701294
3.2285767, -9.331406, 0.44651794
3.2190094, -9.31105, 0.44532776
3.272873, -9.291901, 0.4524994
3.2860413, -9.299072, 0.43215942
3.296814, -9.317032, 0.4513092
3.2549133, -9.306259, 0.45729065
3.265686, -9.318237, 0.4812317
3.2776642, -9.308655, 0.47166443
3.2345734, -9.2883, 0.48483276
3.2680817, -9.306259, 0.5123596
3.2788544, -9.313446, 0.4513092
3.2836456, -9.2883, 0.49560547
3.2752686, -9.282318, 0.50398254
3.296814, -9.313446, 0.47764587
3.3003998, -9.325409, 0.4524994
3.296814, -9.305069, 0.43933105
3.3231506, -9.313446, 0.4513092
3.2908325, -9.331406, 0.44532776
3.2644958, -9.326614, 0.4405365
3.2788544, -9.282318, 0.42736816
3.2836456, -9.314636, 0.4046173
3.2597046, -9.302673, 0.41419983
3.2585144, -9.2799225, 0.36871338
3.26091, -9.277527, 0.37948608
3.2561188, -9.308655, 0.38426208
3.248932, -9.271545, 0.34596252
3.2932281, -9.3194275, 0.34117126
3.2908325, -9.323029, 0.31604004
3.250122, -9.284714, 0.3543396
3.250122, -9.315842, 0.3435669
3.2704773, -9.305069, 0.32920837
3.2381592, -9.312241, 0.2633667
3.269287, -9.2883, 0.2956848
3.28125, -9.306259, 0.25378418
3.2908325, -9.2883, 0.26097107
3.2872314, -9.313446, 0.23582458
3.2764587, -9.300278, 0.2346344
3.2872314, -9.300278, 0.26815796
3.2800598, -9.2883, 0.2346344
3.2920227, -9.306259, 0.2454071
3.2561188, -9.291901, 0.23582458
3.289627, -9.261963, 0.25737
3.3063965, -9.296692, 0.22984314
3.3016052, -9.306259, 0.20469666
3.3147736, -9.301468, 0.22625732
3.308792, -9.314636, 0.21548462
3.289627, -9.289505, 0.20948792
3.2704773, -9.308655, 0.22984314
3.3063965, -9.315842, 0.23582458
3.3147736, -9.315842, 0.19392395
3.3111877, -9.306259, 0.23703003
3.3195648, -9.320633, 0.27174377
3.296814, -9.315842, 0.23942566
3.3099823, -9.284714, 0.22984314
3.2920227, -9.307465, 0.23703003
3.2644958, -9.307465, 0.25378418
3.3003998, -9.295486, 0.23703003
3.2836456, -9.340973, 0.2669525
3.265686, -9.293091, 0.29927063
3.2704773, -9.278732, 0.24301147
3.269287, -9.3194275, 0.25019836
3.2740784, -9.336197, 0.29927063
3.2752686, -9.307465, 0.2861023
3.3003998, -9.315842, 0.2753296
3.288437, -9.297882, 0.29447937
3.2477417, -9.320633, 0.29089355
3.2549133, -9.324219, 0.26934814
3.2621002, -9.296692, 0.30166626
3.2525177, -9.2883, 0.2849121
3.2477417, -9.31105, 0.27293396
3.2668915, -9.327805, 0.28970337
3.265686, -9.295486, 0.31843567
3.2369537, -9.305069, 0.3040619
3.2273865, -9.3194275, 0.31843567
3.2357635, -9.30986, 0.31843567
3.2680817, -9.3194275, 0.3040619
3.2381592, -9.342178, 0.33398438
3.2190094, -9.3194275, 0.30526733
3.245346, -9.314636, 0.35194397
3.250122, -9.317032, 0.35794067
3.2142181, -9.315842, 0.30885315
3.2369537, -9.315842, 0.3471527
3.2357635, -9.326614, 0.31604004
3.1986542, -9.313446, 0.3327942
3.1962585, -9.325409, 0.292099
3.2429504, -9.307465, 0.31723022
3.2225952, -9.306259, 0.33518982
3.2070312, -9.323029, 0.2741394
3.2321777, -9.293091, 0.31004333
3.2585144, -9.333801, 0.32202148
3.226181, -9.318237, 0.31604004
3.233368, -9.297882, 0.296875
3.2429504, -9.31105, 0.31004333
3.2381592, -9.31105, 0.31962585
3.2201996, -9.295486, 0.33638
3.2393494, -9.312241, 0.3327942
3.2321777, -9.299072, 0.32681274
3.2381592, -9.276337, 0.28970337
3.26091, -9.283524, 0.3256073
3.2405548, -9.312241, 0.3076477
3.2668915, -9.326614, 0.32681274
3.2872314, -9.313446, 0.3076477
3.2561188, -9.294296, 0.27893066
3.2273865, -9.299072, 0.3435669
3.2441406, -9.32901, 0.3076477
3.257309, -9.321823, 0.29808044
3.2465363, -9.314636, 0.3148346
3.2668915, -9.303864, 0.30047607
3.269287, -9.295486, 0.32800293
3.2668915, -9.302673, 0.30645752
3.250122, -9.332596, 0.28370667
3.2465363, -9.318237, 0.33039856
3.248932, -9.312241, 0.331604
3.2632904, -9.295486, 0.3040619
3.2381592, -9.324219, 0.28970337
3.2429504, -9.337387, 0.2813263
3.2621002, -9.323029, 0.2813263
3.272873, -9.320633, 0.2861023
3.2537231, -9.326614, 0.32081604
3.2369537, -9.31105, 0.3543396
3.265686, -9.306259, 0.32202148
3.257309, -9.323029, 0.35794067
3.2597046, -9.289505, 0.3136444
3.2704773, -9.324219, 0.31723022
3.2561188, -9.320633, 0.32202148
3.2549133, -9.289505, 0.36631775
3.2704773, -9.291901, 0.331604
3.241745, -9.295486, 0.31843567
3.2321777, -9.291901, 0.33998108
3.2680817, -9.313446, 0.37469482
3.2716827, -9.331406, 0.39743042
3.2597046, -9.303864, 0.34954834
3.2465363, -9.295486, 0.36271667
3.2621002, -9.302673, 0.33998108
3.2561188, -9.312241, 0.3531494
3.2525177, -9.299072, 0.35673523
3.2704773, -9.312241, 0.3902588
3.2393494, -9.307465, 0.3471527
3.2321777, -9.314636, 0.33039856
3.2644958, -9.296692, 0.31604004
3.2632904, -9.2883, 0.28970337
3.2716827, -9.293091, 0.32081604
3.2561188, -9.302673, 0.3423767
3.2537231, -9.308655, 0.32321167
3.2776642, -9.306259, 0.32081604
3.2860413, -9.320633, 0.29927063
3.2549133, -9.291901, 0.28970337
3.2956238, -9.297882, 0.31124878
3.2992096, -9.291901, 0.30885315
3.2788544, -9.327805, 0.33039856
3.296814, -9.296692, 0.3256073
3.3016052, -9.287109, 0.2849121
3.28125, -9.283524, 0.296875
3.284851, -9.294296, 0.2861023
3.3159637, -9.287109, 0.29328918
3.313568, -9.303864, 0.28251648
3.3040009, -9.305069, 0.27053833
3.3111877, -9.315842, 0.2813263
3.289627, -9.324219, 0.29927063
3.2956238, -9.321823, 0.27053833
3.3099823, -9.291901, 0.27053833
3.3027954, -9.326614, 0.28012085
3.2992096, -9.300278, 0.2669525
3.2872314, -9.303864, 0.25019836
3.296814, -9.321823, 0.2561798
3.28125, -9.283524, 0.2741394
3.2477417, -9.287109, 0.25976562
3.296814, -9.293091, 0.2753296
3.2956238, -9.281128, 0.24659729
3.272873, -9.263168, 0.2813263
3.2788544, -9.315842, 0.29089355
3.327942, -9.308655, 0.21069336
3.3016052, -9.337387, 0.2346344
3.2680817, -9.333801, 0.26097107
3.2716827, -9.308655, 0.252594
3.3040009, -9.273941, 0.24659729
3.2992096, -9.305069, 0.23582458
3.2644958, -9.294296, 0.24301147
3.250122, -9.294296, 0.25138855
3.2465363, -9.263168, 0.24780273
3.2321777, -9.289505, 0.3040619
3.2537231, -9.325409, 0.30166626
3.2561188, -9.332596, 0.296875
3.248932, -9.306259, 0.3136444
3.2740784, -9.342178, 0.30645752
3.248932, -9.321823, 0.25737
3.2537231, -9.31105, 0.31124878
3.289627, -9.326614, 0.31962585
3.2166138, -9.317032, 0.296875
3.2094269, -9.293091, 0.30526733
3.2118225, -9.295486, 0.3136444
3.2130127, -9.307465, 0.33398438
3.2357635, -9.318237, 0.35673523
3.26091, -9.296692, 0.375885
3.26091, -9.283524, 0.331604
3.2740784, -9.293091, 0.3256073
3.2321777, -9.339783, 0.36750793
3.2369537, -9.339783, 0.3722992
3.2920227, -9.340973, 0.37469482
3.2513275, -9.337387, 0.34117126
3.2357635, -9.324219, 0.3327942
3.2405548, -9.30986, 0.36271667
3.2309723, -9.294296, 0.36631775
3.26091, -9.30986, 0.35913086
3.2429504, -9.3302, 0.3423767
3.2225952, -9.31105, 0.33398438
3.2225952, -9.30986, 0.32081604
3.2405548, -9.314636, 0.32920837
3.265686, -9.320633, 0.35913086
3.2357635, -9.297882, 0.3435669
3.2405548, -9.284714, 0.30645752
3.2680817, -9.323029, 0.31243896
3.2561188, -9.3194275, 0.29089355
3.269287, -9.306259, 0.3244171
3.2441406, -9.305069, 0.331604
3.2429504, -9.31105, 0.30885315
3.2166138, -9.296692, 0.27053833
3.245346, -9.294296, 0.3244171
3.2644958, -9.303864, 0.33638
3.257309, -9.302673, 0.30526733
3.2154083, -9.305069, 0.24899292
3.2764587, -9.326614, 0.30885315
3.284851, -9.326614, 0.31004333
3.2932281, -9.293091, 0.3136444
3.2585144, -9.318237, 0.29089355
3.2704773, -9.313446, 0.27772522
3.2549133, -9.305069, 0.30645752
3.250122, -9.336197, 0.30645752
3.2908325, -9.325409, 0.3040619
3.288437, -9.301468, 0.31723022
3.245346, -9.276337, 0.26815796
3.269287, -9.299072, 0.28849792
3.2441406, -9.324219, 0.2813263
3.284851, -9.289505, 0.27653503
3.2740784, -9.315842, 0.32920837
3.3063965, -9.301468, 0.2741394
3.2764587, -9.31105, 0.252594
3.2549133, -9.30986, 0.2861023
3.2752686, -9.276337, 0.24780273
3.248932, -9.285904, 0.25378418
3.2776642, -9.295486, 0.25378418
3.2788544, -9.297882, 0.2753296
3.2860413, -9.301468, 0.28251648
3.26091, -9.305069, 0.27293396
3.288437, -9.277527, 0.25138855
3.3147736, -9.294296, 0.27653503
3.288437, -9.296692, 0.29328918
3.229782, -9.289505, 0.26097107
3.2537231, -9.294296, 0.2956848
3.257309, -9.297882, 0.31243896
3.250122, -9.299072, 0.3148346
3.26091, -9.317032, 0.33758545
3.2621002, -9.305069, 0.31604004
3.2668915, -9.297882, 0.33518982
3.2393494, -9.306259, 0.3423767
3.2836456, -9.299072, 0.33039856
3.2776642, -9.305069, 0.3651123
3.2824554, -9.281128, 0.37828064
3.26091, -9.30986, 0.3531494
3.3147736, -9.31105, 0.35794067
3.2632904, -9.2799225, 0.36392212
3.269287, -9.2799225, 0.3471527
3.2764587, -9.293091, 0.3423767
3.2632904, -9.295486, 0.3423767
3.269287, -9.314636, 0.38426208
3.3075867, -9.307465, 0.3722992
3.2836456, -9.307465, 0.35194397
3.250122, -9.302673, 0.36271667
3.2621002, -9.315842, 0.3435669
3.2381592, -9.307465, 0.33998108
3.2704773, -9.294296, 0.3423767
3.3303375, -9.301468, 0.3818817
3.26091, -9.320633, 0.3651123
3.2752686, -9.317032, 0.34596252
3.250122, -9.301468, 0.331604
3.233368, -9.272736, 0.37469482
3.2070312, -9.290695, 0.35913086
3.2441406, -9.293091, 0.37948608
3.2309723, -9.291901, 0.39265442
3.2632904, -9.30986, 0.37828064
3.28125, -9.305069, 0.36750793
3.2920227, -9.300278, 0.34835815
3.2980194, -9.30986, 0.36750793
3.2992096, -9.336197, 0.35673523
3.2920227, -9.3302, 0.35554504
3.2776642, -9.301468, 0.35554504
3.3040009, -9.297882, 0.34835815
3.28125, -9.2883, 0.3136444
3.3075867, -9.290695, 0.3435669
3.3171692, -9.266754, 0.3244171
3.3075867, -9.301468, 0.34477234
3.3195648, -9.307465, 0.2633667
3.2908325, -9.278732, 0.296875
3.2824554, -9.2883, 0.27053833
3.320755, -9.2883, 0.27174377
3.3159637, -9.297882, 0.27772522
3.308792, -9.285904, 0.27053833
3.312378, -9.281128, 0.26455688
3.3075867, -9.306259, 0.22505188
3.3016052, -9.2883, 0.2166748
3.313568, -9.287109, 0.22026062
3.308792, -9.31105, 0.23703003
3.2980194, -9.291901, 0.23223877
3.320755, -9.284714, 0.2346344
3.327942, -9.3194275, 0.22265625
3.3399048, -9.287109, 0.2238617
3.3231506, -9.327805, 0.23342896
3.324356, -9.312241, 0.26934814
3.3003998, -9.282318, 0.28730774
3.3099823, -9.275131, 0.296875
3.3195648, -9.300278, 0.27772522
3.3267365, -9.282318, 0.296875
3.320755, -9.293091, 0.3830719
3.308792, -9.306259, 0.45729065
3.3435059, -9.324219, 0.3902588
3.308792, -9.3194275, 0.43574524
3.327942, -9.295486, 0.45968628
3.2920227, -9.282318, 0.48721313
3.3027954, -9.272736, 0.45968628
3.2680817, -9.284714, 0.45489502
3.2561188, -9.26915, 0.43933105
3.2537231, -9.300278, 0.44891357
3.2680817, -9.326614, 0.4405365
3.2166138, -9.308655, 0.41539
3.2285767, -9.336197, 0.42497253
3.2441406, -9.326614, 0.45489502
3.1603394, -9.370911, 0.42497253
3.1519623, -9.349365, 0.41299438
3.1603394, -9.334991, 0.45010376
3.1531677, -9.30986, 0.4728546
3.1411896, -9.345764, 0.45968628
3.1723175, -9.340973, 0.46806335
3.1735077, -9.327805, 0.4620819
3.1735077, -9.307465, 0.47883606
3.1771088, -9.285904, 0.4812317
3.2010498, -9.290695, 0.46566772
3.217804, -9.294296, 0.45010376
3.205841, -9.300278, 0.47166443
3.2668915, -9.332596, 0.47045898
3.2345734, -9.3194275, 0.46447754
3.2357635, -9.314636, 0.4980011
3.2632904, -9.345764, 0.5231323
3.2764587, -9.323029, 0.52433777
3.2680817, -9.318237, 0.5315094
3.2836456, -9.317032, 0.5051727
3.308792, -9.305069, 0.509964
3.324356, -9.285904, 0.5530548
3.344696, -9.287109, 0.57341003
3.320755, -9.273941, 0.52194214
3.2764587, -9.255981, 0.48960876
3.2932281, -9.270355, 0.48362732
3.312378, -9.291901, 0.4692688
3.3351288, -9.293091, 0.39982605
3.3530731, -9.305069, 0.36871338
3.3375244, -9.318237, 0.39624023
3.308792, -9.305069, 0.34477234
3.2776642, -9.302673, 0.34596252
3.3063965, -9.287109, 0.28849792
3.2920227, -9.290695, 0.27772522
3.2788544, -9.294296, 0.24182129
3.269287, -9.313446, 0.20469666
3.296814, -9.340973, 0.1771698
3.2920227, -9.317032, 0.17118835
3.3147736, -9.305069, 0.13526917
3.313568, -9.295486, 0.1149292
3.2908325, -9.295486, 0.11253357
3.2393494, -9.275131, 0.08859253
3.2800598, -9.275131, 0.07421875
3.250122, -9.296692, 0.07661438
3.2549133, -9.285904, 0.058654785
3.2764587, -9.301468, 0.084991455
3.2860413, -9.281128, 0.094573975
3.2872314, -9.315842, 0.063446045
3.2357635, -9.300278, 0.09576416
3.2321777, -9.290695, 0.13887024
3.2585144, -9.3194275, 0.13287354
3.229782, -9.291901, 0.14604187
3.26091, -9.321823, 0.17597961
3.26091, -9.302673, 0.19631958
3.2561188, -9.290695, 0.23103333
3.2537231, -9.277527, 0.25138855
3.2513275, -9.2643585, 0.28730774
3.26091, -9.300278, 0.2849121
3.2680817, -9.312241, 0.3327942
3.2992096, -9.278732, 0.3327942
3.284851, -9.297882, 0.3830719
3.2716827, -9.26796, 0.37948608
3.3075867, -9.293091, 0.37828064
3.3231506, -9.307465, 0.36392212
3.3435059, -9.307465, 0.4225769
3.3387146, -9.321823, 0.45370483
3.3494873, -9.282318, 0.4333496
3.3159637, -9.25, 0.4513092
3.3494873, -9.295486, 0.4620819
3.3327332, -9.294296, 0.45968628
3.3399048, -9.25119, 0.4800415
3.368637, -9.278732, 0.4632721
3.3638458, -9.295486, 0.47045898
3.384201, -9.334991, 0.46806335
3.3650513, -9.307465, 0.44770813
3.3494873, -9.287109, 0.47883606
3.3327332, -9.293091, 0.41419983
3.3710327, -9.2643585, 0.41419983
3.4201202, -9.303864, 0.4010315
3.3806152, -9.308655, 0.38546753
3.367447, -9.278732, 0.37348938
3.3470917, -9.2643585, 0.34954834
3.344696, -9.283524, 0.37828064
3.3063965, -9.2799225, 0.36990356
3.3099823, -9.296692, 0.37828064
3.3016052, -9.315842, 0.34954834
3.3399048, -9.32901, 0.32800293
3.3099823, -9.32901, 0.36990356
3.2680817, -9.331406, 0.38067627
3.265686, -9.334991, 0.38786316
3.210617, -9.318237, 0.37469482
3.250122, -9.331406, 0.37948608
3.2357635, -9.334991, 0.34954834
3.2405548, -9.320633, 0.35554504
3.2142181, -9.340973, 0.3256073
3.2166138, -9.326614, 0.32681274
3.1950684, -9.331406, 0.34954834
3.1723175, -9.323029, 0.37828064
3.1806946, -9.321823, 0.35913086
3.1603394, -9.318237, 0.34117126
3.1555634, -9.308655, 0.3423767
3.1651306, -9.323029, 0.34954834
3.2010498, -9.339783, 0.3435669
3.1998444, -9.336197, 0.3543396
3.1675262, -9.327805, 0.3543396
3.2130127, -9.323029, 0.36271667
3.1699219, -9.333801, 0.32920837
3.1352081, -9.326614, 0.3615265
3.1352081, -9.297882, 0.38426208
3.1399994, -9.32901, 0.39505005
3.1591492, -9.325409, 0.39505005
3.147171, -9.321823, 0.40701294
3.186676, -9.34816, 0.4225769
3.190277, -9.327805, 0.43095398
3.178299, -9.308655, 0.38426208
3.1950684, -9.345764, 0.4225769
3.1352081, -9.31105, 0.38786316
3.1088715, -9.312241, 0.3830719
3.10289, -9.327805, 0.41539
3.1352081, -9.312241, 0.36032104
3.1819, -9.305069, 0.3435669
3.221405, -9.320633, 0.3830719
3.2345734, -9.327805, 0.38905334
3.2549133, -9.313446, 0.3818817
3.2525177, -9.315842, 0.39624023
3.2764587, -9.277527, 0.3830719
3.284851, -9.296692, 0.41539
3.3159637, -9.315842, 0.41419983
3.2704773, -9.308655, 0.36990356
3.3063965, -9.277527, 0.38067627
3.3638458, -9.297882, 0.37109375
3.3494873, -9.303864, 0.39144897
3.3578644, -9.276337, 0.39505005
3.406952, -9.275131, 0.35194397
3.3782196, -9.308655, 0.331604
3.3818054, -9.297882, 0.3866577
3.408142, -9.26796, 0.36871338
3.3830109, -9.285904, 0.3722992
3.4033508, -9.301468, 0.3471527
3.3830109, -9.300278, 0.36631775
3.4021606, -9.2883, 0.35194397
3.423706, -9.277527, 0.36631775
3.3973694, -9.281128, 0.33877563
3.3806152, -9.287109, 0.31843567
3.4117432, -9.277527, 0.29808044
3.3770142, -9.284714, 0.25737
3.3459015, -9.255981, 0.23822021
3.3734283, -9.301468, 0.2238617
3.3710327, -9.306259, 0.20350647
3.3698425, -9.290695, 0.23103333
3.3590698, -9.301468, 0.19392395
3.351883, -9.302673, 0.19033813
3.327942, -9.31105, 0.17237854
3.3255463, -9.320633, 0.16998291
3.3171692, -9.321823, 0.12808228
3.2908325, -9.32901, 0.084991455
3.269287, -9.334991, 0.06942749
3.2525177, -9.323029, 0.09576416
3.2273865, -9.295486, 0.04309082
3.20224, -9.30986, 0.053863525
3.2082367, -9.3194275, 0.07661438
3.1878815, -9.300278, 0.0574646
3.1914673, -9.343369, 0.05986023
3.190277, -9.342178, 0.03831482
3.166336, -9.338577, 0.08140564
3.1591492, -9.340973, 0.108932495
3.138794, -9.342178, 0.084991455
3.1256256, -9.344574, 0.096969604
3.1363983, -9.343369, 0.16998291
3.1363983, -9.350555, 0.15681458
3.154358, -9.307465, 0.17597961
3.1292267, -9.32901, 0.18435669
3.1555634, -9.333801, 0.17837524
3.154358, -9.338577, 0.21548462
3.142395, -9.315842, 0.24659729
3.1723175, -9.323029, 0.23582458
3.1483765, -9.34697, 0.2669525
3.1615448, -9.342178, 0.29927063
3.126831, -9.306259, 0.32081604
3.1651306, -9.30986, 0.3076477
3.186676, -9.34697, 0.31962585
3.1795044, -9.332596, 0.38786316
3.1759033, -9.315842, 0.3830719
3.1651306, -9.333801, 0.37709045
3.1675262, -9.317032, 0.36871338
3.1830902, -9.320633, 0.4225769
3.205841, -9.313446, 0.43095398
3.2309723, -9.312241, 0.4189911
3.2142181, -9.306259, 0.41659546
3.2393494, -9.333801, 0.42497253
3.2285767, -9.333801, 0.41419983
3.2429504, -9.314636, 0.42736816
3.2429504, -9.302673, 0.4740448
3.241745, -9.323029, 0.48960876
3.229782, -9.32901, 0.49560547
3.2273865, -9.315842, 0.48362732
3.2561188, -9.315842, 0.47764587
3.2680817, -9.26796, 0.4513092
3.265686, -9.291901, 0.44770813
3.3027954, -9.318237, 0.44532776
3.2776642, -9.289505, 0.4333496
3.250122, -9.291901, 0.46687317
3.324356, -9.320633, 0.4584961
3.3027954, -9.323029, 0.4524994
3.3255463, -9.307465, 0.4441223
3.3040009, -9.293091, 0.4297638
3.313568, -9.301468, 0.37948608
3.3171692, -9.290695, 0.4010315
3.288437, -9.300278, 0.42497253
3.288437, -9.287109, 0.39144897
3.2824554, -9.291901, 0.3543396
3.3040009, -9.307465, 0.375885
3.2980194, -9.260773, 0.37348938
3.2716827, -9.2595825, 0.33998108
3.2872314, -9.287109, 0.34835815
3.3315277, -9.291901, 0.33638
3.2764587, -9.324219, 0.32321167
3.2872314, -9.306259, 0.31962585
3.2800598, -9.306259, 0.28730774
3.2944183, -9.32901, 0.26097107
3.308792, -9.334991, 0.2669525
3.3040009, -9.26915, 0.26097107
3.3075867, -9.273941, 0.26216125
3.2632904, -9.297882, 0.2669525
3.2788544, -9.277527, 0.25737
3.284851, -9.266754, 0.24659729
3.284851, -9.276337, 0.25019836
3.2668915, -9.302673, 0.22625732
3.313568, -9.308655, 0.26455688
3.3339233, -9.294296, 0.24301147
3.3159637, -9.296692, 0.2238617
3.312378, -9.297882, 0.26097107
3.3099823, -9.297882, 0.25498962
3.3003998, -9.314636, 0.252594
3.313568, -9.306259, 0.24899292
3.3459015, -9.299072, 0.2561798
3.2824554, -9.26796, 0.25378418
3.265686, -9.284714, 0.25976562
3.305191, -9.294296, 0.2454071
3.3183594, -9.278732, 0.20469666
3.3375244, -9.285904, 0.24301147
3.3003998, -9.331406, 0.2669525
3.2860413, -9.303864, 0.28730774
3.26091, -9.291901, 0.3040619
3.2597046, -9.302673, 0.29927063
3.2764587, -9.317032, 0.27772522
3.2860413, -9.31105, 0.27053833
3.2597046, -9.284714, 0.25976562
3.2393494, -9.300278, 0.30526733
3.2776642, -9.313446, 0.33758545
3.257309, -9.293091, 0.29808044
3.2381592, -9.321823, 0.31243896
3.2597046, -9.296692, 0.3136444
3.2932281, -9.3302, 0.30047607
3.2525177, -9.303864, 0.33638
3.2513275, -9.283524, 0.29808044
3.2369537, -9.308655, 0.30047607
3.2621002, -9.308655, 0.32081604
3.2525177, -9.299072, 0.3543396
3.26091, -9.313446, 0.34596252
3.2561188, -9.31105, 0.3256073
3.250122, -9.305069, 0.36032104
3.2537231, -9.308655, 0.3651123
3.2513275, -9.34697, 0.33518982
3.248932, -9.296692, 0.30166626
3.2405548, -9.306259, 0.3435669
3.2285767, -9.312241, 0.32681274
3.2201996, -9.303864, 0.31843567
3.2225952, -9.301468, 0.30526733
3.2273865, -9.285904, 0.30645752
3.2621002, -9.294296, 0.33398438
3.2393494, -9.287109, 0.32081604
3.2537231, -9.308655, 0.3244171
3.2752686, -9.308655, 0.31843567
3.2585144, -9.294296, 0.32081604
3.2752686, -9.315842, 0.3244171
3.2740784, -9.331406, 0.29808044
3.2621002, -9.299072, 0.26576233
3.250122, -9.307465, 0.26815796
3.2393494, -9.302673, 0.2849121
3.2632904, -9.299072, 0.28970337
3.226181, -9.303864, 0.3076477
3.26091, -9.31105, 0.27893066
3.2465363, -9.314636, 0.26455688
3.245346, -9.312241, 0.2454071
3.2597046, -9.300278, 0.26934814
3.2273865, -9.291901, 0.2813263
3.2441406, -9.31105, 0.2669525
3.2525177, -9.294296, 0.29808044
3.2405548, -9.295486, 0.2741394
3.2597046, -9.291901, 0.27174377
3.284851, -9.301468, 0.26097107
3.26091, -9.30986, 0.23342896
3.2704773, -9.299072, 0.23342896
3.284851, -9.320633, 0.23942566
3.2668915, -9.282318, 0.27053833
3.2752686, -9.303864, 0.29089355
3.272873, -9.300278, 0.27053833
3.2764587, -9.32901, 0.24899292
3.2704773, -9.307465, 0.25138855
3.248932, -9.342178, 0.2561798
3.2800598, -9.331406, 0.29808044
3.289627, -9.272736, 0.27293396
3.2764587, -9.312241, 0.292099
3.3003998, -9.307465, 0.27053833
3.2956238, -9.297882, 0.2753296
3.3075867, -9.293091, 0.28370667
3.269287, -9.290695, 0.29927063
3.2740784, -9.32901, 0.3028717
3.272873, -9.293091, 0.32681274
3.2525177, -9.300278, 0.30047607
3.2632904, -9.293091, 0.29328918
3.269287, -9.3302, 0.29927063
3.2764587, -9.318237, 0.2849121
3.2776642, -9.296692, 0.28970337
3.2345734, -9.305069, 0.34117126
3.2381592, -9.314636, 0.29927063
3.2764587, -9.324219, 0.2849121
3.2381592, -9.326614, 0.2813263
3.2644958, -9.320633, 0.28012085
3.248932, -9.293091, 0.2956848
3.241745, -9.303864, 0.27653503
3.2393494, -9.326614, 0.28849792
3.2345734, -9.299072, 0.30645752
3.233368, -9.305069, 0.31004333
3.2285767, -9.290695, 0.30166626
3.197464, -9.26915, 0.30526733
3.186676, -9.2883, 0.29447937
3.20224, -9.314636, 0.28251648
3.217804, -9.321823, 0.30526733
3.241745, -9.336197, 0.3148346
3.2477417, -9.320633, 0.29328918
3.2273865, -9.345764, 0.32202148
3.2285767, -9.338577, 0.30885315
3.2201996, -9.3302, 0.32681274
3.1771088, -9.327805, 0.3256073
3.1842957, -9.313446, 0.28012085
3.147171, -9.318237, 0.30166626
3.1986542, -9.31105, 0.3256073
3.1986542, -9.312241, 0.296875
3.1890717, -9.325409, 0.33039856
3.2094269, -9.302673, 0.3327942
3.2154083, -9.312241, 0.30645752
3.2118225, -9.303864, 0.3244171
3.1926727, -9.32901, 0.3327942
3.2070312, -9.299072, 0.3615265
3.226181, -9.285904, 0.35075378
3.2549133, -9.320633, 0.33039856
3.2537231, -9.297882, 0.33638
3.2621002, -9.284714, 0.33998108
3.2992096, -9.295486, 0.3148346
3.3219604, -9.325409, 0.32920837
3.3111877, -9.294296, 0.3435669
3.305191, -9.294296, 0.38786316
3.3075867, -9.324219, 0.32681274
3.3267365, -9.287109, 0.31004333
3.3195648, -9.284714, 0.31723022
3.3506927, -9.308655, 0.30645752
3.3470917, -9.287109, 0.30047607
3.308792, -9.289505, 0.33398438
3.344696, -9.312241, 0.3423767
3.368637, -9.315842, 0.3327942
3.3782196, -9.305069, 0.3028717
3.3770142, -9.294296, 0.29927063
3.351883, -9.315842, 0.292099
3.3423004, -9.312241, 0.28370667
3.3387146, -9.285904, 0.2669525
3.3339233, -9.2883, 0.2861023
3.348297, -9.318237, 0.2633667
3.3375244, -9.307465, 0.18914795
3.344696, -9.293091, 0.2346344
3.348297, -9.30986, 0.23703003
3.3219604, -9.333801, 0.1879425
3.324356, -9.339783, 0.2238617
3.3327332, -9.297882, 0.20350647
3.2908325, -9.331406, 0.23103333
3.2537231, -9.305069, 0.19992065
3.248932, -9.326614, 0.18554688
3.2429504, -9.345764, 0.21548462
3.210617, -9.3302, 0.24061584
3.2273865, -9.317032, 0.21427917
3.1986542, -9.327805, 0.23103333
3.1962585, -9.324219, 0.22026062
3.1998444, -9.343369, 0.21069336
3.1890717, -9.343369, 0.23103333
3.1723175, -9.3589325, 0.23223877
3.186676, -9.331406, 0.24420166
3.1890717, -9.340973, 0.23822021
3.2166138, -9.313446, 0.24899292
3.178299, -9.318237, 0.26455688
3.147171, -9.297882, 0.2454071
3.1483765, -9.306259, 0.27174377
3.1651306, -9.307465, 0.3028717
3.190277, -9.327805, 0.29328918
3.1567535, -9.291901, 0.30047607
3.1747131, -9.297882, 0.30047607
3.1591492, -9.297882, 0.34954834
3.1699219, -9.336197, 0.35794067
3.205841, -9.327805, 0.36271667
3.1699219, -9.3194275, 0.375885
3.20224, -9.344574, 0.36750793
3.2166138, -9.343369, 0.375885
3.2166138, -9.313446, 0.39144897
3.1878815, -9.281128, 0.38905334
3.2166138, -9.276337, 0.37109375
3.2190094, -9.284714, 0.36990356
3.229782, -9.272736, 0.42616272
3.257309, -9.302673, 0.42855835
3.257309, -9.31105, 0.42736816
3.241745, -9.303864, 0.41419983
3.2908325, -9.307465, 0.38067627
3.296814, -9.293091, 0.40582275
3.2992096, -9.307465, 0.40342712
3.2764587, -9.313446, 0.42138672
3.2860413, -9.303864, 0.375885
3.3111877, -9.282318, 0.3615265
3.3075867, -9.26796, 0.3615265
3.2824554, -9.305069, 0.39863586
3.324356, -9.285904, 0.3866577
3.3171692, -9.294296, 0.33638
3.3183594, -9.300278, 0.30047607
3.305191, -9.31105, 0.33638
3.2800598, -9.303864, 0.32202148
3.3231506, -9.31105, 0.292099
3.3003998, -9.31105, 0.2741394
3.3099823, -9.271545, 0.26455688
3.3159637, -9.275131, 0.23942566
3.3016052, -9.290695, 0.20111084
3.2860413, -9.297882, 0.22026062
3.327942, -9.302673, 0.19752502
3.3027954, -9.315842, 0.17358398
3.2860413, -9.327805, 0.1771698
3.2824554, -9.313446, 0.15083313
3.2788544, -9.307465, 0.16520691
3.2716827, -9.338577, 0.1592102
3.2992096, -9.287109, 0.1304779
3.3003998, -9.324219, 0.101760864
3.289627, -9.299072, 0.13287354
3.2836456, -9.31105, 0.104141235
3.2632904, -9.301468, 0.14245605
3.2776642, -9.270355, 0.14604187
3.2632904, -9.294296, 0.116119385
3.284851, -9.303864, 0.15203857
3.2956238, -9.339783, 0.11730957
3.233368, -9.307465, 0.14006042
3.2632904, -9.325409, 0.17358398
3.2441406, -9.327805, 0.16998291
3.197464, -9.337387, 0.19273376
3.2345734, -9.300278, 0.16281128
3.226181, -9.291901, 0.20948792
3.2285767, -9.323029, 0.21786499
3.2237854, -9.323029, 0.18914795
3.229782, -9.323029, 0.24301147
3.2094269, -9.327805, 0.24659729
3.20224, -9.327805, 0.22744751
3.226181, -9.312241, 0.22265625
3.205841, -9.324219, 0.21548462
3.1950684, -9.315842, 0.28730774
3.221405, -9.345764, 0.2861023
3.1830902, -9.334991, 0.32081604
3.2190094, -9.3194275, 0.33638
3.2369537, -9.305069, 0.36871338
3.2201996, -9.299072, 0.3256073
3.2082367, -9.314636, 0.36271667
3.2166138, -9.306259, 0.38786316
3.2345734, -9.297882, 0.3722992
3.2381592, -9.293091, 0.39505005
3.2513275, -9.314636, 0.37828064
3.2441406, -9.312241, 0.39624023
3.229782, -9.2883, 0.4189911
3.2764587, -9.306259, 0.44293213
3.265686, -9.299072, 0.43933105
3.2537231, -9.299072, 0.4118042
3.2872314, -9.313446, 0.41778564
3.2621002, -9.3302, 0.41419983
3.2668915, -9.301468, 0.42018127
3.2740784, -9.307465, 0.43095398
3.308792, -9.284714, 0.45010376
3.296814, -9.302673, 0.40821838
3.3111877, -9.307465, 0.4237671
3.2752686, -9.305069, 0.4237671
3.3016052, -9.31105, 0.42497253
3.308792, -9.314636, 0.41539
3.327942, -9.321823, 0.38067627
3.3399048, -9.307465, 0.3866577
3.3040009, -9.30986, 0.37709045
3.3111877, -9.307465, 0.37828064
3.3147736, -9.300278, 0.33518982
3.3219604, -9.297882, 0.32800293
3.3063965, -9.290695, 0.3423767
3.2956238, -9.32901, 0.35794067
3.3231506, -9.308655, 0.3722992
3.3303375, -9.2883, 0.3148346
3.3387146, -9.299072, 0.29808044
3.3339233, -9.312241, 0.3148346
3.305191, -9.32901, 0.3076477
3.336319, -9.303864, 0.30166626
3.3399048, -9.305069, 0.2956848
3.324356, -9.30986, 0.30526733
3.2980194, -9.300278, 0.28012085
3.3111877, -9.315842, 0.25498962
3.2704773, -9.301468, 0.25498962
3.2800598, -9.308655, 0.25138855
3.2752686, -9.283524, 0.252594
3.2776642, -9.296692, 0.23342896
3.2956238, -9.30986, 0.25976562
3.2788544, -9.325409, 0.2166748
3.2525177, -9.294296, 0.22026062
3.3159637, -9.299072, 0.21907043
3.312378, -9.281128, 0.20231628
3.2632904, -9.317032, 0.1951294
3.2680817, -9.302673, 0.16520691
3.2393494, -9.291901, 0.18914795
3.2465363, -9.312241, 0.20709229
3.2405548, -9.3302, 0.16520691
3.2716827, -9.302673, 0.2238617
3.2632904, -9.291901, 0.21069336
3.233368, -9.327805, 0.21427917
3.2668915, -9.315842, 0.20350647
3.2345734, -9.30986, 0.21786499
3.2201996, -9.314636, 0.25378418
3.2585144, -9.333801, 0.2346344
3.2393494, -9.336197, 0.21188354
3.2537231, -9.336197, 0.21308899
3.2429504, -9.325409, 0.2238617
3.2525177, -9.327805, 0.24061584
3.2285767, -9.327805, 0.22026062
3.248932, -9.306259, 0.23822021
3.2537231, -9.323029, 0.24420166
3.2190094, -9.321823, 0.22865295
3.2393494, -9.31105, 0.27053833
3.248932, -9.312241, 0.252594
3.248932, -9.326614, 0.2669525
3.241745, -9.302673, 0.23582458
3.2561188, -9.290695, 0.26934814
3.2309723, -9.303864, 0.29089355
3.2154083, -9.312241, 0.3244171
3.2237854, -9.323029, 0.31604004
3.2561188, -9.323029, 0.28849792
3.2621002, -9.273941, 0.33398438
3.2632904, -9.323029, 0.3136444
3.2477417, -9.332596, 0.29808044
3.245346, -9.308655, 0.31962585
3.272873, -9.290695, 0.31843567
3.2513275, -9.314636, 0.31124878
3.2872314, -9.306259, 0.30885315
3.2752686, -9.313446, 0.3256073
3.288437, -9.313446, 0.3136444
3.2752686, -9.323029, 0.31723022
3.2513275, -9.291901, 0.33758545
3.2441406, -9.307465, 0.31962585
3.2190094, -9.30986, 0.33398438
3.2405548, -9.291901, 0.37348938
3.2872314, -9.289505, 0.34477234
3.3016052, -9.301468, 0.34477234
3.2956238, -9.32901, 0.3435669
3.2836456, -9.317032, 0.34596252
3.265686, -9.285904, 0.37348938
3.2920227, -9.278732, 0.3818817
3.2788544, -9.315842, 0.375885
3.284851, -9.297882, 0.3830719
3.2944183, -9.31105, 0.35794067
3.288437, -9.308655, 0.36032104
3.3111877, -9.321823, 0.37709045
3.3003998, -9.295486, 0.3615265
3.2908325, -9.2595825, 0.33638
3.2752686, -9.285904, 0.35794067
3.2980194, -9.266754, 0.32081604
3.320755, -9.289505, 0.3148346
3.3040009, -9.301468, 0.375885
3.28125, -9.3194275, 0.33638
3.2860413, -9.294296, 0.31843567
3.2908325, -9.302673, 0.3028717
3.3399048, -9.324219, 0.33998108
3.3040009, -9.31105, 0.31004333
3.3111877, -9.320633, 0.30645752
3.2932281, -9.307465, 0.27174377
3.2764587, -9.305069, 0.30047607
3.2956238, -9.2643585, 0.28370667
3.2860413, -9.294296, 0.28730774
3.289627, -9.2595825, 0.27772522
3.2800598, -9.281128, 0.26216125
3.3027954, -9.290695, 0.27293396
3.3255463, -9.289505, 0.2753296
3.3003998, -9.285904, 0.24182129
3.3075867, -9.284714, 0.2753296
3.3423004, -9.300278, 0.26934814
3.2908325, -9.293091, 0.2669525
3.3075867, -9.287109, 0.28730774
3.3219604, -9.2799225, 0.2741394
3.313568, -9.266754, 0.23942566
3.3267365, -9.2799225, 0.26216125
3.3027954, -9.26796, 0.26815796
3.2872314, -9.242813, 0.2849121
3.289627, -9.258377, 0.2813263
3.324356, -9.287109, 0.23822021
3.2920227, -9.296692, 0.24420166
3.2908325, -9.296692, 0.292099
3.3195648, -9.296692, 0.26934814
3.3075867, -9.307465, 0.26455688
3.269287, -9.277527, 0.28012085
3.3099823, -9.272736, 0.2849121
3.324356, -9.293091, 0.292099
3.2872314, -9.287109, 0.30166626
3.305191, -9.270355, 0.30885315
3.324356, -9.290695, 0.32081604
3.312378, -9.284714, 0.34117126
3.320755, -9.305069, 0.33398438
3.3339233, -9.308655, 0.3244171
3.3530731, -9.30986, 0.33638
3.3171692, -9.299072, 0.34477234
3.2920227, -9.285904, 0.35194397
3.3183594, -9.312241, 0.36032104
3.3195648, -9.293091, 0.36392212
3.3016052, -9.297882, 0.39982605
3.2740784, -9.282318, 0.37828064
3.265686, -9.270355, 0.3722992
3.2477417, -9.306259, 0.38786316
3.2776642, -9.313446, 0.3818817
3.2716827, -9.294296, 0.41419983
3.3147736, -9.294296, 0.41778564
3.308792, -9.308655, 0.4333496
3.2429504, -9.315842, 0.42736816
3.2621002, -9.291901, 0.4189911
3.2644958, -9.295486, 0.43933105
3.250122, -9.305069, 0.40582275
3.2597046, -9.301468, 0.43574524
3.3003998, -9.320633, 0.43693542
3.2776642, -9.297882, 0.45010376
3.241745, -9.317032, 0.4046173
3.2764587, -9.320633, 0.41299438
3.2321777, -9.300278, 0.43215942
3.2381592, -9.31105, 0.43574524
3.2824554, -9.324219, 0.43215942
3.2429504, -9.299072, 0.3902588
3.265686, -9.31105, 0.40222168
3.3063965, -9.30986, 0.39624023
3.2908325, -9.299072, 0.40821838
3.2393494, -9.289505, 0.41539
3.2752686, -9.301468, 0.4237671
3.2944183, -9.302673, 0.3866577
3.3040009, -9.325409, 0.35194397
3.3099823, -9.313446, 0.37109375
3.2836456, -9.323029, 0.37469482
3.3027954, -9.287109, 0.3938446
3.2920227, -9.290695, 0.40582275
3.2597046, -9.295486, 0.34835815
3.2956238, -9.296692, 0.35673523
3.2860413, -9.295486, 0.37348938
3.2932281, -9.299072, 0.38905334
3.2932281, -9.26915, 0.3902588
3.3147736, -9.305069, 0.37828064
3.2992096, -9.278732, 0.41419983
3.3099823, -9.285904, 0.39265442
3.2956238, -9.297882, 0.36750793
3.3171692, -9.294296, 0.3866577
3.2525177, -9.312241, 0.36631775
3.2752686, -9.285904, 0.35554504
3.3171692, -9.305069, 0.3256073
3.312378, -9.302673, 0.32800293
3.3183594, -9.30986, 0.3435669
3.3063965, -9.320633, 0.33758545
3.305191, -9.299072, 0.30526733
3.3387146, -9.282318, 0.29808044
3.3267365, -9.277527, 0.2633667
3.3063965, -9.283524, 0.2813263
3.3147736, -9.297882, 0.26576233
3.3411102, -9.302673, 0.23223877
3.3327332, -9.297882, 0.24899292
3.3351288, -9.2643585, 0.24780273
3.3219604, -9.272736, 0.21548462
3.3566742, -9.276337, 0.25378418
3.3530731, -9.26796, 0.22625732
3.3494873, -9.270355, 0.20231628
3.36026, -9.287109, 0.21308899
3.3710327, -9.293091, 0.19631958
3.3566742, -9.291901, 0.22984314
3.3351288, -9.308655, 0.23223877
3.3099823, -9.277527, 0.21308899
3.3219604, -9.270355, 0.23703003
3.3195648, -9.296692, 0.22026062
3.3003998, -9.31105, 0.23942566
3.3099823, -9.284714, 0.22146606
3.284851, -9.283524, 0.24182129
3.2561188, -9.303864, 0.292099
3.3147736, -9.31105, 0.26576233
3.284851, -9.308655, 0.25737
3.2561188, -9.295486, 0.2861023
3.2525177, -9.318237, 0.27174377
3.269287, -9.3302, 0.2669525
3.289627, -9.287109, 0.2813263
3.2273865, -9.300278, 0.31004333
3.2644958, -9.297882, 0.34596252
3.284851, -9.317032, 0.35075378
3.2597046, -9.321823, 0.3327942
3.2740784, -9.290695, 0.36392212
3.2513275, -9.313446, 0.3830719
3.229782, -9.293091, 0.3938446
3.272873, -9.323029, 0.41539
3.2357635, -9.300278, 0.41778564
3.2549133, -9.290695, 0.40821838
3.2668915, -9.31105, 0.41778564
3.2201996, -9.291901, 0.39863586
3.2237854, -9.313446, 0.43095398
3.205841, -9.31105, 0.48483276
3.2237854, -9.305069, 0.48721313
3.2225952, -9.325409, 0.47644043
3.2393494, -9.315842, 0.45489502
3.2285767, -9.299072, 0.51475525
3.2237854, -9.305069, 0.4728546
3.2345734, -9.318237, 0.45729065
3.2285767, -9.315842, 0.44532776
3.2800598, -9.302673, 0.4620819
3.26091, -9.303864, 0.4297638
3.2537231, -9.303864, 0.38786316
3.241745, -9.293091, 0.41299438
3.2860413, -9.2643585, 0.4118042
3.2788544, -9.295486, 0.36990356
3.2788544, -9.305069, 0.41539
3.284851, -9.284714, 0.39505005
3.2776642, -9.282318, 0.33638
3.2752686, -9.325409, 0.36750793
3.3016052, -9.312241, 0.38426208
3.289627, -9.295486, 0.3423767
3.313568, -9.314636, 0.35075378
3.28125, -9.313446, 0.33039856
3.2752686, -9.30986, 0.35554504
3.3159637, -9.301468, 0.33039856
3.288437, -9.291901, 0.35194397
3.2932281, -9.283524, 0.37109375
3.2932281, -9.275131, 0.3076477
3.3183594, -9.287109, 0.3256073
3.305191, -9.299072, 0.35913086
3.305191, -9.305069, 0.3531494
3.313568, -9.339783, 0.3722992
3.3183594, -9.340973, 0.3471527
3.3411102, -9.320633, 0.36871338
3.3339233, -9.283524, 0.37469482
3.312378, -9.271545, 0.35075378
3.327942, -9.278732, 0.3244171
3.3327332, -9.290695, 0.33758545
3.324356, -9.283524, 0.36871338
3.3734283, -9.293091, 0.3615265
3.3327332, -9.313446, 0.34477234
3.3494873, -9.302673, 0.35913086
3.3255463, -9.284714, 0.33398438
3.3506927, -9.307465, 0.33998108
3.3315277, -9.308655, 0.375885
3.3231506, -9.312241, 0.3531494
3.320755, -9.303864, 0.34596252
3.3147736, -9.293091, 0.3435669
3.3267365, -9.261963, 0.32800293
3.2549133, -9.247604, 0.34477234
3.26091, -9.26915, 0.3435669
3.3387146, -9.273941, 0.32800293
3.3063965, -9.271545, 0.33518982
3.320755, -9.2643585, 0.29808044
3.3590698, -9.294296, 0.32081604
3.3554688, -9.308655, 0.33398438
3.336319, -9.290695, 0.31962585
3.3387146, -9.303864, 0.3244171
3.3435059, -9.312241, 0.30047607
3.3303375, -9.302673, 0.33638
3.313568, -9.307465, 0.31962585
3.313568, -9.282318, 0.3435669
3.3183594, -9.307465, 0.3615265
3.3099823, -9.31105, 0.34596252
3.3099823, -9.302673, 0.31723022
3.3111877, -9.293091, 0.31124878
3.2764587, -9.299072, 0.31004333
3.2477417, -9.303864, 0.29808044
3.226181, -9.2643585, 0.3148346
3.2393494, -9.270355, 0.32081604
3.248932, -9.317032, 0.29328918
3.2201996, -9.32901, 0.3148346
3.26091, -9.320633, 0.36871338
3.2309723, -9.314636, 0.34954834
3.2561188, -9.293091, 0.34835815
3.245346, -9.308655, 0.30645752
3.2369537, -9.333801, 0.31243896
3.2405548, -9.305069, 0.29089355
3.226181, -9.294296, 0.28370667
3.2357635, -9.302673, 0.30166626
3.2405548, -9.293091, 0.31843567
3.2201996, -9.290695, 0.29808044
3.2237854, -9.287109, 0.31124878
3.2405548, -9.317032, 0.31604004
3.3016052, -9.313446, 0.32800293
3.28125, -9.305069, 0.3040619
3.2477417, -9.299072, 0.26097107
3.2704773, -9.296692, 0.29927063
3.28125, -9.318237, 0.28970337
3.2980194, -9.306259, 0.24899292
3.2872314, -9.3194275, 0.292099
3.3027954, -9.308655, 0.27772522
3.308792, -9.299072, 0.25378418
3.2561188, -9.281128, 0.2861023
3.2441406, -9.252396, 0.31962585
3.26091, -9.273941, 0.3531494
3.288437, -9.26915, 0.33039856
3.324356, -9.272736, 0.30645752
3.3542786, -9.325409, 0.31723022
3.3339233, -9.308655, 0.31962585
3.3195648, -9.305069, 0.331604
3.3040009, -9.325409, 0.31004333
3.312378, -9.331406, 0.31604004
3.3399048, -9.327805, 0.3543396
3.344696, -9.301468, 0.29447937
3.3016052, -9.294296, 0.30885315
3.3459015, -9.252396, 0.35554504
3.3027954, -9.270355, 0.33518982
3.327942, -9.278732, 0.331604
3.3231506, -9.253586, 0.38067627
3.3578644, -9.26796, 0.36032104
3.3626556, -9.263168, 0.36990356
3.3423004, -9.285904, 0.35673523
3.3183594, -9.300278, 0.36631775
3.3554688, -9.307465, 0.36392212
3.3411102, -9.313446, 0.39743042
3.3506927, -9.318237, 0.39982605
3.3578644, -9.321823, 0.39743042
3.3375244, -9.312241, 0.42018127
3.3040009, -9.289505, 0.39624023
3.324356, -9.294296, 0.3938446
3.3375244, -9.283524, 0.41778564
3.329132, -9.302673, 0.37948608
3.313568, -9.287109, 0.37348938
3.2752686, -9.273941, 0.38546753
3.3231506, -9.293091, 0.4010315
3.3003998, -9.332596, 0.37348938
3.2800598, -9.307465, 0.36032104
3.2956238, -9.324219, 0.36750793
3.2752686, -9.31105, 0.37109375
3.2166138, -9.313446, 0.36871338
3.2549133, -9.300278, 0.3651123
3.2561188, -9.3302, 0.34596252
3.2166138, -9.295486, 0.3435669
3.217804, -9.283524, 0.33518982
3.2046356, -9.275131, 0.3531494
3.186676, -9.297882, 0.33758545
3.229782, -9.282318, 0.29927063
3.2668915, -9.299072, 0.32800293
3.2190094, -9.327805, 0.31124878
3.248932, -9.306259, 0.28251648
3.2537231, -9.305069, 0.27772522
3.2357635, -9.331406, 0.25019836
3.2441406, -9.314636, 0.25138855
3.2249908, -9.301468, 0.23223877
3.265686, -9.313446, 0.23223877
3.2752686, -9.321823, 0.21308899
3.248932, -9.308655, 0.23942566
3.2597046, -9.315842, 0.21069336
3.241745, -9.31105, 0.19871521
3.2441406, -9.305069, 0.17477417
3.2668915, -9.273941, 0.20469666
3.2549133, -9.289505, 0.22505188
3.248932, -9.297882, 0.19273376
3.2130127, -9.299072, 0.20709229
3.241745, -9.291901, 0.19752502
3.2393494, -9.3194275, 0.20350647
3.229782, -9.295486, 0.2238617
3.26091, -9.293091, 0.21907043
3.2644958, -9.303864, 0.19871521
3.245346, -9.303864, 0.18554688
3.2477417, -9.297882, 0.20231628
3.28125, -9.294296, 0.19992065
3.289627, -9.266754, 0.21786499
3.296814, -9.307465, 0.19871521
3.3183594, -9.276337, 0.22146606
3.296814, -9.307465, 0.25019836
3.305191, -9.295486, 0.24301147
3.2980194, -9.2799225, 0.27053833
3.312378, -9.303864, 0.25498962
3.3183594, -9.291901, 0.26934814
3.3159637, -9.313446, 0.29447937
3.3435059, -9.305069, 0.29328918
3.367447, -9.306259, 0.27653503
3.324356, -9.305069, 0.3028717
3.3375244, -9.295486, 0.31004333
3.3746338, -9.301468, 0.31243896
3.3530731, -9.306259, 0.30047607
3.324356, -9.300278, 0.31843567
3.3399048, -9.295486, 0.33518982
3.3339233, -9.308655, 0.31004333
3.3339233, -9.278732, 0.33039856
3.327942, -9.295486, 0.29328918
3.3267365, -9.313446, 0.31243896
3.3111877, -9.2883, 0.31124878
3.3147736, -9.293091, 0.28849792
3.2836456, -9.290695, 0.33877563
3.288437, -9.3302, 0.2956848
3.2668915, -9.331406, 0.28849792
3.2621002, -9.297882, 0.26815796
3.2908325, -9.295486, 0.2741394
3.2597046, -9.312241, 0.30526733
3.2441406, -9.301468, 0.29089355
3.2477417, -9.320633, 0.30166626
3.2082367, -9.321823, 0.2454071
3.2405548, -9.3194275, 0.25857544
3.2369537, -9.327805, 0.25019836
3.2321777, -9.325409, 0.26934814
3.1759033, -9.300278, 0.26455688
3.2046356, -9.294296, 0.2669525
3.186676, -9.326614, 0.27053833
3.2142181, -9.331406, 0.23582458
3.2010498, -9.315842, 0.27174377
3.2082367, -9.323029, 0.28849792
3.1962585, -9.338577, 0.30526733
3.1878815, -9.312241, 0.26934814
3.1842957, -9.305069, 0.29447937
3.1759033, -9.308655, 0.28730774
3.221405, -9.31105, 0.2741394
3.2130127, -9.303864, 0.30645752
3.229782, -9.31105, 0.3076477
3.226181, -9.30986, 0.3148346
3.233368, -9.324219, 0.3327942
3.2429504, -9.302673, 0.33758545
3.2632904, -9.321823, 0.34596252
3.229782, -9.31105, 0.35194397
3.2249908, -9.270355, 0.35554504
3.3027954, -9.270355, 0.3938446
3.2632904, -9.270355, 0.4189911
3.2549133, -9.297882, 0.40701294
3.2944183, -9.299072, 0.36750793
3.3003998, -9.318237, 0.38426208
3.2944183, -9.302673, 0.3818817
3.327942, -9.278732, 0.39743042
3.3470917, -9.281128, 0.3938446
3.320755, -9.300278, 0.37709045
3.344696, -9.299072, 0.34835815
3.3854065, -9.302673, 0.38546753
3.3506927, -9.291901, 0.40582275
3.329132, -9.261963, 0.37828064
3.375824, -9.2799225, 0.40342712
3.3650513, -9.271545, 0.36990356
3.3830109, -9.253586, 0.33398438
3.4021606, -9.2643585, 0.29808044
3.4021606, -9.273941, 0.3244171
3.3746338, -9.303864, 0.33039856
3.4213104, -9.314636, 0.33998108
3.4428558, -9.260773, 0.31124878
3.4488525, -9.295486, 0.3244171
3.4165192, -9.312241, 0.28849792
3.3818054, -9.26915, 0.27893066
3.3614655, -9.26796, 0.252594
3.3818054, -9.290695, 0.25138855
3.3854065, -9.276337, 0.22984314
3.3530731, -9.265564, 0.18914795
3.3566742, -9.265564, 0.1879425
3.3387146, -9.287109, 0.21308899
3.3219604, -9.290695, 0.16160583
3.324356, -9.290695, 0.17597961
3.3183594, -9.303864, 0.15083313
3.248932, -9.282318, 0.13287354
3.250122, -9.302673, 0.14125061
3.2740784, -9.300278, 0.11730957
3.3040009, -9.31105, 0.12808228
3.3003998, -9.324219, 0.08859253
3.2740784, -9.321823, 0.101760864
3.2932281, -9.317032, 0.080200195
3.2644958, -9.321823, 0.10774231
3.2166138, -9.307465, 0.0909729
3.2154083, -9.296692, 0.087387085
3.233368, -9.30986, 0.12808228
3.26091, -9.321823, 0.1149292
3.2357635, -9.327805, 0.09815979
3.205841, -9.313446, 0.12689209
3.272873, -9.320633, 0.16281128
3.2597046, -9.314636, 0.1592102
3.2285767, -9.317032, 0.17597961
3.217804, -9.324219, 0.19992065
3.1806946, -9.325409, 0.23342896
3.229782, -9.314636, 0.23103333
3.2321777, -9.31105, 0.23822021
3.1819, -9.315842, 0.2813263
3.154358, -9.312241, 0.26576233
3.186676, -9.3194275, 0.30885315
3.1711273, -9.350555, 0.30885315
3.1795044, -9.349365, 0.3148346
3.1986542, -9.356537, 0.33998108
3.1711273, -9.3194275, 0.34596252
3.1687317, -9.34697, 0.375885
3.1699219, -9.32901, 0.37109375
3.1651306, -9.320633, 0.37109375
3.1914673, -9.320633, 0.37948608
3.2082367, -9.337387, 0.36750793
3.1830902, -9.336197, 0.38905334
3.2070312, -9.3194275, 0.38067627
3.1806946, -9.295486, 0.38067627
3.2345734, -9.30986, 0.3830719
3.233368, -9.296692, 0.39144897
3.2716827, -9.284714, 0.3902588
3.2776642, -9.30986, 0.39863586
3.2704773, -9.327805, 0.3866577
3.2908325, -9.313446, 0.42138672
3.348297, -9.323029, 0.40940857
3.3411102, -9.326614, 0.38426208
3.3063965, -9.30986, 0.37348938
3.3351288, -9.275131, 0.38905334
3.367447, -9.252396, 0.41059875
3.3459015, -9.244019, 0.4333496
3.3231506, -9.260773, 0.44293213
3.3255463, -9.244019, 0.42616272
3.3662415, -9.2200775, 0.41778564
3.3937836, -9.254791, 0.46087646
3.3925781, -9.303864, 0.4740448
3.3818054, -9.282318, 0.44651794
3.3794098, -9.295486, 0.46447754
3.3722382, -9.326614, 0.49320984
3.3985748, -9.314636, 0.49679565
3.4356842, -9.314636, 0.48602295
3.4596252, -9.302673, 0.49679565
3.4656067, -9.272736, 0.49320984
3.4093475, -9.272736, 0.51834106
3.4021606, -9.265564, 0.53749084
3.384201, -9.266754, 0.5422821
3.423706, -9.222458, 0.54467773
3.3818054, -9.215286, 0.5746155
3.3578644, -9.248795, 0.5698242
3.3818054, -9.265564, 0.61172485
3.3710327, -9.282318, 0.5530548
3.368637, -9.3194275, 0.5710144
3.368637, -9.340973, 0.59376526
3.3566742, -9.354141, 0.57221985
3.305191, -9.31105, 0.5506592
3.2405548, -9.308655, 0.5901642
3.2166138, -9.293091, 0.5973511
3.233368, -9.313446, 0.5985565
3.2345734, -9.314636, 0.6033325
3.217804, -9.305069, 0.5746155
3.217804, -9.308655, 0.5303192
3.1878815, -9.320633, 0.5530548
3.2082367, -9.3302, 0.5698242
3.1735077, -9.324219, 0.50398254
3.1998444, -9.3302, 0.55426025
3.1830902, -9.338577, 0.5566559
3.193863, -9.307465, 0.5422821
3.2644958, -9.303864, 0.46566772
3.3016052, -9.294296, 0.41419983
3.2525177, -9.289505, 0.37709045
3.2537231, -9.301468, 0.34477234
3.3219604, -9.294296, 0.30645752
3.3027954, -9.282318, 0.3040619
3.2992096, -9.299072, 0.292099
3.3171692, -9.294296, 0.27772522
3.3195648, -9.294296, 0.27653503
3.313568, -9.295486, 0.23822021
3.3351288, -9.296692, 0.19392395
3.305191, -9.294296, 0.19992065
3.3099823, -9.306259, 0.19033813
3.3111877, -9.301468, 0.15083313
3.2908325, -9.302673, 0.15322876
3.28125, -9.293091, 0.19154358
3.2752686, -9.295486, 0.16160583
3.250122, -9.307465, 0.17118835
3.2190094, -9.277527, 0.12928772
3.248932, -9.289505, 0.15203857
3.2369537, -9.287109, 0.14245605
3.2549133, -9.26915, 0.17837524
3.2872314, -9.317032, 0.1771698
3.2525177, -9.303864, 0.16998291
3.2525177, -9.293091, 0.20350647
3.2537231, -9.291901, 0.2741394
3.2465363, -9.312241, 0.2813263
3.2441406, -9.252396, 0.31004333
3.3063965, -9.271545, 0.2849121
3.3063965, -9.272736, 0.3651123
3.3063965, -9.271545, 0.37948608
3.3399048, -9.295486, 0.35554504
3.3506927, -9.308655, 0.4297638
3.391388, -9.326614, 0.47525024
3.3865967, -9.324219, 0.43814087
3.3219604, -9.2799225, 0.46806335
3.2788544, -9.2643585, 0.5195465
3.3566742, -9.2643585, 0.5063782
3.3878021, -9.282318, 0.5123596
3.375824, -9.300278, 0.5458832
3.3626556, -9.312241, 0.56503296
3.3806152, -9.26915, 0.59495544
3.3423004, -9.276337, 0.588974
3.3411102, -9.297882, 0.61650085
3.3171692, -9.305069, 0.60453796
3.313568, -9.324219, 0.6093292
3.348297, -9.314636, 0.63087463
3.3016052, -9.315842, 0.64164734
3.2932281, -9.287109, 0.5817871
3.2740784, -9.303864, 0.58299255
3.2393494, -9.282318, 0.60453796
3.2321777, -9.278732, 0.57699585
3.2369537, -9.270355, 0.5805969
3.2142181, -9.278732, 0.60572815
3.217804, -9.282318, 0.6081238
3.2190094, -9.306259, 0.60214233
3.2118225, -9.290695, 0.59376526
3.229782, -9.31105, 0.6033325
3.221405, -9.317032, 0.5901642
3.217804, -9.299072, 0.56622314
3.2381592, -9.302673, 0.5303192
3.2369537, -9.306259, 0.5602417
3.2513275, -9.297882, 0.5351105
3.2740784, -9.291901, 0.50398254
3.2285767, -9.314636, 0.5123596
3.241745, -9.317032, 0.48841858
3.2632904, -9.305069, 0.47883606
3.2597046, -9.332596, 0.4632721
3.2477417, -9.307465, 0.4812317
3.2704773, -9.294296, 0.43693542
3.2597046, -9.30986, 0.42855835
3.257309, -9.302673, 0.40582275
3.257309, -9.283524, 0.43455505
3.2836456, -9.252396, 0.40222168
3.3016052, -9.246414, 0.37109375
3.3423004, -9.253586, 0.38067627
3.3566742, -9.258377, 0.34954834
3.3734283, -9.270355, 0.3028717
3.3854065, -9.276337, 0.27174377
3.3830109, -9.3302, 0.25378418
3.3865967, -9.293091, 0.1951294
3.4021606, -9.287109, 0.19273376
3.4296875, -9.276337, 0.18554688
3.3722382, -9.238022, 0.17237854
3.4117432, -9.239227, 0.18554688
3.4201202, -9.218872, 0.17237854
3.4057465, -9.2404175, 0.14964294
3.4596252, -9.245209, 0.16998291
3.4691925, -9.260773, 0.23223877
3.4691925, -9.25, 0.26815796
3.4667969, -9.261963, 0.24182129
3.5039215, -9.300278, 0.25498962
3.4991302, -9.297882, 0.28970337
3.5086975, -9.271545, 0.33877563
3.4763794, -9.273941, 0.36871338
3.478775, -9.238022, 0.37109375
3.5146942, -9.227249, 0.33998108
3.4919434, -9.211685, 0.38067627
3.502716, -9.244019, 0.44532776
3.5110931, -9.242813, 0.43814087
3.5110931, -9.23085, 0.39863586
3.5326385, -9.239227, 0.40582275
3.545807, -9.278732, 0.40940857
3.5553894, -9.275131, 0.39624023
3.5398254, -9.296692, 0.4189911
3.5230713, -9.247604, 0.4046173
3.4823608, -9.26915, 0.39863586
3.4644165, -9.260773, 0.39982605
3.4512482, -9.2404175, 0.39743042
3.391388, -9.25, 0.36750793
3.3722382, -9.276337, 0.34835815
3.3590698, -9.253586, 0.37828064
3.3506927, -9.2595825, 0.38546753
3.2908325, -9.2595825, 0.39265442
3.313568, -9.275131, 0.375885
3.3063965, -9.332596, 0.35075378
3.2477417, -9.325409, 0.37469482
3.2201996, -9.300278, 0.37948608
3.2321777, -9.303864, 0.37348938
3.2082367, -9.303864, 0.36392212
3.1735077, -9.289505, 0.37828064
3.166336, -9.301468, 0.37709045
3.1735077, -9.320633, 0.35794067
3.2010498, -9.315842, 0.35913086
3.1795044, -9.354141, 0.36631775

