x : y : Z 
3.0406342, -9.396042, 0.75057983
3.0298615, -9.404419, 0.74220276
3.0262756, -9.405624, 0.70988464
3.0142975, -9.379288, 0.66677856
3.0298615, -9.372101, 0.67396545
3.04422, -9.386475, 0.628479
3.0609894, -9.34816, 0.64164734
3.0334473, -9.3302, 0.5877838
3.032257, -9.349365, 0.5590515
3.0490112, -9.363724, 0.5386963
3.0705566, -9.357742, 0.5063782
3.075348, -9.349365, 0.51834106
3.1172485, -9.32901, 0.49440002
3.099289, -9.356537, 0.5015869
3.126831, -9.350555, 0.5087738
3.1591492, -9.356537, 0.45610046
3.1854858, -9.340973, 0.47045898
3.1771088, -9.331406, 0.46687317
3.166336, -9.3302, 0.45489502
3.1854858, -9.356537, 0.4620819
3.1914673, -9.345764, 0.4225769
3.248932, -9.337387, 0.45010376
3.2393494, -9.361328, 0.42497253
3.2597046, -9.338577, 0.39743042
3.2477417, -9.360138, 0.375885
3.2465363, -9.354141, 0.4237671
3.269287, -9.312241, 0.4405365
3.288437, -9.3302, 0.39505005
3.296814, -9.356537, 0.3866577
3.329132, -9.3302, 0.3818817
3.348297, -9.325409, 0.36871338
3.3267365, -9.324219, 0.33877563
3.3219604, -9.318237, 0.34596252
3.3423004, -9.300278, 0.37348938
3.3375244, -9.303864, 0.34117126
3.36026, -9.327805, 0.29927063
3.3626556, -9.295486, 0.3256073
3.3470917, -9.318237, 0.3256073
3.3650513, -9.315842, 0.28849792
3.4045563, -9.302673, 0.23582458
3.3530731, -9.321823, 0.25138855
3.348297, -9.294296, 0.2813263
3.3387146, -9.287109, 0.24899292
3.3746338, -9.323029, 0.22146606
3.3554688, -9.314636, 0.20111084
3.308792, -9.294296, 0.18435669
3.296814, -9.3302, 0.15562439
3.3075867, -9.312241, 0.17956543
3.3303375, -9.321823, 0.19033813
3.2932281, -9.349365, 0.12689209
3.2704773, -9.31105, 0.14006042
3.2788544, -9.337387, 0.12449646
3.2561188, -9.318237, 0.12808228
3.2429504, -9.294296, 0.14245605
3.1819, -9.331406, 0.14364624
3.1735077, -9.315842, 0.12210083
3.1950684, -9.333801, 0.120910645
3.1519623, -9.349365, 0.13287354
3.1795044, -9.326614, 0.12928772
3.205841, -9.339783, 0.1304779
3.1950684, -9.3589325, 0.15322876
3.1699219, -9.354141, 0.19392395
3.1639404, -9.333801, 0.17477417
3.1842957, -9.32901, 0.21188354
3.1495667, -9.34816, 0.22265625
3.157959, -9.338577, 0.2238617
3.147171, -9.333801, 0.25498962
3.1555634, -9.354141, 0.25138855
3.12323, -9.344574, 0.27893066
3.1256256, -9.350555, 0.28730774
3.1399994, -9.357742, 0.296875
3.1328125, -9.380478, 0.30166626
3.1316223, -9.364914, 0.31843567
3.0957031, -9.372101, 0.30885315
3.0765533, -9.385269, 0.35794067
3.0849304, -9.392456, 0.3531494
3.0825348, -9.382874, 0.3531494
3.078949, -9.386475, 0.37348938
3.0621796, -9.351746, 0.3651123
3.063385, -9.360138, 0.3615265
3.0669708, -9.364914, 0.35673523
3.0430298, -9.370911, 0.3938446
3.0274658, -9.361328, 0.39863586
3.078949, -9.360138, 0.3866577
3.0765533, -9.382874, 0.39743042
3.047821, -9.384079, 0.4010315
3.047821, -9.372101, 0.41059875
3.047821, -9.36731, 0.43455505
3.04422, -9.363724, 0.4189911
3.0466156, -9.356537, 0.40342712
3.0561981, -9.364914, 0.4118042
3.0190887, -9.356537, 0.4524994
3.0609894, -9.34816, 0.45370483
3.0777435, -9.361328, 0.42616272
3.0561981, -9.369705, 0.45729065
3.0131073, -9.373306, 0.50756836
3.0645752, -9.344574, 0.4812317
3.0777435, -9.366119, 0.4692688
3.0585938, -9.361328, 0.48483276
3.0777435, -9.382874, 0.48243713
3.0621796, -9.355347, 0.48841858
3.0849304, -9.369705, 0.49560547
3.071762, -9.3589325, 0.49440002
3.0621796, -9.356537, 0.5087738
3.0573883, -9.373306, 0.52671814
3.0621796, -9.39006, 0.5027771
3.0921173, -9.373306, 0.51475525
3.0585938, -9.340973, 0.549469
3.0693665, -9.372101, 0.5279236
3.0645752, -9.374496, 0.5410919
3.0849304, -9.360138, 0.51116943
3.094513, -9.378082, 0.5315094
3.1052856, -9.355347, 0.5590515
3.1208344, -9.342178, 0.5566559
3.1076813, -9.336197, 0.53271484
3.1340027, -9.36731, 0.5530548
3.150772, -9.332596, 0.56622314
3.1304169, -9.34697, 0.57341003
3.126831, -9.334991, 0.5506592
3.1675262, -9.350555, 0.58299255
3.1399994, -9.351746, 0.57221985
3.1711273, -9.3302, 0.5638275
3.205841, -9.355347, 0.5782013
3.2118225, -9.338577, 0.5566559
3.1890717, -9.314636, 0.5746155
3.1854858, -9.321823, 0.5805969
3.221405, -9.332596, 0.5410919
3.2201996, -9.327805, 0.55545044
3.233368, -9.327805, 0.52911377
3.2369537, -9.324219, 0.53630066
3.2357635, -9.352951, 0.5123596
3.2154083, -9.355347, 0.5123596
3.2225952, -9.336197, 0.4692688
3.2142181, -9.356537, 0.4692688
3.1998444, -9.339783, 0.40940857
3.2393494, -9.331406, 0.40940857
3.2309723, -9.34697, 0.4010315
3.2201996, -9.317032, 0.37469482
3.2142181, -9.315842, 0.38546753
3.2166138, -9.334991, 0.36392212
3.186676, -9.339783, 0.3615265
3.1819, -9.345764, 0.36631775
3.2034454, -9.3589325, 0.3651123
3.2190094, -9.36731, 0.33877563
3.193863, -9.336197, 0.3136444
3.2166138, -9.345764, 0.34117126
3.210617, -9.333801, 0.30526733
3.2034454, -9.333801, 0.296875
3.2046356, -9.323029, 0.30526733
3.205841, -9.318237, 0.32202148
3.1819, -9.312241, 0.29927063
3.2010498, -9.343369, 0.29328918
3.1890717, -9.345764, 0.29808044
3.229782, -9.344574, 0.30885315
3.2034454, -9.331406, 0.29447937
3.2046356, -9.355347, 0.27772522
3.221405, -9.32901, 0.28849792
3.1926727, -9.350555, 0.26815796
3.2154083, -9.3589325, 0.2813263
3.2010498, -9.352951, 0.27653503
3.2249908, -9.366119, 0.29447937
3.205841, -9.344574, 0.292099
3.2525177, -9.342178, 0.2454071
3.221405, -9.344574, 0.27174377
3.2190094, -9.340973, 0.25378418
3.1830902, -9.34697, 0.2956848
3.2201996, -9.370911, 0.27772522
3.2285767, -9.378082, 0.27772522
3.221405, -9.342178, 0.24061584
3.205841, -9.363724, 0.28849792
3.193863, -9.334991, 0.2753296
3.1411896, -9.368515, 0.25498962
3.1519623, -9.374496, 0.27053833
3.1830902, -9.355347, 0.28849792
3.154358, -9.381683, 0.28970337
3.1747131, -9.397247, 0.30526733
3.1675262, -9.361328, 0.30166626
3.166336, -9.376892, 0.31843567
3.1759033, -9.376892, 0.32202148
3.1806946, -9.350555, 0.31243896
3.1651306, -9.334991, 0.31004333
3.12323, -9.357742, 0.3076477
3.1256256, -9.392456, 0.2861023
3.111267, -9.344574, 0.31962585
3.1495667, -9.362518, 0.31843567
3.142395, -9.34816, 0.32920837
3.1411896, -9.366119, 0.31124878
3.0933075, -9.338577, 0.35913086
3.1328125, -9.334991, 0.3830719
3.118454, -9.352951, 0.34596252
3.1208344, -9.355347, 0.33877563
3.1124573, -9.340973, 0.3423767
3.1076813, -9.313446, 0.3471527
3.0909119, -9.3302, 0.32920837
3.0885162, -9.34697, 0.33758545
3.1004944, -9.333801, 0.37828064
3.0968933, -9.3302, 0.375885
3.0813446, -9.362518, 0.41659546
3.0957031, -9.343369, 0.3902588
3.0861206, -9.333801, 0.38786316
3.0957031, -9.337387, 0.42018127
3.087326, -9.363724, 0.41299438
3.0968933, -9.369705, 0.4405365
3.126831, -9.369705, 0.46087646
3.1196442, -9.339783, 0.45610046
3.1052856, -9.376892, 0.47045898
3.1316223, -9.36731, 0.4800415
3.1495667, -9.342178, 0.49320984
3.1160583, -9.3194275, 0.5087738
3.147171, -9.317032, 0.5303192
3.1447906, -9.320633, 0.5530548
3.1687317, -9.352951, 0.5602417
3.1890717, -9.350555, 0.5410919
3.1735077, -9.351746, 0.5398865
3.2070312, -9.336197, 0.53749084
3.229782, -9.3302, 0.53271484
3.217804, -9.355347, 0.53749084
3.221405, -9.344574, 0.5398865
3.1878815, -9.344574, 0.5638275
3.2273865, -9.336197, 0.5518646
3.2142181, -9.325409, 0.53271484
3.2034454, -9.331406, 0.5195465
3.2034454, -9.297882, 0.51116943
3.2082367, -9.308655, 0.49679565
3.2154083, -9.338577, 0.46566772
3.2393494, -9.343369, 0.4513092
3.2142181, -9.3302, 0.46566772
3.2249908, -9.381683, 0.47045898
3.2010498, -9.34816, 0.4225769
3.2381592, -9.317032, 0.38546753
3.2357635, -9.324219, 0.41539
3.1914673, -9.331406, 0.39982605
3.1830902, -9.302673, 0.36871338
3.1830902, -9.321823, 0.34954834
3.1819, -9.315842, 0.40222168
3.186676, -9.324219, 0.33758545
3.1878815, -9.308655, 0.31604004
3.2118225, -9.349365, 0.31723022
3.233368, -9.351746, 0.31243896
3.2357635, -9.385269, 0.28370667
3.2166138, -9.391251, 0.29328918
3.1687317, -9.378082, 0.296875
3.193863, -9.399643, 0.29447937
3.210617, -9.376892, 0.252594
3.1711273, -9.364914, 0.24659729
3.1603394, -9.337387, 0.25378418
3.166336, -9.343369, 0.23223877
3.1747131, -9.312241, 0.22146606
3.1519623, -9.300278, 0.20350647
3.147171, -9.305069, 0.20231628
3.1519623, -9.3589325, 0.20709229
3.1495667, -9.325409, 0.22744751
3.138794, -9.369705, 0.23582458
3.178299, -9.350555, 0.20350647
3.1735077, -9.362518, 0.23223877
3.138794, -9.378082, 0.22505188
3.1567535, -9.393646, 0.2454071
3.1495667, -9.387665, 0.25857544
3.1280212, -9.381683, 0.2669525
3.1615448, -9.360138, 0.2669525
3.147171, -9.369705, 0.27174377
3.1076813, -9.350555, 0.25498962
3.138794, -9.354141, 0.22865295
3.1196442, -9.372101, 0.31004333
3.1256256, -9.361328, 0.32681274
3.12323, -9.373306, 0.3148346
3.1280212, -9.364914, 0.34596252
3.1220398, -9.351746, 0.38546753
3.114853, -9.36731, 0.3423767
3.138794, -9.396042, 0.36990356
3.1316223, -9.385269, 0.38426208
3.150772, -9.373306, 0.40342712
3.1555634, -9.387665, 0.39505005
3.150772, -9.342178, 0.35194397
3.1340027, -9.337387, 0.3902588
3.1340027, -9.402023, 0.36871338
3.1100616, -9.34697, 0.39863586
3.1352081, -9.352951, 0.40342712
3.1244354, -9.355347, 0.44651794
3.118454, -9.336197, 0.4333496
3.12323, -9.373306, 0.42497253
3.1675262, -9.385269, 0.4513092
3.1352081, -9.370911, 0.43933105
3.1040802, -9.374496, 0.45968628
3.1220398, -9.380478, 0.43693542
3.147171, -9.364914, 0.47644043
3.1328125, -9.363724, 0.46087646
3.1363983, -9.372101, 0.45489502
3.1639404, -9.384079, 0.48721313
3.1411896, -9.374496, 0.46087646
3.1220398, -9.373306, 0.4920044
3.1292267, -9.3589325, 0.48602295
3.1280212, -9.369705, 0.5195465
3.1340027, -9.36731, 0.49320984
3.1040802, -9.374496, 0.5051727
3.1016846, -9.36731, 0.5123596
3.111267, -9.349365, 0.55545044
3.094513, -9.349365, 0.5410919
3.1016846, -9.354141, 0.533905
3.078949, -9.366119, 0.56144714
3.1004944, -9.34697, 0.56144714
3.1196442, -9.337387, 0.5386963
3.118454, -9.336197, 0.56503296
3.0813446, -9.331406, 0.5710144
3.0980988, -9.352951, 0.5386963
3.114853, -9.368515, 0.5602417
3.1052856, -9.351746, 0.55545044
3.1076813, -9.331406, 0.57699585
3.1363983, -9.402023, 0.56144714
3.1256256, -9.385269, 0.58657837
3.1076813, -9.384079, 0.6093292
3.1100616, -9.414001, 0.56144714
3.1172485, -9.376892, 0.5793915
3.0777435, -9.374496, 0.60095215
3.0502167, -9.375687, 0.60214233
3.0334473, -9.360138, 0.57580566
3.0609894, -9.3194275, 0.52194214
3.0980988, -9.293091, 0.5410919
3.1304169, -9.314636, 0.55784607
3.126831, -9.334991, 0.50756836
3.1052856, -9.355347, 0.49919128
3.111267, -9.354141, 0.5123596
3.1088715, -9.362518, 0.5506592
3.094513, -9.354141, 0.46447754
3.0825348, -9.3589325, 0.48602295
3.1004944, -9.370911, 0.48841858
3.118454, -9.396042, 0.45370483
3.1004944, -9.417587, 0.4441223
3.142395, -9.396042, 0.4237671
3.1328125, -9.396042, 0.4297638
3.1160583, -9.361328, 0.36750793
3.1399994, -9.345764, 0.3471527
3.1304169, -9.355347, 0.32800293
3.10289, -9.345764, 0.3028717
3.147171, -9.363724, 0.27293396
3.1399994, -9.355347, 0.27772522
3.1603394, -9.354141, 0.25498962
3.197464, -9.362518, 0.2849121
3.2010498, -9.361328, 0.26455688
3.178299, -9.384079, 0.28370667
3.2034454, -9.384079, 0.23942566
3.2082367, -9.373306, 0.2059021
3.1998444, -9.352951, 0.18315125
3.1878815, -9.333801, 0.18554688
3.1890717, -9.338577, 0.23822021
3.2142181, -9.308655, 0.2059021
3.2082367, -9.30986, 0.23223877
3.2142181, -9.320633, 0.24182129
3.2680817, -9.3194275, 0.21069336
3.2477417, -9.285904, 0.24420166
3.2321777, -9.303864, 0.21907043
3.2357635, -9.336197, 0.2346344
3.2513275, -9.326614, 0.2238617
3.2429504, -9.299072, 0.26455688
3.233368, -9.313446, 0.23822021
3.2549133, -9.332596, 0.23822021
3.2704773, -9.326614, 0.21308899
3.28125, -9.325409, 0.22865295
3.269287, -9.342178, 0.2454071
3.2716827, -9.321823, 0.2059021
3.2932281, -9.327805, 0.22865295
3.2956238, -9.313446, 0.22984314
3.2752686, -9.301468, 0.20829773
3.2800598, -9.296692, 0.23703003
3.3099823, -9.314636, 0.26216125
3.296814, -9.314636, 0.26934814
3.289627, -9.31105, 0.31843567
3.269287, -9.34816, 0.3148346
3.2621002, -9.325409, 0.29089355
3.2621002, -9.318237, 0.31004333
3.269287, -9.342178, 0.33398438
3.2393494, -9.339783, 0.3327942
3.2597046, -9.343369, 0.32920837
3.2513275, -9.307465, 0.36990356
3.217804, -9.338577, 0.39144897
3.1795044, -9.339783, 0.33518982
3.248932, -9.325409, 0.331604
3.245346, -9.339783, 0.35913086
3.2249908, -9.338577, 0.37469482
3.1771088, -9.326614, 0.3902588
3.162735, -9.31105, 0.41419983
3.1795044, -9.34697, 0.37469482
3.1411896, -9.343369, 0.39982605
3.138794, -9.315842, 0.3866577
3.1256256, -9.320633, 0.36871338
3.126831, -9.338577, 0.44293213
3.114853, -9.368515, 0.41659546
3.1256256, -9.368515, 0.4189911
3.0980988, -9.368515, 0.43814087
3.1352081, -9.356537, 0.47166443
3.1735077, -9.393646, 0.46566772
3.1603394, -9.387665, 0.49919128
3.1280212, -9.368515, 0.49320984
3.1340027, -9.369705, 0.5015869
3.0980988, -9.357742, 0.48602295
3.1100616, -9.323029, 0.5398865
3.1016846, -9.301468, 0.52671814
3.0968933, -9.297882, 0.52552795
3.154358, -9.324219, 0.588974
3.166336, -9.321823, 0.57341003
3.1735077, -9.337387, 0.5913696
3.1567535, -9.323029, 0.60214233
3.1531677, -9.305069, 0.5973511
3.1591492, -9.338577, 0.59376526
3.1567535, -9.339783, 0.6260834
3.2130127, -9.324219, 0.6212921
3.229782, -9.349365, 0.5422821
3.2549133, -9.374496, 0.5793915
3.2477417, -9.34697, 0.5590515
3.226181, -9.349365, 0.5458832
3.2561188, -9.339783, 0.52671814
3.2441406, -9.314636, 0.47644043
3.2309723, -9.334991, 0.47045898
3.2118225, -9.296692, 0.47883606
3.241745, -9.314636, 0.46687317
3.2237854, -9.307465, 0.41659546
3.26091, -9.32901, 0.41059875
3.2668915, -9.303864, 0.40940857
3.2680817, -9.30986, 0.43814087
3.265686, -9.34816, 0.40582275
3.2130127, -9.324219, 0.3830719
3.1854858, -9.303864, 0.3435669
3.2034454, -9.332596, 0.40940857
3.2010498, -9.301468, 0.38905334
3.2082367, -9.3302, 0.39144897
3.1914673, -9.313446, 0.4297638
3.1806946, -9.293091, 0.37469482
3.190277, -9.290695, 0.3818817
3.1806946, -9.313446, 0.37948608
3.1687317, -9.314636, 0.40821838
3.1819, -9.312241, 0.42138672
3.1806946, -9.289505, 0.42736816
3.1962585, -9.34697, 0.41778564
3.2082367, -9.343369, 0.37828064
3.2285767, -9.333801, 0.39982605
3.2249908, -9.3302, 0.41539
3.217804, -9.333801, 0.41778564
3.190277, -9.336197, 0.45610046
3.2381592, -9.343369, 0.4740448
3.2992096, -9.344574, 0.46806335
3.2704773, -9.34697, 0.44770813
3.2776642, -9.290695, 0.41539
3.28125, -9.293091, 0.41299438
3.2980194, -9.2883, 0.3830719
3.3111877, -9.303864, 0.39863586
3.3351288, -9.31105, 0.45968628
3.3770142, -9.284714, 0.4800415
3.3889923, -9.312241, 0.5135498
3.4105377, -9.342178, 0.4980011
3.4165192, -9.3589325, 0.4728546
3.4093475, -9.321823, 0.4920044
3.3889923, -9.323029, 0.49679565
3.3554688, -9.324219, 0.46447754
3.3650513, -9.337387, 0.46566772
3.406952, -9.334991, 0.43574524
3.4105377, -9.345764, 0.38786316
3.3734283, -9.327805, 0.42018127
3.3578644, -9.326614, 0.40701294
3.3554688, -9.299072, 0.36271667
3.2980194, -9.270355, 0.36990356
3.2836456, -9.301468, 0.3471527
3.2980194, -9.294296, 0.3531494
3.288437, -9.306259, 0.35794067
3.2992096, -9.326614, 0.3651123
3.2944183, -9.3302, 0.3531494
3.313568, -9.332596, 0.36392212
3.308792, -9.374496, 0.4046173
3.2776642, -9.366119, 0.4118042
3.2441406, -9.366119, 0.4118042
3.2309723, -9.356537, 0.45010376
3.1842957, -9.350555, 0.44770813
3.1890717, -9.360138, 0.4692688
3.2070312, -9.357742, 0.52552795
3.1519623, -9.34697, 0.5315094
3.12323, -9.343369, 0.5303192
3.0897217, -9.344574, 0.53271484
3.0933075, -9.349365, 0.5315094
3.1040802, -9.337387, 0.5351105
3.0825348, -9.342178, 0.51116943
3.0729523, -9.338577, 0.5123596
3.0741577, -9.344574, 0.48602295
3.0885162, -9.354141, 0.48483276
3.063385, -9.363724, 0.5207367
3.0406342, -9.394852, 0.4980011
3.0430298, -9.387665, 0.4728546
3.0370483, -9.378082, 0.44891357
3.008316, -9.387665, 0.43455505
2.999939, -9.391251, 0.43814087
3.0190887, -9.373306, 0.43814087
3.0131073, -9.366119, 0.4632721
3.0011292, -9.388855, 0.43933105
3.0226746, -9.381683, 0.4513092
3.0370483, -9.375687, 0.4297638
2.9891663, -9.374496, 0.4692688
3.0059204, -9.368515, 0.4632721
3.0178986, -9.354141, 0.4584961
3.0226746, -9.356537, 0.4632721
3.0573883, -9.336197, 0.44891357
3.0813446, -9.338577, 0.4740448
3.0897217, -9.356537, 0.5027771
3.0681763, -9.355347, 0.5123596
3.0573883, -9.366119, 0.533905
3.083725, -9.361328, 0.55545044
3.1040802, -9.373306, 0.5506592
3.1459808, -9.378082, 0.549469
3.1591492, -9.373306, 0.56503296
3.1603394, -9.3589325, 0.56622314
3.1591492, -9.366119, 0.5051727
3.147171, -9.332596, 0.549469
3.1304169, -9.333801, 0.53749084
3.0957031, -9.3194275, 0.5171509
3.0921173, -9.283524, 0.5566559
3.1316223, -9.306259, 0.5626373
3.20224, -9.314636, 0.5638275
3.2381592, -9.326614, 0.52911377
3.2273865, -9.379288, 0.57580566
3.233368, -9.378082, 0.57221985
3.2549133, -9.370911, 0.5303192
3.2441406, -9.3302, 0.56622314
3.190277, -9.34697, 0.5698242
3.2130127, -9.345764, 0.54707336
3.250122, -9.326614, 0.6188965
3.2154083, -9.294296, 0.64523315
3.210617, -9.2883, 0.60572815
3.2237854, -9.299072, 0.6201019
3.2644958, -9.313446, 0.6212921
3.2704773, -9.306259, 0.64404297
3.324356, -9.320633, 0.6356659
3.3063965, -9.315842, 0.6320648
3.3027954, -9.324219, 0.60095215
3.2932281, -9.301468, 0.6260834
3.3159637, -9.31105, 0.56503296
3.3387146, -9.32901, 0.5698242
3.3566742, -9.314636, 0.56622314
3.3566742, -9.321823, 0.5590515
3.3542786, -9.339783, 0.5351105
3.3399048, -9.325409, 0.5590515
3.3506927, -9.317032, 0.509964
3.3530731, -9.337387, 0.48841858
3.2872314, -9.337387, 0.4620819
3.312378, -9.337387, 0.46566772
3.2872314, -9.296692, 0.45610046
3.312378, -9.301468, 0.43095398
3.308792, -9.327805, 0.3902588
3.3003998, -9.312241, 0.38786316
3.26091, -9.30986, 0.39982605
3.2381592, -9.306259, 0.3615265
3.229782, -9.355347, 0.35794067
3.2010498, -9.331406, 0.3136444
3.1591492, -9.34816, 0.3076477
3.147171, -9.349365, 0.2813263
3.1208344, -9.369705, 0.23103333
3.142395, -9.374496, 0.25498962
3.1771088, -9.410416, 0.21548462
3.1280212, -9.419983, 0.19992065
3.0980988, -9.424774, 0.18675232
3.0705566, -9.402023, 0.16998291
3.063385, -9.397247, 0.14724731
3.020279, -9.382874, 0.12689209
2.9700012, -9.386475, 0.15083313
2.9712067, -9.363724, 0.14006042
3.0119019, -9.336197, 0.120910645
2.9903564, -9.352951, 0.104141235
2.9676056, -9.374496, 0.082595825
2.9508514, -9.375687, 0.096969604
2.9628296, -9.373306, 0.1257019
2.9412842, -9.3589325, 0.113723755
2.9197235, -9.342178, 0.14364624
2.9269104, -9.356537, 0.18554688
2.9652252, -9.363724, 0.19392395
2.991562, -9.369705, 0.20111084
3.059784, -9.397247, 0.2166748
3.0430298, -9.392456, 0.26576233
3.0418396, -9.40921, 0.28970337
3.0693665, -9.411606, 0.33039856
3.0813446, -9.369705, 0.30047607
3.1076813, -9.324219, 0.31962585
3.1124573, -9.321823, 0.35075378
3.087326, -9.314636, 0.36750793
3.1124573, -9.315842, 0.41539
3.1316223, -9.296692, 0.48243713
3.1160583, -9.318237, 0.48602295
3.1328125, -9.326614, 0.51834106
3.193863, -9.31105, 0.5386963
3.2237854, -9.324219, 0.55784607
3.2752686, -9.324219, 0.55784607
3.312378, -9.34816, 0.5590515
3.348297, -9.355347, 0.5530548
3.308792, -9.342178, 0.56622314
3.289627, -9.349365, 0.61650085
3.2932281, -9.313446, 0.6188965
3.2800598, -9.303864, 0.6105194
3.3027954, -9.285904, 0.61172485
3.329132, -9.315842, 0.6141052
3.3327332, -9.296692, 0.60214233
3.3614655, -9.291901, 0.6201019
3.406952, -9.285904, 0.55545044
3.4105377, -9.285904, 0.57221985
3.3937836, -9.295486, 0.59495544
3.4296875, -9.270355, 0.57341003
3.4189148, -9.248795, 0.5386963
3.4117432, -9.254791, 0.53630066
3.415329, -9.265564, 0.46566772
3.4296875, -9.278732, 0.4620819
3.4284973, -9.285904, 0.44172668
3.4284973, -9.247604, 0.43933105
3.4177246, -9.277527, 0.42616272
3.430893, -9.300278, 0.41419983
3.4213104, -9.284714, 0.35913086
3.4249115, -9.261963, 0.35673523
3.4213104, -9.25119, 0.32681274
3.423706, -9.266754, 0.3615265
3.4225159, -9.241623, 0.31723022
3.4045563, -9.270355, 0.30047607
3.3901825, -9.281128, 0.32321167
3.4093475, -9.234436, 0.3327942
3.423706, -9.233246, 0.3040619
3.4093475, -9.270355, 0.31004333
3.408142, -9.300278, 0.31004333
3.4727936, -9.305069, 0.31124878
3.4596252, -9.26915, 0.32800293
3.4620209, -9.282318, 0.3256073
3.4524384, -9.290695, 0.33638
3.4440613, -9.2643585, 0.3327942
3.4727936, -9.2595825, 0.30526733
3.4512482, -9.291901, 0.32800293
3.4524384, -9.246414, 0.31124878
3.4488525, -9.263168, 0.3040619
3.408142, -9.2595825, 0.31243896
3.4536285, -9.273941, 0.30166626
3.4117432, -9.278732, 0.30885315
3.3937836, -9.284714, 0.296875
3.4356842, -9.314636, 0.27174377
3.3985748, -9.307465, 0.29328918
3.3794098, -9.339783, 0.26455688
3.3435059, -9.349365, 0.25976562
3.2920227, -9.350555, 0.24182129
3.2680817, -9.360138, 0.22265625
3.245346, -9.336197, 0.24420166
3.245346, -9.320633, 0.25019836
3.2154083, -9.350555, 0.23342896
3.2094269, -9.361328, 0.25857544
3.2010498, -9.338577, 0.24420166
3.1735077, -9.334991, 0.24182129
3.1878815, -9.34697, 0.26216125
3.1806946, -9.34816, 0.25138855
3.190277, -9.34697, 0.26216125
3.1842957, -9.323029, 0.2669525
3.1699219, -9.324219, 0.28970337
3.1256256, -9.331406, 0.31004333
3.0909119, -9.317032, 0.3028717
3.1004944, -9.314636, 0.33877563
3.1280212, -9.321823, 0.36271667
3.1639404, -9.325409, 0.38905334
3.1483765, -9.357742, 0.3866577
3.1759033, -9.397247, 0.35794067
3.1735077, -9.386475, 0.36392212
3.178299, -9.380478, 0.375885
3.1926727, -9.379288, 0.41059875
3.186676, -9.352951, 0.38786316
3.126831, -9.357742, 0.35913086
3.1052856, -9.349365, 0.39743042
3.0669708, -9.339783, 0.39863586
3.071762, -9.357742, 0.42018127
3.0538025, -9.3589325, 0.42616272
3.0561981, -9.32901, 0.4225769
3.0729523, -9.3302, 0.44172668
3.1292267, -9.34816, 0.43574524
3.1459808, -9.361328, 0.4980011
3.1352081, -9.382874, 0.509964
3.138794, -9.387665, 0.47166443
3.1352081, -9.3984375, 0.52671814
3.0957031, -9.40921, 0.52671814
3.0825348, -9.34816, 0.5458832
3.094513, -9.342178, 0.5901642
3.0693665, -9.34816, 0.5638275
3.1076813, -9.314636, 0.5746155
3.1304169, -9.354141, 0.59495544
3.2070312, -9.3589325, 0.5793915
3.1830902, -9.3589325, 0.63327026
3.1615448, -9.344574, 0.63446045
3.1795044, -9.317032, 0.6320648
3.1567535, -9.312241, 0.6907196
3.2190094, -9.299072, 0.67277527
3.265686, -9.336197, 0.628479
3.257309, -9.326614, 0.628479
3.265686, -9.332596, 0.6404419
3.265686, -9.326614, 0.6212921
3.245346, -9.317032, 0.6093292
3.2010498, -9.283524, 0.66319275
3.1615448, -9.26796, 0.64164734
3.1687317, -9.263168, 0.6069336
3.1747131, -9.308655, 0.5985565
3.2034454, -9.315842, 0.5793915
3.233368, -9.313446, 0.58657837
3.2201996, -9.3302, 0.5135498
3.2249908, -9.345764, 0.5135498
3.284851, -9.331406, 0.4812317
3.2992096, -9.345764, 0.43574524
3.2860413, -9.356537, 0.40701294
3.2644958, -9.340973, 0.4118042
3.20224, -9.314636, 0.39144897
3.166336, -9.317032, 0.37469482
3.1699219, -9.31105, 0.35075378
3.2010498, -9.325409, 0.32800293
3.2034454, -9.332596, 0.33877563
3.193863, -9.327805, 0.3615265
3.1615448, -9.283524, 0.34835815
3.197464, -9.301468, 0.31843567
3.197464, -9.296692, 0.31604004
3.178299, -9.266754, 0.32321167
3.1531677, -9.2883, 0.28730774
3.1723175, -9.283524, 0.30047607
3.1806946, -9.263168, 0.27893066
3.2321777, -9.283524, 0.27053833
3.2525177, -9.301468, 0.2753296
3.284851, -9.283524, 0.27653503
3.2956238, -9.26796, 0.22625732
3.3638458, -9.294296, 0.21188354
3.3698425, -9.293091, 0.2346344
3.3542786, -9.275131, 0.22744751
3.3470917, -9.282318, 0.29089355
3.3339233, -9.238022, 0.26455688
3.324356, -9.226059, 0.26815796
3.36026, -9.227249, 0.26934814
3.3889923, -9.217682, 0.27053833
3.4320831, -9.241623, 0.27772522
3.446457, -9.235626, 0.26097107
3.4512482, -9.263168, 0.292099
3.4727936, -9.272736, 0.27293396
3.454834, -9.2595825, 0.2813263
3.446457, -9.295486, 0.3040619
3.4715881, -9.3194275, 0.24182129
3.4608154, -9.295486, 0.24301147
3.4691925, -9.2595825, 0.28849792
3.4584198, -9.257187, 0.26455688
3.4680023, -9.270355, 0.25857544
3.5086975, -9.270355, 0.27893066
3.4895477, -9.254791, 0.30047607
3.4524384, -9.258377, 0.27893066
3.4644165, -9.263168, 0.28251648
3.4763794, -9.2643585, 0.3028717
3.4560242, -9.2595825, 0.29808044
3.478775, -9.248795, 0.26455688
3.4536285, -9.244019, 0.31243896
3.4608154, -9.263168, 0.28970337
3.4440613, -9.266754, 0.27053833
3.4500427, -9.2883, 0.31243896
3.4835663, -9.263168, 0.30047607
3.4751892, -9.25119, 0.28849792
3.463211, -9.26796, 0.28370667
3.4847565, -9.281128, 0.26097107
3.4524384, -9.248795, 0.25737
3.4344788, -9.276337, 0.22505188
3.4320831, -9.2799225, 0.25019836
3.430893, -9.277527, 0.23942566
3.3901825, -9.253586, 0.2238617
3.3806152, -9.2643585, 0.21907043
3.3865967, -9.238022, 0.2238617
3.3459015, -9.25119, 0.22146606
3.3566742, -9.301468, 0.1951294
3.3542786, -9.291901, 0.16879272
3.348297, -9.261963, 0.19154358
3.336319, -9.287109, 0.1484375
3.3111877, -9.294296, 0.1771698
3.3171692, -9.308655, 0.18435669
3.2704773, -9.339783, 0.16879272
3.2549133, -9.343369, 0.17837524
3.2668915, -9.349365, 0.1951294
3.2800598, -9.368515, 0.16998291
3.2788544, -9.350555, 0.15681458
3.2788544, -9.324219, 0.20111084
3.250122, -9.302673, 0.20829773
3.2190094, -9.277527, 0.2238617
3.2094269, -9.272736, 0.20469666
3.1998444, -9.284714, 0.24420166
3.1962585, -9.2883, 0.25737
3.2190094, -9.308655, 0.27293396
3.248932, -9.333801, 0.26097107
3.245346, -9.337387, 0.29447937
3.2824554, -9.340973, 0.30885315
3.2644958, -9.3302, 0.3423767
3.2632904, -9.345764, 0.36032104
3.2944183, -9.343369, 0.34954834
3.3075867, -9.331406, 0.37469482
3.2872314, -9.356537, 0.37348938
3.269287, -9.357742, 0.3938446
3.3003998, -9.317032, 0.4046173
3.2764587, -9.331406, 0.39863586
3.2704773, -9.344574, 0.3830719
3.320755, -9.355347, 0.45610046
3.320755, -9.339783, 0.4632721
3.3111877, -9.340973, 0.4010315
3.2836456, -9.332596, 0.43215942
3.296814, -9.317032, 0.51834106
3.2944183, -9.340973, 0.48721313
3.2764587, -9.334991, 0.4908142
3.2585144, -9.364914, 0.5063782
3.2249908, -9.368515, 0.47764587
3.2621002, -9.34816, 0.48483276
3.3027954, -9.385269, 0.49440002
3.288437, -9.388855, 0.49440002
3.2429504, -9.356537, 0.50398254
3.2345734, -9.333801, 0.47764587
3.2166138, -9.337387, 0.48243713
3.2237854, -9.356537, 0.48483276
3.221405, -9.362518, 0.4728546
3.1854858, -9.355347, 0.45370483
3.1615448, -9.370911, 0.4980011
3.1842957, -9.343369, 0.4812317
3.1328125, -9.315842, 0.45610046
3.1124573, -9.320633, 0.4237671
3.1088715, -9.334991, 0.4118042
3.1064758, -9.352951, 0.4297638
3.0933075, -9.385269, 0.45968628
3.1064758, -9.385269, 0.43574524
3.1172485, -9.396042, 0.42138672
3.1328125, -9.394852, 0.40821838
3.12323, -9.396042, 0.42138672
3.118454, -9.386475, 0.39505005
3.063385, -9.387665, 0.4118042
3.0693665, -9.396042, 0.43933105
3.0861206, -9.34697, 0.4297638
3.0777435, -9.352951, 0.45370483
3.0585938, -9.321823, 0.44532776
3.063385, -9.357742, 0.46806335
3.0406342, -9.334991, 0.4620819
3.0514069, -9.334991, 0.44293213
3.047821, -9.32901, 0.45729065
3.055008, -9.32901, 0.48483276
3.032257, -9.3194275, 0.5051727
3.0466156, -9.352951, 0.5410919
3.0741577, -9.374496, 0.5315094
3.094513, -9.352951, 0.5518646
3.099289, -9.357742, 0.58657837
3.0741577, -9.332596, 0.57221985
3.1136627, -9.32901, 0.6188965
3.1495667, -9.343369, 0.63446045
3.157959, -9.345764, 0.628479
3.1435852, -9.34697, 0.6488342
3.1914673, -9.3302, 0.6548157
3.1411896, -9.312241, 0.6799469
3.1806946, -9.284714, 0.67277527
3.1890717, -9.271545, 0.67277527
3.1854858, -9.2799225, 0.6871338
3.1687317, -9.273941, 0.68115234
3.2094269, -9.300278, 0.63087463
3.2429504, -9.295486, 0.68473816
3.2704773, -9.342178, 0.7003021
3.324356, -9.340973, 0.6799469
3.344696, -9.340973, 0.6655884
3.3399048, -9.318237, 0.6584015
3.391388, -9.294296, 0.6380615
3.3722382, -9.321823, 0.62368774
3.415329, -9.3194275, 0.6069336
3.391388, -9.3194275, 0.5698242
3.3578644, -9.323029, 0.5087738
3.3542786, -9.305069, 0.49679565
3.344696, -9.282318, 0.5123596
3.3925781, -9.293091, 0.44172668
3.3985748, -9.290695, 0.37948608
3.3973694, -9.282318, 0.3818817
3.4177246, -9.282318, 0.37348938
3.3985748, -9.2799225, 0.2753296
3.391388, -9.272736, 0.29927063
3.4261017, -9.278732, 0.31004333
3.3925781, -9.2643585, 0.2956848
3.3722382, -9.289505, 0.24420166
3.3865967, -9.283524, 0.18914795
3.4165192, -9.295486, 0.19392395
3.384201, -9.326614, 0.19273376
3.4105377, -9.290695, 0.13287354
3.4177246, -9.317032, 0.13407898
3.4320831, -9.31105, 0.14245605
3.4380798, -9.332596, 0.104141235
3.4213104, -9.326614, 0.0861969
3.4105377, -9.31105, 0.07182312
3.3889923, -9.323029, 0.065841675
3.3554688, -9.326614, 0.08380127
3.3806152, -9.324219, 0.05986023
3.3854065, -9.34816, 0.05267334
3.391388, -9.343369, 0.061050415
3.391388, -9.339783, 0.051467896
3.3830109, -9.338577, 0.06942749
3.3878021, -9.334991, 0.05267334
3.3794098, -9.361328, -0.0011901855
3.344696, -9.352951, 0.0287323
3.3375244, -9.350555, 0.037109375
3.3075867, -9.343369, 0.032318115
3.257309, -9.352951, 0.0095825195
3.2285767, -9.3589325, 0.04788208
3.2130127, -9.392456, 0.06463623
3.1830902, -9.414001, 0.01914978
3.1771088, -9.423584, 0.029922485
3.1483765, -9.442734, 0.0023956299
3.157959, -9.423584, 0.082595825
3.1699219, -9.452301, 0.10774231
3.118454, -9.435547, 0.07901001
3.0897217, -9.429565, 0.08380127
3.0538025, -9.423584, 0.1149292
3.0669708, -9.412811, 0.111328125
3.032257, -9.391251, 0.111328125
3.015503, -9.416397, 0.1484375
2.9795837, -9.393646, 0.17597961
3.0119019, -9.375687, 0.19631958
2.9903564, -9.405624, 0.2166748
2.9472656, -9.386475, 0.25138855
2.9484558, -9.376892, 0.31604004
2.9747925, -9.404419, 0.33518982
2.9676056, -9.424774, 0.34117126
2.9700012, -9.406815, 0.37348938
2.9640198, -9.396042, 0.4297638
2.9556427, -9.40921, 0.43574524
2.977188, -9.415192, 0.4632721
2.9676056, -9.422379, 0.47883606
2.952057, -9.414001, 0.53749084
2.913742, -9.36731, 0.53749084
2.9628296, -9.391251, 0.5793915
2.9640198, -9.414001, 0.5973511
2.9412842, -9.375687, 0.58657837
2.9556427, -9.400833, 0.61531067
2.975998, -9.384079, 0.6428375
2.9939423, -9.379288, 0.6464386
2.9472656, -9.3589325, 0.63446045
2.9676056, -9.338577, 0.6655884
2.9987335, -9.355347, 0.6584015
2.9783936, -9.375687, 0.6404419
2.9616241, -9.399643, 0.667984
3.0023346, -9.382874, 0.7146759
2.9747925, -9.364914, 0.6799469
2.9747925, -9.372101, 0.69551086
2.977188, -9.404419, 0.68115234
2.984375, -9.419983, 0.71347046
3.0250702, -9.436752, 0.70628357
3.0262756, -9.442734, 0.7086792
2.9867706, -9.42717, 0.71347046
3.0286713, -9.423584, 0.65960693
3.0178986, -9.430756, 0.63446045
3.0274658, -9.434357, 0.68833923
3.0190887, -9.42836, 0.6500244
2.9879608, -9.418793, 0.6536102
3.0131073, -9.418793, 0.59495544
2.9819794, -9.421188, 0.59495544
2.9879608, -9.412811, 0.60095215
2.960434, -9.400833, 0.5602417
2.936493, -9.393646, 0.52194214
2.9484558, -9.378082, 0.4740448
2.905365, -9.360138, 0.48483276
2.898178, -9.360138, 0.50398254
2.9029694, -9.355347, 0.45489502
2.9005737, -9.337387, 0.44293213
2.8826141, -9.344574, 0.41539
2.8826141, -9.314636, 0.41059875
2.8646698, -9.305069, 0.41539
2.8921967, -9.297882, 0.38786316
2.8993835, -9.3194275, 0.3830719
2.9352875, -9.312241, 0.42138672
2.9185333, -9.312241, 0.47045898
2.937683, -9.366119, 0.41659546
2.9628296, -9.36731, 0.4118042
2.9712067, -9.360138, 0.43574524
2.9903564, -9.360138, 0.42497253
3.0334473, -9.423584, 0.44651794
3.0466156, -9.392456, 0.44532776
3.0729523, -9.386475, 0.4692688
3.1160583, -9.423584, 0.48960876
3.1591492, -9.42598, 0.5351105
3.1795044, -9.445129, 0.5303192
3.2237854, -9.424774, 0.54348755
3.250122, -9.386475, 0.55426025
3.2273865, -9.405624, 0.55784607
3.2740784, -9.441528, 0.5530548
3.305191, -9.417587, 0.52911377
3.308792, -9.396042, 0.52911377
3.2860413, -9.404419, 0.51475525
3.2764587, -9.397247, 0.5063782
3.2992096, -9.42717, 0.50398254
3.2764587, -9.40802, 0.47644043
3.2704773, -9.42598, 0.40701294
3.3171692, -9.458298, 0.41778564
3.2680817, -9.424774, 0.4118042
3.2585144, -9.405624, 0.35194397
3.2381592, -9.421188, 0.3327942
3.226181, -9.424774, 0.29808044
3.2082367, -9.403229, 0.25857544
3.2154083, -9.421188, 0.23703003
3.2046356, -9.406815, 0.20231628
3.166336, -9.379288, 0.21427917
3.147171, -9.368515, 0.21786499
3.118454, -9.373306, 0.13887024
3.099289, -9.355347, 0.111328125
3.0861206, -9.320633, 0.05986023
3.0334473, -9.300278, 0.073028564
3.0286713, -9.273941, 0.0287323
3.0250702, -9.296692, -0.010772705
2.9819794, -9.3194275, -0.01675415
2.936493, -9.323029, -0.039505005
2.9472656, -9.332596, -0.0861969
2.9257202, -9.361328, -0.104141235
2.9065552, -9.355347, -0.09576416
2.9161377, -9.378082, -0.099365234
2.9077606, -9.384079, -0.16160583
2.9089508, -9.411606, -0.1304779
2.9317017, -9.458298, -0.10295105
2.905365, -9.457092, -0.0861969
2.889801, -9.465469, -0.10534668
2.8850098, -9.454697, -0.108932495
2.881424, -9.476257, -0.061050415
2.841919, -9.478638, -0.05506897
2.8323364, -9.457092, -0.034713745
2.826355, -9.464279, 0.0035858154
2.8407135, -9.42836, 0.02154541
2.8407135, -9.374496, 0.041900635
2.8371277, -9.360138, 0.10295105
2.8479004, -9.362518, 0.17837524
2.810791, -9.379288, 0.27053833
2.8407135, -9.423584, 0.34117126
2.8909912, -9.448715, 0.3866577
2.8790283, -9.471466, 0.4405365
2.9245148, -9.539703, 0.4980011
2.9831696, -9.543289, 0.58299255
3.0131073, -9.543289, 0.6428375
3.0645752, -9.4774475, 0.7194519
3.0490112, -9.414001, 0.762558
3.0418396, -9.345764, 0.7960663
3.063385, -9.277527, 0.8343811
3.0514069, -9.235626, 0.90141296
3.0142975, -9.194931, 0.88345337
3.04422, -9.215286, 1.0007782
3.0957031, -9.218872, 1.035492
3.1016846, -9.275131, 1.0474701
3.1603394, -9.361328, 1.1252747
3.2824554, -9.424774, 1.1348572
3.367447, -9.501389, 1.1659698
3.4189148, -9.509766, 1.1863251
3.4452515, -9.560043, 1.1887207
3.494339, -9.580399, 1.1659698
3.5051117, -9.560043, 1.1959076
3.4368744, -9.498993, 1.1432343
3.3901825, -9.429565, 1.0343018
3.3638458, -9.320633, 0.9864044
3.26091, -9.278732, 0.8966217
3.2321777, -9.25, 0.806839
3.1819, -9.253586, 0.74220276
3.1411896, -9.284714, 0.68473816
3.1328125, -9.306259, 0.5853882
3.1244354, -9.345764, 0.47525024
3.1052856, -9.370911, 0.39144897
3.1076813, -9.421188, 0.36631775
3.1136627, -9.42836, 0.31962585
3.0729523, -9.478638, 0.25138855
3.0849304, -9.46907, 0.22625732
3.0250702, -9.465469, 0.15802002
2.9903564, -9.454697, 0.116119385
2.9652252, -9.40921, 0.12808228
2.9041595, -9.364914, 0.061050415
2.9089508, -9.397247, 0.02154541
2.8682556, -9.379288, 0.020355225
2.826355, -9.3302, -0.0095825195
2.8526917, -9.380478, -0.0035858154
2.8598785, -9.391251, -0.025146484
2.8275452, -9.424774, -0.039505005
2.8706512, -9.442734, -0.032318115
2.8694458, -9.454697, -0.04788208
2.889801, -9.44632, 0.0035858154
2.881424, -9.459488, -0.051467896
2.8323364, -9.471466, -0.0023956299
2.8323364, -9.452301, 0.0023956299
2.8467102, -9.410416, 0.017959595
2.826355, -9.410416, 0.08140564
2.7880554, -9.36731, 0.084991455
2.8251648, -9.372101, 0.1304779
2.8622742, -9.391251, 0.19273376
2.8646698, -9.380478, 0.21308899
2.889801, -9.354141, 0.26455688
2.9089508, -9.386475, 0.31843567
2.9424744, -9.384079, 0.33998108
2.929306, -9.416397, 0.36271667
2.956833, -9.397247, 0.4189911
2.9747925, -9.394852, 0.4237671
2.9831696, -9.39006, 0.47045898
3.0035248, -9.396042, 0.5171509
3.0430298, -9.384079, 0.57580566
3.0370483, -9.397247, 0.5805969
3.063385, -9.356537, 0.60095215
3.0801392, -9.364914, 0.588974
3.1172485, -9.356537, 0.5997467
3.114853, -9.364914, 0.68115234
3.1340027, -9.354141, 0.6584015
3.1830902, -9.336197, 0.69311523
3.1926727, -9.326614, 0.68115234
3.1986542, -9.325409, 0.6895294
3.1711273, -9.317032, 0.6943207
3.186676, -9.30986, 0.6607971
3.1878815, -9.34697, 0.6859436
3.2441406, -9.343369, 0.6859436
3.233368, -9.312241, 0.6488342
3.229782, -9.273941, 0.6763611
3.2082367, -9.287109, 0.6356659
3.2273865, -9.25, 0.6248932
3.210617, -9.2200775, 0.6607971
3.221405, -9.245209, 0.66677856
3.2369537, -9.218872, 0.63087463
3.28125, -9.253586, 0.6392517
3.2357635, -9.261963, 0.6392517
3.2704773, -9.289505, 0.6033325
3.2980194, -9.320633, 0.59376526
3.324356, -9.3589325, 0.5746155
3.3231506, -9.338577, 0.57221985
3.3423004, -9.351746, 0.5015869
3.3423004, -9.333801, 0.509964
3.3183594, -9.349365, 0.51475525
3.2920227, -9.312241, 0.42736816
3.2549133, -9.281128, 0.37828064
3.229782, -9.2799225, 0.3471527
3.2190094, -9.276337, 0.3076477
3.1950684, -9.271545, 0.28370667
3.1567535, -9.282318, 0.24182129
3.1447906, -9.340973, 0.21069336
3.1699219, -9.356537, 0.18435669
3.186676, -9.340973, 0.12928772
3.1819, -9.39006, 0.10055542
3.1842957, -9.421188, 0.01675415
3.1519623, -9.42598, 0.0287323
3.1986542, -9.4379425, -0.049087524
3.1687317, -9.4379425, -0.02633667
3.1244354, -9.414001, -0.09576416
3.1136627, -9.40921, -0.15802002
3.0621796, -9.384079, -0.11013794
3.0705566, -9.412811, -0.16400146
3.0693665, -9.387665, -0.21907043
3.0777435, -9.3984375, -0.18675232
3.087326, -9.430756, -0.18435669
3.075348, -9.453506, -0.23942566
3.083725, -9.465469, -0.20709229
3.087326, -9.451111, -0.24780273
3.071762, -9.467865, -0.2561798
3.071762, -9.467865, -0.2166748
3.0801392, -9.440338, -0.19273376
3.0693665, -9.381683, -0.15441895
3.0573883, -9.361328, -0.13287354
3.0454254, -9.396042, -0.09815979
3.0561981, -9.397247, -0.073028564
3.0693665, -9.3984375, -0.03112793
3.0777435, -9.392456, 0.02394104
3.0957031, -9.397247, 0.0574646
3.1280212, -9.417587, 0.106536865
3.1711273, -9.402023, 0.14006042
3.142395, -9.388855, 0.17956543
3.1771088, -9.400833, 0.23822021
3.1687317, -9.374496, 0.26815796
3.1615448, -9.368515, 0.27653503
3.166336, -9.361328, 0.33039856
3.1795044, -9.334991, 0.38546753
3.186676, -9.34697, 0.40821838
3.233368, -9.324219, 0.40821838
3.2621002, -9.355347, 0.47166443
3.289627, -9.337387, 0.4728546
3.28125, -9.351746, 0.509964
3.284851, -9.361328, 0.5207367
3.3195648, -9.355347, 0.5506592
3.313568, -9.339783, 0.5482788
3.351883, -9.349365, 0.5482788
3.3171692, -9.327805, 0.6069336
3.305191, -9.299072, 0.6093292
3.3003998, -9.301468, 0.5901642
3.3075867, -9.306259, 0.5997467
3.288437, -9.276337, 0.5746155
3.320755, -9.253586, 0.57580566
3.312378, -9.258377, 0.60095215
3.3040009, -9.282318, 0.5853882
3.313568, -9.299072, 0.5698242
3.3183594, -9.285904, 0.6093292
3.327942, -9.293091, 0.59376526
3.3387146, -9.32901, 0.57580566
3.3231506, -9.352951, 0.5566559
3.2585144, -9.361328, 0.5913696
3.2776642, -9.352951, 0.53749084
3.313568, -9.3302, 0.52911377
3.3351288, -9.326614, 0.533905
3.2860413, -9.317032, 0.5506592
3.2860413, -9.272736, 0.54707336
3.3147736, -9.323029, 0.52911377
3.2800598, -9.308655, 0.50756836
3.26091, -9.314636, 0.48721313
3.2525177, -9.289505, 0.46687317
3.233368, -9.299072, 0.43095398
3.2393494, -9.317032, 0.36271667
3.2082367, -9.337387, 0.3651123
3.1878815, -9.342178, 0.37469482
3.1830902, -9.34816, 0.36631775
3.1591492, -9.332596, 0.33877563
3.1711273, -9.313446, 0.32321167
3.1435852, -9.300278, 0.29089355
3.1280212, -9.3302, 0.28970337
3.1172485, -9.338577, 0.2849121
3.126831, -9.357742, 0.24659729
3.1495667, -9.366119, 0.27293396
3.1519623, -9.361328, 0.2813263
3.1244354, -9.364914, 0.27053833
3.1495667, -9.397247, 0.25378418
3.1435852, -9.3984375, 0.2346344
3.1495667, -9.392456, 0.23942566
3.1483765, -9.379288, 0.24061584
3.1316223, -9.360138, 0.2669525
3.1483765, -9.387665, 0.25976562
3.1256256, -9.356537, 0.25378418
3.099289, -9.349365, 0.2741394
3.087326, -9.336197, 0.2813263
3.099289, -9.3589325, 0.2956848
3.12323, -9.363724, 0.292099
3.1076813, -9.352951, 0.31723022
3.1100616, -9.356537, 0.34477234
3.111267, -9.387665, 0.32800293
3.087326, -9.403229, 0.34117126
3.0933075, -9.40921, 0.35794067
3.1064758, -9.429565, 0.3148346
3.111267, -9.435547, 0.33518982
3.0538025, -9.416397, 0.3651123
3.0933075, -9.387665, 0.35913086
3.099289, -9.385269, 0.32202148
3.078949, -9.379288, 0.34954834
3.0502167, -9.394852, 0.39982605
3.0585938, -9.374496, 0.37109375
3.0454254, -9.357742, 0.34117126
3.039444, -9.355347, 0.37948608
3.0382385, -9.39006, 0.34954834
3.0334473, -9.3984375, 0.36032104
3.035843, -9.388855, 0.3866577
3.0514069, -9.396042, 0.39863586
3.0490112, -9.391251, 0.39144897
3.0729523, -9.410416, 0.42616272
3.063385, -9.386475, 0.41419983
3.0885162, -9.388855, 0.39505005
3.0645752, -9.412811, 0.4297638
3.0250702, -9.387665, 0.43095398
3.0370483, -9.400833, 0.39863586
2.9939423, -9.406815, 0.38786316
2.9939423, -9.421188, 0.42736816
2.984375, -9.40921, 0.41059875
2.9747925, -9.379288, 0.40701294
2.999939, -9.42598, 0.39743042
2.9879608, -9.411606, 0.40940857
3.0035248, -9.392456, 0.38067627
2.956833, -9.418793, 0.33638
2.953247, -9.391251, 0.36032104
2.9652252, -9.396042, 0.34954834
2.9855652, -9.393646, 0.38546753
2.953247, -9.373306, 0.39505005
2.9616241, -9.399643, 0.35794067
2.952057, -9.412811, 0.34596252
2.9436646, -9.424774, 0.375885
2.9472656, -9.442734, 0.40940857
2.9712067, -9.433151, 0.3651123
2.9592285, -9.424774, 0.35194397
2.9544525, -9.419983, 0.32800293
2.952057, -9.414001, 0.36271667
2.9628296, -9.410416, 0.3531494
2.9783936, -9.385269, 0.35794067
2.94487, -9.4379425, 0.33998108
2.9652252, -9.394852, 0.35554504
2.977188, -9.405624, 0.3651123
2.9424744, -9.416397, 0.35075378
2.896988, -9.399643, 0.34477234
2.956833, -9.40921, 0.3471527
2.992752, -9.415192, 0.3722992
2.9580383, -9.410416, 0.3543396
2.9736023, -9.417587, 0.3722992
3.0346527, -9.411606, 0.3818817
3.0119019, -9.374496, 0.3902588
3.0011292, -9.382874, 0.3938446
3.031067, -9.373306, 0.41778564
3.0214844, -9.354141, 0.39265442
3.0645752, -9.349365, 0.39863586
3.078949, -9.36731, 0.41299438
3.0729523, -9.340973, 0.4189911
3.0897217, -9.308655, 0.41059875
3.111267, -9.355347, 0.4225769
3.150772, -9.350555, 0.4405365
3.1280212, -9.338577, 0.45729065
3.1040802, -9.355347, 0.46566772
3.0825348, -9.355347, 0.41778564
3.1136627, -9.364914, 0.41059875
3.142395, -9.344574, 0.45370483
3.1016846, -9.376892, 0.42855835
3.1016846, -9.399643, 0.39505005
3.078949, -9.386475, 0.4010315
3.1004944, -9.400833, 0.37469482
3.1172485, -9.423584, 0.36392212
3.1196442, -9.3984375, 0.3471527
3.1196442, -9.421188, 0.3076477
3.0801392, -9.406815, 0.28251648
3.0741577, -9.429565, 0.3615265
3.1100616, -9.42717, 0.33998108
3.0885162, -9.411606, 0.29808044
3.0645752, -9.39006, 0.2861023
3.0334473, -9.40921, 0.31604004
3.0226746, -9.434357, 0.30047607
3.0490112, -9.40802, 0.31843567
3.0119019, -9.384079, 0.31604004
3.020279, -9.410416, 0.29447937
3.0334473, -9.351746, 0.28730774
2.9700012, -9.368515, 0.3028717
2.9987335, -9.422379, 0.29447937
3.0119019, -9.416397, 0.28370667
2.9819794, -9.410416, 0.296875
2.996338, -9.386475, 0.2849121
2.9975433, -9.433151, 0.31243896
3.0035248, -9.434357, 0.331604
2.9831696, -9.397247, 0.3471527
2.992752, -9.392456, 0.38786316
2.984375, -9.380478, 0.35194397
2.975998, -9.415192, 0.33758545
2.996338, -9.372101, 0.35194397
2.9903564, -9.352951, 0.39265442
3.0047302, -9.349365, 0.35075378
3.035843, -9.36731, 0.37709045
3.04422, -9.364914, 0.41059875
3.0693665, -9.381683, 0.38786316
3.0825348, -9.387665, 0.38905334
3.1340027, -9.393646, 0.4632721
3.1603394, -9.416397, 0.4441223
3.1304169, -9.424774, 0.46806335
3.1256256, -9.411606, 0.44770813
3.1435852, -9.387665, 0.45489502
3.1280212, -9.338577, 0.46687317
3.1675262, -9.343369, 0.46806335
3.1675262, -9.32901, 0.46087646
3.154358, -9.337387, 0.4800415
3.1759033, -9.285904, 0.509964
3.1890717, -9.317032, 0.5207367
3.2166138, -9.300278, 0.4620819
3.2142181, -9.303864, 0.47883606
3.2597046, -9.352951, 0.5087738
3.2429504, -9.364914, 0.50038147
3.2525177, -9.382874, 0.50038147
3.2764587, -9.424774, 0.549469
3.313568, -9.42598, 0.5063782
3.3040009, -9.400833, 0.4980011
3.313568, -9.388855, 0.4513092
3.296814, -9.373306, 0.43215942
3.2704773, -9.352951, 0.45729065
3.2668915, -9.34816, 0.43455505
3.257309, -9.333801, 0.41419983
3.2525177, -9.315842, 0.36032104
3.2142181, -9.300278, 0.36032104
3.1986542, -9.299072, 0.34954834
3.190277, -9.32901, 0.292099
3.1759033, -9.343369, 0.28012085
3.1651306, -9.327805, 0.21427917
3.1699219, -9.343369, 0.23822021
3.1735077, -9.357742, 0.23342896
3.1531677, -9.342178, 0.2166748
3.1651306, -9.349365, 0.19154358
3.166336, -9.357742, 0.16400146
3.1567535, -9.34816, 0.15681458
3.1459808, -9.356537, 0.113723755
3.1363983, -9.379288, 0.13168335
3.1220398, -9.336197, 0.12449646
3.1352081, -9.3589325, 0.082595825
3.1699219, -9.351746, 0.089782715
3.1495667, -9.326614, 0.14604187
3.1411896, -9.355347, 0.17477417
3.1854858, -9.351746, 0.15322876
3.1735077, -9.337387, 0.1376648
3.1998444, -9.344574, 0.13887024
3.1962585, -9.362518, 0.17597961
3.1615448, -9.357742, 0.14964294
3.1747131, -9.332596, 0.15562439
3.1687317, -9.339783, 0.18675232
3.1711273, -9.356537, 0.22146606
3.1819, -9.355347, 0.22265625
3.1747131, -9.333801, 0.28251648
3.1531677, -9.321823, 0.22505188
3.147171, -9.324219, 0.21427917
3.1651306, -9.312241, 0.24659729
3.1483765, -9.305069, 0.25976562
3.1196442, -9.350555, 0.23822021
3.1172485, -9.354141, 0.25857544
3.1172485, -9.354141, 0.31004333
3.1723175, -9.372101, 0.30047607
3.20224, -9.376892, 0.27893066
3.1759033, -9.400833, 0.296875
3.1615448, -9.385269, 0.3531494
3.2070312, -9.362518, 0.3722992
3.2249908, -9.384079, 0.31004333
3.1795044, -9.391251, 0.3435669
3.1914673, -9.384079, 0.35194397
3.1854858, -9.369705, 0.33877563
3.205841, -9.352951, 0.36871338
3.229782, -9.356537, 0.331604
3.178299, -9.354141, 0.3651123
3.1986542, -9.354141, 0.35794067
3.2082367, -9.364914, 0.40701294
3.178299, -9.378082, 0.40342712
3.1878815, -9.360138, 0.41778564
3.1483765, -9.338577, 0.4225769
3.0980988, -9.366119, 0.44651794
3.0298615, -9.357742, 0.43933105
2.9951477, -9.3589325, 0.46806335
2.9388885, -9.362518, 0.51594543
2.9580383, -9.374496, 0.51834106
3.0298615, -9.362518, 0.5518646
3.0957031, -9.364914, 0.54348755
3.1160583, -9.3984375, 0.5530548
3.1172485, -9.394852, 0.5530548
3.087326, -9.3589325, 0.5638275
3.0813446, -9.373306, 0.5746155
3.039444, -9.373306, 0.6404419
3.0142975, -9.364914, 0.70269775
2.9867706, -9.340973, 0.70388794
2.9939423, -9.351746, 0.723053
3.0406342, -9.373306, 0.7290344
3.1160583, -9.379288, 0.7050934
3.1399994, -9.397247, 0.7086792
3.1819, -9.379288, 0.70388794
3.2142181, -9.355347, 0.7517853
3.1675262, -9.321823, 0.74339294
3.1316223, -9.297882, 0.7003021
3.1076813, -9.297882, 0.7110748
3.1136627, -9.306259, 0.70628357
3.0825348, -9.313446, 0.6823425
3.039444, -9.324219, 0.6799469
3.0729523, -9.3302, 0.73501587
3.099289, -9.342178, 0.762558
3.0909119, -9.39006, 0.73861694
3.0681763, -9.417587, 0.7685394
3.0430298, -9.421188, 0.76135254
3.0274658, -9.429565, 0.74220276
3.0765533, -9.434357, 0.723053
3.1052856, -9.44632, 0.6775665
3.154358, -9.414001, 0.65122986
3.1639404, -9.42717, 0.6248932
3.1292267, -9.423584, 0.61172485
3.114853, -9.356537, 0.5853882
3.0980988, -9.324219, 0.5506592
3.0777435, -9.314636, 0.4800415
3.0286713, -9.302673, 0.48483276
3.0418396, -9.296692, 0.4405365
3.0669708, -9.31105, 0.4237671
3.0681763, -9.343369, 0.43814087
3.1280212, -9.397247, 0.3722992
3.147171, -9.42836, 0.33998108
3.1603394, -9.440338, 0.3076477
3.1208344, -9.453506, 0.2741394
3.1244354, -9.440338, 0.30526733
3.1088715, -9.434357, 0.33398438
3.087326, -9.393646, 0.33758545
3.0681763, -9.386475, 0.33877563
3.0669708, -9.357742, 0.3076477
3.0968933, -9.342178, 0.30885315
3.0382385, -9.334991, 0.35194397
3.039444, -9.327805, 0.37109375
3.0286713, -9.317032, 0.38426208
2.980774, -9.307465, 0.35794067
3.008316, -9.3302, 0.37948608
3.032257, -9.320633, 0.36750793
3.031067, -9.356537, 0.37109375
3.0190887, -9.368515, 0.39265442
3.035843, -9.410416, 0.39505005
3.0573883, -9.417587, 0.3830719
3.0250702, -9.403229, 0.38067627
3.055008, -9.404419, 0.39863586
3.0561981, -9.418793, 0.45729065
3.0190887, -9.393646, 0.42018127
3.016693, -9.372101, 0.37828064
3.0023346, -9.351746, 0.41778564
3.032257, -9.342178, 0.44532776
3.0502167, -9.344574, 0.4620819
3.04422, -9.355347, 0.4632721
3.0370483, -9.352951, 0.4908142
3.0609894, -9.375687, 0.44651794
3.055008, -9.368515, 0.47045898
3.059784, -9.363724, 0.47525024
3.0526123, -9.36731, 0.5195465
3.0681763, -9.357742, 0.4920044
3.0370483, -9.34816, 0.4800415
3.0502167, -9.344574, 0.51116943
3.0705566, -9.339783, 0.5207367
3.0777435, -9.375687, 0.5351105
3.1052856, -9.351746, 0.5171509
3.099289, -9.357742, 0.55784607
3.1699219, -9.381683, 0.58657837
3.157959, -9.354141, 0.5925598
3.1483765, -9.385269, 0.6392517
3.1615448, -9.344574, 0.6141052
3.1651306, -9.350555, 0.6572113
3.1842957, -9.351746, 0.67396545
3.1699219, -9.340973, 0.66200256
3.1830902, -9.345764, 0.69311523
3.1795044, -9.327805, 0.68115234
3.2190094, -9.320633, 0.6584015
3.2393494, -9.3302, 0.7110748
3.2357635, -9.313446, 0.67277527
3.2549133, -9.30986, 0.7362213
3.2992096, -9.331406, 0.70388794
3.284851, -9.345764, 0.6787567
3.2932281, -9.34697, 0.70388794
3.312378, -9.333801, 0.7170563
3.2824554, -9.336197, 0.67396545
3.2932281, -9.302673, 0.68833923
3.2716827, -9.3194275, 0.66677856
3.284851, -9.320633, 0.65242004
3.265686, -9.306259, 0.6799469
3.245346, -9.313446, 0.6428375
3.2920227, -9.31105, 0.61531067
3.241745, -9.326614, 0.6188965
3.2381592, -9.327805, 0.588974
3.2118225, -9.321823, 0.5710144
3.226181, -9.351746, 0.48483276
3.2034454, -9.349365, 0.50038147
3.2046356, -9.356537, 0.45610046
3.2249908, -9.366119, 0.41778564
3.2716827, -9.381683, 0.41659546
3.2525177, -9.363724, 0.36392212
3.2369537, -9.381683, 0.35673523
3.217804, -9.386475, 0.30885315
3.1759033, -9.372101, 0.26815796
3.1914673, -9.374496, 0.25737
3.1651306, -9.339783, 0.25737
3.1088715, -9.339783, 0.23582458
3.0849304, -9.357742, 0.18675232
3.0933075, -9.331406, 0.1771698
3.114853, -9.331406, 0.15441895
3.1459808, -9.332596, 0.13526917
3.1735077, -9.3194275, 0.09576416
3.1531677, -9.331406, 0.1197052
3.1363983, -9.374496, 0.101760864
3.1555634, -9.351746, 0.07661438
3.1615448, -9.337387, 0.10055542
3.1256256, -9.376892, 0.113723755
3.1352081, -9.387665, 0.118515015
3.1747131, -9.34816, 0.06703186
3.1567535, -9.356537, 0.09576416
3.186676, -9.375687, 0.096969604
3.193863, -9.363724, 0.12928772
3.1699219, -9.3984375, 0.11253357
3.1830902, -9.364914, 0.094573975
3.178299, -9.364914, 0.18914795
3.2166138, -9.339783, 0.21427917
3.2082367, -9.3302, 0.21069336
3.210617, -9.314636, 0.24301147
3.1950684, -9.307465, 0.25019836
3.1890717, -9.320633, 0.30885315
3.166336, -9.338577, 0.31843567
3.1771088, -9.352951, 0.30166626
3.1914673, -9.392456, 0.39144897
3.2142181, -9.372101, 0.37348938
3.2381592, -9.361328, 0.38786316
3.2441406, -9.384079, 0.40701294
3.2477417, -9.370911, 0.4620819
3.2716827, -9.34816, 0.45010376
3.2716827, -9.361328, 0.5051727
3.2716827, -9.34816, 0.47045898
3.2668915, -9.332596, 0.4812317
3.2201996, -9.318237, 0.5135498
3.272873, -9.331406, 0.5231323
3.2932281, -9.320633, 0.53271484
3.265686, -9.296692, 0.5303192
3.2429504, -9.306259, 0.5602417
3.226181, -9.3194275, 0.56144714
3.2632904, -9.307465, 0.5674286
3.2513275, -9.317032, 0.58299255
3.2369537, -9.308655, 0.6296692
3.284851, -9.289505, 0.6248932
3.2680817, -9.299072, 0.61172485
3.2872314, -9.317032, 0.6320648
3.2537231, -9.308655, 0.66677856
3.2561188, -9.326614, 0.6548157
3.2824554, -9.355347, 0.64164734
3.3075867, -9.3589325, 0.6320648
3.2800598, -9.350555, 0.6380615
3.2704773, -9.332596, 0.66200256
3.289627, -9.338577, 0.6464386
3.2405548, -9.3302, 0.6296692
3.248932, -9.3302, 0.63327026
3.2225952, -9.318237, 0.5710144
3.2010498, -9.320633, 0.5710144
3.1759033, -9.325409, 0.57221985
3.1926727, -9.338577, 0.5710144
3.1759033, -9.331406, 0.549469
3.1962585, -9.363724, 0.5051727
3.1890717, -9.376892, 0.48362732
3.154358, -9.378082, 0.4524994
3.1340027, -9.360138, 0.42138672
3.1447906, -9.381683, 0.41659546
3.138794, -9.403229, 0.4046173
3.0957031, -9.379288, 0.375885
3.0921173, -9.361328, 0.39743042
3.114853, -9.375687, 0.375885
3.0693665, -9.345764, 0.33518982
3.075348, -9.344574, 0.32920837
3.1016846, -9.331406, 0.3327942
3.0849304, -9.332596, 0.32321167
3.0538025, -9.342178, 0.27893066
3.0729523, -9.351746, 0.25857544
3.0645752, -9.351746, 0.3028717
3.0657806, -9.3589325, 0.26576233
3.0585938, -9.372101, 0.21308899
3.0669708, -9.388855, 0.24899292
3.0573883, -9.373306, 0.25138855
3.047821, -9.370911, 0.2346344
3.0909119, -9.369705, 0.24182129
3.071762, -9.362518, 0.23342896
3.0801392, -9.388855, 0.24899292
3.0897217, -9.351746, 0.23942566
3.12323, -9.372101, 0.25976562
3.1316223, -9.352951, 0.27653503
3.1280212, -9.323029, 0.25737
3.150772, -9.307465, 0.2561798
3.126831, -9.308655, 0.30885315
3.1196442, -9.317032, 0.28970337
3.1567535, -9.326614, 0.26216125
3.1735077, -9.339783, 0.3136444
3.20224, -9.344574, 0.37709045
3.2285767, -9.34816, 0.36750793
3.2154083, -9.382874, 0.35673523
3.221405, -9.351746, 0.37469482
3.250122, -9.368515, 0.36750793
3.2561188, -9.354141, 0.3543396
3.2477417, -9.366119, 0.39144897
3.2273865, -9.355347, 0.39265442
3.241745, -9.327805, 0.40821838
3.245346, -9.290695, 0.40701294
3.248932, -9.291901, 0.41659546
3.2321777, -9.295486, 0.41419983
3.2381592, -9.3194275, 0.41539
3.2369537, -9.315842, 0.43693542
3.2549133, -9.314636, 0.48362732
3.2704773, -9.356537, 0.4620819
3.272873, -9.364914, 0.43933105
3.2932281, -9.360138, 0.4584961
3.2632904, -9.334991, 0.44532776
3.284851, -9.340973, 0.4513092
3.2920227, -9.333801, 0.43933105
3.3171692, -9.318237, 0.42736816
3.2872314, -9.312241, 0.43693542
3.2980194, -9.338577, 0.47644043
3.2716827, -9.331406, 0.4297638
3.257309, -9.30986, 0.4513092
3.2992096, -9.326614, 0.42616272
3.2764587, -9.337387, 0.44651794
3.250122, -9.339783, 0.4225769
3.2932281, -9.345764, 0.42497253
3.2932281, -9.326614, 0.4584961
3.2632904, -9.344574, 0.45968628
3.2704773, -9.344574, 0.43693542
3.2513275, -9.340973, 0.45729065
3.250122, -9.345764, 0.4584961
3.2764587, -9.369705, 0.47045898
3.250122, -9.34816, 0.48841858
3.250122, -9.362518, 0.47644043
3.2537231, -9.375687, 0.47045898
3.2752686, -9.364914, 0.46687317
3.241745, -9.357742, 0.4812317
3.2321777, -9.340973, 0.533905
3.2154083, -9.317032, 0.4800415
3.2130127, -9.297882, 0.50038147
3.1998444, -9.320633, 0.51834106
3.2046356, -9.300278, 0.56144714
3.2082367, -9.314636, 0.5410919
3.1986542, -9.345764, 0.5686188
3.2537231, -9.354141, 0.5686188
3.2441406, -9.3589325, 0.5566559
3.2190094, -9.34697, 0.54707336
3.226181, -9.336197, 0.5626373
3.210617, -9.355347, 0.5530548
3.2130127, -9.3194275, 0.5913696
3.1795044, -9.339783, 0.62249756
3.210617, -9.34816, 0.59495544
3.1890717, -9.318237, 0.5686188
3.2130127, -9.315842, 0.5805969
3.2094269, -9.307465, 0.57699585
3.1914673, -9.315842, 0.5782013
3.210617, -9.355347, 0.5913696
3.2130127, -9.340973, 0.54707336
3.2309723, -9.333801, 0.549469
3.257309, -9.293091, 0.5590515
3.250122, -9.299072, 0.58657837
3.2621002, -9.312241, 0.5506592
3.3111877, -9.314636, 0.51834106
3.289627, -9.317032, 0.57341003
3.2740784, -9.31105, 0.56144714
3.2932281, -9.293091, 0.5590515
3.3303375, -9.290695, 0.51594543
3.324356, -9.297882, 0.4908142
3.3027954, -9.312241, 0.47764587
3.324356, -9.301468, 0.44891357
3.3003998, -9.30986, 0.4189911
3.3063965, -9.307465, 0.4405365
3.3339233, -9.317032, 0.4010315
3.324356, -9.295486, 0.35913086
3.324356, -9.2883, 0.39144897
3.2956238, -9.2883, 0.40582275
3.3267365, -9.30986, 0.4118042
3.375824, -9.320633, 0.3902588
3.3530731, -9.301468, 0.39743042
3.344696, -9.315842, 0.43215942
3.3542786, -9.317032, 0.4225769
3.336319, -9.291901, 0.4118042
3.3626556, -9.285904, 0.4297638
3.336319, -9.281128, 0.43814087
3.3219604, -9.284714, 0.4010315
3.3566742, -9.260773, 0.41059875
3.3387146, -9.299072, 0.43574524
3.3195648, -9.303864, 0.42138672
3.348297, -9.3302, 0.4441223
3.3506927, -9.332596, 0.38546753
3.327942, -9.320633, 0.3938446
3.3459015, -9.320633, 0.44891357
3.3387146, -9.338577, 0.45729065
3.3195648, -9.3194275, 0.43933105
3.2992096, -9.307465, 0.42855835
3.3195648, -9.3302, 0.4405365
3.3195648, -9.307465, 0.53271484
3.2764587, -9.331406, 0.5195465
3.265686, -9.336197, 0.48721313
3.2680817, -9.320633, 0.53749084
3.308792, -9.326614, 0.52194214
3.2776642, -9.337387, 0.49919128
3.2680817, -9.331406, 0.53630066
3.2740784, -9.384079, 0.52194214
3.2537231, -9.379288, 0.52433777
3.2094269, -9.357742, 0.52552795
3.217804, -9.313446, 0.54707336
3.186676, -9.30986, 0.54348755
3.1890717, -9.294296, 0.5482788
3.1819, -9.331406, 0.5853882
3.205841, -9.281128, 0.5422821
3.2190094, -9.281128, 0.57341003
3.1950684, -9.313446, 0.5566559
3.1795044, -9.301468, 0.57699585
3.2190094, -9.307465, 0.5602417
3.257309, -9.326614, 0.58299255
3.2513275, -9.30986, 0.5698242
3.2369537, -9.32901, 0.56144714
3.248932, -9.320633, 0.5135498
3.2704773, -9.287109, 0.5793915
3.2704773, -9.296692, 0.5602417
3.2561188, -9.297882, 0.5458832
3.2405548, -9.302673, 0.52671814
3.2537231, -9.294296, 0.5686188
3.2788544, -9.302673, 0.53630066
3.2644958, -9.285904, 0.54467773
3.2285767, -9.283524, 0.5051727
3.2393494, -9.282318, 0.48602295
3.265686, -9.291901, 0.48721313
3.2621002, -9.302673, 0.4980011
3.248932, -9.320633, 0.48960876
3.2130127, -9.301468, 0.49919128
3.257309, -9.317032, 0.53749084
3.2537231, -9.315842, 0.49679565
3.2441406, -9.293091, 0.51116943
3.2597046, -9.326614, 0.53271484
3.2824554, -9.299072, 0.53749084
3.2549133, -9.301468, 0.5351105
3.2776642, -9.282318, 0.48960876
3.2920227, -9.266754, 0.46687317
3.2908325, -9.266754, 0.48721313
3.2740784, -9.260773, 0.49679565
3.2788544, -9.272736, 0.47644043
3.2644958, -9.278732, 0.46687317
3.272873, -9.2883, 0.45489502
3.312378, -9.305069, 0.45010376
3.308792, -9.32901, 0.41659546
3.2800598, -9.325409, 0.39863586
3.3195648, -9.324219, 0.43095398
3.3195648, -9.333801, 0.42736816
3.3075867, -9.325409, 0.3830719
3.2824554, -9.317032, 0.38786316
3.2740784, -9.300278, 0.39624023
3.28125, -9.301468, 0.39265442
3.250122, -9.31105, 0.37469482
3.2369537, -9.303864, 0.34835815
3.257309, -9.300278, 0.3651123
3.2788544, -9.333801, 0.37709045
3.248932, -9.315842, 0.34117126
3.2154083, -9.315842, 0.31843567
3.2249908, -9.354141, 0.3531494
3.1986542, -9.342178, 0.36631775
3.2225952, -9.325409, 0.33398438
3.2010498, -9.323029, 0.3423767
3.1962585, -9.362518, 0.3327942
3.2393494, -9.356537, 0.37709045
3.2369537, -9.323029, 0.37348938
3.221405, -9.325409, 0.36032104
3.2225952, -9.30986, 0.3244171
3.241745, -9.318237, 0.36392212
3.2621002, -9.291901, 0.38786316
3.2740784, -9.326614, 0.39144897
3.2860413, -9.295486, 0.38067627
3.2585144, -9.31105, 0.4118042
3.2537231, -9.326614, 0.43095398
3.28125, -9.31105, 0.39505005
3.2992096, -9.331406, 0.46087646
3.2800598, -9.355347, 0.43574524
3.26091, -9.361328, 0.5171509
3.2644958, -9.350555, 0.5303192
3.2561188, -9.34697, 0.51116943
3.272873, -9.354141, 0.51594543
3.3003998, -9.338577, 0.54467773
3.3027954, -9.325409, 0.5482788
3.2860413, -9.296692, 0.5805969
3.289627, -9.318237, 0.58657837
3.3171692, -9.303864, 0.62727356
3.324356, -9.313446, 0.57699585
3.313568, -9.31105, 0.6069336
3.3470917, -9.285904, 0.61172485
3.3327332, -9.293091, 0.6069336
3.3530731, -9.321823, 0.6105194
3.3506927, -9.326614, 0.6033325
3.3267365, -9.305069, 0.5973511
3.3255463, -9.3194275, 0.6141052
3.351883, -9.327805, 0.5901642
3.3351288, -9.332596, 0.5793915
3.348297, -9.340973, 0.60453796
3.324356, -9.317032, 0.60453796
3.3315277, -9.306259, 0.5506592
3.2872314, -9.3194275, 0.57580566
3.2668915, -9.334991, 0.5638275
3.2836456, -9.32901, 0.5231323
3.2704773, -9.31105, 0.5518646
3.217804, -9.360138, 0.5063782
3.2525177, -9.323029, 0.54467773
3.162735, -9.2883, 0.5195465
3.1711273, -9.306259, 0.4908142
3.1819, -9.333801, 0.49679565
3.166336, -9.331406, 0.48483276
3.1962585, -9.340973, 0.48841858
3.1890717, -9.373306, 0.54467773
3.1459808, -9.34816, 0.5135498
3.1639404, -9.372101, 0.4920044
3.1795044, -9.350555, 0.5506592
3.1747131, -9.386475, 0.5386963
3.1723175, -9.376892, 0.54467773
3.1759033, -9.332596, 0.5279236
3.1591492, -9.336197, 0.58418274
3.1519623, -9.34816, 0.55426025
3.1675262, -9.342178, 0.5279236
3.1328125, -9.324219, 0.5422821
3.1352081, -9.327805, 0.5805969
3.162735, -9.317032, 0.57221985
3.1567535, -9.312241, 0.5985565
3.1819, -9.326614, 0.59495544
3.178299, -9.302673, 0.5901642
3.1986542, -9.307465, 0.62249756
3.1771088, -9.30986, 0.6248932
3.1615448, -9.320633, 0.61291504
3.1675262, -9.32901, 0.6141052
3.1854858, -9.326614, 0.60453796
3.1795044, -9.315842, 0.6392517
3.2094269, -9.285904, 0.6069336
3.2429504, -9.313446, 0.6212921
3.2537231, -9.351746, 0.65242004
3.2369537, -9.34697, 0.6105194
3.2237854, -9.307465, 0.58418274
3.226181, -9.334991, 0.588974
3.2525177, -9.352951, 0.60453796
3.2225952, -9.32901, 0.62249756
3.2237854, -9.320633, 0.6081238
3.2632904, -9.327805, 0.57699585
3.2752686, -9.332596, 0.5506592
3.2477417, -9.342178, 0.58299255
3.2525177, -9.327805, 0.5674286
3.2225952, -9.333801, 0.50756836
3.2321777, -9.31105, 0.53630066
3.241745, -9.314636, 0.5195465
3.2094269, -9.290695, 0.4980011
3.221405, -9.296692, 0.4740448
3.269287, -9.339783, 0.48243713
3.2872314, -9.323029, 0.43215942
3.284851, -9.374496, 0.4441223
3.3219604, -9.370911, 0.39265442
3.296814, -9.34816, 0.40821838
3.2668915, -9.32901, 0.4405365
3.2585144, -9.343369, 0.46806335
3.2190094, -9.3302, 0.4046173
3.272873, -9.349365, 0.42497253
3.265686, -9.324219, 0.37948608
3.2776642, -9.318237, 0.3722992
3.284851, -9.300278, 0.3902588
3.289627, -9.303864, 0.40940857
3.308792, -9.332596, 0.36271667
3.3040009, -9.326614, 0.34596252
3.3470917, -9.325409, 0.3818817
3.3506927, -9.299072, 0.38905334
3.3255463, -9.313446, 0.39265442
3.348297, -9.302673, 0.35913086
3.3626556, -9.31105, 0.36271667
3.3782196, -9.313446, 0.42018127
3.3889923, -9.2799225, 0.41419983
3.4177246, -9.295486, 0.45010376
3.4129333, -9.301468, 0.41659546
3.3925781, -9.293091, 0.44293213
3.3961792, -9.30986, 0.42497253
3.4057465, -9.32901, 0.45968628
3.3626556, -9.321823, 0.44293213
3.3638458, -9.338577, 0.3938446
3.3566742, -9.30986, 0.40940857
3.3650513, -9.293091, 0.44532776
3.3722382, -9.323029, 0.37948608
3.3351288, -9.340973, 0.36271667
3.351883, -9.334991, 0.40222168
3.3303375, -9.351746, 0.38905334
3.3027954, -9.326614, 0.34835815
3.245346, -9.334991, 0.3651123
3.2357635, -9.312241, 0.3866577
3.2549133, -9.324219, 0.41059875
3.250122, -9.350555, 0.37109375
3.26091, -9.345764, 0.3866577
3.2190094, -9.340973, 0.35913086
3.1795044, -9.334991, 0.36032104
3.1615448, -9.337387, 0.37348938
3.1399994, -9.352951, 0.3722992
3.1459808, -9.388855, 0.38546753
3.1172485, -9.417587, 0.38067627
3.1088715, -9.391251, 0.35794067
3.1256256, -9.384079, 0.3543396
3.1304169, -9.393646, 0.40821838
3.087326, -9.410416, 0.38546753
3.0968933, -9.410416, 0.41419983
3.0538025, -9.402023, 0.40582275
3.0609894, -9.399643, 0.41659546
3.063385, -9.392456, 0.43215942
3.063385, -9.388855, 0.41299438
3.039444, -9.386475, 0.4189911
3.0023346, -9.39006, 0.44770813
3.0095062, -9.379288, 0.42736816
3.0286713, -9.372101, 0.42736816
3.0382385, -9.370911, 0.42855835
3.0107117, -9.381683, 0.45610046
2.9903564, -9.381683, 0.44532776
2.992752, -9.411606, 0.4800415
2.9747925, -9.405624, 0.46087646
2.9712067, -9.402023, 0.45489502
2.968811, -9.384079, 0.45010376
2.952057, -9.388855, 0.48483276
2.977188, -9.376892, 0.4920044
2.968811, -9.402023, 0.4740448
2.956833, -9.384079, 0.47045898
2.9352875, -9.396042, 0.51116943
2.9652252, -9.378082, 0.43933105
2.9736023, -9.394852, 0.46687317
2.9472656, -9.384079, 0.46566772
2.9340973, -9.360138, 0.48960876
2.960434, -9.374496, 0.50756836
2.9819794, -9.378082, 0.49440002
2.9903564, -9.397247, 0.48243713
2.9783936, -9.380478, 0.52552795
2.9496613, -9.39006, 0.51475525
2.9628296, -9.385269, 0.51116943
2.9795837, -9.39006, 0.5135498
2.9855652, -9.370911, 0.52552795
2.9987335, -9.388855, 0.50756836
3.0214844, -9.382874, 0.5135498
2.996338, -9.362518, 0.5386963
2.9819794, -9.375687, 0.47883606
3.0107117, -9.375687, 0.5315094
3.0298615, -9.3589325, 0.5638275
3.0226746, -9.336197, 0.55784607
3.0119019, -9.357742, 0.5590515
3.0454254, -9.3589325, 0.5518646
3.0502167, -9.355347, 0.5853882
3.0645752, -9.342178, 0.58299255
3.071762, -9.364914, 0.5279236
3.0885162, -9.392456, 0.5626373
3.063385, -9.378082, 0.6033325
3.0813446, -9.364914, 0.61291504
3.1292267, -9.378082, 0.5901642
3.1280212, -9.403229, 0.5985565
3.0980988, -9.323029, 0.58418274
3.0885162, -9.337387, 0.56503296
3.1399994, -9.337387, 0.58418274
3.0968933, -9.332596, 0.61172485
3.1292267, -9.331406, 0.5853882
3.1256256, -9.326614, 0.60572815
3.1316223, -9.321823, 0.60453796
3.1519623, -9.337387, 0.6201019
3.1519623, -9.342178, 0.6105194
3.1567535, -9.350555, 0.65122986
3.1615448, -9.361328, 0.6141052
3.1926727, -9.351746, 0.5746155
3.210617, -9.372101, 0.58657837
3.1723175, -9.370911, 0.5961609
3.20224, -9.378082, 0.57341003
3.1615448, -9.336197, 0.5638275
3.1759033, -9.343369, 0.5710144
3.1998444, -9.352951, 0.5674286
3.1926727, -9.326614, 0.51834106
3.1723175, -9.323029, 0.53749084
3.1759033, -9.327805, 0.5123596
3.1555634, -9.354141, 0.45489502
3.1819, -9.362518, 0.46447754
3.205841, -9.360138, 0.46087646
3.1986542, -9.368515, 0.40821838
3.178299, -9.374496, 0.44293213
3.1842957, -9.366119, 0.39265442
3.1806946, -9.370911, 0.40821838
3.1795044, -9.366119, 0.38067627
3.166336, -9.351746, 0.33638
3.1747131, -9.345764, 0.31124878
3.1603394, -9.375687, 0.30885315
3.1483765, -9.361328, 0.31843567
3.1352081, -9.334991, 0.25857544
3.1459808, -9.340973, 0.2633667
3.1459808, -9.333801, 0.27174377
3.1064758, -9.342178, 0.26815796
3.138794, -9.342178, 0.2346344
3.1519623, -9.355347, 0.23223877
3.1328125, -9.360138, 0.23342896
3.138794, -9.356537, 0.19273376
3.157959, -9.374496, 0.17956543
3.1459808, -9.385269, 0.18196106
3.1806946, -9.382874, 0.20350647
3.2046356, -9.375687, 0.21188354
3.1962585, -9.366119, 0.20350647
3.1723175, -9.354141, 0.21548462
3.1914673, -9.352951, 0.20350647
3.1747131, -9.342178, 0.21786499
3.1890717, -9.338577, 0.21188354
3.2082367, -9.356537, 0.18675232
3.2142181, -9.32901, 0.22625732
3.2046356, -9.321823, 0.22865295
3.221405, -9.363724, 0.24659729
3.26091, -9.357742, 0.25019836
3.2369537, -9.336197, 0.26097107
3.226181, -9.34816, 0.28849792
3.2597046, -9.340973, 0.2813263
3.2644958, -9.34816, 0.33758545
3.296814, -9.355347, 0.2849121
3.2872314, -9.340973, 0.3148346
3.2621002, -9.337387, 0.31962585
3.2668915, -9.34816, 0.3531494
3.2704773, -9.320633, 0.37828064
3.2632904, -9.326614, 0.36990356
3.2393494, -9.344574, 0.3531494
3.2668915, -9.337387, 0.35194397
3.2345734, -9.351746, 0.37948608
3.2525177, -9.344574, 0.375885
3.2118225, -9.355347, 0.39743042
3.2429504, -9.336197, 0.3722992
3.2393494, -9.337387, 0.36750793
3.197464, -9.343369, 0.41659546
3.2118225, -9.369705, 0.38905334
3.2010498, -9.380478, 0.3722992
3.1759033, -9.336197, 0.37948608
3.1806946, -9.34697, 0.3830719
3.1699219, -9.350555, 0.38905334
3.1591492, -9.343369, 0.40582275
3.1495667, -9.355347, 0.41778564
3.162735, -9.349365, 0.38426208
3.1411896, -9.356537, 0.40701294
3.1328125, -9.368515, 0.42018127
3.118454, -9.373306, 0.36750793
3.1376038, -9.364914, 0.36631775
3.12323, -9.366119, 0.3938446
3.111267, -9.357742, 0.43933105
3.1280212, -9.356537, 0.40222168
3.126831, -9.356537, 0.40940857
3.1016846, -9.352951, 0.41059875
3.071762, -9.345764, 0.4333496
3.0861206, -9.366119, 0.42736816
3.078949, -9.36731, 0.41299438
3.087326, -9.374496, 0.39624023
3.055008, -9.361328, 0.4297638
3.0729523, -9.373306, 0.36271667
3.0849304, -9.36731, 0.41539
3.0502167, -9.391251, 0.42616272
3.0406342, -9.394852, 0.4225769
3.0538025, -9.375687, 0.41299438
3.078949, -9.339783, 0.40342712
3.0849304, -9.386475, 0.4010315
3.047821, -9.396042, 0.45968628
3.0430298, -9.368515, 0.43574524
3.0669708, -9.354141, 0.4405365
3.0561981, -9.362518, 0.45010376
3.063385, -9.362518, 0.47045898
3.1076813, -9.3589325, 0.4620819
3.0502167, -9.334991, 0.47045898
3.071762, -9.34697, 0.5123596
3.1172485, -9.354141, 0.49320984
3.1304169, -9.338577, 0.46806335
3.094513, -9.3302, 0.48721313
3.1076813, -9.334991, 0.48362732
3.1316223, -9.324219, 0.4740448
3.147171, -9.320633, 0.5207367
3.1376038, -9.308655, 0.52552795
3.1531677, -9.333801, 0.5207367
3.2010498, -9.350555, 0.49919128
3.221405, -9.308655, 0.5051727
3.197464, -9.336197, 0.5027771
3.193863, -9.354141, 0.48602295
3.1926727, -9.336197, 0.5087738
3.2309723, -9.334991, 0.4920044
3.2381592, -9.339783, 0.48721313
3.2321777, -9.313446, 0.50038147
3.1962585, -9.32901, 0.48721313
3.1842957, -9.354141, 0.48960876
3.2381592, -9.326614, 0.4632721
3.2381592, -9.320633, 0.4584961
3.2249908, -9.324219, 0.4237671
3.2621002, -9.321823, 0.42497253
3.229782, -9.331406, 0.4405365
3.2357635, -9.315842, 0.42138672
3.2513275, -9.303864, 0.35554504
3.2632904, -9.312241, 0.39982605
3.2549133, -9.350555, 0.375885
3.2537231, -9.324219, 0.33039856
3.2549133, -9.325409, 0.331604
3.2441406, -9.368515, 0.32800293
3.2513275, -9.321823, 0.32920837
3.229782, -9.321823, 0.331604
3.233368, -9.323029, 0.31604004
3.2668915, -9.308655, 0.3040619
3.2597046, -9.301468, 0.29927063
3.2632904, -9.303864, 0.25976562
3.2740784, -9.312241, 0.24899292
3.2716827, -9.299072, 0.27893066
3.2776642, -9.324219, 0.27293396
3.2740784, -9.315842, 0.24420166
3.2944183, -9.3302, 0.23942566
3.3040009, -9.315842, 0.24780273
3.2597046, -9.30986, 0.23342896
3.2740784, -9.308655, 0.26216125
3.2776642, -9.32901, 0.22505188
3.2680817, -9.342178, 0.23822021
3.2800598, -9.321823, 0.2454071
3.3016052, -9.336197, 0.20709229
3.2752686, -9.337387, 0.24182129
3.2597046, -9.356537, 0.23223877
3.269287, -9.34697, 0.25378418
3.269287, -9.345764, 0.2561798
3.2716827, -9.350555, 0.24301147
3.289627, -9.326614, 0.23103333
3.250122, -9.337387, 0.22625732
3.2249908, -9.326614, 0.23703003
3.2094269, -9.317032, 0.24182129
3.2381592, -9.301468, 0.22984314
3.2465363, -9.30986, 0.2561798
3.2393494, -9.323029, 0.2741394
3.2225952, -9.320633, 0.26934814
3.2225952, -9.31105, 0.2669525
3.2190094, -9.337387, 0.30526733
3.2477417, -9.375687, 0.28730774
3.2309723, -9.34816, 0.331604
3.197464, -9.324219, 0.31962585
3.2154083, -9.334991, 0.31843567
3.2393494, -9.344574, 0.3531494
3.2381592, -9.345764, 0.31604004
3.2249908, -9.332596, 0.3531494
3.2154083, -9.343369, 0.38067627
3.210617, -9.357742, 0.43455505
3.1806946, -9.337387, 0.41299438
3.157959, -9.340973, 0.41778564
3.178299, -9.343369, 0.4524994
3.157959, -9.333801, 0.4728546
3.1615448, -9.339783, 0.57221985
3.1447906, -9.326614, 0.5566559
3.157959, -9.34697, 0.5386963
3.1316223, -9.378082, 0.54467773
3.157959, -9.332596, 0.55784607
3.1639404, -9.373306, 0.5518646
3.114853, -9.393646, 0.549469
3.0968933, -9.379288, 0.6033325
3.1064758, -9.363724, 0.6081238
3.0765533, -9.372101, 0.57341003
3.0861206, -9.374496, 0.60095215
3.0861206, -9.375687, 0.6212921
3.0957031, -9.373306, 0.6033325
3.083725, -9.39006, 0.61291504
3.0861206, -9.381683, 0.6356659
3.0729523, -9.373306, 0.65960693
3.0621796, -9.366119, 0.6392517
3.0466156, -9.355347, 0.6081238
3.0573883, -9.364914, 0.6033325
3.0669708, -9.356537, 0.5973511
3.0849304, -9.343369, 0.5817871
3.0909119, -9.381683, 0.5590515
3.0729523, -9.39006, 0.5135498
3.0813446, -9.392456, 0.5195465
3.0801392, -9.385269, 0.5087738
3.0573883, -9.369705, 0.45729065
3.0693665, -9.356537, 0.43455505
3.0957031, -9.372101, 0.47045898
3.111267, -9.385269, 0.4441223
3.1304169, -9.3984375, 0.3866577
3.1220398, -9.381683, 0.40342712
3.0250702, -9.34816, 0.38067627
2.9484558, -9.364914, 0.4118042
2.9041595, -9.363724, 0.4441223
2.889801, -9.352951, 0.40342712
2.9233246, -9.350555, 0.38905334
2.9616241, -9.40921, 0.40821838
3.0250702, -9.417587, 0.39743042
3.0370483, -9.403229, 0.42855835
3.0430298, -9.433151, 0.4812317
3.0466156, -9.411606, 0.47644043
3.015503, -9.386475, 0.46806335
3.015503, -9.356537, 0.48721313
3.0190887, -9.354141, 0.4524994
2.9975433, -9.344574, 0.4632721
3.0071106, -9.337387, 0.4800415
3.0334473, -9.343369, 0.53271484
3.0454254, -9.3589325, 0.5315094
3.0861206, -9.364914, 0.51594543
3.099289, -9.339783, 0.5087738
3.1292267, -9.363724, 0.4728546
3.1878815, -9.378082, 0.4728546
3.1711273, -9.381683, 0.5051727
3.147171, -9.375687, 0.4920044
3.1759033, -9.386475, 0.49560547
3.178299, -9.378082, 0.4980011
3.1854858, -9.372101, 0.50398254
3.20224, -9.350555, 0.45010376
3.2309723, -9.340973, 0.47166443
3.2237854, -9.350555, 0.4620819
3.2405548, -9.317032, 0.4728546
3.2477417, -9.3194275, 0.44891357
3.2321777, -9.325409, 0.40342712
3.233368, -9.295486, 0.40821838
3.2429504, -9.295486, 0.4333496
3.2561188, -9.351746, 0.39265442
3.284851, -9.331406, 0.375885
3.305191, -9.34816, 0.34477234
3.324356, -9.349365, 0.35194397
3.3159637, -9.387665, 0.29927063
3.312378, -9.379288, 0.29328918
3.313568, -9.370911, 0.26934814
3.272873, -9.340973, 0.2633667
3.2249908, -9.326614, 0.23822021
3.2010498, -9.290695, 0.21786499
3.1926727, -9.301468, 0.20709229
3.2082367, -9.312241, 0.19631958
3.2381592, -9.321823, 0.14125061
3.226181, -9.334991, 0.11730957
3.2237854, -9.31105, 0.14006042
3.2082367, -9.343369, 0.116119385
3.162735, -9.363724, 0.16160583
3.166336, -9.378082, 0.17956543
3.1711273, -9.373306, 0.12808228
3.1771088, -9.334991, 0.120910645
3.1950684, -9.3589325, 0.18435669
3.2237854, -9.366119, 0.16998291
3.1842957, -9.362518, 0.17118835
3.1962585, -9.343369, 0.20829773
3.229782, -9.317032, 0.22865295
3.2010498, -9.325409, 0.23103333
3.221405, -9.3302, 0.26576233
3.1806946, -9.332596, 0.26934814
3.221405, -9.332596, 0.2849121
3.2070312, -9.345764, 0.29089355
3.2237854, -9.351746, 0.32321167
3.1998444, -9.332596, 0.3543396
3.1854858, -9.342178, 0.3471527
3.1795044, -9.355347, 0.34596252
3.2225952, -9.336197, 0.33877563
3.2094269, -9.327805, 0.38905334
3.2094269, -9.345764, 0.39743042
3.20224, -9.360138, 0.3902588
3.190277, -9.363724, 0.45968628
3.1723175, -9.360138, 0.45968628
3.1747131, -9.372101, 0.4405365
3.1735077, -9.350555, 0.5087738
3.1723175, -9.34816, 0.52433777
3.1531677, -9.338577, 0.52194214
3.1771088, -9.370911, 0.48483276
3.1196442, -9.352951, 0.54707336
3.1376038, -9.342178, 0.52552795
3.1447906, -9.352951, 0.5231323
3.12323, -9.391251, 0.5315094
3.0801392, -9.39006, 0.5231323
3.0801392, -9.376892, 0.5398865
3.0777435, -9.392456, 0.5458832
3.0957031, -9.378082, 0.5566559
3.094513, -9.36731, 0.5315094
3.0849304, -9.34816, 0.52552795
3.0561981, -9.376892, 0.54348755
3.0705566, -9.362518, 0.5351105
3.059784, -9.344574, 0.509964
3.0382385, -9.392456, 0.52194214
3.0585938, -9.372101, 0.48362732
3.0490112, -9.374496, 0.5231323
3.0370483, -9.351746, 0.55545044
3.063385, -9.379288, 0.5051727
3.0502167, -9.374496, 0.50398254
3.078949, -9.36731, 0.50756836
3.0729523, -9.375687, 0.4908142
3.0538025, -9.40921, 0.50038147
3.0250702, -9.373306, 0.48841858
3.035843, -9.362518, 0.48602295
3.0119019, -9.364914, 0.4333496
3.0226746, -9.373306, 0.47166443
3.0214844, -9.360138, 0.49440002
3.0095062, -9.397247, 0.4584961
3.047821, -9.381683, 0.43574524
3.0418396, -9.364914, 0.45370483
3.0514069, -9.415192, 0.4692688
3.0681763, -9.403229, 0.4740448
3.0538025, -9.373306, 0.4513092
3.0561981, -9.391251, 0.4584961
3.0561981, -9.376892, 0.4405365
3.059784, -9.364914, 0.4584961
3.0729523, -9.361328, 0.4405365
3.0741577, -9.384079, 0.48721313
3.078949, -9.388855, 0.47045898
3.0957031, -9.393646, 0.47764587
3.094513, -9.385269, 0.45489502
3.1076813, -9.363724, 0.4812317
3.1100616, -9.373306, 0.47764587
3.1459808, -9.336197, 0.4632721
3.157959, -9.342178, 0.44651794
3.1447906, -9.356537, 0.44293213
3.1591492, -9.332596, 0.46806335
3.1615448, -9.375687, 0.4632721
3.1603394, -9.3589325, 0.47644043
3.1699219, -9.363724, 0.44651794
3.1806946, -9.380478, 0.44293213
3.1962585, -9.331406, 0.4812317
3.2010498, -9.331406, 0.43814087
3.226181, -9.343369, 0.4189911
3.250122, -9.3589325, 0.43693542
3.2393494, -9.334991, 0.43933105
3.2429504, -9.331406, 0.45370483
3.1998444, -9.334991, 0.4800415
3.193863, -9.299072, 0.47764587
3.2405548, -9.336197, 0.4524994
3.245346, -9.32901, 0.43814087
3.2549133, -9.331406, 0.42497253
3.2537231, -9.323029, 0.41659546
3.2441406, -9.323029, 0.40222168
3.265686, -9.300278, 0.4189911
3.226181, -9.331406, 0.41299438
3.2644958, -9.356537, 0.3902588
3.2752686, -9.34816, 0.3902588
3.28125, -9.333801, 0.37709045
3.28125, -9.337387, 0.35673523
3.2597046, -9.323029, 0.38067627
3.2369537, -9.337387, 0.34596252
3.2776642, -9.343369, 0.3435669
3.2525177, -9.345764, 0.3244171
3.2201996, -9.351746, 0.3435669
3.2237854, -9.336197, 0.32920837
3.2369537, -9.32901, 0.30166626
3.20224, -9.299072, 0.3435669
3.1842957, -9.312241, 0.31124878
3.1950684, -9.323029, 0.33758545
3.2201996, -9.295486, 0.31843567
3.2597046, -9.30986, 0.33398438
3.2764587, -9.332596, 0.31723022
3.2860413, -9.30986, 0.33518982
3.2680817, -9.306259, 0.31243896
3.2549133, -9.350555, 0.3040619
3.2513275, -9.36731, 0.26576233
3.217804, -9.344574, 0.30166626
3.2585144, -9.337387, 0.252594
3.2441406, -9.342178, 0.21548462
3.2561188, -9.323029, 0.22744751
3.2513275, -9.324219, 0.2166748
3.1854858, -9.297882, 0.20709229
3.2154083, -9.287109, 0.2346344
3.2932281, -9.302673, 0.26216125
3.3566742, -9.338577, 0.25138855
3.3710327, -9.387665, 0.20350647
3.3566742, -9.391251, 0.17477417
3.313568, -9.380478, 0.21069336
3.1878815, -9.3589325, 0.24899292
3.094513, -9.324219, 0.24659729
3.0693665, -9.3194275, 0.25498962
3.0957031, -9.30986, 0.2561798
3.150772, -9.293091, 0.27893066
3.1914673, -9.284714, 0.30047607
3.2477417, -9.326614, 0.23942566
3.2860413, -9.354141, 0.2741394
3.3231506, -9.356537, 0.28370667
3.3147736, -9.360138, 0.3148346
3.26091, -9.376892, 0.27772522
3.2345734, -9.34697, 0.29328918
3.2046356, -9.344574, 0.28251648
3.1926727, -9.323029, 0.2753296
3.2321777, -9.325409, 0.31243896
3.2393494, -9.351746, 0.31962585
3.3063965, -9.34697, 0.31843567
3.3339233, -9.338577, 0.32920837
3.305191, -9.342178, 0.35554504
3.2393494, -9.325409, 0.35794067
3.1830902, -9.301468, 0.39863586
3.1483765, -9.282318, 0.4632721
3.1723175, -9.26796, 0.48721313
3.190277, -9.301468, 0.48362732
3.2166138, -9.342178, 0.5027771
3.2740784, -9.352951, 0.5638275
3.3159637, -9.378082, 0.51594543
3.3219604, -9.354141, 0.5458832
3.3387146, -9.391251, 0.5386963
3.3003998, -9.36731, 0.5027771
3.221405, -9.332596, 0.53749084
3.1962585, -9.339783, 0.5398865
3.138794, -9.289505, 0.51834106
3.1411896, -9.300278, 0.5171509
3.1316223, -9.295486, 0.56622314
3.1399994, -9.302673, 0.52433777
3.1603394, -9.331406, 0.49560547
3.142395, -9.308655, 0.53630066
3.1591492, -9.327805, 0.54707336
3.138794, -9.32901, 0.52911377
3.12323, -9.344574, 0.5087738
3.1328125, -9.362518, 0.54467773
3.1244354, -9.362518, 0.54348755
3.1316223, -9.370911, 0.52552795
3.099289, -9.355347, 0.5135498
3.078949, -9.362518, 0.51834106
3.071762, -9.345764, 0.549469
3.0777435, -9.356537, 0.4920044
3.0382385, -9.34816, 0.51475525
3.0514069, -9.360138, 0.48243713
3.0418396, -9.344574, 0.43574524
3.0502167, -9.312241, 0.44770813
3.0621796, -9.323029, 0.43574524
3.035843, -9.381683, 0.4513092
3.094513, -9.36731, 0.4189911
3.10289, -9.3984375, 0.4010315
3.1519623, -9.391251, 0.36750793
3.12323, -9.379288, 0.36032104
3.1196442, -9.354141, 0.33877563
3.1435852, -9.308655, 0.3938446
3.1304169, -9.317032, 0.4297638
3.1124573, -9.289505, 0.44891357
3.142395, -9.278732, 0.4333496
3.178299, -9.334991, 0.4441223
3.1806946, -9.305069, 0.43814087
3.1926727, -9.343369, 0.4692688
3.2142181, -9.343369, 0.4920044
3.2441406, -9.323029, 0.45489502
3.2525177, -9.331406, 0.48483276
3.288437, -9.350555, 0.53630066
3.3183594, -9.3302, 0.5135498
3.2992096, -9.349365, 0.5087738
3.320755, -9.324219, 0.51834106
3.3530731, -9.285904, 0.51594543
3.3411102, -9.283524, 0.52911377
3.3159637, -9.326614, 0.5482788
3.3506927, -9.285904, 0.54467773
3.367447, -9.263168, 0.54467773
3.3375244, -9.242813, 0.5674286
3.351883, -9.261963, 0.5638275
3.3865967, -9.299072, 0.5386963
3.3806152, -9.284714, 0.5315094
3.3878021, -9.299072, 0.56144714
3.384201, -9.315842, 0.54467773
3.3806152, -9.342178, 0.51834106
3.4009705, -9.3302, 0.47644043
3.3889923, -9.34697, 0.4920044
3.3901825, -9.375687, 0.49560547
3.3925781, -9.391251, 0.44293213
3.3530731, -9.352951, 0.42138672
3.329132, -9.34697, 0.3938446
3.351883, -9.356537, 0.35673523
3.284851, -9.338577, 0.31004333
3.28125, -9.370911, 0.27293396
3.272873, -9.320633, 0.2861023
3.229782, -9.281128, 0.27772522
3.2010498, -9.299072, 0.2753296
3.1771088, -9.287109, 0.2454071
3.1711273, -9.3194275, 0.2454071
3.1411896, -9.326614, 0.2669525
3.1495667, -9.354141, 0.24061584
3.1675262, -9.379288, 0.25737
3.1328125, -9.355347, 0.26815796
3.0933075, -9.360138, 0.26576233
3.0609894, -9.3589325, 0.25498962
3.0406342, -9.349365, 0.29089355
3.075348, -9.361328, 0.31124878
3.0538025, -9.366119, 0.2956848
3.0370483, -9.375687, 0.27293396
3.063385, -9.361328, 0.296875
3.083725, -9.375687, 0.31004333
3.0861206, -9.369705, 0.32081604
3.0777435, -9.379288, 0.34117126
3.0813446, -9.370911, 0.3543396
3.0621796, -9.325409, 0.39265442
3.0741577, -9.336197, 0.35554504
3.1100616, -9.314636, 0.3902588
3.1244354, -9.291901, 0.42855835
3.1363983, -9.284714, 0.44891357
3.157959, -9.300278, 0.48721313
3.1759033, -9.289505, 0.47045898
3.1651306, -9.291901, 0.5195465
3.154358, -9.315842, 0.5123596
3.1830902, -9.321823, 0.56622314
3.1806946, -9.302673, 0.60095215
3.2201996, -9.301468, 0.6105194
3.269287, -9.307465, 0.5638275
3.2477417, -9.313446, 0.59495544
3.2393494, -9.317032, 0.57580566
3.2668915, -9.299072, 0.57341003
3.2836456, -9.334991, 0.58657837
3.2800598, -9.34816, 0.5925598
3.3016052, -9.3302, 0.60453796
3.2932281, -9.32901, 0.5506592
3.2632904, -9.324219, 0.5410919
3.3195648, -9.323029, 0.5087738
3.3195648, -9.302673, 0.5351105
3.336319, -9.320633, 0.53271484
3.3566742, -9.331406, 0.5123596
3.3303375, -9.303864, 0.47883606
3.327942, -9.344574, 0.44172668
3.2920227, -9.301468, 0.47166443
3.26091, -9.312241, 0.39144897
3.241745, -9.354141, 0.3531494
3.2561188, -9.333801, 0.35075378
3.210617, -9.30986, 0.34835815
3.1747131, -9.327805, 0.32800293
3.205841, -9.342178, 0.27772522
3.2441406, -9.378082, 0.2813263
3.205841, -9.350555, 0.26455688
3.210617, -9.373306, 0.20829773
3.1759033, -9.332596, 0.19154358
3.114853, -9.321823, 0.20709229
3.1124573, -9.3589325, 0.1879425
3.1376038, -9.357742, 0.17118835
3.126831, -9.34697, 0.118515015
3.1004944, -9.356537, 0.14724731
3.138794, -9.380478, 0.14006042
3.1555634, -9.376892, 0.14604187
3.1352081, -9.34816, 0.12449646
3.157959, -9.364914, 0.118515015
3.138794, -9.336197, 0.1484375
3.147171, -9.34697, 0.15203857
3.1016846, -9.362518, 0.1771698
3.087326, -9.345764, 0.17358398
3.1136627, -9.301468, 0.19631958
3.1244354, -9.300278, 0.17237854
3.1639404, -9.337387, 0.19871521
3.1531677, -9.345764, 0.17118835
3.1567535, -9.366119, 0.2059021
3.1687317, -9.372101, 0.22744751
3.138794, -9.3302, 0.27174377
3.1363983, -9.355347, 0.2669525
3.1519623, -9.373306, 0.2956848
3.1495667, -9.369705, 0.29808044
3.1639404, -9.349365, 0.3244171
3.1555634, -9.384079, 0.41299438
3.1687317, -9.372101, 0.38905334
3.2082367, -9.355347, 0.39982605
3.186676, -9.355347, 0.42497253
3.1950684, -9.357742, 0.42138672
3.2249908, -9.373306, 0.44532776
3.250122, -9.388855, 0.45010376
3.1842957, -9.356537, 0.47883606
3.1806946, -9.327805, 0.533905
3.217804, -9.336197, 0.47883606
3.2130127, -9.334991, 0.50756836
3.2309723, -9.34816, 0.52194214
3.226181, -9.344574, 0.5530548
3.2130127, -9.318237, 0.5530548
3.2154083, -9.323029, 0.6033325
3.2142181, -9.331406, 0.6356659
3.26091, -9.337387, 0.61172485
3.2644958, -9.340973, 0.5853882
3.2668915, -9.343369, 0.61291504
3.2597046, -9.357742, 0.66677856
3.2776642, -9.308655, 0.63327026
3.2585144, -9.3302, 0.5997467
3.2597046, -9.334991, 0.63446045
3.2549133, -9.318237, 0.6356659
3.257309, -9.343369, 0.628479
3.221405, -9.356537, 0.61650085
3.217804, -9.343369, 0.58657837
3.2273865, -9.30986, 0.5698242
3.1854858, -9.324219, 0.5590515
3.1806946, -9.349365, 0.5410919
3.190277, -9.333801, 0.53749084
3.1651306, -9.344574, 0.52433777
3.1555634, -9.34816, 0.48841858
3.1519623, -9.344574, 0.48960876
3.1591492, -9.351746, 0.46687317
3.1340027, -9.34816, 0.46687317
3.1292267, -9.352951, 0.42138672
3.1447906, -9.3589325, 0.4189911
3.118454, -9.363724, 0.43574524
3.1280212, -9.336197, 0.35913086
3.111267, -9.350555, 0.33398438
3.1160583, -9.325409, 0.37348938
3.1124573, -9.32901, 0.36392212

