x : y : Z 
3.2561188, -9.325409, 0.37828064
3.2704773, -9.278732, 0.40821838
3.250122, -9.295486, 0.44651794
3.2118225, -9.270355, 0.42855835
3.2118225, -9.290695, 0.44532776
3.2465363, -9.2883, 0.44293213
3.2237854, -9.293091, 0.4692688
3.2154083, -9.314636, 0.47764587
3.2154083, -9.336197, 0.47644043
3.2321777, -9.339783, 0.48362732
3.2465363, -9.337387, 0.5051727
3.193863, -9.331406, 0.45370483
3.1986542, -9.323029, 0.47045898
3.193863, -9.326614, 0.5027771
3.20224, -9.299072, 0.53749084
3.1962585, -9.314636, 0.54707336
3.190277, -9.3302, 0.46806335
3.2010498, -9.336197, 0.48960876
3.1759033, -9.333801, 0.52433777
3.1687317, -9.336197, 0.5458832
3.1795044, -9.34697, 0.52552795
3.1735077, -9.357742, 0.56622314
3.197464, -9.34816, 0.5566559
3.1723175, -9.3302, 0.56622314
3.157959, -9.31105, 0.5961609
3.1854858, -9.351746, 0.6081238
3.1926727, -9.373306, 0.5817871
3.1651306, -9.333801, 0.61291504
3.1735077, -9.299072, 0.6500244
3.166336, -9.349365, 0.63446045
3.1771088, -9.312241, 0.6476288
3.2070312, -9.305069, 0.6368561
3.2154083, -9.323029, 0.64523315
3.1914673, -9.283524, 0.667984
3.2249908, -9.283524, 0.6404419
3.2393494, -9.295486, 0.61650085
3.20224, -9.312241, 0.6643982
3.2130127, -9.308655, 0.6787567
3.245346, -9.303864, 0.6871338
3.2465363, -9.3194275, 0.6859436
3.2944183, -9.318237, 0.6943207
3.2944183, -9.314636, 0.7122803
3.289627, -9.320633, 0.7158661
3.2776642, -9.300278, 0.7457886
3.2932281, -9.284714, 0.7410126
3.296814, -9.287109, 0.7050934
3.2992096, -9.270355, 0.7158661
3.3147736, -9.305069, 0.7158661
3.3171692, -9.283524, 0.69311523
3.3303375, -9.281128, 0.70388794
3.3578644, -9.299072, 0.7266388
3.3530731, -9.305069, 0.7050934
3.3794098, -9.307465, 0.68115234
3.384201, -9.308655, 0.6260834
3.3889923, -9.301468, 0.65242004
3.4261017, -9.296692, 0.61291504
3.4416656, -9.32901, 0.61172485
3.430893, -9.283524, 0.6212921
3.4201202, -9.266754, 0.5422821
3.4296875, -9.255981, 0.51834106
3.4141388, -9.272736, 0.5231323
3.4273071, -9.26796, 0.48602295
3.4656067, -9.270355, 0.44651794
3.4584198, -9.287109, 0.42855835
3.4979248, -9.253586, 0.3902588
3.4835663, -9.235626, 0.36032104
3.4656067, -9.271545, 0.3615265
3.4440613, -9.294296, 0.32920837
3.4488525, -9.260773, 0.2753296
3.4296875, -9.233246, 0.25019836
3.4320831, -9.245209, 0.23582458
3.430893, -9.238022, 0.21548462
3.4344788, -9.2248535, 0.20469666
3.3925781, -9.244019, 0.19752502
3.3662415, -9.252396, 0.17237854
3.3459015, -9.270355, 0.12928772
3.375824, -9.247604, 0.10295105
3.3542786, -9.260773, 0.05986023
3.4057465, -9.294296, 0.096969604
3.4356842, -9.30986, 0.089782715
3.4356842, -9.299072, 0.07421875
3.4620209, -9.332596, 0.03831482
3.446457, -9.299072, 0.044296265
3.4213104, -9.255981, 0.04548645
3.3830109, -9.239227, 0.058654785
3.3626556, -9.203308, 0.1149292
3.3650513, -9.235626, 0.20469666
3.399765, -9.233246, 0.2059021
3.3770142, -9.254791, 0.23582458
3.4440613, -9.285904, 0.24420166
3.43927, -9.290695, 0.28730774
3.4416656, -9.290695, 0.3327942
3.4524384, -9.283524, 0.36990356
3.4380798, -9.296692, 0.41778564
3.399765, -9.258377, 0.4333496
3.3818054, -9.282318, 0.48960876
3.3626556, -9.270355, 0.48721313
3.3578644, -9.278732, 0.5303192
3.3578644, -9.265564, 0.53271484
3.308792, -9.246414, 0.5602417
3.2980194, -9.272736, 0.5913696
3.2908325, -9.26915, 0.58657837
3.2908325, -9.275131, 0.58418274
3.2860413, -9.295486, 0.59495544
3.2537231, -9.313446, 0.60572815
3.2525177, -9.336197, 0.6081238
3.2190094, -9.321823, 0.60214233
3.241745, -9.294296, 0.64523315
3.2561188, -9.300278, 0.6428375
3.241745, -9.296692, 0.6775665
3.2357635, -9.331406, 0.6859436
3.1890717, -9.349365, 0.7158661
3.2046356, -9.3302, 0.71347046
3.2273865, -9.32901, 0.7254486
3.2201996, -9.325409, 0.72184753
3.26091, -9.345764, 0.73143005
3.3171692, -9.360138, 0.77212524
3.2740784, -9.314636, 0.7876892
3.2932281, -9.315842, 0.76374817
3.272873, -9.343369, 0.7565613
3.2764587, -9.327805, 0.75297546
3.2166138, -9.295486, 0.7960663
3.2201996, -9.287109, 0.7697296
3.217804, -9.306259, 0.7553711
3.1878815, -9.295486, 0.7445984
3.2034454, -9.296692, 0.7481842
3.2441406, -9.297882, 0.76016235
3.205841, -9.293091, 0.7661438
3.1795044, -9.302673, 0.76016235
3.1795044, -9.305069, 0.75057983
3.2273865, -9.290695, 0.7589569
3.2405548, -9.320633, 0.7685394
3.229782, -9.342178, 0.7649536
3.2249908, -9.370911, 0.76374817
3.229782, -9.388855, 0.74339294
3.2860413, -9.372101, 0.78170776
3.2800598, -9.378082, 0.7948761
3.289627, -9.352951, 0.7841034
3.313568, -9.332596, 0.7398071
3.2956238, -9.324219, 0.72184753
3.2273865, -9.299072, 0.6871338
3.2142181, -9.278732, 0.6356659
3.233368, -9.242813, 0.6212921
3.2441406, -9.241623, 0.65600586
3.2788544, -9.2643585, 0.62368774
3.2920227, -9.270355, 0.60214233
3.2561188, -9.308655, 0.6141052
3.2597046, -9.302673, 0.61650085
3.2836456, -9.303864, 0.5877838
3.2477417, -9.327805, 0.58657837
3.2070312, -9.32901, 0.57699585
3.2273865, -9.36731, 0.53271484
3.190277, -9.36731, 0.5458832
3.2010498, -9.32901, 0.5518646
3.1759033, -9.306259, 0.55545044
3.1615448, -9.31105, 0.57221985
3.1555634, -9.312241, 0.4920044
3.1735077, -9.317032, 0.48960876
3.1806946, -9.331406, 0.5015869
3.186676, -9.314636, 0.4908142
3.2465363, -9.324219, 0.46806335
3.2405548, -9.332596, 0.44172668
3.241745, -9.320633, 0.47525024
3.2740784, -9.326614, 0.45010376
3.2920227, -9.30986, 0.47045898
3.2776642, -9.287109, 0.45370483
3.3003998, -9.276337, 0.4225769
3.329132, -9.278732, 0.43095398
3.3231506, -9.287109, 0.4297638
3.3506927, -9.289505, 0.4620819
3.375824, -9.284714, 0.4225769
3.4009705, -9.2883, 0.47166443
3.4033508, -9.26796, 0.45610046
3.3878021, -9.296692, 0.44651794
3.423706, -9.301468, 0.47525024
3.4273071, -9.275131, 0.48721313
3.3889923, -9.2404175, 0.54707336
3.4356842, -9.26915, 0.5303192
3.447647, -9.245209, 0.533905
3.4141388, -9.272736, 0.52433777
3.4344788, -9.258377, 0.5602417
3.454834, -9.287109, 0.5686188
3.4500427, -9.2883, 0.5901642
3.4380798, -9.294296, 0.5710144
3.4332886, -9.299072, 0.5698242
3.4368744, -9.313446, 0.6093292
3.4284973, -9.300278, 0.5853882
3.4536285, -9.287109, 0.5710144
3.463211, -9.272736, 0.5793915
3.4560242, -9.26915, 0.5674286
3.4500427, -9.2799225, 0.58299255
3.4584198, -9.233246, 0.58418274
3.4368744, -9.245209, 0.5590515
3.4416656, -9.2595825, 0.5674286
3.4775848, -9.246414, 0.59376526
3.4368744, -9.266754, 0.59495544
3.430893, -9.284714, 0.58418274
3.446457, -9.303864, 0.5686188
3.4452515, -9.314636, 0.57221985
3.4057465, -9.315842, 0.5925598
3.4093475, -9.301468, 0.5602417
3.4213104, -9.2883, 0.52671814
3.4284973, -9.297882, 0.56503296
3.3985748, -9.2799225, 0.5410919
3.391388, -9.281128, 0.5123596
3.3973694, -9.273941, 0.5231323
3.3470917, -9.276337, 0.52194214
3.3578644, -9.278732, 0.4620819
3.3411102, -9.302673, 0.4728546
3.3566742, -9.2883, 0.46687317
3.2992096, -9.287109, 0.42497253
3.2980194, -9.296692, 0.4441223
3.289627, -9.293091, 0.42018127
3.2860413, -9.285904, 0.40940857
3.2680817, -9.293091, 0.38426208
3.2345734, -9.294296, 0.40821838
3.2788544, -9.26915, 0.40342712
3.2908325, -9.266754, 0.40582275
3.289627, -9.273941, 0.39863586
3.26091, -9.306259, 0.3902588
3.2525177, -9.291901, 0.39144897
3.28125, -9.296692, 0.39144897
3.2752686, -9.287109, 0.40701294
3.2860413, -9.291901, 0.40940857
3.2932281, -9.290695, 0.39982605
3.3027954, -9.290695, 0.40940857
3.312378, -9.307465, 0.39743042
3.2788544, -9.287109, 0.4225769
3.2908325, -9.270355, 0.40342712
3.2597046, -9.278732, 0.44172668
3.2704773, -9.263168, 0.49440002
3.3016052, -9.283524, 0.5123596
3.2752686, -9.282318, 0.50398254
3.3027954, -9.275131, 0.54348755
3.3111877, -9.273941, 0.5458832
3.3339233, -9.350555, 0.48602295
3.2956238, -9.314636, 0.5410919
3.313568, -9.284714, 0.56503296
3.3375244, -9.301468, 0.5315094
3.3147736, -9.318237, 0.5398865
3.320755, -9.306259, 0.57221985
3.3303375, -9.290695, 0.55426025
3.3423004, -9.284714, 0.5518646
3.3566742, -9.278732, 0.5638275
3.312378, -9.263168, 0.5805969
3.348297, -9.272736, 0.5985565
3.384201, -9.266754, 0.55545044
3.3806152, -9.253586, 0.5746155
3.3566742, -9.247604, 0.54707336
3.3542786, -9.258377, 0.5566559
3.3662415, -9.234436, 0.58418274
3.3638458, -9.258377, 0.52671814
3.3554688, -9.276337, 0.52671814
3.3578644, -9.282318, 0.53749084
3.3901825, -9.296692, 0.50756836
3.4057465, -9.284714, 0.51475525
3.3985748, -9.277527, 0.53271484
3.391388, -9.283524, 0.5351105
3.3901825, -9.285904, 0.5207367
3.3806152, -9.257187, 0.50756836
3.36026, -9.283524, 0.5123596
3.384201, -9.265564, 0.51116943
3.3770142, -9.275131, 0.533905
3.3961792, -9.300278, 0.48483276
3.4009705, -9.26796, 0.4908142
3.3973694, -9.245209, 0.5051727
3.4093475, -9.294296, 0.4800415
3.4177246, -9.312241, 0.5123596
3.3949738, -9.265564, 0.50398254
3.3925781, -9.284714, 0.52433777
3.384201, -9.291901, 0.53749084
3.3949738, -9.2643585, 0.57221985
3.3925781, -9.2799225, 0.5674286
3.3638458, -9.282318, 0.5482788
3.4033508, -9.299072, 0.56622314
3.3590698, -9.284714, 0.58299255
3.3303375, -9.306259, 0.6105194
3.288437, -9.312241, 0.64404297
3.2824554, -9.306259, 0.6260834
3.3219604, -9.26915, 0.65242004
3.3027954, -9.306259, 0.667984
3.3075867, -9.317032, 0.70150757
3.296814, -9.30986, 0.6859436
3.2704773, -9.313446, 0.67396545
3.288437, -9.302673, 0.7170563
3.2273865, -9.275131, 0.6763611
3.2034454, -9.317032, 0.63087463
3.210617, -9.338577, 0.65960693
3.2201996, -9.317032, 0.64164734
3.2166138, -9.350555, 0.5913696
3.2201996, -9.336197, 0.5925598
3.2369537, -9.350555, 0.5901642
3.2632904, -9.374496, 0.5626373
3.2190094, -9.363724, 0.5566559
3.229782, -9.336197, 0.5482788
3.2309723, -9.313446, 0.53271484
3.2118225, -9.331406, 0.5135498
3.1926727, -9.318237, 0.48721313
3.1747131, -9.313446, 0.45489502
3.20224, -9.30986, 0.45489502
3.1842957, -9.34697, 0.43574524
3.186676, -9.324219, 0.43693542
3.1998444, -9.343369, 0.41419983
3.2154083, -9.326614, 0.38067627
3.2309723, -9.338577, 0.36871338
3.250122, -9.302673, 0.3471527
3.2082367, -9.294296, 0.3435669
3.1723175, -9.320633, 0.35913086
3.229782, -9.303864, 0.36871338
3.221405, -9.3302, 0.4118042
3.2273865, -9.30986, 0.39743042
3.2285767, -9.331406, 0.42616272
3.2357635, -9.338577, 0.42018127
3.2561188, -9.323029, 0.42736816
3.2860413, -9.321823, 0.3938446
3.221405, -9.307465, 0.46447754
3.2046356, -9.340973, 0.48243713
3.2190094, -9.323029, 0.5135498
3.2585144, -9.357742, 0.48841858
3.2632904, -9.3302, 0.5207367
3.2716827, -9.31105, 0.47883606
3.2980194, -9.3194275, 0.5015869
3.2920227, -9.31105, 0.51834106
3.2992096, -9.338577, 0.5303192
3.257309, -9.345764, 0.5051727
3.2740784, -9.314636, 0.51594543
3.2369537, -9.331406, 0.49919128
3.2788544, -9.3302, 0.5171509
3.2561188, -9.339783, 0.5351105
3.2680817, -9.334991, 0.49919128
3.2680817, -9.323029, 0.5351105
3.2405548, -9.323029, 0.51475525
3.250122, -9.340973, 0.5063782
3.269287, -9.343369, 0.5123596
3.2704773, -9.338577, 0.53749084
3.2537231, -9.332596, 0.58418274
3.241745, -9.326614, 0.57580566
3.257309, -9.340973, 0.57699585
3.2836456, -9.318237, 0.5518646
3.2740784, -9.307465, 0.5686188
3.2429504, -9.3194275, 0.6212921
3.2357635, -9.332596, 0.62249756
3.2477417, -9.375687, 0.6380615
3.2597046, -9.331406, 0.64164734
3.2549133, -9.326614, 0.65242004
3.2225952, -9.376892, 0.6488342
3.248932, -9.351746, 0.66677856
3.2621002, -9.312241, 0.683548
3.2680817, -9.334991, 0.6979065
3.2621002, -9.3194275, 0.7110748
3.229782, -9.3194275, 0.6907196
3.241745, -9.312241, 0.65960693
3.2776642, -9.315842, 0.7050934
3.269287, -9.337387, 0.70628357
3.2824554, -9.332596, 0.66319275
3.3003998, -9.334991, 0.5985565
3.2920227, -9.313446, 0.61291504
3.3027954, -9.308655, 0.61531067
3.2752686, -9.297882, 0.5698242
3.2920227, -9.300278, 0.5626373
3.2441406, -9.303864, 0.5422821
3.2525177, -9.296692, 0.5710144
3.2716827, -9.307465, 0.5626373
3.2405548, -9.308655, 0.52671814
3.2118225, -9.307465, 0.509964
3.2070312, -9.303864, 0.48243713
3.2201996, -9.320633, 0.48841858
3.217804, -9.327805, 0.48243713
3.2321777, -9.285904, 0.44891357
3.2465363, -9.313446, 0.4584961
3.2525177, -9.34697, 0.42616272
3.2680817, -9.333801, 0.4237671
3.265686, -9.31105, 0.46087646
3.2836456, -9.306259, 0.47764587
3.269287, -9.299072, 0.44891357
3.2680817, -9.2883, 0.39982605
3.2465363, -9.31105, 0.43574524
3.2321777, -9.282318, 0.43814087
3.2537231, -9.275131, 0.43933105
3.2632904, -9.303864, 0.44293213
3.2597046, -9.315842, 0.4118042
3.289627, -9.301468, 0.4620819
3.2992096, -9.352951, 0.45489502
3.3219604, -9.357742, 0.45610046
3.3219604, -9.332596, 0.41778564
3.2932281, -9.344574, 0.42018127
3.2561188, -9.342178, 0.42497253
3.3063965, -9.30986, 0.4524994
3.3399048, -9.301468, 0.4620819
3.3016052, -9.320633, 0.42736816
3.2776642, -9.278732, 0.40940857
3.2764587, -9.295486, 0.3938446
3.2549133, -9.30986, 0.4405365
3.3303375, -9.285904, 0.45010376
3.2956238, -9.296692, 0.42138672
3.257309, -9.315842, 0.42616272
3.269287, -9.3194275, 0.4189911
3.288437, -9.324219, 0.3902588
3.269287, -9.351746, 0.39743042
3.2800598, -9.334991, 0.41059875
3.269287, -9.324219, 0.41539
3.288437, -9.323029, 0.40582275
3.2776642, -9.314636, 0.41659546
3.2752686, -9.339783, 0.4046173
3.250122, -9.306259, 0.41299438
3.2513275, -9.317032, 0.41059875
3.2345734, -9.334991, 0.4118042
3.2321777, -9.295486, 0.43814087
3.2225952, -9.325409, 0.3938446
3.1986542, -9.350555, 0.40940857
3.2070312, -9.327805, 0.39624023
3.221405, -9.326614, 0.39982605
3.2094269, -9.325409, 0.4333496
3.2477417, -9.297882, 0.45010376
3.2130127, -9.34816, 0.42616272
3.2513275, -9.320633, 0.43933105
3.2285767, -9.334991, 0.47166443
3.217804, -9.327805, 0.42616272
3.2477417, -9.325409, 0.45370483
3.2154083, -9.3194275, 0.44651794
3.2369537, -9.317032, 0.44532776
3.241745, -9.305069, 0.4812317
3.2405548, -9.312241, 0.50398254
3.2405548, -9.302673, 0.44532776
3.2082367, -9.299072, 0.48602295
3.2237854, -9.281128, 0.49440002
3.241745, -9.326614, 0.49440002
3.2429504, -9.30986, 0.50398254
3.2381592, -9.281128, 0.4908142
3.2525177, -9.312241, 0.49320984
3.2273865, -9.31105, 0.5530548
3.265686, -9.308655, 0.49919128
3.2920227, -9.317032, 0.4980011
3.2836456, -9.318237, 0.49440002
3.2944183, -9.272736, 0.51475525
3.2872314, -9.278732, 0.5015869
3.2405548, -9.261963, 0.49560547
3.26091, -9.320633, 0.5087738
3.2836456, -9.301468, 0.5063782
3.3183594, -9.281128, 0.49919128
3.2764587, -9.278732, 0.47883606
3.250122, -9.283524, 0.5027771
3.312378, -9.25, 0.5195465
3.3003998, -9.275131, 0.5279236
3.3016052, -9.278732, 0.51834106
3.312378, -9.278732, 0.5398865
3.3267365, -9.305069, 0.50038147
3.3411102, -9.293091, 0.50398254
3.3003998, -9.281128, 0.5051727
3.284851, -9.297882, 0.5123596
3.3303375, -9.30986, 0.53749084
3.3494873, -9.276337, 0.5015869
3.3315277, -9.263168, 0.5135498
3.3339233, -9.290695, 0.5015869
3.3267365, -9.303864, 0.5027771
3.3303375, -9.293091, 0.4728546
3.3159637, -9.2883, 0.49560547
3.3303375, -9.273941, 0.52194214
3.3578644, -9.2883, 0.5051727
3.312378, -9.294296, 0.47644043
3.3303375, -9.295486, 0.45010376
3.3411102, -9.291901, 0.48483276
3.3470917, -9.283524, 0.5015869
3.3698425, -9.305069, 0.4740448
3.3315277, -9.303864, 0.46447754
3.3339233, -9.297882, 0.4728546
3.327942, -9.282318, 0.4405365
3.320755, -9.272736, 0.4297638
3.3147736, -9.282318, 0.42497253
3.3075867, -9.293091, 0.42855835
3.3303375, -9.271545, 0.44770813
3.3542786, -9.272736, 0.4740448
3.3399048, -9.282318, 0.4584961
3.324356, -9.289505, 0.49320984
3.3255463, -9.302673, 0.4728546
3.3423004, -9.291901, 0.44172668
3.324356, -9.293091, 0.43215942
3.3267365, -9.321823, 0.43933105
3.3159637, -9.296692, 0.46087646
3.3255463, -9.296692, 0.4908142
3.3578644, -9.287109, 0.4046173
3.3590698, -9.289505, 0.46566772
3.3255463, -9.287109, 0.44770813
3.3147736, -9.2799225, 0.43095398
3.3411102, -9.283524, 0.47166443
3.3303375, -9.2799225, 0.45489502
3.3411102, -9.2883, 0.44293213
3.3459015, -9.278732, 0.43693542
3.3746338, -9.300278, 0.44891357
3.3303375, -9.277527, 0.45489502
3.3147736, -9.278732, 0.46806335
3.368637, -9.306259, 0.42018127
3.3399048, -9.294296, 0.43693542
3.3662415, -9.299072, 0.45489502
3.3566742, -9.282318, 0.46087646
3.344696, -9.271545, 0.44532776
3.336319, -9.278732, 0.4524994
3.3303375, -9.283524, 0.45010376
3.3423004, -9.270355, 0.45968628
3.3315277, -9.26915, 0.48243713
3.3099823, -9.2595825, 0.4632721
3.305191, -9.2799225, 0.43095398
3.3411102, -9.283524, 0.4441223
3.3075867, -9.312241, 0.43933105
3.2680817, -9.273941, 0.40940857
3.2752686, -9.281128, 0.4620819
3.2980194, -9.293091, 0.43574524
3.3315277, -9.2883, 0.42616272
3.324356, -9.337387, 0.44891357
3.2824554, -9.297882, 0.45370483
3.2932281, -9.273941, 0.44770813
3.3063965, -9.285904, 0.42855835
3.2860413, -9.287109, 0.48721313
3.269287, -9.299072, 0.42736816
3.2920227, -9.306259, 0.38546753
3.3075867, -9.301468, 0.43455505
3.3040009, -9.300278, 0.43933105
3.2932281, -9.296692, 0.46087646
3.2932281, -9.30986, 0.4297638
3.3195648, -9.325409, 0.39624023
3.2680817, -9.295486, 0.4297638
3.284851, -9.301468, 0.43095398
3.2860413, -9.294296, 0.4118042
3.3183594, -9.302673, 0.4441223
3.2776642, -9.275131, 0.4405365
3.289627, -9.270355, 0.40821838
3.305191, -9.289505, 0.4225769
3.3111877, -9.266754, 0.3938446
3.3159637, -9.285904, 0.4118042
3.305191, -9.320633, 0.3902588
3.3351288, -9.273941, 0.35075378
3.3255463, -9.285904, 0.3866577
3.2860413, -9.320633, 0.44770813
3.3399048, -9.281128, 0.43455505
3.3303375, -9.291901, 0.3938446
3.320755, -9.300278, 0.4189911
3.3183594, -9.281128, 0.41419983
3.3063965, -9.294296, 0.39743042
3.2932281, -9.2799225, 0.37469482
3.3147736, -9.271545, 0.41059875
3.289627, -9.275131, 0.42497253
3.3171692, -9.289505, 0.4189911
3.3710327, -9.285904, 0.42736816
3.3459015, -9.297882, 0.42616272
3.329132, -9.303864, 0.43574524
3.327942, -9.324219, 0.40940857
3.2908325, -9.31105, 0.41299438
3.3327332, -9.318237, 0.44532776
3.320755, -9.337387, 0.44172668
3.305191, -9.336197, 0.43933105
3.2872314, -9.299072, 0.42497253
3.2908325, -9.291901, 0.44770813
3.324356, -9.321823, 0.4584961
3.269287, -9.295486, 0.4728546
3.2860413, -9.302673, 0.44891357
3.28125, -9.301468, 0.44651794
3.2321777, -9.284714, 0.46087646
3.2632904, -9.318237, 0.49679565
3.2644958, -9.308655, 0.46687317
3.289627, -9.327805, 0.4620819
3.2621002, -9.344574, 0.49320984
3.2824554, -9.324219, 0.44651794
3.3063965, -9.313446, 0.46447754
3.2704773, -9.320633, 0.48483276
3.2668915, -9.327805, 0.48841858
3.2549133, -9.332596, 0.48602295
3.2644958, -9.305069, 0.45968628
3.2561188, -9.275131, 0.44293213
3.217804, -9.294296, 0.49919128
3.2740784, -9.32901, 0.48483276
3.2668915, -9.340973, 0.46447754
3.2668915, -9.314636, 0.48721313
3.2644958, -9.321823, 0.4812317
3.2513275, -9.32901, 0.45010376
3.2632904, -9.336197, 0.46087646
3.245346, -9.331406, 0.44293213
3.2405548, -9.32901, 0.47764587
3.2477417, -9.332596, 0.4920044
3.229782, -9.333801, 0.47644043
3.2381592, -9.326614, 0.46447754
3.2680817, -9.312241, 0.44770813
3.269287, -9.315842, 0.43933105
3.2704773, -9.317032, 0.43455505
3.2549133, -9.313446, 0.41659546
3.2537231, -9.351746, 0.41059875
3.2525177, -9.354141, 0.4584961
3.2082367, -9.352951, 0.44293213
3.2357635, -9.324219, 0.39743042
3.2405548, -9.340973, 0.42855835
3.2441406, -9.349365, 0.4118042
3.1986542, -9.324219, 0.39982605
3.205841, -9.317032, 0.43215942
3.2046356, -9.337387, 0.42138672
3.1962585, -9.323029, 0.41059875
3.1830902, -9.318237, 0.40222168
3.1687317, -9.307465, 0.3866577
3.1962585, -9.338577, 0.41659546
3.1687317, -9.338577, 0.43574524
3.1890717, -9.36731, 0.4189911
3.210617, -9.323029, 0.39505005
3.178299, -9.313446, 0.45489502
3.205841, -9.364914, 0.4405365
3.2082367, -9.350555, 0.4333496
3.190277, -9.308655, 0.45010376
3.1998444, -9.351746, 0.4740448
3.2166138, -9.324219, 0.45010376
3.233368, -9.336197, 0.4632721
3.190277, -9.355347, 0.47525024
3.2273865, -9.32901, 0.5087738
3.2201996, -9.323029, 0.51594543
3.2130127, -9.332596, 0.5123596
3.217804, -9.32901, 0.51594543
3.2201996, -9.338577, 0.5782013
3.2237854, -9.334991, 0.56503296
3.2249908, -9.326614, 0.5458832
3.2201996, -9.331406, 0.5674286
3.221405, -9.363724, 0.5793915
3.1914673, -9.352951, 0.5710144
3.217804, -9.354141, 0.52911377
3.2225952, -9.356537, 0.5386963
3.2285767, -9.356537, 0.5422821
3.217804, -9.351746, 0.56144714
3.197464, -9.3194275, 0.5458832
3.2429504, -9.307465, 0.51594543
3.2118225, -9.312241, 0.5171509
3.2166138, -9.299072, 0.5135498
3.1878815, -9.337387, 0.49440002
3.1723175, -9.307465, 0.4980011
3.1926727, -9.318237, 0.48841858
3.233368, -9.34697, 0.48841858
3.210617, -9.336197, 0.47045898
3.2142181, -9.336197, 0.48960876
3.226181, -9.339783, 0.5063782
3.226181, -9.327805, 0.4908142
3.2561188, -9.32901, 0.49919128
3.2537231, -9.343369, 0.49320984
3.2465363, -9.333801, 0.5638275
3.229782, -9.342178, 0.509964
3.229782, -9.3302, 0.54348755
3.2381592, -9.337387, 0.53749084
3.2513275, -9.337387, 0.51116943
3.2513275, -9.323029, 0.54707336
3.2668915, -9.331406, 0.5506592
3.2860413, -9.307465, 0.52911377
3.2980194, -9.323029, 0.50756836
3.2956238, -9.327805, 0.50756836
3.2932281, -9.307465, 0.5087738
3.2920227, -9.284714, 0.4728546
3.2680817, -9.301468, 0.48841858
3.2836456, -9.301468, 0.4632721
3.2920227, -9.326614, 0.48602295
3.308792, -9.296692, 0.47166443
3.3099823, -9.2883, 0.4237671
3.324356, -9.306259, 0.40821838
3.288437, -9.299072, 0.4118042
3.2980194, -9.317032, 0.39743042
3.313568, -9.320633, 0.39144897
3.3327332, -9.301468, 0.38786316
3.324356, -9.289505, 0.38426208
3.3470917, -9.315842, 0.3938446
3.344696, -9.289505, 0.38067627
3.3219604, -9.320633, 0.36990356
3.3063965, -9.31105, 0.35554504
3.3027954, -9.296692, 0.35075378
3.296814, -9.303864, 0.35075378
3.3099823, -9.300278, 0.35554504
3.2788544, -9.276337, 0.36631775
3.2860413, -9.291901, 0.331604
3.257309, -9.325409, 0.3471527
3.2716827, -9.299072, 0.35673523
3.2525177, -9.312241, 0.36392212
3.2477417, -9.2883, 0.33039856
3.2321777, -9.299072, 0.3423767
3.217804, -9.325409, 0.39743042
3.2273865, -9.296692, 0.42616272
3.2321777, -9.289505, 0.40821838
3.2405548, -9.301468, 0.42018127
3.1950684, -9.332596, 0.40940857
3.1926727, -9.320633, 0.40940857
3.20224, -9.30986, 0.40940857
3.197464, -9.331406, 0.4441223
3.1830902, -9.331406, 0.4812317
3.1759033, -9.343369, 0.4692688
3.197464, -9.303864, 0.48841858
3.221405, -9.315842, 0.48841858
3.1819, -9.337387, 0.5087738
3.1806946, -9.338577, 0.44770813
3.210617, -9.333801, 0.48483276
3.1735077, -9.334991, 0.5398865
3.1914673, -9.318237, 0.5063782
3.2130127, -9.303864, 0.50756836
3.205841, -9.31105, 0.5303192
3.2070312, -9.338577, 0.549469
3.1986542, -9.315842, 0.5398865
3.2249908, -9.3302, 0.52911377
3.2034454, -9.34697, 0.4980011
3.1986542, -9.315842, 0.56144714
3.210617, -9.283524, 0.52911377
3.2405548, -9.315842, 0.5195465
3.2381592, -9.331406, 0.5351105
3.2345734, -9.312241, 0.57341003
3.2345734, -9.291901, 0.5123596
3.250122, -9.291901, 0.53630066
3.248932, -9.282318, 0.49560547
3.265686, -9.290695, 0.52194214
3.2561188, -9.2883, 0.51834106
3.2465363, -9.301468, 0.4908142
3.248932, -9.297882, 0.50038147
3.2788544, -9.31105, 0.5063782
3.2465363, -9.300278, 0.5315094
3.257309, -9.301468, 0.51116943
3.265686, -9.312241, 0.49919128
3.2764587, -9.320633, 0.5051727
3.28125, -9.272736, 0.47045898
3.2992096, -9.296692, 0.48721313
3.2872314, -9.299072, 0.48362732
3.2992096, -9.297882, 0.45010376
3.2956238, -9.31105, 0.44293213
3.2776642, -9.289505, 0.5063782
3.3003998, -9.271545, 0.509964
3.2920227, -9.305069, 0.48960876
3.344696, -9.320633, 0.44293213
3.3303375, -9.284714, 0.48602295
3.327942, -9.297882, 0.47883606
3.2944183, -9.308655, 0.46447754
3.324356, -9.295486, 0.4908142
3.3267365, -9.2883, 0.50038147
3.3459015, -9.32901, 0.49560547
3.36026, -9.293091, 0.48721313
3.3770142, -9.284714, 0.49919128
3.3530731, -9.306259, 0.48960876
3.3614655, -9.303864, 0.4980011
3.4284973, -9.300278, 0.52194214
3.391388, -9.315842, 0.5231323
3.3818054, -9.284714, 0.4812317
3.3710327, -9.306259, 0.50756836
3.3937836, -9.276337, 0.48960876
3.3985748, -9.273941, 0.533905
3.4177246, -9.265564, 0.49679565
3.368637, -9.317032, 0.47883606
3.3889923, -9.284714, 0.51834106
3.4189148, -9.254791, 0.5087738
3.3937836, -9.282318, 0.5422821
3.3806152, -9.296692, 0.51116943
3.3782196, -9.287109, 0.47166443
3.408142, -9.281128, 0.5087738
3.3889923, -9.266754, 0.46447754
3.3830109, -9.26915, 0.4584961
3.4033508, -9.282318, 0.4584961
3.4332886, -9.317032, 0.43574524
3.4117432, -9.270355, 0.46087646
3.3722382, -9.315842, 0.43814087
3.368637, -9.291901, 0.4010315
3.3530731, -9.275131, 0.39265442
3.3626556, -9.273941, 0.45489502
3.3554688, -9.2799225, 0.4333496
3.3494873, -9.293091, 0.39144897
3.3554688, -9.307465, 0.38786316
3.344696, -9.281128, 0.40821838
3.3183594, -9.307465, 0.39505005
3.3219604, -9.307465, 0.39624023
3.3183594, -9.290695, 0.42018127
3.308792, -9.326614, 0.39863586
3.308792, -9.34697, 0.3531494
3.2992096, -9.334991, 0.40222168
3.241745, -9.317032, 0.37709045
3.2273865, -9.31105, 0.3423767
3.2070312, -9.302673, 0.38905334
3.2345734, -9.307465, 0.36871338
3.2405548, -9.306259, 0.38426208
3.226181, -9.30986, 0.37348938
3.193863, -9.32901, 0.41059875
3.1806946, -9.305069, 0.40821838
3.190277, -9.321823, 0.39624023
3.226181, -9.315842, 0.39743042
3.229782, -9.324219, 0.43574524
3.2154083, -9.315842, 0.44172668
3.193863, -9.352951, 0.4513092
3.2465363, -9.34697, 0.4632721
3.241745, -9.318237, 0.43215942
3.2549133, -9.320633, 0.4584961
3.2273865, -9.308655, 0.50756836
3.2405548, -9.313446, 0.47883606
3.2094269, -9.315842, 0.47525024
3.2070312, -9.301468, 0.49679565
3.2644958, -9.301468, 0.5231323
3.2644958, -9.303864, 0.533905
3.2190094, -9.308655, 0.49919128
3.2094269, -9.321823, 0.5303192
3.2621002, -9.349365, 0.51116943
3.2309723, -9.324219, 0.509964
3.2345734, -9.324219, 0.5195465
3.2465363, -9.336197, 0.49440002
3.1998444, -9.315842, 0.48602295
3.2201996, -9.325409, 0.52671814
3.2381592, -9.321823, 0.5051727
3.205841, -9.326614, 0.5051727
3.197464, -9.308655, 0.5315094
3.1926727, -9.303864, 0.54707336
3.1819, -9.3302, 0.5171509
3.193863, -9.320633, 0.48841858
3.197464, -9.290695, 0.49440002
3.1950684, -9.295486, 0.50038147
3.2082367, -9.294296, 0.4692688
3.1926727, -9.3194275, 0.47045898
3.2190094, -9.31105, 0.5063782
3.2010498, -9.313446, 0.51475525
3.2381592, -9.307465, 0.5231323
3.2094269, -9.314636, 0.5207367
3.1998444, -9.361328, 0.51834106
3.2309723, -9.32901, 0.51475525
3.2549133, -9.32901, 0.53749084
3.229782, -9.332596, 0.49440002
3.226181, -9.303864, 0.5279236
3.2190094, -9.307465, 0.5530548
3.2393494, -9.317032, 0.54467773
3.248932, -9.317032, 0.533905
3.2190094, -9.30986, 0.5123596
3.2429504, -9.312241, 0.52911377
3.3016052, -9.320633, 0.51834106
3.2932281, -9.317032, 0.5410919
3.2441406, -9.320633, 0.5351105
3.2944183, -9.295486, 0.52433777
3.3183594, -9.290695, 0.49320984
3.28125, -9.313446, 0.52433777
3.3171692, -9.317032, 0.53271484
3.3003998, -9.32901, 0.5853882
3.2992096, -9.283524, 0.60095215
3.327942, -9.300278, 0.5913696
3.3267365, -9.282318, 0.5698242
3.3590698, -9.281128, 0.5913696
3.3399048, -9.294296, 0.6404419
3.3351288, -9.301468, 0.6260834
3.3638458, -9.283524, 0.6033325
3.367447, -9.265564, 0.5985565
3.3638458, -9.2595825, 0.628479
3.3399048, -9.2595825, 0.6548157
3.3423004, -9.272736, 0.6093292
3.336319, -9.2799225, 0.6356659
3.3722382, -9.275131, 0.59495544
3.3566742, -9.301468, 0.58299255
3.3638458, -9.297882, 0.57580566
3.3770142, -9.3302, 0.5638275
3.3554688, -9.340973, 0.54467773
3.3399048, -9.320633, 0.5566559
3.3315277, -9.26915, 0.5566559
3.3099823, -9.287109, 0.5518646
3.3375244, -9.263168, 0.5925598
3.3423004, -9.257187, 0.59376526
3.3423004, -9.275131, 0.60453796
3.329132, -9.300278, 0.56144714
3.3195648, -9.293091, 0.5195465
3.312378, -9.301468, 0.52552795
3.3590698, -9.327805, 0.48841858
3.3698425, -9.356537, 0.4524994
3.3985748, -9.366119, 0.44891357
3.4177246, -9.343369, 0.4118042
3.3315277, -9.321823, 0.35794067
3.2824554, -9.254791, 0.31604004
3.284851, -9.23085, 0.30645752
3.2908325, -9.332596, 0.296875
3.2704773, -9.295486, 0.24420166
3.288437, -9.289505, 0.24420166
3.3351288, -9.302673, 0.23223877
3.3339233, -9.326614, 0.22505188
3.3040009, -9.306259, 0.26815796
3.2668915, -9.312241, 0.292099
3.2369537, -9.340973, 0.28012085
3.1926727, -9.339783, 0.29447937
3.2273865, -9.314636, 0.3244171
3.2644958, -9.30986, 0.3244171
3.2668915, -9.331406, 0.33877563
3.2381592, -9.314636, 0.33758545
3.2190094, -9.325409, 0.37828064
3.1842957, -9.284714, 0.3722992
3.1795044, -9.248795, 0.38426208
3.1854858, -9.254791, 0.44293213
3.1711273, -9.261963, 0.4405365
3.1675262, -9.278732, 0.4692688
3.2118225, -9.2883, 0.4908142
3.2273865, -9.313446, 0.49320984
3.2118225, -9.336197, 0.4980011
3.2249908, -9.361328, 0.5458832
3.233368, -9.411606, 0.5686188
3.265686, -9.40802, 0.5901642
3.2465363, -9.36731, 0.628479
3.2632904, -9.34816, 0.5973511
3.2549133, -9.342178, 0.61531067
3.26091, -9.318237, 0.64164734
3.2429504, -9.285904, 0.5925598
3.2118225, -9.290695, 0.59376526
3.217804, -9.257187, 0.6141052
3.2561188, -9.242813, 0.59495544
3.2632904, -9.2883, 0.5793915
3.245346, -9.295486, 0.51116943
3.2740784, -9.326614, 0.5303192
3.288437, -9.323029, 0.52911377
3.289627, -9.318237, 0.51834106
3.2872314, -9.321823, 0.47525024
3.312378, -9.327805, 0.4980011
3.2429504, -9.293091, 0.5195465
3.2477417, -9.296692, 0.48721313
3.2537231, -9.289505, 0.52671814
3.2273865, -9.317032, 0.49679565
3.2632904, -9.270355, 0.49320984
3.2369537, -9.265564, 0.49440002
3.2369537, -9.271545, 0.48602295
3.1962585, -9.258377, 0.51834106
3.2321777, -9.284714, 0.52552795
3.2752686, -9.327805, 0.48721313
3.2644958, -9.320633, 0.45370483
3.2836456, -9.350555, 0.45729065
3.2992096, -9.376892, 0.51834106
3.2585144, -9.366119, 0.5135498
3.2465363, -9.331406, 0.4908142
3.250122, -9.285904, 0.47045898
3.2429504, -9.265564, 0.5087738
3.2273865, -9.266754, 0.52433777
3.2381592, -9.26915, 0.5231323
3.2441406, -9.258377, 0.53630066
3.2752686, -9.285904, 0.5123596
3.2956238, -9.301468, 0.55426025
3.3315277, -9.325409, 0.4920044
3.3614655, -9.351746, 0.46566772
3.3650513, -9.334991, 0.4513092
3.344696, -9.362518, 0.4333496
3.368637, -9.349365, 0.46566772
3.3267365, -9.323029, 0.48483276
3.296814, -9.31105, 0.5051727
3.3063965, -9.305069, 0.48960876
3.2956238, -9.300278, 0.4920044
3.3040009, -9.2883, 0.55784607
3.308792, -9.278732, 0.5853882
3.2716827, -9.278732, 0.5482788
3.2716827, -9.253586, 0.56622314
3.2285767, -9.261963, 0.53630066
3.2908325, -9.275131, 0.5518646
3.296814, -9.344574, 0.51594543
3.3003998, -9.362518, 0.48721313
3.308792, -9.32901, 0.45610046
3.2992096, -9.333801, 0.4584961
3.288437, -9.337387, 0.4800415
3.2992096, -9.334991, 0.45968628
3.2740784, -9.333801, 0.4010315
3.2525177, -9.302673, 0.39982605
3.26091, -9.295486, 0.42855835
3.2154083, -9.2799225, 0.4237671
3.2273865, -9.255981, 0.39743042
3.2513275, -9.270355, 0.4333496
3.2668915, -9.275131, 0.4333496
3.2800598, -9.299072, 0.45489502
3.2644958, -9.290695, 0.4524994
3.272873, -9.312241, 0.47045898
3.305191, -9.3302, 0.4297638
3.3315277, -9.361328, 0.44172668
3.3554688, -9.36731, 0.4812317
3.3016052, -9.339783, 0.46566772
3.3003998, -9.325409, 0.43095398
3.2920227, -9.321823, 0.46806335
3.2632904, -9.306259, 0.4740448
3.3267365, -9.31105, 0.40821838
3.344696, -9.300278, 0.43455505
3.2824554, -9.30986, 0.4980011
3.2908325, -9.2883, 0.52552795
3.2980194, -9.287109, 0.50398254
3.2824554, -9.266754, 0.5303192
3.3387146, -9.299072, 0.52194214
3.320755, -9.297882, 0.52911377
3.3411102, -9.275131, 0.5087738
3.348297, -9.2799225, 0.52552795
3.3375244, -9.296692, 0.5458832
3.368637, -9.296692, 0.56144714
3.4129333, -9.324219, 0.5398865
3.4045563, -9.301468, 0.54467773
3.3973694, -9.283524, 0.57221985
3.336319, -9.300278, 0.5997467
3.348297, -9.291901, 0.5638275
3.348297, -9.253586, 0.59495544
3.3614655, -9.276337, 0.6033325
3.3638458, -9.287109, 0.6069336
3.3578644, -9.303864, 0.628479
3.3770142, -9.31105, 0.6536102
3.4021606, -9.302673, 0.59376526
3.3961792, -9.30986, 0.6188965
3.3782196, -9.3194275, 0.65600586
3.3411102, -9.294296, 0.6248932
3.2944183, -9.308655, 0.6201019
3.296814, -9.287109, 0.64523315
3.2836456, -9.281128, 0.61291504
3.2824554, -9.294296, 0.61650085
3.2752686, -9.294296, 0.65122986
3.2788544, -9.312241, 0.683548
3.2597046, -9.291901, 0.7338257
3.288437, -9.320633, 0.73501587
3.3219604, -9.314636, 0.6368561
3.313568, -9.3194275, 0.6715698
3.3303375, -9.302673, 0.6715698
3.3171692, -9.289505, 0.6392517
3.3375244, -9.284714, 0.68115234
3.2644958, -9.296692, 0.65960693
3.2477417, -9.315842, 0.65242004
3.2190094, -9.2799225, 0.6105194
3.241745, -9.306259, 0.60214233
3.2142181, -9.289505, 0.6201019
3.197464, -9.283524, 0.6368561
3.2166138, -9.291901, 0.5925598
3.2285767, -9.303864, 0.5961609
3.1986542, -9.30986, 0.58299255
3.1759033, -9.3194275, 0.5853882
3.1890717, -9.315842, 0.549469
3.162735, -9.357742, 0.52433777
3.1531677, -9.354141, 0.51594543
3.157959, -9.324219, 0.54707336
3.1196442, -9.31105, 0.51834106
3.1411896, -9.300278, 0.49560547
3.1040802, -9.327805, 0.4728546
3.1292267, -9.295486, 0.5135498
3.1124573, -9.277527, 0.50756836
3.0980988, -9.285904, 0.48243713
3.0813446, -9.300278, 0.48243713
3.1052856, -9.2883, 0.45729065
3.1435852, -9.287109, 0.44532776
3.1435852, -9.332596, 0.4632721
3.2010498, -9.312241, 0.4812317
3.1806946, -9.349365, 0.47525024
3.1962585, -9.340973, 0.43933105
3.1890717, -9.352951, 0.45729065
3.1795044, -9.333801, 0.42018127
3.186676, -9.307465, 0.43455505
3.205841, -9.284714, 0.41778564
3.1878815, -9.312241, 0.4333496
3.2381592, -9.315842, 0.43574524
3.2513275, -9.308655, 0.44172668
3.245346, -9.300278, 0.44770813
3.269287, -9.305069, 0.43814087
3.3003998, -9.312241, 0.43933105
3.3435059, -9.287109, 0.4189911
3.3303375, -9.2883, 0.44891357
3.3470917, -9.295486, 0.45968628
3.391388, -9.2883, 0.4524994
3.406952, -9.246414, 0.4333496
3.408142, -9.246414, 0.4118042
3.4261017, -9.2404175, 0.44770813
3.4775848, -9.211685, 0.43095398
3.4715881, -9.239227, 0.4046173
3.4847565, -9.2404175, 0.41299438
3.478775, -9.2595825, 0.45370483
3.4763794, -9.283524, 0.44293213
3.485962, -9.283524, 0.45610046
3.5290527, -9.278732, 0.3902588
3.5122986, -9.255981, 0.4584961
3.4823608, -9.265564, 0.45610046
3.509903, -9.296692, 0.44770813
3.4584198, -9.2883, 0.4333496
3.4488525, -9.300278, 0.43574524
3.4560242, -9.293091, 0.4513092
3.4847565, -9.254791, 0.5123596
3.485962, -9.26796, 0.48243713
3.4811707, -9.2799225, 0.5015869
3.5158844, -9.26796, 0.45489502
3.5134888, -9.299072, 0.49440002
3.5003204, -9.296692, 0.4980011
3.5206757, -9.281128, 0.52552795
3.5206757, -9.277527, 0.5422821
3.5146942, -9.302673, 0.5674286
3.494339, -9.306259, 0.5698242
3.4644165, -9.260773, 0.5482788
3.4608154, -9.284714, 0.5590515
3.4763794, -9.3194275, 0.57221985
3.4811707, -9.295486, 0.5674286
3.470398, -9.2883, 0.57699585
3.4572296, -9.338577, 0.56144714
3.4380798, -9.306259, 0.5698242
3.4213104, -9.313446, 0.5793915
3.3830109, -9.314636, 0.60572815
3.36026, -9.315842, 0.5602417
3.3099823, -9.247604, 0.52671814
3.2932281, -9.2643585, 0.5171509
3.2836456, -9.317032, 0.5674286
3.2644958, -9.282318, 0.55426025
3.248932, -9.293091, 0.5279236
3.2273865, -9.321823, 0.52433777
3.2118225, -9.323029, 0.5135498
3.1878815, -9.3589325, 0.52671814
3.1854858, -9.342178, 0.49919128
3.1687317, -9.342178, 0.5482788
3.1651306, -9.333801, 0.5087738
3.1292267, -9.349365, 0.52433777
3.118454, -9.350555, 0.54348755
3.114853, -9.338577, 0.5171509
3.1004944, -9.361328, 0.5207367
3.0538025, -9.313446, 0.48483276
3.0502167, -9.300278, 0.5231323
3.0023346, -9.275131, 0.54348755
3.0142975, -9.303864, 0.53271484
3.0490112, -9.323029, 0.5279236
3.075348, -9.290695, 0.5123596
3.0645752, -9.303864, 0.52433777
3.0346527, -9.334991, 0.53271484
3.0741577, -9.339783, 0.51594543
3.087326, -9.350555, 0.57341003
3.0705566, -9.382874, 0.5530548
3.1100616, -9.368515, 0.5351105
3.083725, -9.384079, 0.57699585
3.083725, -9.374496, 0.5686188
3.0897217, -9.362518, 0.5746155
3.12323, -9.331406, 0.6177063
3.1376038, -9.318237, 0.6069336
3.138794, -9.321823, 0.60453796
3.157959, -9.314636, 0.62249756
3.1459808, -9.317032, 0.63327026
3.1759033, -9.290695, 0.6500244
3.2154083, -9.282318, 0.6404419
3.2130127, -9.278732, 0.6188965
3.2273865, -9.282318, 0.62249756
3.221405, -9.265564, 0.6188965
3.2513275, -9.271545, 0.6248932
3.2597046, -9.271545, 0.63446045
3.245346, -9.271545, 0.6428375
3.2872314, -9.283524, 0.6081238
3.3159637, -9.272736, 0.60453796
3.3470917, -9.299072, 0.62368774
3.3530731, -9.270355, 0.5817871
3.3219604, -9.265564, 0.5674286
3.3303375, -9.263168, 0.5817871
3.3554688, -9.275131, 0.53271484
3.3925781, -9.2799225, 0.5590515
3.4261017, -9.270355, 0.5231323
3.4225159, -9.26915, 0.47883606
3.4213104, -9.266754, 0.51475525
3.415329, -9.2883, 0.51475525
3.4141388, -9.270355, 0.4584961
3.3985748, -9.261963, 0.4513092
3.4021606, -9.30986, 0.42855835
3.4033508, -9.291901, 0.4010315
3.3782196, -9.25119, 0.43933105
3.4332886, -9.276337, 0.4225769
3.4249115, -9.291901, 0.39144897
3.4284973, -9.290695, 0.3543396
3.4380798, -9.290695, 0.3028717
3.4751892, -9.270355, 0.252594
3.4584198, -9.2643585, 0.27053833
3.4344788, -9.2799225, 0.27293396
3.4440613, -9.276337, 0.20948792
3.4249115, -9.275131, 0.16400146
3.4344788, -9.266754, 0.19033813
3.4201202, -9.2595825, 0.16400146
3.4201202, -9.252396, 0.16879272
3.4273071, -9.260773, 0.19392395
3.4225159, -9.26796, 0.17237854
3.4320831, -9.25119, 0.18554688
3.3889923, -9.2883, 0.15203857
3.4009705, -9.270355, 0.123306274
3.4057465, -9.273941, 0.11253357
3.3961792, -9.266754, 0.13526917
3.3830109, -9.294296, 0.16281128
3.3782196, -9.291901, 0.1592102
3.3183594, -9.263168, 0.16758728
3.308792, -9.2595825, 0.15562439
3.336319, -9.271545, 0.1663971
3.3387146, -9.261963, 0.1771698
3.2668915, -9.2643585, 0.18675232
3.284851, -9.307465, 0.22625732
3.2872314, -9.331406, 0.18554688
3.2764587, -9.299072, 0.22146606
3.26091, -9.290695, 0.24899292
3.2549133, -9.327805, 0.26216125
3.2549133, -9.340973, 0.28251648
3.2345734, -9.352951, 0.31243896
3.2237854, -9.344574, 0.31843567
3.2405548, -9.327805, 0.32920837
3.1962585, -9.308655, 0.39144897
3.2441406, -9.294296, 0.35554504
3.250122, -9.300278, 0.39624023
3.2249908, -9.315842, 0.40222168
3.2273865, -9.301468, 0.42497253
3.2513275, -9.289505, 0.43455505
3.2273865, -9.307465, 0.46806335
3.2369537, -9.326614, 0.4800415
3.2776642, -9.313446, 0.4692688
3.26091, -9.308655, 0.49320984
3.250122, -9.3302, 0.48243713
3.2800598, -9.345764, 0.51116943
3.2764587, -9.324219, 0.5398865
3.2764587, -9.313446, 0.52671814
3.2680817, -9.314636, 0.53749084
3.2836456, -9.302673, 0.55426025
3.2369537, -9.306259, 0.5961609
3.2549133, -9.295486, 0.5566559
3.2716827, -9.3194275, 0.53630066
3.250122, -9.31105, 0.56622314
3.2764587, -9.291901, 0.5686188
3.2800598, -9.300278, 0.5398865
3.2597046, -9.294296, 0.5458832
3.2704773, -9.305069, 0.5782013
3.2776642, -9.30986, 0.5422821
3.2369537, -9.320633, 0.5746155
3.2249908, -9.281128, 0.57699585
3.2381592, -9.276337, 0.5530548
3.2405548, -9.3194275, 0.5386963
3.2201996, -9.314636, 0.52911377
3.2273865, -9.297882, 0.5530548
3.2441406, -9.307465, 0.5231323
3.2225952, -9.343369, 0.55426025
3.229782, -9.317032, 0.5279236
3.2130127, -9.318237, 0.53630066
3.2237854, -9.321823, 0.48483276
3.2441406, -9.312241, 0.49560547
3.229782, -9.326614, 0.5231323
3.2237854, -9.299072, 0.50756836
3.2429504, -9.317032, 0.51116943
3.229782, -9.323029, 0.48362732
3.2513275, -9.324219, 0.51116943
3.2776642, -9.315842, 0.48483276
3.257309, -9.333801, 0.48362732
3.2381592, -9.349365, 0.509964
3.2597046, -9.337387, 0.509964
3.2357635, -9.302673, 0.4405365
3.248932, -9.321823, 0.42616272
3.2429504, -9.313446, 0.45010376
3.2429504, -9.313446, 0.47644043
3.233368, -9.289505, 0.46687317
3.250122, -9.332596, 0.46087646
3.2632904, -9.313446, 0.47525024
3.248932, -9.313446, 0.44532776
3.2585144, -9.301468, 0.47525024
3.2597046, -9.301468, 0.48483276
3.2752686, -9.305069, 0.4692688
3.2513275, -9.312241, 0.4441223
3.2644958, -9.320633, 0.44172668
3.2716827, -9.3194275, 0.4584961
3.269287, -9.349365, 0.4513092
3.2944183, -9.327805, 0.45010376
3.2860413, -9.285904, 0.44293213
3.2752686, -9.275131, 0.46806335
3.2800598, -9.302673, 0.45370483
3.3027954, -9.282318, 0.44770813
3.2644958, -9.313446, 0.47166443
3.3195648, -9.318237, 0.4740448
3.3494873, -9.287109, 0.4908142
3.3171692, -9.295486, 0.4728546
3.3171692, -9.295486, 0.49440002
3.3423004, -9.327805, 0.48960876
3.2992096, -9.334991, 0.48483276
3.312378, -9.301468, 0.49679565
3.2764587, -9.296692, 0.5027771
3.3075867, -9.299072, 0.48362732
3.336319, -9.308655, 0.47764587
3.3231506, -9.314636, 0.4524994
3.344696, -9.284714, 0.47764587
3.3578644, -9.300278, 0.5063782
3.324356, -9.303864, 0.4728546
3.305191, -9.2883, 0.49679565
3.3171692, -9.293091, 0.45489502
3.3195648, -9.287109, 0.44532776
3.3315277, -9.282318, 0.44293213
3.320755, -9.301468, 0.45489502
3.2836456, -9.291901, 0.42616272
3.3267365, -9.282318, 0.4333496
3.3231506, -9.293091, 0.4333496
3.2992096, -9.289505, 0.4237671
3.3147736, -9.291901, 0.41539
3.3099823, -9.327805, 0.4118042
3.296814, -9.334991, 0.41059875
3.3075867, -9.334991, 0.38426208
3.2597046, -9.325409, 0.38546753
3.2800598, -9.308655, 0.3866577
3.2944183, -9.34816, 0.36271667
3.2549133, -9.339783, 0.37948608
3.2824554, -9.301468, 0.3543396
3.2944183, -9.299072, 0.3531494
3.241745, -9.317032, 0.36631775
3.221405, -9.312241, 0.34835815
3.250122, -9.3302, 0.3435669
3.2309723, -9.302673, 0.34117126
3.2357635, -9.334991, 0.38546753
3.217804, -9.325409, 0.36871338
3.248932, -9.317032, 0.36032104
3.2309723, -9.301468, 0.37828064
3.2357635, -9.299072, 0.3866577
3.2537231, -9.314636, 0.36392212
3.233368, -9.31105, 0.39624023
3.2513275, -9.294296, 0.3902588
3.2525177, -9.299072, 0.37469482
3.2369537, -9.300278, 0.32202148
3.2357635, -9.297882, 0.39265442
3.2249908, -9.294296, 0.41059875
3.2441406, -9.306259, 0.4189911
3.2429504, -9.326614, 0.41659546
3.265686, -9.3302, 0.3830719
3.2549133, -9.297882, 0.38786316
3.2537231, -9.317032, 0.39863586
3.248932, -9.351746, 0.41659546
3.26091, -9.334991, 0.42736816
3.272873, -9.337387, 0.41419983
3.2537231, -9.30986, 0.43814087
3.248932, -9.315842, 0.43574524
3.233368, -9.327805, 0.4189911
3.2010498, -9.338577, 0.4046173
3.2908325, -9.306259, 0.43215942
3.289627, -9.332596, 0.43933105
3.2465363, -9.299072, 0.46087646
3.2836456, -9.291901, 0.4225769
3.272873, -9.306259, 0.41778564
3.2309723, -9.317032, 0.40582275
3.2393494, -9.325409, 0.43693542
3.2597046, -9.332596, 0.4632721
3.2237854, -9.339783, 0.46566772
3.2118225, -9.313446, 0.41299438
3.233368, -9.327805, 0.3651123
3.2070312, -9.302673, 0.41299438
3.2309723, -9.293091, 0.3722992
3.2369537, -9.317032, 0.3651123
3.2118225, -9.317032, 0.37709045
3.1854858, -9.344574, 0.41419983
3.166336, -9.338577, 0.38426208
3.2082367, -9.360138, 0.36392212
3.1998444, -9.370911, 0.37109375
3.1735077, -9.354141, 0.3543396
3.1914673, -9.334991, 0.3435669
3.1878815, -9.339783, 0.35194397
3.1747131, -9.336197, 0.38426208
3.1735077, -9.3302, 0.36750793
3.138794, -9.313446, 0.36392212
3.1747131, -9.326614, 0.35673523
3.1328125, -9.332596, 0.35913086
3.157959, -9.3302, 0.35194397
3.1495667, -9.3302, 0.3471527
3.1747131, -9.34816, 0.3423767
3.1842957, -9.340973, 0.34954834
3.1735077, -9.336197, 0.36631775
3.1699219, -9.366119, 0.3327942
3.1699219, -9.343369, 0.3471527
3.1723175, -9.368515, 0.32081604
3.1519623, -9.385269, 0.40342712
3.1519623, -9.351746, 0.36871338
3.1687317, -9.350555, 0.38786316
3.1771088, -9.357742, 0.42855835
3.1747131, -9.345764, 0.40342712
3.1759033, -9.337387, 0.40821838
3.1483765, -9.300278, 0.3938446
3.126831, -9.300278, 0.42497253
3.166336, -9.297882, 0.4237671
3.190277, -9.323029, 0.44651794
3.1483765, -9.32901, 0.43574524
3.1699219, -9.339783, 0.39863586
3.20224, -9.334991, 0.43933105
3.1998444, -9.355347, 0.47764587
3.1854858, -9.354141, 0.48960876
3.1819, -9.3302, 0.5015869
3.2130127, -9.34816, 0.5195465
3.1819, -9.32901, 0.48960876
3.1830902, -9.31105, 0.48721313
3.20224, -9.317032, 0.4920044
3.2357635, -9.302673, 0.5027771
3.2046356, -9.293091, 0.51594543
3.2249908, -9.294296, 0.45010376
3.2201996, -9.30986, 0.4620819
3.2668915, -9.31105, 0.4980011
3.2525177, -9.345764, 0.48602295
3.2680817, -9.340973, 0.509964
3.2788544, -9.321823, 0.5063782
3.2704773, -9.331406, 0.50756836
3.2549133, -9.312241, 0.50398254
3.2740784, -9.306259, 0.49440002
3.2513275, -9.301468, 0.53271484
3.233368, -9.306259, 0.50398254
3.2585144, -9.31105, 0.5207367
3.2752686, -9.281128, 0.47525024
3.2632904, -9.278732, 0.47883606
3.2680817, -9.300278, 0.52194214
3.2668915, -9.271545, 0.4632721
3.2668915, -9.305069, 0.45370483
3.2908325, -9.352951, 0.45489502
3.2585144, -9.361328, 0.41419983
3.2944183, -9.351746, 0.41659546
3.3075867, -9.334991, 0.43215942
3.2668915, -9.361328, 0.4441223
3.2704773, -9.325409, 0.42616272
3.2632904, -9.305069, 0.43455505
3.265686, -9.338577, 0.40342712
3.2537231, -9.290695, 0.41539
3.241745, -9.2799225, 0.39743042
3.2166138, -9.315842, 0.40821838
3.2082367, -9.306259, 0.39982605
3.2345734, -9.313446, 0.37348938
3.2537231, -9.333801, 0.38067627
3.2549133, -9.320633, 0.38905334
3.248932, -9.324219, 0.3651123
3.2585144, -9.312241, 0.37709045
3.2561188, -9.313446, 0.40342712
3.257309, -9.343369, 0.37948608
3.2561188, -9.307465, 0.3818817
3.250122, -9.312241, 0.3651123
3.265686, -9.281128, 0.37348938
3.2345734, -9.295486, 0.4010315
3.2429504, -9.320633, 0.41419983
3.2441406, -9.323029, 0.38786316
3.233368, -9.3194275, 0.43693542
3.2561188, -9.301468, 0.40701294
3.2704773, -9.339783, 0.39982605
3.2668915, -9.3302, 0.40582275
3.2740784, -9.349365, 0.4225769
3.2740784, -9.332596, 0.44172668
3.2644958, -9.332596, 0.48362732
3.2668915, -9.34816, 0.43933105
3.2668915, -9.337387, 0.42855835
3.2764587, -9.32901, 0.45729065
3.2190094, -9.31105, 0.4632721
3.2237854, -9.30986, 0.51475525
3.257309, -9.323029, 0.48602295
3.2800598, -9.31105, 0.4812317
3.3063965, -9.2883, 0.49320984
3.2740784, -9.263168, 0.48841858
3.248932, -9.295486, 0.5051727
3.2621002, -9.32901, 0.4740448
3.2740784, -9.340973, 0.48721313
3.2405548, -9.314636, 0.49320984
3.221405, -9.317032, 0.49560547
3.2597046, -9.324219, 0.5171509
3.2872314, -9.3194275, 0.48483276
3.2561188, -9.332596, 0.48362732
3.265686, -9.3194275, 0.47644043
3.257309, -9.320633, 0.45370483
3.2357635, -9.314636, 0.4800415
3.2824554, -9.30986, 0.49560547
3.245346, -9.312241, 0.5015869
3.2644958, -9.306259, 0.48483276
3.2513275, -9.3194275, 0.45729065
3.2429504, -9.332596, 0.44770813
3.2321777, -9.317032, 0.46566772
3.2549133, -9.336197, 0.43933105
3.2130127, -9.355347, 0.4513092
3.205841, -9.3302, 0.4620819
3.245346, -9.303864, 0.44172668
3.2393494, -9.307465, 0.47166443
3.1962585, -9.326614, 0.44293213
3.190277, -9.30986, 0.4333496
3.1819, -9.326614, 0.42855835
3.1854858, -9.30986, 0.43574524
3.217804, -9.295486, 0.42497253
3.1998444, -9.313446, 0.40940857
3.2154083, -9.293091, 0.42616272
3.221405, -9.315842, 0.41299438
3.2082367, -9.333801, 0.4225769
3.2369537, -9.317032, 0.42736816
3.2393494, -9.343369, 0.3938446
3.2381592, -9.34816, 0.42497253
3.2130127, -9.362518, 0.39505005
3.2249908, -9.333801, 0.44172668
3.2393494, -9.320633, 0.4237671
3.2249908, -9.312241, 0.42138672
3.2405548, -9.30986, 0.42018127
3.2309723, -9.317032, 0.45370483
3.2405548, -9.333801, 0.42138672
3.221405, -9.3194275, 0.43814087
3.221405, -9.315842, 0.48602295
3.248932, -9.289505, 0.43215942
3.2525177, -9.326614, 0.43215942
3.2345734, -9.327805, 0.47166443
3.2537231, -9.317032, 0.4740448
3.2549133, -9.331406, 0.48243713
3.2441406, -9.351746, 0.45968628
3.2381592, -9.351746, 0.47166443
3.2441406, -9.315842, 0.4728546
3.2680817, -9.313446, 0.4812317
3.2776642, -9.34697, 0.5063782
3.2980194, -9.314636, 0.5015869
3.2597046, -9.315842, 0.4728546
3.26091, -9.284714, 0.5386963
3.2597046, -9.314636, 0.5015869
3.2513275, -9.291901, 0.50398254
3.2680817, -9.265564, 0.5123596
3.248932, -9.303864, 0.49560547
3.272873, -9.30986, 0.47764587
3.26091, -9.318237, 0.47883606
3.284851, -9.3194275, 0.4524994
3.284851, -9.31105, 0.43933105
3.3339233, -9.325409, 0.45968628
3.2956238, -9.331406, 0.43933105
3.2800598, -9.349365, 0.46087646
3.2824554, -9.331406, 0.44651794
3.2764587, -9.332596, 0.45610046
3.2597046, -9.32901, 0.43574524
3.2740784, -9.339783, 0.43095398
3.245346, -9.32901, 0.4237671
3.1950684, -9.313446, 0.4524994
3.2405548, -9.293091, 0.42018127
3.250122, -9.3302, 0.39265442
3.2309723, -9.302673, 0.43574524
3.2034454, -9.294296, 0.44651794
3.250122, -9.308655, 0.41299438
3.2166138, -9.340973, 0.41299438
3.1759033, -9.32901, 0.40342712
3.2166138, -9.320633, 0.43095398
3.2309723, -9.308655, 0.39505005
3.2142181, -9.3302, 0.39743042
3.1926727, -9.333801, 0.35075378
3.1914673, -9.315842, 0.38905334
3.1890717, -9.306259, 0.40222168
3.197464, -9.307465, 0.4046173
3.190277, -9.303864, 0.41059875
3.197464, -9.32901, 0.38546753
3.210617, -9.339783, 0.40342712
3.1735077, -9.32901, 0.37109375
3.193863, -9.333801, 0.3902588
3.2130127, -9.334991, 0.43574524
3.2070312, -9.318237, 0.39505005
3.210617, -9.320633, 0.41059875
3.205841, -9.325409, 0.38786316
3.2070312, -9.326614, 0.41059875
3.2094269, -9.317032, 0.43693542
3.217804, -9.3302, 0.39743042
3.2201996, -9.308655, 0.4225769
3.2237854, -9.297882, 0.44770813
3.186676, -9.305069, 0.40342712
3.2034454, -9.337387, 0.40940857
3.2429504, -9.360138, 0.42736816
3.217804, -9.318237, 0.41778564
3.2070312, -9.318237, 0.43933105
3.257309, -9.327805, 0.41419983
3.2561188, -9.324219, 0.43693542
3.2537231, -9.334991, 0.4441223
3.2477417, -9.3194275, 0.4189911
3.2465363, -9.317032, 0.40701294
3.2309723, -9.320633, 0.43215942
3.2201996, -9.289505, 0.45729065
3.1998444, -9.313446, 0.45729065
3.2034454, -9.32901, 0.40342712
3.233368, -9.331406, 0.4046173
3.2082367, -9.306259, 0.37109375
3.2405548, -9.327805, 0.39505005
3.250122, -9.331406, 0.4225769
3.20224, -9.340973, 0.37828064
3.2166138, -9.342178, 0.38546753
3.2345734, -9.344574, 0.38905334
3.1914673, -9.343369, 0.39144897
3.1950684, -9.331406, 0.41059875
3.2070312, -9.315842, 0.39505005
3.1890717, -9.303864, 0.36271667
3.1842957, -9.307465, 0.40582275
3.2010498, -9.334991, 0.40821838
3.2237854, -9.325409, 0.43933105
3.2094269, -9.331406, 0.42855835
3.2130127, -9.338577, 0.39624023
3.2321777, -9.334991, 0.41419983
3.1998444, -9.314636, 0.45610046
3.1926727, -9.336197, 0.42736816
3.1926727, -9.376892, 0.4225769
3.226181, -9.369705, 0.41059875
3.2273865, -9.340973, 0.42018127
3.2345734, -9.291901, 0.42855835
3.217804, -9.345764, 0.44293213
3.2201996, -9.337387, 0.4441223
3.2190094, -9.366119, 0.46806335
3.2285767, -9.333801, 0.48721313
3.2249908, -9.339783, 0.46087646
3.2273865, -9.307465, 0.43215942
3.2166138, -9.333801, 0.4441223
3.2225952, -9.324219, 0.47045898
3.2465363, -9.318237, 0.43095398
3.2537231, -9.327805, 0.44651794
3.2321777, -9.312241, 0.46566772
3.241745, -9.334991, 0.50398254
3.2393494, -9.321823, 0.45370483
3.2405548, -9.302673, 0.45968628
3.233368, -9.321823, 0.47764587
3.2716827, -9.30986, 0.47764587
3.272873, -9.324219, 0.49320984
3.2836456, -9.320633, 0.49679565
3.2992096, -9.30986, 0.45010376
3.269287, -9.332596, 0.46687317
3.2740784, -9.296692, 0.49440002
3.2776642, -9.296692, 0.47883606
3.2585144, -9.317032, 0.48960876
3.2908325, -9.327805, 0.44651794
3.2788544, -9.290695, 0.48960876
3.2920227, -9.296692, 0.47764587
3.2956238, -9.308655, 0.48841858
3.3027954, -9.342178, 0.4908142
3.2992096, -9.349365, 0.49320984
3.2597046, -9.315842, 0.47045898
3.2944183, -9.306259, 0.48483276
3.3027954, -9.3302, 0.45370483
3.2668915, -9.345764, 0.4728546
3.2597046, -9.326614, 0.46687317
3.284851, -9.301468, 0.4333496
3.284851, -9.313446, 0.4046173
3.2429504, -9.312241, 0.43933105
3.2273865, -9.336197, 0.45610046
3.2357635, -9.312241, 0.45729065
3.26091, -9.354141, 0.44651794
3.2118225, -9.312241, 0.4728546
3.2225952, -9.340973, 0.4441223
3.2142181, -9.343369, 0.47166443
3.2094269, -9.327805, 0.43814087
3.186676, -9.320633, 0.4297638
3.1819, -9.343369, 0.44532776
3.1926727, -9.326614, 0.45729065
3.1998444, -9.334991, 0.44770813
3.1998444, -9.3302, 0.43693542
3.1711273, -9.317032, 0.4237671
3.1459808, -9.325409, 0.4405365
3.1795044, -9.291901, 0.4908142
3.1711273, -9.355347, 0.4800415
3.1830902, -9.344574, 0.45010376
3.1842957, -9.284714, 0.44891357
3.1926727, -9.326614, 0.4620819
3.2166138, -9.356537, 0.49320984
3.2154083, -9.339783, 0.46687317
3.2225952, -9.345764, 0.45968628
3.2237854, -9.350555, 0.48483276
3.2477417, -9.326614, 0.5027771
3.2321777, -9.326614, 0.49440002
3.2142181, -9.3302, 0.51834106
3.1854858, -9.354141, 0.5015869
3.226181, -9.321823, 0.5015869
3.2130127, -9.284714, 0.47644043
3.210617, -9.312241, 0.49560547
3.1950684, -9.3302, 0.4908142
3.1819, -9.337387, 0.50038147
3.1926727, -9.306259, 0.4920044
3.2082367, -9.357742, 0.45729065
3.20224, -9.336197, 0.47644043
3.1926727, -9.361328, 0.4513092
3.1830902, -9.361328, 0.5207367
3.1914673, -9.34816, 0.4333496
3.1675262, -9.340973, 0.40582275
3.2010498, -9.34816, 0.48362732
3.1615448, -9.334991, 0.48721313
3.1603394, -9.34816, 0.4740448
3.166336, -9.321823, 0.47764587
3.162735, -9.327805, 0.44891357
3.1555634, -9.349365, 0.43455505
3.1495667, -9.345764, 0.4513092
3.178299, -9.337387, 0.4189911
3.1735077, -9.323029, 0.45610046
3.1962585, -9.34816, 0.4728546
3.20224, -9.360138, 0.44651794
3.1806946, -9.350555, 0.43574524
3.157959, -9.317032, 0.43693542
3.190277, -9.34697, 0.43574524
3.1914673, -9.3589325, 0.4632721
3.2249908, -9.343369, 0.4632721
3.221405, -9.364914, 0.44891357
3.2142181, -9.34697, 0.45610046
3.2237854, -9.363724, 0.46087646
3.1950684, -9.34697, 0.4333496
3.2190094, -9.364914, 0.4333496
3.1998444, -9.340973, 0.44172668
3.157959, -9.325409, 0.4333496
3.1591492, -9.32901, 0.43095398
3.1555634, -9.342178, 0.43215942
3.1914673, -9.323029, 0.42018127
3.1914673, -9.340973, 0.42138672
3.166336, -9.301468, 0.4189911
3.1519623, -9.343369, 0.41419983
3.1531677, -9.334991, 0.4046173
3.1435852, -9.345764, 0.40940857
3.1244354, -9.32901, 0.42138672
3.1160583, -9.323029, 0.40940857
3.1747131, -9.355347, 0.39144897
3.1819, -9.334991, 0.4046173
3.1531677, -9.352951, 0.43933105
3.1914673, -9.34697, 0.42497253
3.1759033, -9.301468, 0.43574524
3.1687317, -9.31105, 0.44532776
3.1675262, -9.3302, 0.44532776
3.1998444, -9.303864, 0.4010315
3.2405548, -9.295486, 0.4524994
3.1639404, -9.302673, 0.3938446
3.1806946, -9.3194275, 0.43693542
3.2130127, -9.312241, 0.47525024
3.245346, -9.30986, 0.4620819
3.2788544, -9.306259, 0.47166443
3.2908325, -9.313446, 0.50398254
3.2944183, -9.321823, 0.49560547
3.2956238, -9.326614, 0.48602295
3.2800598, -9.290695, 0.4728546
3.2908325, -9.2883, 0.50398254
3.2872314, -9.283524, 0.48362732
3.308792, -9.257187, 0.5279236
3.2992096, -9.272736, 0.49320984
3.3171692, -9.281128, 0.5027771
3.3435059, -9.284714, 0.5027771
3.3387146, -9.276337, 0.5063782
3.312378, -9.297882, 0.5171509
3.3435059, -9.278732, 0.48362732
3.344696, -9.285904, 0.48721313
3.3590698, -9.275131, 0.5231323
3.3614655, -9.317032, 0.48841858
3.3794098, -9.293091, 0.5051727
3.3818054, -9.315842, 0.51475525
3.384201, -9.303864, 0.4800415
3.3638458, -9.306259, 0.4513092
3.3734283, -9.30986, 0.45370483
3.3494873, -9.324219, 0.46806335
3.3865967, -9.317032, 0.42855835
3.3638458, -9.293091, 0.43095398
3.329132, -9.318237, 0.40222168
3.3387146, -9.324219, 0.39144897
3.3578644, -9.338577, 0.37709045
3.3351288, -9.314636, 0.36392212
3.3219604, -9.320633, 0.36032104
3.3099823, -9.334991, 0.33998108
3.257309, -9.349365, 0.30645752
3.2585144, -9.320633, 0.29808044
3.2321777, -9.30986, 0.292099
3.2010498, -9.340973, 0.2956848
3.2369537, -9.332596, 0.25857544
3.2142181, -9.313446, 0.24899292
3.210617, -9.327805, 0.23103333
3.20224, -9.343369, 0.25019836
3.1639404, -9.345764, 0.26576233
3.162735, -9.368515, 0.27893066
3.154358, -9.376892, 0.2454071
3.1399994, -9.372101, 0.24182129
3.157959, -9.366119, 0.252594
3.1363983, -9.364914, 0.24420166
3.1399994, -9.376892, 0.24182129
3.1100616, -9.384079, 0.26455688
3.1076813, -9.368515, 0.30885315
3.1100616, -9.382874, 0.29808044
3.1363983, -9.369705, 0.27653503
3.126831, -9.372101, 0.28012085
3.099289, -9.357742, 0.31004333
3.083725, -9.34697, 0.30166626
3.0693665, -9.352951, 0.33518982
3.0968933, -9.372101, 0.35554504
3.087326, -9.366119, 0.36271667
3.063385, -9.360138, 0.38067627
3.075348, -9.349365, 0.39505005
3.0897217, -9.349365, 0.4237671
3.0897217, -9.360138, 0.40940857
3.1124573, -9.3589325, 0.4237671
3.099289, -9.362518, 0.4584961
3.1100616, -9.336197, 0.45968628
3.1040802, -9.320633, 0.49320984
3.04422, -9.345764, 0.5315094
3.0980988, -9.368515, 0.51475525
3.1196442, -9.333801, 0.5171509
3.10289, -9.333801, 0.5566559
3.0825348, -9.338577, 0.5626373
3.1304169, -9.344574, 0.5997467
3.1675262, -9.326614, 0.5913696
3.1316223, -9.333801, 0.5638275
3.162735, -9.337387, 0.57221985
3.1639404, -9.339783, 0.58657837
3.210617, -9.314636, 0.6536102
3.2034454, -9.332596, 0.6368561
3.2046356, -9.337387, 0.61650085
3.1747131, -9.318237, 0.6248932
3.2034454, -9.284714, 0.6488342
3.1962585, -9.282318, 0.6368561
3.1926727, -9.331406, 0.6033325
3.1998444, -9.305069, 0.5853882
3.20224, -9.320633, 0.6188965
3.2094269, -9.323029, 0.62368774
3.2046356, -9.306259, 0.5901642
3.2154083, -9.315842, 0.57580566
3.2166138, -9.339783, 0.5913696
3.2345734, -9.34816, 0.5674286
3.2632904, -9.375687, 0.5458832
3.2273865, -9.355347, 0.54348755
3.1639404, -9.34816, 0.54348755
3.190277, -9.337387, 0.50398254
3.1819, -9.326614, 0.48721313
3.1771088, -9.332596, 0.50038147
3.1735077, -9.317032, 0.4692688
3.1639404, -9.32901, 0.4620819
3.1615448, -9.337387, 0.4225769
3.147171, -9.351746, 0.39863586
3.1196442, -9.338577, 0.39743042
3.1483765, -9.343369, 0.4010315
3.147171, -9.378082, 0.3818817
3.1172485, -9.344574, 0.3902588
3.1447906, -9.351746, 0.36750793
3.1771088, -9.352951, 0.39265442
3.1316223, -9.372101, 0.36032104
3.1340027, -9.366119, 0.34596252
3.1806946, -9.350555, 0.331604
3.1555634, -9.336197, 0.3531494
3.154358, -9.342178, 0.3423767
3.1495667, -9.344574, 0.3076477
3.1292267, -9.323029, 0.3543396
3.1555634, -9.334991, 0.35673523
3.1651306, -9.31105, 0.36032104
3.166336, -9.313446, 0.33398438
3.1890717, -9.333801, 0.37348938
3.197464, -9.344574, 0.39743042
3.197464, -9.314636, 0.3244171
3.2249908, -9.320633, 0.34477234
3.2237854, -9.344574, 0.38905334
3.221405, -9.34816, 0.36871338
3.2800598, -9.333801, 0.3938446
3.2441406, -9.338577, 0.36631775
3.205841, -9.32901, 0.36871338
3.2070312, -9.308655, 0.42736816
3.20224, -9.302673, 0.39505005
3.2357635, -9.318237, 0.41778564
3.2285767, -9.321823, 0.4237671
3.2249908, -9.307465, 0.45370483
3.2381592, -9.300278, 0.42616272
3.248932, -9.332596, 0.4333496
3.2585144, -9.327805, 0.4441223
3.2465363, -9.332596, 0.45489502
3.2357635, -9.331406, 0.45610046
3.26091, -9.34697, 0.4333496
3.2441406, -9.354141, 0.45370483
3.269287, -9.337387, 0.43455505
3.2824554, -9.354141, 0.4513092
3.2621002, -9.34816, 0.47166443
3.241745, -9.323029, 0.45729065
3.257309, -9.307465, 0.41659546
3.2381592, -9.343369, 0.40342712
3.250122, -9.340973, 0.4118042
3.2357635, -9.350555, 0.42855835
3.257309, -9.357742, 0.44172668
3.2525177, -9.361328, 0.45489502
3.2285767, -9.321823, 0.41299438
3.1950684, -9.331406, 0.40342712
3.1854858, -9.356537, 0.41419983
3.2070312, -9.357742, 0.41539
3.1854858, -9.372101, 0.39743042
3.1878815, -9.356537, 0.4010315
3.1651306, -9.313446, 0.39144897
3.1950684, -9.333801, 0.4441223
3.1795044, -9.350555, 0.45370483
3.1711273, -9.343369, 0.39982605
3.1435852, -9.320633, 0.40342712
3.147171, -9.337387, 0.42616272
3.1771088, -9.351746, 0.49440002
3.154358, -9.361328, 0.4728546
3.1699219, -9.354141, 0.42855835
3.1603394, -9.366119, 0.44172668
3.1567535, -9.362518, 0.4800415
3.1567535, -9.325409, 0.50038147
3.1687317, -9.356537, 0.49320984
3.138794, -9.343369, 0.5063782
3.1483765, -9.321823, 0.51475525
3.2034454, -9.332596, 0.47883606
3.1914673, -9.302673, 0.5027771
3.193863, -9.324219, 0.5518646
3.1842957, -9.321823, 0.54707336
3.1890717, -9.337387, 0.5686188
3.1806946, -9.320633, 0.56503296
3.1914673, -9.326614, 0.57341003
3.2166138, -9.352951, 0.5913696
3.1914673, -9.338577, 0.5686188
3.2465363, -9.344574, 0.5746155
3.2345734, -9.368515, 0.57221985
3.2369537, -9.356537, 0.5997467
3.233368, -9.332596, 0.5638275
3.2381592, -9.343369, 0.54707336
3.2249908, -9.307465, 0.58418274
3.2249908, -9.303864, 0.56622314
3.2357635, -9.294296, 0.57699585
3.20224, -9.296692, 0.57221985
3.2154083, -9.299072, 0.60453796
3.241745, -9.300278, 0.60095215
3.2190094, -9.343369, 0.5853882
3.229782, -9.332596, 0.5698242
3.2824554, -9.339783, 0.55426025
3.2465363, -9.349365, 0.54348755
3.2513275, -9.321823, 0.54707336
3.2094269, -9.350555, 0.5386963
3.2273865, -9.355347, 0.52671814
3.2130127, -9.32901, 0.533905
3.1878815, -9.313446, 0.54348755
3.1747131, -9.317032, 0.509964
3.2201996, -9.324219, 0.49919128
3.221405, -9.324219, 0.48960876
3.2070312, -9.336197, 0.4584961
3.217804, -9.3589325, 0.49560547
3.2142181, -9.3589325, 0.48960876
3.2046356, -9.32901, 0.42736816
3.2225952, -9.369705, 0.45610046
3.2118225, -9.351746, 0.45610046
3.205841, -9.327805, 0.47166443
3.205841, -9.327805, 0.47166443
3.2118225, -9.336197, 0.46447754
3.1687317, -9.313446, 0.45610046
3.162735, -9.323029, 0.43693542
3.150772, -9.343369, 0.4513092
3.1747131, -9.364914, 0.40821838
3.2046356, -9.323029, 0.45370483
3.1675262, -9.3194275, 0.47045898
3.1435852, -9.323029, 0.4333496
3.1603394, -9.344574, 0.41659546
3.1495667, -9.325409, 0.4441223
3.162735, -9.334991, 0.41778564
3.1950684, -9.349365, 0.43933105
3.1842957, -9.349365, 0.41659546
3.1926727, -9.334991, 0.41299438
3.2034454, -9.351746, 0.41659546
3.1830902, -9.349365, 0.38905334
3.1759033, -9.325409, 0.35673523
3.2130127, -9.32901, 0.3543396
3.248932, -9.34816, 0.33877563
3.2465363, -9.3589325, 0.35075378
3.2465363, -9.360138, 0.35194397
3.2201996, -9.332596, 0.33998108
3.2094269, -9.300278, 0.32081604
3.2190094, -9.285904, 0.32202148
3.241745, -9.290695, 0.35075378
3.2465363, -9.291901, 0.296875
3.2154083, -9.2799225, 0.27893066
3.2190094, -9.275131, 0.2633667
3.2369537, -9.312241, 0.3148346
3.2860413, -9.318237, 0.3040619
3.2980194, -9.289505, 0.29808044
3.2860413, -9.302673, 0.28251648
3.3075867, -9.317032, 0.331604
3.2992096, -9.32901, 0.32321167
3.3063965, -9.323029, 0.29328918
3.3267365, -9.297882, 0.3136444
3.3375244, -9.282318, 0.32081604
3.336319, -9.285904, 0.32681274
3.3387146, -9.283524, 0.33518982
3.3423004, -9.276337, 0.33638
3.3650513, -9.275131, 0.3722992
3.3650513, -9.294296, 0.37709045
3.3351288, -9.271545, 0.40940857
3.3590698, -9.31105, 0.4225769
3.3375244, -9.294296, 0.40342712
3.3830109, -9.307465, 0.3938446
3.3782196, -9.356537, 0.3866577
3.3626556, -9.343369, 0.43814087
3.4129333, -9.333801, 0.47045898
3.3985748, -9.334991, 0.38546753
3.3351288, -9.320633, 0.40342712
3.3003998, -9.326614, 0.45968628
3.3339233, -9.289505, 0.43693542
3.3195648, -9.278732, 0.43693542
3.3171692, -9.278732, 0.46087646
3.2980194, -9.287109, 0.41059875
3.28125, -9.290695, 0.41419983
3.2776642, -9.287109, 0.4441223
3.2597046, -9.293091, 0.44293213
3.2740784, -9.297882, 0.45010376
3.3171692, -9.306259, 0.42616272
3.2704773, -9.32901, 0.4333496
3.2704773, -9.331406, 0.45610046
3.284851, -9.297882, 0.44651794
3.2585144, -9.333801, 0.4189911
3.257309, -9.343369, 0.41059875
3.2321777, -9.315842, 0.4333496
3.2393494, -9.325409, 0.41778564
3.2225952, -9.331406, 0.39863586
3.2154083, -9.332596, 0.38546753
3.2118225, -9.339783, 0.42497253
3.1830902, -9.363724, 0.42138672
3.2237854, -9.357742, 0.4010315
3.2010498, -9.343369, 0.41059875
3.2094269, -9.378082, 0.36631775
3.1759033, -9.345764, 0.39144897
3.1747131, -9.362518, 0.39863586
3.1399994, -9.354141, 0.3818817
3.150772, -9.293091, 0.3615265
3.1651306, -9.314636, 0.41778564
3.142395, -9.349365, 0.40821838
3.12323, -9.31105, 0.4297638
3.1447906, -9.308655, 0.44532776
3.142395, -9.312241, 0.3830719
3.1567535, -9.352951, 0.4225769
3.1759033, -9.3589325, 0.47764587
3.1651306, -9.354141, 0.5027771
3.1651306, -9.349365, 0.4692688
3.1603394, -9.333801, 0.5195465
3.1435852, -9.345764, 0.47883606
3.1447906, -9.334991, 0.48483276
3.1519623, -9.349365, 0.49919128
3.1340027, -9.354141, 0.5171509
3.154358, -9.339783, 0.57341003
3.166336, -9.331406, 0.5566559
3.1603394, -9.344574, 0.55784607
3.178299, -9.34697, 0.5590515
3.197464, -9.323029, 0.5782013
3.2082367, -9.3302, 0.6033325
3.1962585, -9.327805, 0.61291504
3.2273865, -9.336197, 0.64404297
3.2477417, -9.320633, 0.6763611
3.245346, -9.293091, 0.7086792
3.257309, -9.300278, 0.7050934
3.221405, -9.34816, 0.7398071
3.2201996, -9.332596, 0.76016235
3.2249908, -9.318237, 0.723053
3.2597046, -9.306259, 0.7960663
3.2956238, -9.331406, 0.841568
3.2740784, -9.325409, 0.8128357
3.2944183, -9.26915, 0.7972717
3.2872314, -9.26915, 0.8128357
3.3183594, -9.296692, 0.8140259
3.3746338, -9.305069, 0.84036255
3.368637, -9.291901, 0.8247986
3.368637, -9.26796, 0.8032532
3.3806152, -9.293091, 0.7517853
3.3794098, -9.295486, 0.78170776
3.3961792, -9.271545, 0.7984619
3.3937836, -9.260773, 0.74339294
3.4177246, -9.25119, 0.73861694
3.415329, -9.26796, 0.70269775
3.4045563, -9.234436, 0.6775665
3.3542786, -9.241623, 0.69192505
3.3267365, -9.255981, 0.68833923
3.3662415, -9.241623, 0.6296692
3.351883, -9.273941, 0.6141052
3.3650513, -9.26796, 0.58657837
3.3566742, -9.276337, 0.6201019
3.3973694, -9.277527, 0.5877838
3.3818054, -9.291901, 0.5482788
3.3949738, -9.287109, 0.52671814
3.3770142, -9.308655, 0.5027771
3.3901825, -9.2883, 0.50756836
3.4225159, -9.278732, 0.48243713
3.4261017, -9.276337, 0.40342712
3.4045563, -9.25, 0.37348938
3.4117432, -9.265564, 0.34596252
3.4117432, -9.272736, 0.31962585
3.4368744, -9.273941, 0.2956848
3.430893, -9.255981, 0.29447937
3.4440613, -9.2799225, 0.2861023
3.446457, -9.291901, 0.28370667
3.4440613, -9.265564, 0.24301147
3.4344788, -9.275131, 0.2561798
3.3854065, -9.289505, 0.18675232
3.4380798, -9.30986, 0.20231628
3.3782196, -9.297882, 0.26934814
3.408142, -9.294296, 0.25857544
3.3818054, -9.300278, 0.25976562
3.36026, -9.296692, 0.27293396
3.3435059, -9.291901, 0.28251648
3.3159637, -9.282318, 0.30047607
3.308792, -9.278732, 0.31243896
3.288437, -9.252396, 0.35075378
3.2920227, -9.272736, 0.31843567
3.2824554, -9.283524, 0.32202148
3.2740784, -9.299072, 0.33998108
3.2776642, -9.300278, 0.3830719
3.2644958, -9.312241, 0.38067627
3.265686, -9.302673, 0.38426208
3.2405548, -9.326614, 0.4225769
3.250122, -9.303864, 0.42138672
3.2764587, -9.308655, 0.43933105
3.2764587, -9.3194275, 0.4297638
3.2537231, -9.315842, 0.41778564
3.2537231, -9.314636, 0.41299438
3.2285767, -9.317032, 0.41539
3.2154083, -9.331406, 0.44770813
3.178299, -9.303864, 0.4297638
3.1962585, -9.333801, 0.4333496
3.193863, -9.331406, 0.40582275
3.1771088, -9.32901, 0.43574524
3.1639404, -9.301468, 0.4920044
3.2082367, -9.307465, 0.44770813
3.1723175, -9.34697, 0.46087646
3.1615448, -9.333801, 0.5315094
3.1687317, -9.343369, 0.4728546
3.1842957, -9.34697, 0.5398865
3.1675262, -9.320633, 0.5303192
3.1806946, -9.339783, 0.5913696
3.1615448, -9.334991, 0.60214233
3.166336, -9.307465, 0.5925598
3.197464, -9.295486, 0.61172485
3.2285767, -9.282318, 0.6643982
3.1950684, -9.2643585, 0.6476288
3.20224, -9.265564, 0.6584015
3.2225952, -9.238022, 0.63087463
3.2130127, -9.212891, 0.63087463
3.2082367, -9.235626, 0.61650085
3.1962585, -9.277527, 0.6380615
3.2070312, -9.34697, 0.6763611
3.2585144, -9.417587, 0.6979065
3.3147736, -9.445129, 0.683548
3.351883, -9.423584, 0.6715698
3.344696, -9.418793, 0.67037964
3.3423004, -9.375687, 0.7003021
3.3566742, -9.294296, 0.7266388
3.2872314, -9.275131, 0.69192505
3.2716827, -9.223663, 0.7182617
3.2632904, -9.196121, 0.7410126
3.2585144, -9.155426, 0.7194519
3.2932281, -9.17218, 0.707489
3.3650513, -9.23204, 0.7338257
3.3937836, -9.2404175, 0.7254486
3.430893, -9.252396, 0.6943207
3.4799652, -9.273941, 0.7086792
3.4811707, -9.277527, 0.7194519
3.5146942, -9.2595825, 0.70150757
3.502716, -9.2595825, 0.7338257
3.5015259, -9.253586, 0.72784424
3.502716, -9.266754, 0.69551086
3.5350342, -9.265564, 0.69911194
3.530243, -9.255981, 0.6871338
3.5134888, -9.252396, 0.683548
3.5625763, -9.272736, 0.66200256
3.569748, -9.297882, 0.6380615
3.6176453, -9.261963, 0.63446045
3.5960846, -9.223663, 0.6488342
3.5613708, -9.176971, 0.6368561
3.526657, -9.149445, 0.6488342
3.4895477, -9.160217, 0.6260834
3.4488525, -9.175781, 0.58299255
3.4691925, -9.244019, 0.5602417
3.4715881, -9.277527, 0.5674286
3.5398254, -9.325409, 0.5398865
3.5613708, -9.387665, 0.51834106
3.5901031, -9.445129, 0.51834106
3.6379852, -9.463089, 0.48841858
3.731369, -9.42717, 0.47764587
3.6763, -9.343369, 0.43215942
3.5553894, -9.235626, 0.43693542
3.4715881, -9.162613, 0.42497253
3.3231506, -9.082397, 0.42497253
3.2249908, -9.064453, 0.39144897
3.233368, -9.041702, 0.3471527
3.2154083, -9.089584, 0.36392212
3.2321777, -9.160217, 0.36750793
3.3219604, -9.261963, 0.29927063
3.384201, -9.340973, 0.32920837
3.4344788, -9.40921, 0.3148346
3.4572296, -9.464279, 0.2813263
3.406952, -9.481033, 0.32920837
3.3854065, -9.441528, 0.3327942
3.320755, -9.391251, 0.34117126
3.2357635, -9.3302, 0.36871338
3.1735077, -9.276337, 0.32681274
3.1819, -9.26796, 0.35075378
3.157959, -9.221268, 0.37828064
3.111267, -9.199722, 0.36392212
3.1555634, -9.200912, 0.41659546
3.2094269, -9.226059, 0.45489502
3.1962585, -9.244019, 0.45010376
3.1699219, -9.265564, 0.47045898
3.217804, -9.254791, 0.46087646
3.2285767, -9.287109, 0.49320984
3.1962585, -9.283524, 0.509964
3.2046356, -9.303864, 0.5410919
3.2285767, -9.331406, 0.5626373
3.233368, -9.289505, 0.5506592
3.2632904, -9.2799225, 0.5985565
3.3027954, -9.291901, 0.61172485
3.2824554, -9.295486, 0.6081238
3.2836456, -9.305069, 0.6081238
3.3351288, -9.2799225, 0.62727356
3.3267365, -9.299072, 0.6081238
3.344696, -9.258377, 0.64404297
3.3183594, -9.223663, 0.60572815
3.2908325, -9.216476, 0.64404297
3.296814, -9.184158, 0.6500244
3.3183594, -9.193741, 0.63087463
3.327942, -9.245209, 0.64404297
3.3183594, -9.248795, 0.6320648
3.2956238, -9.258377, 0.59495544
3.312378, -9.290695, 0.57699585
3.3099823, -9.290695, 0.6033325
3.329132, -9.263168, 0.6081238
3.289627, -9.324219, 0.5817871
3.3040009, -9.324219, 0.54348755
3.3219604, -9.3194275, 0.5303192
3.308792, -9.343369, 0.5123596
3.3435059, -9.36731, 0.4812317
3.2932281, -9.350555, 0.4297638
3.2824554, -9.339783, 0.4441223
3.2704773, -9.332596, 0.4046173
3.2525177, -9.3194275, 0.38905334
3.2345734, -9.325409, 0.36271667
3.1998444, -9.331406, 0.35075378
3.2357635, -9.320633, 0.31723022
3.250122, -9.325409, 0.252594
3.2405548, -9.3302, 0.31243896
3.250122, -9.320633, 0.2849121
3.2752686, -9.282318, 0.25138855
3.229782, -9.300278, 0.23942566
3.2381592, -9.300278, 0.25138855
3.2273865, -9.278732, 0.22505188
3.2046356, -9.284714, 0.24061584
3.2201996, -9.306259, 0.19992065
3.1854858, -9.296692, 0.22265625
3.162735, -9.289505, 0.20111084
3.197464, -9.323029, 0.2059021
3.186676, -9.331406, 0.22265625
3.162735, -9.361328, 0.26576233
3.1603394, -9.343369, 0.3531494
3.1399994, -9.344574, 0.36271667
3.0909119, -9.352951, 0.38905334
3.0921173, -9.32901, 0.35554504
3.0777435, -9.305069, 0.39144897
3.0669708, -9.331406, 0.44891357
3.0645752, -9.333801, 0.45370483
3.0406342, -9.300278, 0.5027771
3.0430298, -9.299072, 0.5303192
3.0334473, -9.296692, 0.5303192
3.0538025, -9.287109, 0.5410919
3.0909119, -9.2799225, 0.5805969
3.0957031, -9.290695, 0.60453796
3.1136627, -9.30986, 0.61531067
3.1711273, -9.306259, 0.6093292
3.1819, -9.320633, 0.5901642
3.2070312, -9.299072, 0.64404297
3.2225952, -9.282318, 0.64523315
3.2429504, -9.300278, 0.66200256
3.245346, -9.2883, 0.64523315
3.2956238, -9.257187, 0.66319275
3.3470917, -9.273941, 0.6655884
3.3865967, -9.25, 0.6787567
3.4201202, -9.2799225, 0.69551086
3.4727936, -9.273941, 0.69551086
3.4727936, -9.303864, 0.7003021
3.4488525, -9.271545, 0.73143005
3.4572296, -9.270355, 0.723053
3.4512482, -9.261963, 0.746994
3.5110931, -9.245209, 0.7290344
3.509903, -9.245209, 0.7338257
3.5398254, -9.263168, 0.6979065
3.5673676, -9.241623, 0.7457886
3.6068573, -9.234436, 0.7457886
3.6703186, -9.218872, 0.7170563
3.69664, -9.157822, 0.7445984
3.7385406, -9.130295, 0.68833923
3.743332, -9.114731, 0.63446045
3.7062225, -9.070435, 0.6823425
3.770874, -9.063248, 0.6584015
3.7732544, -9.070435, 0.6572113
3.7696686, -9.050079, 0.6404419
3.779251, -9.068039, 0.62368774
3.818756, -9.089584, 0.6260834
3.8570557, -9.100357, 0.5638275
3.8450928, -9.1410675, 0.5530548
3.8534698, -9.15184, 0.5303192
3.8426971, -9.182968, 0.51475525
3.8007965, -9.160217, 0.48362732
3.7732544, -9.197327, 0.44532776
3.7624817, -9.200912, 0.44651794
3.7648773, -9.200912, 0.40342712
3.746933, -9.242813, 0.39265442
3.7253723, -9.2643585, 0.41299438
3.6822815, -9.235626, 0.3830719
3.691864, -9.255981, 0.36392212
3.6631317, -9.260773, 0.34477234
3.636795, -9.255981, 0.31843567
3.645172, -9.245209, 0.2849121
3.628418, -9.217682, 0.32202148
3.5913086, -9.23085, 0.292099
3.6020813, -9.246414, 0.3028717
3.5589752, -9.23204, 0.31124878
3.566162, -9.228455, 0.32920837
3.6116486, -9.221268, 0.3615265
3.605667, -9.229645, 0.32681274
3.6296082, -9.253586, 0.34596252
3.6080627, -9.283524, 0.39982605
3.5937042, -9.305069, 0.40701294
3.5924988, -9.303864, 0.39982605
3.5505981, -9.315842, 0.41059875
3.5158844, -9.321823, 0.4297638
3.509903, -9.296692, 0.4513092
3.5194702, -9.308655, 0.4441223
3.5051117, -9.326614, 0.44770813
3.5170898, -9.315842, 0.44770813
3.5110931, -9.285904, 0.5051727
3.4931335, -9.272736, 0.5087738
3.4979248, -9.239227, 0.47525024
3.5075073, -9.238022, 0.533905
3.4536285, -9.25, 0.5626373
3.4344788, -9.25, 0.51594543
3.4057465, -9.255981, 0.52433777
3.4261017, -9.252396, 0.56622314
3.4189148, -9.271545, 0.55784607
3.4440613, -9.277527, 0.5458832
3.4320831, -9.285904, 0.5961609
3.4141388, -9.297882, 0.5913696
3.415329, -9.266754, 0.58418274
3.375824, -9.296692, 0.5422821
3.4117432, -9.301468, 0.5805969
3.3566742, -9.293091, 0.57580566
3.2932281, -9.272736, 0.55426025
3.3147736, -9.293091, 0.5817871
3.3063965, -9.26796, 0.6105194
3.2585144, -9.273941, 0.56144714
3.2561188, -9.272736, 0.54348755
3.2225952, -9.2595825, 0.55545044
3.2237854, -9.255981, 0.5351105
3.210617, -9.26796, 0.4980011
3.265686, -9.290695, 0.52194214
3.2680817, -9.278732, 0.5422821
3.2788544, -9.244019, 0.5207367
3.2716827, -9.226059, 0.49440002
3.2932281, -9.254791, 0.549469
3.2800598, -9.260773, 0.5506592
3.3171692, -9.235626, 0.57221985
3.289627, -9.216476, 0.6069336
3.3111877, -9.20929, 0.62249756
3.3530731, -9.25119, 0.6141052
3.3219604, -9.272736, 0.62368774
3.3303375, -9.26915, 0.6188965
3.3459015, -9.302673, 0.58299255
3.3770142, -9.303864, 0.6188965
3.375824, -9.313446, 0.6248932
3.3554688, -9.320633, 0.61172485
3.3470917, -9.323029, 0.6260834
3.3626556, -9.369705, 0.6248932
3.367447, -9.3589325, 0.6069336
3.336319, -9.350555, 0.63087463
3.3147736, -9.315842, 0.58418274
3.3219604, -9.317032, 0.59376526
3.28125, -9.301468, 0.5961609
3.296814, -9.294296, 0.5913696
3.308792, -9.312241, 0.6188965
3.3255463, -9.299072, 0.5901642
3.3219604, -9.299072, 0.5710144
3.2920227, -9.306259, 0.5518646
3.2644958, -9.293091, 0.52911377
3.2776642, -9.293091, 0.5482788
3.284851, -9.317032, 0.5386963
3.2704773, -9.324219, 0.5231323
3.2740784, -9.361328, 0.5123596
3.2716827, -9.336197, 0.5123596
3.269287, -9.355347, 0.5195465
3.3063965, -9.382874, 0.5303192
3.2776642, -9.34697, 0.5171509
3.2860413, -9.354141, 0.5135498
3.2800598, -9.332596, 0.4620819
3.2668915, -9.325409, 0.45729065
3.226181, -9.342178, 0.42855835
3.2142181, -9.315842, 0.43455505
3.1519623, -9.284714, 0.40821838
3.1483765, -9.284714, 0.4118042
3.1244354, -9.271545, 0.37348938
3.111267, -9.2404175, 0.3818817
3.1124573, -9.296692, 0.28849792
3.1004944, -9.317032, 0.2741394
3.0669708, -9.342178, 0.28012085
3.071762, -9.32901, 0.23342896
3.031067, -9.3194275, 0.22505188
3.0382385, -9.349365, 0.24780273
3.0250702, -9.333801, 0.21548462
3.0178986, -9.31105, 0.17358398
3.0286713, -9.324219, 0.14964294
3.0226746, -9.331406, 0.15562439
3.0262756, -9.295486, 0.10055542
3.039444, -9.3194275, 0.094573975
3.0621796, -9.315842, 0.063446045
3.0825348, -9.324219, 0.10055542
3.1352081, -9.303864, 0.09576416
3.154358, -9.305069, 0.096969604
3.1950684, -9.291901, 0.082595825
3.257309, -9.271545, 0.11253357
3.2345734, -9.26796, 0.12210083
3.2704773, -9.26915, 0.1484375
3.329132, -9.2643585, 0.17237854
3.415329, -9.26915, 0.19392395
3.4201202, -9.2404175, 0.20231628
3.4536285, -9.2248535, 0.15322876
3.4919434, -9.222458, 0.19154358
3.4835663, -9.212891, 0.22744751
3.494339, -9.187744, 0.29328918
3.4979248, -9.194931, 0.2753296
3.4775848, -9.203308, 0.27293396
3.5278625, -9.222458, 0.27893066
3.5505981, -9.211685, 0.32321167
3.5601807, -9.238022, 0.3471527
3.5829163, -9.221268, 0.39144897
3.605667, -9.273941, 0.37469482
3.580536, -9.265564, 0.3938446
3.566162, -9.285904, 0.39144897
3.6008759, -9.26915, 0.39863586
3.605667, -9.260773, 0.4237671
3.5505981, -9.26796, 0.42616272
3.4847565, -9.261963, 0.46447754
3.4991302, -9.2595825, 0.46566772
3.5063019, -9.236832, 0.43693542
3.4739838, -9.226059, 0.4297638
3.4165192, -9.25, 0.48841858
3.3746338, -9.223663, 0.4297638
3.3578644, -9.246414, 0.42616272
3.336319, -9.245209, 0.4584961
3.3303375, -9.272736, 0.45610046
3.3003998, -9.275131, 0.4584961
3.2956238, -9.314636, 0.46087646
3.2860413, -9.300278, 0.47764587
3.3351288, -9.26915, 0.47045898
3.313568, -9.277527, 0.4692688
3.2824554, -9.290695, 0.43814087
3.2740784, -9.290695, 0.46447754
3.272873, -9.2799225, 0.49919128
3.2704773, -9.305069, 0.45729065
3.269287, -9.299072, 0.46087646
3.272873, -9.276337, 0.4908142
3.2249908, -9.285904, 0.4740448
3.2585144, -9.31105, 0.47644043
3.2477417, -9.265564, 0.51475525
3.2597046, -9.252396, 0.52911377
3.2908325, -9.271545, 0.5063782
3.2764587, -9.287109, 0.5063782
3.28125, -9.313446, 0.5458832
3.296814, -9.315842, 0.51116943
3.3255463, -9.334991, 0.5195465
3.3063965, -9.355347, 0.5410919
3.327942, -9.364914, 0.53749084
3.3075867, -9.3589325, 0.56622314
3.3003998, -9.381683, 0.5458832
3.245346, -9.361328, 0.5195465
3.26091, -9.379288, 0.5626373
3.2597046, -9.394852, 0.5315094
3.2441406, -9.385269, 0.5422821
3.2644958, -9.411606, 0.57221985
3.2716827, -9.378082, 0.6033325
3.2992096, -9.418793, 0.5782013
3.3315277, -9.400833, 0.57699585
3.3099823, -9.379288, 0.5686188
3.288437, -9.373306, 0.58418274
3.327942, -9.381683, 0.57699585
3.313568, -9.36731, 0.6105194
3.3231506, -9.339783, 0.59376526
3.3339233, -9.344574, 0.5901642
3.3099823, -9.355347, 0.56622314
3.329132, -9.369705, 0.6093292
3.367447, -9.349365, 0.60453796
3.3219604, -9.370911, 0.6177063
3.3063965, -9.380478, 0.66319275
3.2992096, -9.36731, 0.65242004
3.2537231, -9.378082, 0.64404297
3.2644958, -9.36731, 0.70150757
3.2668915, -9.410416, 0.65122986
3.205841, -9.387665, 0.6572113
3.1842957, -9.391251, 0.6715698
3.1639404, -9.418793, 0.65600586
3.1304169, -9.415192, 0.6296692
3.1076813, -9.422379, 0.61291504
3.1124573, -9.42836, 0.5961609
3.1304169, -9.430756, 0.588974
3.1040802, -9.445129, 0.56503296
3.0645752, -9.417587, 0.5506592
3.0609894, -9.422379, 0.5231323
3.0526123, -9.379288, 0.51475525
3.0669708, -9.405624, 0.5051727
3.032257, -9.369705, 0.47166443
3.0502167, -9.357742, 0.46566772
3.0561981, -9.343369, 0.45489502
3.0729523, -9.356537, 0.47644043
3.0657806, -9.34697, 0.47883606
3.087326, -9.325409, 0.4405365
3.0861206, -9.324219, 0.52433777
3.0849304, -9.314636, 0.5051727
3.114853, -9.351746, 0.4800415
3.154358, -9.340973, 0.5027771
3.1795044, -9.317032, 0.54707336
3.2166138, -9.313446, 0.53749084
3.2309723, -9.349365, 0.5386963
3.2680817, -9.345764, 0.53271484
3.2764587, -9.331406, 0.5793915
3.2585144, -9.281128, 0.56144714
3.2752686, -9.270355, 0.5877838
3.2776642, -9.277527, 0.5817871
3.284851, -9.258377, 0.5853882
3.2860413, -9.221268, 0.60572815
3.3183594, -9.244019, 0.62727356
3.313568, -9.229645, 0.58299255
3.327942, -9.2404175, 0.57580566
3.3399048, -9.246414, 0.5410919
3.375824, -9.271545, 0.56144714
3.3722382, -9.287109, 0.5961609
3.3854065, -9.272736, 0.5961609
3.4332886, -9.253586, 0.6093292
3.3949738, -9.25119, 0.59495544
3.4261017, -9.239227, 0.6093292
3.4560242, -9.241623, 0.57341003
3.4165192, -9.234436, 0.5710144
3.4105377, -9.217682, 0.5386963
3.4416656, -9.218872, 0.55545044
3.4727936, -9.214081, 0.55784607
3.4763794, -9.18895, 0.5398865
3.4691925, -9.208099, 0.5087738
3.494339, -9.215286, 0.533905
3.5314484, -9.229645, 0.4908142
3.5398254, -9.266754, 0.4584961
3.509903, -9.258377, 0.5207367
3.5326385, -9.273941, 0.48960876
3.542221, -9.293091, 0.48960876
3.5350342, -9.305069, 0.43455505
3.5398254, -9.334991, 0.44651794
3.542221, -9.3302, 0.43814087
3.4967346, -9.34816, 0.37469482
3.485962, -9.351746, 0.33398438
3.4524384, -9.362518, 0.3256073
3.4273071, -9.361328, 0.32321167
3.4452515, -9.342178, 0.29328918
3.3901825, -9.363724, 0.23582458
3.3722382, -9.363724, 0.20948792
3.3650513, -9.355347, 0.16041565
3.2980194, -9.375687, 0.11013794
3.2764587, -9.386475, 0.07661438
3.221405, -9.410416, 0.01914978
3.1950684, -9.419983, -0.0095825195
3.1399994, -9.42717, -0.041900635
3.0705566, -9.412811, -0.104141235
3.0226746, -9.419983, -0.12928772
2.9795837, -9.423584, -0.19752502
2.952057, -9.435547, -0.20948792
2.896988, -9.4379425, -0.2561798
2.8538818, -9.473862, -0.28251648
2.7988281, -9.475052, -0.30047607
2.735382, -9.463089, -0.3148346
2.6946716, -9.498993, -0.34835815
2.6635437, -9.478638, -0.36750793
2.6192627, -9.470261, -0.36631775
2.577362, -9.48822, -0.292099
2.5821533, -9.472656, -0.25138855
2.558197, -9.494202, -0.21069336
2.5677795, -9.489426, -0.16879272
2.656372, -9.483429, -0.0909729
2.6898804, -9.48822, -0.025146484
2.740158, -9.508575, 0.0047912598
2.7653046, -9.536102, 0.084991455
2.7856598, -9.537308, 0.18075562
2.8251648, -9.533707, 0.19392395
2.7904358, -9.521744, 0.24182129
2.8167725, -9.512161, 0.2956848
2.8167725, -9.520538, 0.3722992
2.7928314, -9.5169525, 0.41419983
2.78685, -9.503784, 0.42138672
2.7509308, -9.500198, 0.49320984
2.755722, -9.50737, 0.48960876
2.7066498, -9.479843, 0.5279236
2.7102356, -9.459488, 0.57221985
2.7090454, -9.435547, 0.5997467
2.7042542, -9.470261, 0.6260834
2.723404, -9.44632, 0.62249756
2.7018585, -9.482239, 0.6584015
2.6982727, -9.4774475, 0.69551086
2.70784, -9.470261, 0.6823425
2.7042542, -9.482239, 0.70269775
2.683899, -9.441528, 0.7266388
2.6946716, -9.447525, 0.7302246
2.6934814, -9.454697, 0.74220276
2.6827087, -9.484634, 0.79367065
2.7126312, -9.440338, 0.7577667
2.7449493, -9.419983, 0.7697296
2.738968, -9.458298, 0.79367065
2.7569275, -9.448715, 0.8128357
2.7880554, -9.442734, 0.7984619
2.8036041, -9.405624, 0.79966736
2.7856598, -9.379288, 0.8343811
2.8155823, -9.380478, 0.8439636
2.8012085, -9.364914, 0.8128357
2.8371277, -9.331406, 0.8631134
2.8670502, -9.327805, 0.8140259
2.9065552, -9.327805, 0.86909485
2.9221191, -9.343369, 0.87867737
2.9269104, -9.3302, 0.8666992
2.9556427, -9.340973, 0.90141296
2.9460602, -9.355347, 0.8894501
2.9592285, -9.368515, 0.9133911
3.0107117, -9.376892, 0.9026184
3.0262756, -9.350555, 0.9217682
3.0346527, -9.3589325, 0.9181824
3.0262756, -9.31105, 0.90501404
3.0777435, -9.3302, 0.86190796
3.1016846, -9.334991, 0.88345337
3.1172485, -9.303864, 0.8822632
3.1567535, -9.338577, 0.89424133
3.1723175, -9.362518, 0.88345337
3.1819, -9.355347, 0.8343811
3.2118225, -9.331406, 0.84036255
3.2190094, -9.332596, 0.84994507
3.2010498, -9.301468, 0.8236084
3.2046356, -9.321823, 0.83317566
3.2142181, -9.3302, 0.80804443
3.2118225, -9.303864, 0.81762695
3.210617, -9.307465, 0.7769165
3.1711273, -9.293091, 0.7697296
3.2130127, -9.306259, 0.7565613
3.2154083, -9.305069, 0.7182617
3.2249908, -9.31105, 0.7290344
3.241745, -9.321823, 0.7290344
3.2764587, -9.373306, 0.667984
3.3171692, -9.392456, 0.6488342
3.2944183, -9.3984375, 0.57341003
3.3267365, -9.388855, 0.5279236
3.3590698, -9.406815, 0.53749084
3.3818054, -9.397247, 0.49320984
3.4225159, -9.397247, 0.4237671
3.430893, -9.414001, 0.4010315

