x : y : Z 
3.0801392, -9.352951, 0.5961609
3.0825348, -9.360138, 0.5853882
3.0657806, -9.36731, 0.6141052
3.0430298, -9.369705, 0.62368774
3.0561981, -9.364914, 0.6105194
3.0609894, -9.350555, 0.61172485
3.0430298, -9.363724, 0.6212921
3.0849304, -9.350555, 0.6177063
3.075348, -9.355347, 0.60572815
3.1088715, -9.39006, 0.61291504
3.1304169, -9.394852, 0.60453796
3.1064758, -9.397247, 0.60453796
3.1328125, -9.385269, 0.65600586
3.1196442, -9.380478, 0.6548157
3.0933075, -9.376892, 0.66319275
3.0813446, -9.405624, 0.64523315
3.0669708, -9.40921, 0.65122986
3.0777435, -9.400833, 0.6464386
3.0957031, -9.393646, 0.6392517
3.0573883, -9.380478, 0.67037964
3.0490112, -9.3984375, 0.66319275
3.015503, -9.421188, 0.68473816
2.9987335, -9.453506, 0.6655884
2.991562, -9.463089, 0.65600586
2.9855652, -9.476257, 0.6368561
3.0011292, -9.500198, 0.64404297
2.9783936, -9.526535, 0.6488342
2.9891663, -9.503784, 0.6320648
2.9747925, -9.551666, 0.6464386
2.9029694, -9.526535, 0.6177063
2.8886108, -9.497803, 0.6500244
2.8538818, -9.527725, 0.6536102
2.7904358, -9.518143, 0.6428375
2.8083954, -9.497803, 0.6584015
2.78685, -9.493011, 0.6607971
2.731781, -9.493011, 0.6871338
2.6874847, -9.485825, 0.6715698
2.711441, -9.483429, 0.6859436
2.6910858, -9.461884, 0.6907196
2.661148, -9.445129, 0.6895294
2.644394, -9.465469, 0.7374115
2.6120758, -9.416397, 0.73143005
2.5965118, -9.448715, 0.7481842
2.604889, -9.442734, 0.7565613
2.620453, -9.454697, 0.73861694
2.6156616, -9.471466, 0.76135254
2.6240387, -9.467865, 0.81762695
2.632431, -9.484634, 0.82958984
2.6659393, -9.509766, 0.841568
2.680313, -9.489426, 0.8343811
2.6970673, -9.50618, 0.8523407
2.723404, -9.508575, 0.8930359
2.7329865, -9.510971, 0.91937256
2.7210083, -9.491806, 0.9241638
2.6970673, -9.466675, 0.94451904
2.6934814, -9.447525, 0.9816284
2.6791077, -9.457092, 0.98402405
2.6647491, -9.442734, 1.0007782
2.7222137, -9.4379425, 1.0175323
2.7269897, -9.388855, 1.0402832
2.7449493, -9.400833, 1.0618286
2.8275452, -9.382874, 1.0714111
2.8622742, -9.387665, 1.0965424
2.8802185, -9.387665, 1.1013336
2.8706512, -9.39006, 1.0761871
2.9149475, -9.399643, 1.1013336
2.9101562, -9.368515, 1.1324615
2.9580383, -9.362518, 1.0917511
2.9628296, -9.356537, 1.122879
2.9879608, -9.343369, 1.1180878
3.016693, -9.384079, 1.0809784
3.0657806, -9.373306, 1.0893555
3.0681763, -9.382874, 1.0929565
3.078949, -9.36731, 1.0702057
3.1052856, -9.39006, 1.0690155
3.1352081, -9.402023, 1.1156921
3.1759033, -9.380478, 1.0857697
3.162735, -9.384079, 1.0223236
3.1651306, -9.370911, 1.0426788
3.166336, -9.376892, 1.0343018
3.193863, -9.352951, 0.98521423
3.1890717, -9.320633, 1.0151367
3.1806946, -9.323029, 0.98880005
3.186676, -9.376892, 0.94810486
3.1711273, -9.363724, 0.9397278
3.2237854, -9.361328, 0.9241638
3.2381592, -9.415192, 0.87867737
3.2285767, -9.4379425, 0.84994507
3.233368, -9.478638, 0.8523407
3.2561188, -9.493011, 0.8247986
3.233368, -9.498993, 0.80085754
3.162735, -9.472656, 0.7517853
3.1567535, -9.436752, 0.7003021
3.1304169, -9.414001, 0.6643982
3.1076813, -9.423584, 0.6979065
3.099289, -9.384079, 0.6763611
3.0957031, -9.375687, 0.62249756
3.10289, -9.403229, 0.54467773
3.0885162, -9.412811, 0.5482788
3.1280212, -9.42598, 0.53749084
3.1280212, -9.451111, 0.5207367
3.1076813, -9.478638, 0.47045898
3.083725, -9.479843, 0.43455505
3.075348, -9.484634, 0.4620819
3.0406342, -9.495407, 0.4189911
3.0047302, -9.500198, 0.36631775
2.9951477, -9.494202, 0.3722992
2.9388885, -9.479843, 0.38426208
2.896988, -9.466675, 0.36631775
2.8826141, -9.470261, 0.33758545
2.8634644, -9.463089, 0.38786316
2.8287506, -9.458298, 0.3722992
2.810791, -9.470261, 0.37109375
2.7461548, -9.484634, 0.42018127
2.7126312, -9.521744, 0.3866577
2.7269897, -9.536102, 0.39863586
2.7138214, -9.56604, 0.4225769
2.6898804, -9.575607, 0.43933105
2.683899, -9.633072, 0.47764587
2.7150269, -9.767151, 0.4908142
2.755722, -9.896439, 0.533905
2.8143768, -9.99939, 0.5410919
2.8754425, -10.090363, 0.54348755
2.8933868, -10.054443, 0.61650085
2.8634644, -9.874878, 0.62727356
2.8036041, -9.639053, 0.6212921
2.6575623, -9.318237, 0.6548157
2.5079193, -9.042892, 0.7194519
2.3989868, -8.842987, 0.74220276
2.3271637, -8.702927, 0.78170776
2.230194, -8.643066, 0.77931213
2.2242126, -8.674194, 0.82240295
2.2912445, -8.813049, 0.84754944
2.4337006, -9.016571, 0.9038086
2.6024933, -9.233246, 0.94451904
2.7976227, -9.46907, 0.9816284
2.9664154, -9.655823, 1.0211334
3.0777435, -9.818619, 1.0558472
3.186676, -9.933548, 1.0462646
3.2190094, -10.017334, 1.1192932
3.1687317, -10.010162, 1.1192932
3.1244354, -9.952698, 1.1504211
3.0526123, -9.888046, 1.1659698
2.9700012, -9.787491, 1.1755524
2.8874054, -9.698914, 1.1695709
2.8083954, -9.582794, 1.1659698
2.7593231, -9.471466, 1.1719666
2.7257996, -9.337387, 1.1923065
2.6934814, -9.2643585, 1.1887207
2.6755219, -9.238022, 1.1731567
2.6934814, -9.196121, 1.1647797
2.680313, -9.15303, 1.1827393
2.6886902, -9.1853485, 1.1743622
2.6851044, -9.23085, 1.1875305
2.7724915, -9.291901, 1.2342072
2.858673, -9.364914, 1.2186432
2.8515015, -9.418793, 1.2246399
2.8921967, -9.463089, 1.2006989
2.9388885, -9.482239, 1.1994934
2.9328918, -9.52533, 1.1707611
2.9664154, -9.530121, 1.1911163
2.984375, -9.528915, 1.1635895
2.991562, -9.50618, 1.1827393
2.9795837, -9.483429, 1.2054749
3.0298615, -9.460693, 1.1755524
3.0190887, -9.392456, 1.1647797
3.0214844, -9.297882, 1.1372528
3.0131073, -9.239227, 1.1288605
3.0178986, -9.245209, 1.1348572
2.9736023, -9.283524, 1.0797882
2.9496613, -9.297882, 1.0845795
2.980774, -9.350555, 1.0546417
2.996338, -9.385269, 1.083374
2.9855652, -9.436752, 1.0259094
2.9867706, -9.490616, 0.99838257
3.0298615, -9.56723, 0.9576874
3.063385, -9.576813, 0.92655945
3.0430298, -9.595963, 0.9038086
3.0454254, -9.635468, 0.90501404
3.0334473, -9.645035, 0.8164215
3.008316, -9.625885, 0.81762695
3.0214844, -9.630676, 0.77812195
2.9424744, -9.653427, 0.75057983
2.8933868, -9.64743, 0.76016235
2.9017792, -9.5564575, 0.68833923
2.8622742, -9.44632, 0.6488342
2.8491058, -9.433151, 0.6248932
2.8694458, -9.376892, 0.588974
2.850296, -9.314636, 0.6069336
2.857483, -9.364914, 0.53749084
2.8622742, -9.394852, 0.4908142
2.8550873, -9.363724, 0.47644043
2.9161377, -9.394852, 0.48243713
2.9496613, -9.405624, 0.4584961
2.9628296, -9.451111, 0.3818817
2.9508514, -9.490616, 0.37348938
2.9831696, -9.494202, 0.35194397
2.9723969, -9.500198, 0.31243896
2.9544525, -9.508575, 0.3076477
2.9640198, -9.483429, 0.27293396
2.9400787, -9.458298, 0.28012085
2.9125519, -9.464279, 0.27293396
2.8838196, -9.421188, 0.22505188
2.8538818, -9.424774, 0.19392395
2.8203735, -9.404419, 0.22505188
2.7916412, -9.40921, 0.20469666
2.7928314, -9.412811, 0.18554688
2.8000183, -9.439133, 0.2166748
2.779663, -9.447525, 0.22744751
2.7461548, -9.448715, 0.22625732
2.7664948, -9.478638, 0.22625732
2.740158, -9.501389, 0.26934814
2.7533264, -9.470261, 0.36271667
2.7664948, -9.451111, 0.36271667
2.7413635, -9.479843, 0.38786316
2.7772675, -9.48822, 0.42616272
2.7832642, -9.473862, 0.4920044
2.7856598, -9.460693, 0.5315094
2.7820587, -9.433151, 0.59495544
2.8048096, -9.433151, 0.5985565
2.8239594, -9.457092, 0.6488342
2.841919, -9.439133, 0.6871338
2.9029694, -9.415192, 0.7170563
2.896988, -9.42836, 0.6907196
2.9149475, -9.416397, 0.7481842
2.913742, -9.419983, 0.7984619
2.9700012, -9.394852, 0.83917236
2.991562, -9.355347, 0.87986755
2.975998, -9.336197, 0.9026184
2.977188, -9.336197, 0.885849
2.9951477, -9.3589325, 0.89064026
2.9975433, -9.36731, 0.925354
2.9736023, -9.457092, 0.920578
3.0011292, -9.540894, 0.9528961
3.0621796, -9.554062, 0.9576874
3.0801392, -9.5564575, 1.0079651
3.10289, -9.501389, 0.9684601
3.1220398, -9.481033, 0.9935913
3.071762, -9.451111, 1.0019684
3.0933075, -9.447525, 0.98760986
3.0980988, -9.40802, 0.9612732
3.0561981, -9.388855, 0.9924011
3.1172485, -9.366119, 1.0247192
3.0765533, -9.34697, 1.028305
3.0490112, -9.339783, 1.004364
3.0861206, -9.370911, 0.9816284
3.0645752, -9.372101, 1.0091553
3.078949, -9.378082, 0.9816284
3.0825348, -9.387665, 0.9576874
3.0777435, -9.40921, 0.98760986
3.0729523, -9.430756, 0.95529175
3.0980988, -9.448715, 0.90859985
3.087326, -9.44632, 0.90859985
3.0107117, -9.4379425, 0.9109955
3.0047302, -9.433151, 0.8822632
2.9783936, -9.40921, 0.8930359
2.9676056, -9.411606, 0.84036255
2.9197235, -9.394852, 0.85113525
2.8957825, -9.380478, 0.8607178
2.8826141, -9.40921, 0.78889465
2.858673, -9.42598, 0.7481842
2.8526917, -9.4379425, 0.7577667
2.857483, -9.42717, 0.77093506
2.8275452, -9.457092, 0.7374115
2.8155823, -9.490616, 0.74220276
2.8143768, -9.534912, 0.7266388
2.8059998, -9.527725, 0.683548
2.7904358, -9.540894, 0.6548157
2.774887, -9.520538, 0.6655884
2.802414, -9.509766, 0.6763611
2.762909, -9.484634, 0.67396545
2.7617188, -9.464279, 0.6715698
2.7341766, -9.44632, 0.6584015
2.6886902, -9.451111, 0.67277527
2.676712, -9.447525, 0.628479
2.724594, -9.460693, 0.62249756
2.7545319, -9.433151, 0.64404297
2.7377625, -9.436752, 0.6380615
2.7066498, -9.467865, 0.66677856
2.731781, -9.458298, 0.67277527
2.7461548, -9.472656, 0.66677856
2.779663, -9.457092, 0.6907196
2.7640991, -9.481033, 0.6967163
2.774887, -9.463089, 0.7086792
2.7820587, -9.449921, 0.72424316
2.7964325, -9.459488, 0.77812195
2.771286, -9.436752, 0.7972717
2.779663, -9.40802, 0.8152313
2.819168, -9.42717, 0.8714905
2.802414, -9.422379, 0.8643036
2.8778229, -9.42717, 0.88345337
2.896988, -9.40802, 0.8666992
2.9269104, -9.422379, 0.90859985
2.9676056, -9.447525, 0.9337311
2.9819794, -9.448715, 0.920578
2.968811, -9.458298, 0.92774963
2.9867706, -9.445129, 0.95648193
3.0059204, -9.445129, 0.9516907
3.016693, -9.421188, 0.9516907
3.0382385, -9.396042, 0.98880005
3.0334473, -9.381683, 0.95529175
3.0250702, -9.379288, 0.9468994
3.047821, -9.3984375, 0.9636688
3.0693665, -9.419983, 0.94810486
3.0861206, -9.381683, 0.94091797
3.087326, -9.381683, 1.0055695
3.0980988, -9.386475, 0.99838257
3.1363983, -9.397247, 0.9433136
3.162735, -9.422379, 0.9457092
3.1340027, -9.42717, 0.92774963
3.1376038, -9.424774, 0.8954315
3.1591492, -9.411606, 0.91937256
3.1088715, -9.375687, 0.90979004
3.0849304, -9.393646, 0.8846588
3.0957031, -9.387665, 0.84754944
3.0968933, -9.397247, 0.8451538
3.0705566, -9.414001, 0.82958984
3.0645752, -9.386475, 0.7972717
3.0957031, -9.429565, 0.7661438
3.0885162, -9.439133, 0.7517853
3.075348, -9.449921, 0.72424316
3.0538025, -9.443924, 0.7266388
3.0418396, -9.449921, 0.67037964
3.078949, -9.452301, 0.6428375
3.0226746, -9.463089, 0.6488342
3.031067, -9.46907, 0.5793915
3.0226746, -9.445129, 0.5686188
3.0382385, -9.419983, 0.52552795
2.980774, -9.442734, 0.53271484
2.9676056, -9.433151, 0.53749084
2.9891663, -9.404419, 0.47045898
2.9723969, -9.406815, 0.48721313
2.9185333, -9.400833, 0.44651794
2.905365, -9.42836, 0.42616272
2.9161377, -9.430756, 0.40222168
2.8862152, -9.453506, 0.40582275
2.9161377, -9.452301, 0.40940857
2.8706512, -9.434357, 0.4046173
2.86586, -9.443924, 0.38426208
2.8323364, -9.449921, 0.33638
2.8251648, -9.451111, 0.35554504
2.7964325, -9.42717, 0.37469482
2.7928314, -9.42717, 0.37469482
2.7736816, -9.451111, 0.39624023
2.779663, -9.458298, 0.40821838
2.8131866, -9.471466, 0.43814087
2.8515015, -9.503784, 0.4189911
2.8455048, -9.454697, 0.4620819
2.8072052, -9.448715, 0.47166443
2.7808685, -9.403229, 0.52552795
2.7461548, -9.42836, 0.5195465
2.7413635, -9.402023, 0.5602417
2.7341766, -9.403229, 0.58299255
2.7772675, -9.42836, 0.62249756
2.8155823, -9.424774, 0.6404419
2.7988281, -9.42598, 0.6643982
2.8431091, -9.471466, 0.723053
2.8622742, -9.48822, 0.7194519
2.8766327, -9.521744, 0.75057983
2.917328, -9.528915, 0.7553711
2.8921967, -9.491806, 0.77093506
2.8311462, -9.461884, 0.80804443
2.841919, -9.448715, 0.80804443
2.8431091, -9.440338, 0.802063
2.8287506, -9.452301, 0.846344
2.8059998, -9.433151, 0.8607178
2.8203735, -9.441528, 0.87867737
2.8682556, -9.445129, 0.8714905
2.8526917, -9.470261, 0.88705444
2.8646698, -9.451111, 0.9433136
2.9041595, -9.471466, 0.91578674
2.8921967, -9.514557, 0.90141296
2.8598785, -9.530121, 0.92655945
2.8682556, -9.509766, 0.9133911
2.889801, -9.466675, 0.9038086
2.8455048, -9.467865, 0.9528961
2.8562775, -9.461884, 0.94091797
2.896988, -9.48822, 0.9756317
2.8838196, -9.459488, 0.9516907
2.8622742, -9.460693, 0.8930359
2.8311462, -9.442734, 0.95529175
2.8634644, -9.387665, 0.94451904
2.8694458, -9.386475, 0.9325409
2.8634644, -9.440338, 0.9229584
2.8790283, -9.458298, 0.90740967
2.8909912, -9.435547, 0.92655945
2.8933868, -9.424774, 0.9217682
2.8790283, -9.455902, 0.885849
2.8634644, -9.457092, 0.8846588
2.8766327, -9.481033, 0.8930359
2.8862152, -9.494202, 0.87028503
2.896988, -9.470261, 0.8535309
2.889801, -9.423584, 0.84994507
2.889801, -9.442734, 0.8714905
2.8718414, -9.452301, 0.8271942
2.857483, -9.423584, 0.82240295
2.8802185, -9.434357, 0.8152313
2.9221191, -9.476257, 0.77931213
2.9185333, -9.482239, 0.8032532
2.9089508, -9.443924, 0.80085754
2.8802185, -9.418793, 0.7757263
2.9113464, -9.416397, 0.7685394
2.898178, -9.40921, 0.75297546
2.9065552, -9.455902, 0.7457886
2.9233246, -9.443924, 0.75057983
2.9352875, -9.458298, 0.7362213
2.9149475, -9.466675, 0.76374817
2.8957825, -9.440338, 0.76016235
2.9113464, -9.445129, 0.6967163
2.9113464, -9.464279, 0.7541809
2.9352875, -9.455902, 0.7541809
2.9592285, -9.470261, 0.73262024
2.9676056, -9.459488, 0.7481842
2.929306, -9.460693, 0.74938965
2.9281158, -9.451111, 0.6967163
2.9149475, -9.439133, 0.7374115
2.898178, -9.422379, 0.74339294
2.896988, -9.42598, 0.7003021
2.929306, -9.431961, 0.73861694
2.936493, -9.431961, 0.74220276
2.9281158, -9.434357, 0.69911194
2.9317017, -9.454697, 0.69551086
2.953247, -9.439133, 0.7481842
2.936493, -9.478638, 0.72784424
2.9712067, -9.527725, 0.72065735
2.9879608, -9.513367, 0.7410126
2.9592285, -9.470261, 0.68473816
2.9005737, -9.459488, 0.683548
2.9077606, -9.440338, 0.73501587
2.86586, -9.403229, 0.723053
2.8323364, -9.3984375, 0.70269775
2.8467102, -9.412811, 0.6967163
2.8515015, -9.411606, 0.7445984
2.86586, -9.424774, 0.7050934
2.8790283, -9.473862, 0.7158661
2.8886108, -9.501389, 0.7362213
2.917328, -9.496597, 0.7338257
2.9340973, -9.520538, 0.7170563
2.9005737, -9.503784, 0.7398071
2.874237, -9.493011, 0.7302246
2.8467102, -9.467865, 0.6979065
2.8287506, -9.448715, 0.75297546
2.8251648, -9.454697, 0.7565613
2.8215637, -9.433151, 0.7302246
2.8000183, -9.411606, 0.74339294
2.8072052, -9.419983, 0.79966736
2.8407135, -9.418793, 0.77931213
2.7928314, -9.473862, 0.7697296
2.802414, -9.447525, 0.78889465
2.8754425, -9.475052, 0.8200073
2.8515015, -9.481033, 0.7745209
2.841919, -9.460693, 0.8044586
2.7844543, -9.493011, 0.786499
2.7724915, -9.473862, 0.79367065
2.8143768, -9.478638, 0.8271942
2.7916412, -9.459488, 0.8307953
2.7832642, -9.447525, 0.81881714
2.7772675, -9.455902, 0.7805023
2.7976227, -9.455902, 0.77212524
2.7880554, -9.453506, 0.8200073
2.7808685, -9.451111, 0.8056488
2.7724915, -9.453506, 0.77212524
2.774887, -9.465469, 0.83317566
2.755722, -9.460693, 0.7852936
2.7593231, -9.512161, 0.8451538
2.7664948, -9.485825, 0.8343811
2.8012085, -9.475052, 0.82121277
2.7904358, -9.484634, 0.8319855
2.826355, -9.501389, 0.85832214
2.795227, -9.472656, 0.8643036
2.795227, -9.478638, 0.8271942
2.810791, -9.482239, 0.8247986
2.8383331, -9.476257, 0.8140259
2.810791, -9.475052, 0.80804443
2.8227692, -9.458298, 0.80804443
2.7892456, -9.445129, 0.80085754
2.8012085, -9.458298, 0.79248047
2.8371277, -9.435547, 0.7948761
2.8275452, -9.431961, 0.7733307
2.8287506, -9.490616, 0.77812195
2.8610687, -9.451111, 0.7661438
2.874237, -9.461884, 0.75057983
2.8622742, -9.482239, 0.7805023
2.8826141, -9.467865, 0.786499
2.8909912, -9.455902, 0.79966736
2.8993835, -9.447525, 0.7769165
2.8670502, -9.442734, 0.7661438
2.8778229, -9.42598, 0.7733307
2.8754425, -9.44632, 0.76374817
2.9089508, -9.452301, 0.7745209
2.9125519, -9.449921, 0.7302246
2.9556427, -9.449921, 0.75297546
2.9592285, -9.465469, 0.7445984
2.9664154, -9.460693, 0.7362213
2.9304962, -9.448715, 0.7769165
2.9317017, -9.448715, 0.73861694
2.9245148, -9.410416, 0.707489
2.9281158, -9.399643, 0.76734924
2.9065552, -9.433151, 0.7481842
2.9113464, -9.414001, 0.7374115
2.9185333, -9.44632, 0.73501587
2.9161377, -9.454697, 0.68115234
2.9257202, -9.473862, 0.70628357
2.9257202, -9.470261, 0.7050934
2.913742, -9.50737, 0.7374115
2.9005737, -9.50618, 0.70988464
2.898178, -9.470261, 0.7290344
2.8598785, -9.489426, 0.7122803
2.8622742, -9.501389, 0.72424316
2.917328, -9.472656, 0.73143005
2.889801, -9.483429, 0.74220276
2.857483, -9.5169525, 0.7302246
2.8059998, -9.473862, 0.72424316
2.7688904, -9.423584, 0.7194519
2.7820587, -9.451111, 0.72784424
2.8155823, -9.460693, 0.7805023
2.834732, -9.451111, 0.75057983
2.8299408, -9.470261, 0.7457886
2.8383331, -9.48822, 0.79367065
2.7928314, -9.471466, 0.81044006
2.8119965, -9.479843, 0.802063
2.8012085, -9.530121, 0.826004
2.817978, -9.509766, 0.802063
2.8335419, -9.497803, 0.82121277
2.8215637, -9.46907, 0.8128357
2.7904358, -9.442734, 0.826004
2.747345, -9.44632, 0.8152313
2.779663, -9.445129, 0.8571167
2.7677002, -9.449921, 0.83317566
2.819168, -9.485825, 0.86190796
2.8155823, -9.46907, 0.8750763
2.8119965, -9.451111, 0.89782715
2.7976227, -9.476257, 0.8846588
2.802414, -9.458298, 0.89782715
2.8778229, -9.475052, 0.9457092
2.857483, -9.483429, 0.90979004
2.8407135, -9.451111, 0.90501404
2.8491058, -9.443924, 0.9361267
2.8610687, -9.42598, 0.9457092
2.8443146, -9.4379425, 0.91578674
2.8850098, -9.471466, 0.9229584
2.8993835, -9.459488, 0.9349365
2.8862152, -9.441528, 0.9684601
2.9281158, -9.464279, 0.9145813
2.8933868, -9.449921, 0.94810486
2.9185333, -9.459488, 0.9337311
2.9281158, -9.463089, 0.9325409
2.9089508, -9.40921, 0.9145813
2.9197235, -9.40921, 0.925354
2.9005737, -9.42836, 0.93852234
2.8933868, -9.42836, 0.90859985
2.917328, -9.441528, 0.8954315
2.917328, -9.439133, 0.8966217
2.9460602, -9.453506, 0.8535309
2.9592285, -9.449921, 0.82240295
2.9747925, -9.431961, 0.8427582
2.9723969, -9.402023, 0.8427582
2.9592285, -9.459488, 0.78289795
2.9783936, -9.433151, 0.7757263
2.9783936, -9.436752, 0.77093506
2.975998, -9.452301, 0.78289795
2.999939, -9.448715, 0.80085754
2.999939, -9.435547, 0.77093506
3.0250702, -9.42717, 0.7410126
2.9975433, -9.422379, 0.7302246
2.9831696, -9.436752, 0.7003021
3.0023346, -9.453506, 0.6967163
3.0274658, -9.42836, 0.70388794
3.020279, -9.424774, 0.68833923
3.0466156, -9.461884, 0.6715698
3.02388, -9.455902, 0.6715698
3.016693, -9.402023, 0.6907196
3.0573883, -9.453506, 0.6320648
3.0657806, -9.442734, 0.6380615
3.0346527, -9.448715, 0.6404419
3.02388, -9.442734, 0.67396545
3.0382385, -9.441528, 0.6607971
3.0286713, -9.463089, 0.66319275
3.020279, -9.429565, 0.57699585
3.0047302, -9.4379425, 0.5925598
2.9867706, -9.452301, 0.63087463
2.984375, -9.423584, 0.5997467
2.9975433, -9.44632, 0.6201019
2.9939423, -9.442734, 0.61531067
2.992752, -9.453506, 0.5973511
2.956833, -9.466675, 0.61291504
2.9460602, -9.470261, 0.61531067
2.937683, -9.458298, 0.61531067
2.929306, -9.490616, 0.61650085
2.920929, -9.449921, 0.6488342
2.9161377, -9.473862, 0.6691742
2.8850098, -9.46907, 0.64523315
2.86586, -9.453506, 0.6320648
2.9041595, -9.478638, 0.67037964
2.8957825, -9.451111, 0.7086792
2.8407135, -9.455902, 0.7050934
2.8359375, -9.481033, 0.68115234
2.8311462, -9.460693, 0.7254486
2.8119965, -9.461884, 0.7266388
2.819168, -9.445129, 0.75057983
2.8155823, -9.464279, 0.79367065
2.7916412, -9.503784, 0.76016235
2.7880554, -9.482239, 0.7685394
2.7688904, -9.493011, 0.74339294
2.7329865, -9.46907, 0.7852936
2.7437592, -9.467865, 0.78889465
2.740158, -9.490616, 0.80085754
2.7150269, -9.489426, 0.82121277
2.7449493, -9.461884, 0.8439636
2.724594, -9.481033, 0.7948761
2.7413635, -9.493011, 0.8535309
2.7222137, -9.482239, 0.83677673
2.6743164, -9.484634, 0.86909485
2.7054443, -9.470261, 0.8571167
2.6695404, -9.452301, 0.82839966
2.6874847, -9.436752, 0.87028503
2.6982727, -9.463089, 0.8846588
2.637207, -9.442734, 0.88705444
2.6455994, -9.461884, 0.8954315
2.6671448, -9.447525, 0.8774719
2.6779175, -9.453506, 0.8738861
2.6635437, -9.471466, 0.8774719
2.692276, -9.475052, 0.91218567
2.7210083, -9.459488, 0.89424133
2.7305908, -9.459488, 0.89901733
2.7210083, -9.46907, 0.9038086
2.7030487, -9.439133, 0.8954315
2.7437592, -9.42717, 0.8966217
2.7581177, -9.421188, 0.88705444
2.7018585, -9.414001, 0.85113525
2.7054443, -9.3984375, 0.8631134
2.7293854, -9.394852, 0.8355713
2.7341766, -9.433151, 0.8595123
2.7772675, -9.454697, 0.81762695
2.7581177, -9.467865, 0.8128357
2.7569275, -9.466675, 0.8427582
2.7664948, -9.454697, 0.79248047
2.8012085, -9.42836, 0.77931213
2.8036041, -9.429565, 0.7577667
2.7964325, -9.42717, 0.7852936
2.8096008, -9.42598, 0.7649536
2.8083954, -9.419983, 0.7410126
2.7724915, -9.405624, 0.7338257
2.7988281, -9.418793, 0.67396545
2.8048096, -9.418793, 0.6763611
2.771286, -9.441528, 0.70150757
2.771286, -9.442734, 0.6907196
2.795227, -9.443924, 0.66319275
2.8012085, -9.431961, 0.6368561
2.8000183, -9.440338, 0.6548157
2.8323364, -9.489426, 0.6751709
2.8826141, -9.476257, 0.6943207
2.8838196, -9.465469, 0.6488342
2.8957825, -9.392456, 0.65600586
2.917328, -9.3302, 0.6787567
2.9640198, -9.255981, 0.63327026
2.9281158, -9.228455, 0.68473816
2.8909912, -9.261963, 0.683548
2.881424, -9.306259, 0.61650085
2.8467102, -9.399643, 0.5997467
2.8167725, -9.500198, 0.6392517
2.8790283, -9.524139, 0.60572815
2.9065552, -9.52533, 0.65242004
2.9340973, -9.554062, 0.6572113
2.984375, -9.546875, 0.6500244
3.0334473, -9.482239, 0.64523315
3.0059204, -9.421188, 0.6296692
2.9281158, -9.325409, 0.65122986
2.8957825, -9.26915, 0.6691742
2.8335419, -9.291901, 0.6476288
2.8083954, -9.320633, 0.6871338
2.8072052, -9.314636, 0.70269775
2.7964325, -9.354141, 0.67277527
2.8299408, -9.46907, 0.723053
2.9077606, -9.610321, 0.73501587
2.9783936, -9.719269, 0.77212524
3.032257, -9.834183, 0.7649536
3.111267, -9.882065, 0.7852936
3.1411896, -9.92157, 0.79008484
3.1687317, -9.90361, 0.8152313
3.1124573, -9.807846, 0.84754944
3.0681763, -9.759964, 0.846344
3.0286713, -9.688141, 0.82240295
2.9831696, -9.673767, 0.78889465
2.9424744, -9.645035, 0.8140259
2.889801, -9.617508, 0.8128357
2.8921967, -9.537308, 0.83677673
2.8383331, -9.464279, 0.8032532
2.7916412, -9.414001, 0.806839
2.731781, -9.379288, 0.82958984
2.671936, -9.34697, 0.7972717
2.604889, -9.370911, 0.78889465
2.6024933, -9.455902, 0.806839
2.6396027, -9.454697, 0.7852936
2.6659393, -9.48703, 0.81881714
2.6503754, -9.435547, 0.8523407
2.6503754, -9.434357, 0.8643036
2.6755219, -9.433151, 0.9026184
2.6910858, -9.42836, 0.9109955
2.731781, -9.421188, 0.95648193
2.7617188, -9.380478, 0.9516907
2.834732, -9.393646, 0.98521423
2.8670502, -9.331406, 1.019928
2.9065552, -9.343369, 1.0761871
2.9616241, -9.397247, 1.0977478
2.9652252, -9.411606, 1.0893555
3.0382385, -9.4379425, 1.0857697
3.071762, -9.40802, 1.1587982
3.075348, -9.360138, 1.1276703
3.0849304, -9.300278, 1.1635895
3.0825348, -9.261963, 1.1683655
3.0813446, -9.287109, 1.1923065
3.1328125, -9.2883, 1.217453
3.1376038, -9.290695, 1.1983032
3.1435852, -9.276337, 1.2366028
3.142395, -9.23085, 1.2306213
3.1998444, -9.217682, 1.2198486
3.1914673, -9.228455, 1.2306213
3.210617, -9.205704, 1.2162476
3.2046356, -9.186554, 1.1707611
3.1890717, -9.202118, 1.1731567
3.2070312, -9.166199, 1.1516113
3.1854858, -9.138672, 1.1492157
3.1340027, -9.09079, 1.1073151
3.10289, -9.093185, 1.0390778
3.0621796, -9.093185, 1.074997
3.0262756, -9.10994, 1.035492
3.0502167, -9.167404, 0.96965027
3.0645752, -9.210495, 1.004364
3.0418396, -9.218872, 0.9744415
3.0190887, -9.270355, 0.98521423
2.956833, -9.252396, 0.9241638
2.9281158, -9.282318, 0.89901733
2.9221191, -9.282318, 0.8954315
2.929306, -9.277527, 0.8846588
2.9783936, -9.289505, 0.84754944
3.0190887, -9.290695, 0.87268066
2.999939, -9.260773, 0.85113525
3.0023346, -9.242813, 0.8595123
3.0142975, -9.206909, 0.81044006
2.9987335, -9.193741, 0.81163025
2.9041595, -9.156631, 0.8451538
2.9041595, -9.157822, 0.8236084
2.9197235, -9.2248535, 0.8044586
2.9185333, -9.282318, 0.75057983
2.9831696, -9.393646, 0.723053
3.016693, -9.5169525, 0.65122986
3.0681763, -9.635468, 0.6428375
3.142395, -9.768341, 0.5913696
3.2549133, -9.915588, 0.50038147
3.3722382, -10.013748, 0.46087646
3.4380798, -10.085571, 0.35673523
3.4823608, -10.08078, 0.25737
3.5075073, -10.020935, 0.118515015
3.4512482, -9.901215, -0.027526855
3.3830109, -9.708481, -0.12808228
3.344696, -9.540894, -0.27772522
3.3147736, -9.379288, -0.43215942
3.3003998, -9.242813, -0.6775665
3.241745, -9.078812, -1.8231812
3.197464, -8.882492, -5.3354797
3.2525177, -8.784332, -7.6351166
3.3459015, -8.762772, -6.8126984
3.3614655, -8.871719, -4.285614
3.3578644, -9.015366, -1.8950043
3.320755, -9.139862, -0.32920837
3.3854065, -9.255981, 0.2741394
3.4440613, -9.360138, 0.5051727
3.5326385, -9.44632, 0.72784424
3.5769348, -9.510971, 0.9241638
3.6379852, -9.558853, 1.1049194
3.6978455, -9.515747, 1.2138672
3.703827, -9.415192, 1.3287811
3.6906586, -9.275131, 1.419754
3.645172, -9.1410675, 1.5490417
3.672699, -9.01178, 1.5789795
3.7409363, -8.966278, 1.5837708
3.8007965, -8.93277, 1.4293365
3.858261, -8.850174, 1.2425842
3.9600067, -8.796295, 1.0965424
4.0569763, -8.781937, 1.1456299
4.1575317, -8.732849, 1.375473
4.340683, -8.81665, 1.632843
4.578903, -8.938751, 1.9416962
4.7895966, -9.063248, 2.2349854
5.005081, -9.214081, 2.5067291
5.173874, -9.344574, 2.6743164
5.222946, -9.42598, 2.7892456
5.0972595, -9.402023, 2.8167725
4.886566, -9.333801, 2.7617188
4.5489807, -9.184158, 2.661148
4.2006226, -9.052475, 2.434906
3.9468384, -9.010574, 2.2625275
3.901352, -9.051285, 2.091339
3.9671936, -9.144653, 1.8710632
4.021057, -9.301468, 1.7190399
4.1407776, -9.417587, 1.5825653
4.141968, -9.441528, 1.4520874
4.0821075, -9.402023, 1.395813
3.9600067, -9.3194275, 1.3287811
3.791214, -9.197327, 1.2090759
3.621231, -9.082397, 1.1551971
3.4967346, -9.005783, 1.0486603
3.4093475, -8.949524, 0.9684601
3.348297, -8.97467, 0.8379669
3.2429504, -9.002197, 0.7003021
3.1411896, -9.068039, 0.5638275
3.0190887, -9.081207, 0.43455505
2.8754425, -9.056061, 0.24420166
2.7497406, -9.099167, 0.09576416
2.6695404, -9.178177, 0.0
2.6396027, -9.282318, -0.027526855
2.7329865, -9.441528, -0.058654785
2.8119965, -9.653427, -0.025146484
2.9484558, -9.803055, -0.013168335
3.1004944, -9.953888, 0.065841675
3.229782, -10.043671, 0.09815979
3.3111877, -10.030502, 0.18196106
3.3303375, -9.934738, 0.23942566
3.3327332, -9.789886, 0.28970337
3.2860413, -9.624695, 0.3651123
3.2118225, -9.397247, 0.40582275
3.1759033, -9.2404175, 0.46566772
3.0957031, -9.132675, 0.54348755
3.0190887, -9.026138, 0.6536102
2.9508514, -8.949524, 0.72784424
2.9221191, -8.95311, 0.8056488
2.8874054, -9.03212, 0.8200073
2.8933868, -9.113525, 0.9169769
2.8957825, -9.212891, 1.0175323
2.8766327, -9.337387, 1.0175323
2.8431091, -9.436752, 1.0726013
2.795227, -9.50618, 1.1396332
2.7521362, -9.593567, 1.1791382
2.7365723, -9.668991, 1.2090759
2.724594, -9.736023, 1.2677307
2.7210083, -9.862915, 1.2916718
2.7772675, -10.007767, 1.3024445
2.8443146, -10.165787, 1.3060303
2.9113464, -10.283096, 1.3335724
3.078949, -10.366898, 1.3850403
3.2621002, -10.372879, 1.493988
3.368637, -10.25795, 1.6208801
3.4380798, -9.934738, 1.6555939
3.4249115, -9.562439, 1.7932587
3.3566742, -9.130295, 1.8387451
3.1495667, -8.732849, 1.905777
2.9304962, -8.459915, 1.9393005
2.7293854, -8.331818, 1.8997955
2.62883, -8.329422, 1.9416962
2.54982, -8.413223, 1.8602905
2.4600372, -8.638275, 1.8938141
2.4792023, -8.954315, 1.8806458
2.5067291, -9.25, 1.8794556
2.4875793, -9.521744, 1.7992401
2.5462341, -9.709686, 1.7573395
2.577362, -9.8090515, 1.663971
2.589325, -9.850937, 1.5741882
2.6108704, -9.82341, 1.4664459
2.6539764, -9.780319, 1.4161682
2.680313, -9.732437, 1.3371582
2.7377625, -9.653427, 1.2114716
2.7545319, -9.628281, 1.1611938
2.7497406, -9.569626, 1.1061249
2.699463, -9.489426, 1.0498505
2.577362, -9.442734, 1.0570374
2.4696198, -9.385269, 1.0881653
2.4049683, -9.338577, 1.0498505
2.3535004, -9.276337, 1.0414734
2.3606873, -9.238022, 1.0115509
2.3355408, -9.218872, 1.0127411
2.3666687, -9.2595825, 1.0223236
2.4181366, -9.373306, 1.0007782
2.5067291, -9.476257, 1.0366821
2.60849, -9.623489, 1.0378876
2.7533264, -9.751587, 1.0223236
2.9041595, -9.895233, 1.0857697
2.975998, -10.023331, 1.1420288
3.0825348, -10.108322, 1.1073151
3.1220398, -10.156204, 1.1168976
3.1435852, -10.15979, 1.1719666
3.1483765, -10.143036, 1.1492157
3.0980988, -10.077194, 1.1252747
3.0538025, -10.020935, 1.1492157
2.9831696, -9.974243, 1.1587982
2.9592285, -9.909607, 1.1468201
2.9317017, -9.865311, 1.1564026
2.8491058, -9.840164, 1.0929565
2.8048096, -9.826996, 1.0295105
2.8083954, -9.844955, 0.980423
2.7545319, -9.795883, 0.95529175
2.731781, -9.777924, 0.9433136
2.6827087, -9.720459, 0.91218567
2.6264343, -9.678558, 0.87268066
2.5821533, -9.682144, 0.8271942
2.4648285, -9.633072, 0.77812195
2.3930054, -9.598358, 0.77093506
2.308014, -9.539703, 0.80085754
2.221817, -9.479843, 0.7481842
2.1248474, -9.472656, 0.73861694
2.0410614, -9.439133, 0.7769165
1.9512787, -9.445129, 0.76734924
1.8746643, -9.423584, 0.79367065
1.8435364, -9.391251, 0.7984619
1.7657166, -9.394852, 0.8092346
1.742981, -9.421188, 0.8355713
1.7010803, -9.421188, 0.8427582
1.6938934, -9.454697, 0.9169769
1.7226257, -9.504974, 0.94091797
1.7322083, -9.539703, 1.0007782
1.7202301, -9.588776, 1.0187378
1.7633362, -9.674973, 1.0905609
1.7741089, -9.715668, 1.201889
1.7585449, -9.773132, 1.2425842
1.7441711, -9.821014, 1.2928619
1.7322083, -9.879669, 1.371872
1.7262268, -9.919174, 1.3898315
1.7142487, -9.976639, 1.454483
1.6651611, -10.014938, 1.4999695
1.6017151, -10.010162, 1.5358734
1.5215149, -9.9874115, 1.5909424
1.4580688, -10.006561, 1.5658112
1.3287811, -9.943115, 1.5610199
1.1923065, -9.88327, 1.5502472
1.1049194, -9.859329, 1.577774
1.0426788, -9.847351, 1.5885468
0.9971924, -9.858124, 1.5586243
0.9337311, -9.894043, 1.5658112
0.93014526, -9.914383, 1.5263062
0.9109955, -9.94072, 1.553833
0.8894501, -9.99939, 1.5550385
0.86790466, -9.974243, 1.5634155
0.881073, -10.035294, 1.5658112
0.881073, -10.071213, 1.5442657
0.8271942, -10.044876, 1.538269
0.82121277, -10.049667, 1.5873566
0.80804443, -10.046066, 1.5885468
0.7841034, -9.9874115, 1.5981293
0.75057983, -9.973053, 1.5825653
0.72784424, -9.896439, 1.5622101
0.64164734, -9.856934, 1.5765839
0.5877838, -9.821014, 1.5981293
0.55426025, -9.755173, 1.6304474
0.5195465, -9.7348175, 1.632843
0.4620819, -9.659409, 1.5909424
0.3938446, -9.652222, 1.6472168
0.38426208, -9.630676, 1.6496124
0.35794067, -9.662994, 1.6448212
0.37828064, -9.682144, 1.672348
0.42138672, -9.708481, 1.6496124
0.38905334, -9.728836, 1.6508026
0.40222168, -9.783905, 1.648407
0.46087646, -9.786301, 1.6424255
0.5051727, -9.797073, 1.6304474
0.5746155, -9.836578, 1.6304474
0.61650085, -9.892838, 1.6280518
0.6380615, -9.898834, 1.672348
0.69192505, -9.92038, 1.6651611
0.7661438, -9.900024, 1.672348
0.8152313, -9.890442, 1.7310028
0.8439636, -9.92038, 1.7094574
0.8643036, -9.916779, 1.6855164
0.925354, -9.889252, 1.6938934
0.9720459, -9.858124, 1.6807251
1.0055695, -9.876083, 1.6591797
1.043869, -9.909607, 1.6208801
1.0738068, -9.873688, 1.648407
1.1587982, -9.86171, 1.663971
1.1803436, -9.860519, 1.6675568
1.2270355, -9.873688, 1.6232758
1.2473755, -9.901215, 1.5993195
1.2629395, -9.896439, 1.6005249
1.3180084, -9.898834, 1.6017151
1.3168182, -9.923965, 1.5945435
1.3539276, -9.932343, 1.5837708
1.3934326, -9.919174, 1.5801697
1.3790588, -9.926361, 1.5706024
1.4377136, -9.933548, 1.5969391
1.4640503, -9.941925, 1.5885468
1.4820099, -9.926361, 1.6124878
1.4628601, -9.929947, 1.569397
1.4772186, -9.932343, 1.5873566
1.4879913, -9.876083, 1.6280518
1.4879913, -9.831787, 1.6268616
1.4915924, -9.799469, 1.624466
1.4568787, -9.758759, 1.6160889
1.4125824, -9.7061, 1.6400299
1.3898315, -9.653427, 1.6615753
1.3778687, -9.62709, 1.6065063
1.3503265, -9.641449, 1.632843
1.3551178, -9.645035, 1.6460114
1.3551178, -9.634262, 1.6759338
1.3539276, -9.691727, 1.6627655
1.395813, -9.758759, 1.6555939
1.4053955, -9.810242, 1.6759338
1.419754, -9.870102, 1.6531982
1.4053955, -9.94072, 1.7238312
1.4269409, -10.00177, 1.6759338
1.4568787, -9.989807, 1.6783295
1.4317322, -9.979034, 1.6927032
1.419754, -9.992203, 1.6627655
1.4161682, -9.951492, 1.6268616
1.3311768, -9.913193, 1.6292572
1.2940674, -9.831787, 1.6436157
1.241394, -9.803055, 1.624466
1.1851349, -9.761154, 1.6148834
1.1480255, -9.740814, 1.6579895
1.1372528, -9.7300415, 1.6867218
1.1456299, -9.707291, 1.6591797
1.1516113, -9.709686, 1.6376343
1.177948, -9.738419, 1.6232758
1.1970978, -9.764755, 1.5849609
1.1947021, -9.810242, 1.5550385
1.2497711, -9.835388, 1.5741882
1.1827393, -9.864105, 1.5969391
1.1719666, -9.922775, 1.6340485
1.1983032, -9.925156, 1.6304474
1.1599884, -9.904816, 1.572998
1.1432343, -9.856934, 1.5981293
1.1132965, -9.821014, 1.663971
1.0965424, -9.7743225, 1.6699524
1.0857697, -9.718063, 1.6843262
1.0702057, -9.700104, 1.6891022
1.0498505, -9.697708, 1.7130585
1.0546417, -9.685745, 1.6998901
1.0702057, -9.6905365, 1.7310028
1.0893555, -9.733627, 1.7022705
1.0462646, -9.775528, 1.6962891
1.0378876, -9.789886, 1.6867218
1.0450745, -9.871292, 1.6819305
1.0809784, -9.927551, 1.6831207
1.0941467, -9.975449, 1.6531982
1.0797882, -10.030502, 1.6508026
1.0905609, -10.034103, 1.6400299
1.1001282, -10.040085, 1.608902
1.0845795, -10.020935, 1.6280518
1.0426788, -9.995789, 1.624466
1.0414734, -9.928757, 1.6184845
1.019928, -9.900024, 1.6412201
0.964859, -9.856934, 1.6460114
0.9468994, -9.789886, 1.6531982
0.9756317, -9.770737, 1.6316528
1.0055695, -9.736023, 1.6388245
1.0175323, -9.74321, 1.6448212
1.004364, -9.76355, 1.6364441
1.0055695, -9.767151, 1.6232758
1.0450745, -9.767151, 1.6591797
1.0378876, -9.800659, 1.6160889
0.9924011, -9.800659, 1.6077118
0.9744415, -9.807846, 1.6112976
0.9636688, -9.855728, 1.5909424
0.9792328, -9.86171, 1.5658112
0.9684601, -9.895233, 1.5310974
0.9361267, -9.906006, 1.5263062
0.98760986, -9.909607, 1.4915924
0.9624634, -9.958679, 1.4844055
0.95648193, -9.922775, 1.4676514
0.9457092, -9.914383, 1.4808197
0.91937256, -9.88446, 1.4006042
0.9169769, -9.860519, 1.4042053
0.88345337, -9.828201, 1.3575134
0.81044006, -9.817429, 1.3251953
0.77093506, -9.834183, 1.3132172
0.77093506, -9.8293915, 1.3144226
0.79008484, -9.816223, 1.2737122
0.76734924, -9.80545, 1.2509766
0.74938965, -9.812637, 1.2868805
0.75057983, -9.840164, 1.2210388
0.7445984, -9.821014, 1.241394
0.76135254, -9.849747, 1.2425842
0.79367065, -9.830597, 1.1947021
0.82240295, -9.88327, 1.2773132
0.8427582, -9.90361, 1.2773132
0.83317566, -9.90361, 1.2665253
0.86909485, -9.888046, 1.2701263
0.91578674, -9.882065, 1.2581482
0.94929504, -9.901215, 1.2916718
0.980423, -9.870102, 1.3479309
0.9756317, -9.84137, 1.3551178
1.0127411, -9.832993, 1.4006042
1.0307007, -9.797073, 1.4125824
1.0067596, -9.787491, 1.4341278
1.0618286, -9.776718, 1.4520874
1.0726013, -9.76236, 1.5203247
1.0702057, -9.759964, 1.5490417
1.1156921, -9.755173, 1.5430603
1.162384, -9.753983, 1.6101074
1.1899109, -9.800659, 1.672348
1.2258301, -9.8246, 1.6950989
1.1755524, -9.830597, 1.7070618
1.1983032, -9.821014, 1.7609406
1.2485809, -9.818619, 1.7693176
1.2294159, -9.844955, 1.7729034
1.2533722, -9.838974, 1.821991
1.2593536, -9.844955, 1.8088226
1.2210388, -9.852142, 1.8351593
1.2689209, -9.806656, 1.8519135
1.2773132, -9.831787, 1.9105682
1.2521667, -9.846161, 1.8890228
1.3096313, -9.8533325, 1.8818359
1.3371582, -9.847351, 1.8734589
1.356308, -9.856934, 1.8567047
1.371872, -9.825806, 1.8351593
1.3790588, -9.865311, 1.7884674
1.3886414, -9.819824, 1.7477722
1.3922272, -9.812637, 1.7286072
1.3946228, -9.82341, 1.7142487
1.3982086, -9.798264, 1.6579895
1.371872, -9.753983, 1.6268616
1.3647003, -9.799469, 1.6196747
1.3850403, -9.7743225, 1.6148834
1.3634949, -9.7695465, 1.6041107
1.367096, -9.795883, 1.5717926
1.3874359, -9.821014, 1.5550385
1.3838501, -9.832993, 1.5921478
1.3982086, -9.828201, 1.5406647
1.4137726, -9.838974, 1.5502472
1.3706818, -9.812637, 1.5430603
1.3467407, -9.832993, 1.538269
1.3934326, -9.817429, 1.5263062
1.351532, -9.806656, 1.529892
1.3335724, -9.8090515, 1.5131378
1.3347626, -9.80426, 1.5418701
1.2785034, -9.786301, 1.529892
1.2653351, -9.72644, 1.5502472
1.2689209, -9.753983, 1.5610199
1.2402039, -9.786301, 1.5909424
1.2102661, -9.771927, 1.6112976
1.2210388, -9.782715, 1.6029205
1.2342072, -9.789886, 1.6077118
1.2246399, -9.843765, 1.6101074
1.1719666, -9.870102, 1.624466
1.1755524, -9.900024, 1.6352386
1.1911163, -9.917984, 1.6448212
1.1659698, -9.90361, 1.6735535
1.1743622, -9.894043, 1.7046661
1.162384, -9.895233, 1.7357941
1.1324615, -9.864105, 1.7441711
1.1348572, -9.840164, 1.6831207
1.1324615, -9.828201, 1.6675568
1.098938, -9.795883, 1.7178345
1.1001282, -9.777924, 1.6950989
1.0929565, -9.775528, 1.6436157
1.0785828, -9.76236, 1.6579895
1.0558472, -9.724045, 1.6795349
1.0462646, -9.767151, 1.6352386
1.0271149, -9.785095, 1.6124878
1.0486603, -9.795883, 1.6124878
1.0474701, -9.82222, 1.5753784
1.0450745, -9.864105, 1.5442657
1.0821838, -9.862915, 1.5562286
1.0845795, -9.910797, 1.514328
1.1061249, -9.913193, 1.5215149
1.1001282, -9.92157, 1.4963837
1.0809784, -9.913193, 1.4736328
1.0785828, -9.90242, 1.4520874
1.1001282, -9.909607, 1.430542
1.0821838, -9.877274, 1.435318
1.0881653, -9.862915, 1.4496918
1.1037292, -9.862915, 1.3934326
1.1109161, -9.826996, 1.3898315
1.0738068, -9.82341, 1.406601
1.0917511, -9.811432, 1.4185638
1.0953522, -9.771927, 1.406601
1.1288605, -9.792282, 1.3814545
1.1025238, -9.807846, 1.3814545
1.1001282, -9.785095, 1.4125824
1.1348572, -9.757568, 1.3623047
1.177948, -9.821014, 1.3886414
1.1731567, -9.80545, 1.391037
1.1611938, -9.821014, 1.3982086
1.1492157, -9.831787, 1.3742676
1.1587982, -9.828201, 1.3778687
1.162384, -9.836578, 1.3778687
1.1504211, -9.843765, 1.3922272
1.1468201, -9.843765, 1.3647003
1.1803436, -9.825806, 1.4185638
1.154007, -9.828201, 1.3778687
1.1683655, -9.831787, 1.3838501
1.114502, -9.831787, 1.3982086
1.1132965, -9.866501, 1.4006042
1.1551971, -9.876083, 1.375473
1.1276703, -9.870102, 1.3742676
1.1336517, -9.882065, 1.3658905
1.1516113, -9.855728, 1.3850403
1.1300659, -9.885666, 1.3407593
1.1312561, -9.852142, 1.3694763
1.162384, -9.838974, 1.3371582
1.1408386, -9.800659, 1.3335724
1.1408386, -9.806656, 1.3335724
1.1408386, -9.815033, 1.3431396
1.1611938, -9.781509, 1.335968
1.1432343, -9.757568, 1.3227997
1.1564026, -9.80426, 1.3610992
1.1599884, -9.785095, 1.3575134
1.1587982, -9.806656, 1.3682861
1.1516113, -9.8090515, 1.3419495
1.1887207, -9.817429, 1.3419495
1.1863251, -9.817429, 1.3994141
1.1647797, -9.8293915, 1.4257507
1.1719666, -9.795883, 1.3503265
1.1611938, -9.807846, 1.3431396
1.1683655, -9.838974, 1.3455353
1.1659698, -9.834183, 1.3874359
1.2222443, -9.834183, 1.4317322
1.2270355, -9.825806, 1.4365234
1.2054749, -9.8293915, 1.4484863
1.217453, -9.838974, 1.4556732
1.2773132, -9.810242, 1.4341278
1.2844849, -9.835388, 1.4736328
1.272522, -9.847351, 1.4796143
1.2952576, -9.860519, 1.4652557
1.280899, -9.871292, 1.4425049
1.3407593, -9.864105, 1.4927826
1.3527222, -9.844955, 1.490387
1.3503265, -9.838974, 1.4568787
1.3311768, -9.843765, 1.4784241
1.3491364, -9.811432, 1.470047
1.3623047, -9.798264, 1.5107422
1.3539276, -9.775528, 1.5370789
1.320404, -9.761154, 1.4868011
1.312027, -9.7444, 1.4915924
1.3012543, -9.738419, 1.5191193
1.359909, -9.737213, 1.5059509
1.3467407, -9.731232, 1.4999695
1.3575134, -9.770737, 1.4975739
1.3706818, -9.793488, 1.5047607
1.3778687, -9.812637, 1.5274963
1.3647003, -9.815033, 1.5179291
1.351532, -9.836578, 1.5167236
1.3742676, -9.888046, 1.5263062
1.3694763, -9.872498, 1.5119324
1.3682861, -9.88327, 1.4796143
1.367096, -9.855728, 1.498764
1.3419495, -9.864105, 1.5047607
1.3443451, -9.854538, 1.4879913
1.3575134, -9.859329, 1.498764
1.3215942, -9.821014, 1.4736328
1.3263855, -9.811432, 1.454483
1.3371582, -9.787491, 1.4365234
1.3299866, -9.765945, 1.4844055
1.2689209, -9.752777, 1.4808197
1.2904816, -9.757568, 1.4688416
1.2749176, -9.731232, 1.4640503
1.2665253, -9.74321, 1.4449005
1.2773132, -9.7348175, 1.470047
1.3144226, -9.747986, 1.4616547
1.3012543, -9.785095, 1.4437103
1.2689209, -9.8138275, 1.4460907
1.2952576, -9.850937, 1.470047
1.3311768, -9.858124, 1.4760284
1.3251953, -9.880875, 1.5011597
1.3287811, -9.894043, 1.4951782
1.3251953, -9.896439, 1.4712372
1.3084259, -9.898834, 1.4496918
1.3191986, -9.855728, 1.4712372
1.2761078, -9.816223, 1.4796143
1.3144226, -9.76355, 1.4580688
1.2796936, -9.755173, 1.4053955
1.2904816, -9.738419, 1.4676514
1.2485809, -9.736023, 1.454483
1.2150574, -9.713272, 1.4520874
1.2342072, -9.721649, 1.406601
1.2126617, -9.718063, 1.4437103
1.1671753, -9.756378, 1.4365234
1.1875305, -9.803055, 1.4161682
1.1755524, -9.80426, 1.4101868
1.1504211, -9.821014, 1.4676514
1.1264648, -9.862915, 1.4532776
1.1085205, -9.84256, 1.4437103
1.1085205, -9.882065, 1.459259
1.0690155, -9.928757, 1.435318
1.0821838, -9.971848, 1.474823
1.1097107, -9.970657, 1.490387
1.0929565, -9.986221, 1.493988
1.0941467, -10.01973, 1.4963837
1.0857697, -9.995789, 1.4927826
1.035492, -9.994598, 1.4496918
0.99479675, -9.956284, 1.4796143
0.93852234, -9.916779, 1.4808197
0.8666992, -9.867706, 1.4676514
0.81044006, -9.871292, 1.4520874
0.7649536, -9.818619, 1.4568787
0.73861694, -9.803055, 1.4437103
0.73501587, -9.837769, 1.4173737
0.71347046, -9.84137, 1.4341278
0.73143005, -9.844955, 1.3946228
0.7517853, -9.866501, 1.430542
0.7481842, -9.879669, 1.3898315
0.8056488, -9.937134, 1.3647003
0.79248047, -9.951492, 1.359909
0.7984619, -9.968262, 1.3287811
0.76374817, -9.994598, 1.3132172
0.7445984, -9.998184, 1.351532
0.7649536, -9.968262, 1.3072357
0.76734924, -9.949112, 1.3144226
0.74938965, -9.943115, 1.3036499
0.77812195, -9.917984, 1.2761078
0.7852936, -9.870102, 1.280899
0.83317566, -9.864105, 1.3036499
0.8595123, -9.850937, 1.2701263
0.9062042, -9.806656, 1.3000488
0.92774963, -9.771927, 1.2940674
0.9612732, -9.789886, 1.2916718
0.97802734, -9.775528, 1.3108215
1.0235138, -9.7444, 1.2785034
1.0378876, -9.761154, 1.2916718
1.0845795, -9.765945, 1.3108215
1.154007, -9.7695465, 1.3287811
1.1468201, -9.817429, 1.3299866
1.1887207, -9.835388, 1.320404
1.2545624, -9.831787, 1.3587036
1.2677307, -9.82222, 1.3814545
1.2749176, -9.837769, 1.3862457
1.3443451, -9.862915, 1.3395538
1.3994141, -9.819824, 1.371872
1.4101868, -9.8293915, 1.3982086
1.4317322, -9.803055, 1.4006042
1.470047, -9.783905, 1.3934326
1.5035553, -9.782715, 1.4042053
1.490387, -9.759964, 1.4185638
1.4975739, -9.746796, 1.4401093
1.5502472, -9.76355, 1.4029999
1.5478516, -9.758759, 1.4532776
1.529892, -9.7348175, 1.4341278
1.5442657, -9.753983, 1.3730774
1.5478516, -9.80545, 1.3682861
1.569397, -9.811432, 1.4077911
1.5658112, -9.826996, 1.3634949
1.5490417, -9.836578, 1.3467407
1.5706024, -9.846161, 1.3634949
1.5095367, -9.836578, 1.3479309
1.474823, -9.8293915, 1.3491364
1.4712372, -9.828201, 1.3395538
1.5179291, -9.816223, 1.3024445
1.4616547, -9.801865, 1.3144226
1.4616547, -9.782715, 1.3215942
1.4245453, -9.80545, 1.3180084
1.3802643, -9.794678, 1.332367
1.3742676, -9.811432, 1.3024445
1.3191986, -9.761154, 1.335968
1.3036499, -9.799469, 1.327591
1.3108215, -9.803055, 1.335968
1.2880859, -9.811432, 1.327591
1.2617493, -9.82341, 1.3682861
1.2222443, -9.812637, 1.3491364
1.1671753, -9.843765, 1.3982086
1.162384, -9.8533325, 1.3778687
1.1324615, -9.874878, 1.3838501
1.083374, -9.832993, 1.435318
1.0761871, -9.84137, 1.4233551
1.0319061, -9.836578, 1.4604645
1.0091553, -9.818619, 1.4401093
0.98880005, -9.775528, 1.4772186
0.9864044, -9.780319, 1.5095367
0.9457092, -9.803055, 1.4915924
0.94810486, -9.783905, 1.4975739
0.96606445, -9.818619, 1.4820099
0.95648193, -9.82341, 1.4628601
0.96965027, -9.819824, 1.474823
0.9720459, -9.812637, 1.5023651
0.9528961, -9.832993, 1.498764
0.9325409, -9.832993, 1.4999695
0.9516907, -9.866501, 1.498764
0.93852234, -9.901215, 1.4868011
0.90859985, -9.871292, 1.4975739
0.9038086, -9.878479, 1.4640503
0.8750763, -9.876083, 1.4018097
0.87268066, -9.865311, 1.4449005
0.8894501, -9.896439, 1.4520874
0.86790466, -9.879669, 1.430542
0.8607178, -9.867706, 1.4209595
0.8547363, -9.8688965, 1.406601
0.85113525, -9.890442, 1.4029999
0.8571167, -9.862915, 1.367096
0.87028503, -9.867706, 1.3730774
0.8666992, -9.859329, 1.3706818
0.85113525, -9.874878, 1.3467407
0.89064026, -9.86171, 1.3970184
0.88345337, -9.888046, 1.3874359
0.9133911, -9.897629, 1.3922272
0.9229584, -9.900024, 1.4018097
0.9576874, -9.888046, 1.3527222
0.96606445, -9.876083, 1.3491364
0.9911957, -9.88446, 1.3395538
0.9935913, -9.901215, 1.356308
0.9576874, -9.882065, 1.3263855
0.9624634, -9.897629, 1.3371582
0.9792328, -9.876083, 1.2988586
0.9756317, -9.88327, 1.3371582
0.95887756, -9.878479, 1.3072357
0.99838257, -9.886856, 1.3144226
1.0055695, -9.919174, 1.3239899
0.9684601, -9.907211, 1.2904816
0.9732361, -9.885666, 1.3227997
0.9924011, -9.870102, 1.280899
0.98521423, -9.888046, 1.3227997
0.96006775, -9.864105, 1.2761078
0.9421234, -9.855728, 1.2773132
0.93014526, -9.888046, 1.2904816
0.91937256, -9.859329, 1.2677307
0.87028503, -9.852142, 1.2928619
0.86790466, -9.870102, 1.2509766
0.87268066, -9.900024, 1.2473755
0.86909485, -9.878479, 1.2342072
0.8822632, -9.913193, 1.320404
0.86190796, -9.937134, 1.2796936
0.8643036, -9.925156, 1.2581482
0.8954315, -9.904816, 1.3084259
0.8738861, -9.90361, 1.280899
0.88705444, -9.891647, 1.3239899
0.8882446, -9.88446, 1.3072357
0.88705444, -9.88327, 1.327591
0.9133911, -9.84256, 1.3299866
0.925354, -9.850937, 1.356308
0.9528961, -9.811432, 1.351532
0.94451904, -9.818619, 1.3802643
0.9636688, -9.807846, 1.4221497
0.99598694, -9.807846, 1.4006042
1.0259094, -9.794678, 1.4556732
1.0630188, -9.788696, 1.4820099
1.0486603, -9.800659, 1.5287018
1.0522461, -9.838974, 1.5490417
1.0893555, -9.834183, 1.538269
1.114502, -9.850937, 1.5945435
1.1240845, -9.88327, 1.572998
1.1480255, -9.860519, 1.5885468
1.1432343, -9.9084015, 1.5957336
1.1444244, -9.894043, 1.6232758
1.1336517, -9.892838, 1.5753784
1.1049194, -9.927551, 1.6220703
1.0929565, -9.867706, 1.5945435
1.0905609, -9.909607, 1.593338
1.0582428, -9.928757, 1.593338
1.0007782, -9.913193, 1.5825653
0.9684601, -9.885666, 1.5849609
0.9576874, -9.913193, 1.6005249
0.9062042, -9.92157, 1.5466614
0.87867737, -9.886856, 1.5466614
0.88705444, -9.843765, 1.5586243
0.84994507, -9.855728, 1.5574341
0.8200073, -9.866501, 1.5287018
0.80804443, -9.865311, 1.5167236
0.79966736, -9.88327, 1.5131378
0.75057983, -9.901215, 1.4879913
0.7577667, -9.894043, 1.5466614
0.7410126, -9.933548, 1.4808197
0.77212524, -9.994598, 1.5119324
0.76016235, -9.9874115, 1.5514374
0.7194519, -9.98143, 1.5047607
0.7110748, -10.016144, 1.4963837
0.70388794, -10.047272, 1.5263062
0.68473816, -10.005371, 1.5454559
0.6787567, -9.993393, 1.5670013
0.6763611, -10.023331, 1.5406647
0.65122986, -10.012558, 1.5825653
0.68833923, -9.988617, 1.5813751
0.6859436, -9.952698, 1.5706024
0.7182617, -9.9479065, 1.6160889
0.70628357, -9.92157, 1.5801697
0.73262024, -9.891647, 1.6184845
0.73501587, -9.8533325, 1.6508026
0.73262024, -9.819824, 1.6340485
0.6895294, -9.789886, 1.6603851
0.66319275, -9.758759, 1.6579895
0.64404297, -9.782715, 1.6675568
0.6368561, -9.811432, 1.6974945
0.6404419, -9.830597, 1.7082672
0.6296692, -9.895233, 1.7010803
0.63327026, -9.946716, 1.7262268
0.65600586, -10.006561, 1.727417
0.6787567, -10.008957, 1.6855164
0.65122986, -10.043671, 1.7094574
0.6488342, -10.084381, 1.6962891
0.6643982, -10.065231, 1.7010803
0.6500244, -10.092758, 1.6795349
0.66319275, -10.153809, 1.6424255
0.6296692, -10.1454315, 1.6232758
0.59376526, -10.046066, 1.6112976
0.62368774, -10.056839, 1.5837708
0.5961609, -10.004166, 1.5442657
0.5626373, -9.934738, 1.5239105
0.61531067, -9.917984, 1.490387
0.63446045, -9.852142, 1.454483
0.6607971, -9.8138275, 1.459259
0.68833923, -9.793488, 1.4329224
0.7050934, -9.747986, 1.4616547
0.68833923, -9.7444, 1.4018097
0.7122803, -9.731232, 1.4006042
0.73501587, -9.7300415, 1.4329224
0.70988464, -9.718063, 1.375473
0.7170563, -9.715668, 1.3982086
0.73501587, -9.753983, 1.3946228
0.78170776, -9.777924, 1.3982086
0.7805023, -9.798264, 1.406601
0.83917236, -9.8090515, 1.4125824
0.9038086, -9.832993, 1.4101868
0.9684601, -9.858124, 1.3946228
0.98760986, -9.849747, 1.371872
1.0510559, -9.876083, 1.4257507
1.0917511, -9.877274, 1.4425049
1.1659698, -9.872498, 1.4437103
1.2054749, -9.876083, 1.4077911
1.2366028, -9.825806, 1.3970184
1.2916718, -9.825806, 1.4018097
1.3467407, -9.80545, 1.4173737
1.3694763, -9.746796, 1.3694763
1.3934326, -9.72644, 1.3922272
1.4652557, -9.7061, 1.4101868
1.5346832, -9.645035, 1.3706818
1.5490417, -9.623489, 1.3575134
1.5765839, -9.682144, 1.356308
1.6340485, -9.652222, 1.3706818
1.7010803, -9.661804, 1.356308
1.6831207, -9.68335, 1.3527222
1.7609406, -9.720459, 1.3587036
1.8124084, -9.721649, 1.3191986
1.8291626, -9.72525, 1.2928619
1.8686676, -9.7348175, 1.296463
1.8674774, -9.736023, 1.3299866
1.8830414, -9.703705, 1.3443451
1.9321136, -9.679764, 1.3072357
1.9524689, -9.6953125, 1.3024445
1.9931793, -9.700104, 1.3084259
2.0171204, -9.715668, 1.332367
1.9967651, -9.655823, 1.3443451
2.0494385, -9.649826, 1.3311768
2.0697937, -9.634262, 1.3239899
2.1009064, -9.587585, 1.3084259
2.091339, -9.58519, 1.2904816
2.1392212, -9.587585, 1.3180084
2.142807, -9.558853, 1.356308
2.1416168, -9.569626, 1.3395538
2.1679535, -9.561249, 1.2677307
2.1655579, -9.536102, 1.2653351
2.1176758, -9.539703, 1.2737122
2.1535797, -9.552872, 1.272522
2.1296387, -9.555252, 1.2916718
2.1284485, -9.536102, 1.2294159
2.091339, -9.56723, 1.2389984
2.091339, -9.543289, 1.2509766
2.1236572, -9.527725, 1.2066803
2.1056976, -9.5325165, 1.2126617
2.1021118, -9.545685, 1.2689209
2.1416168, -9.574417, 1.2904816
2.1296387, -9.539703, 1.2234344
2.1356354, -9.555252, 1.2461853
2.1655579, -9.5564575, 1.2892761
2.1571808, -9.539703, 1.2952576
2.1595764, -9.515747, 1.2785034
2.1751251, -9.50618, 1.2796936
2.1691437, -9.512161, 1.3024445
2.2325897, -9.490616, 1.3371582
2.21344, -9.496597, 1.3036499
2.2445679, -9.489426, 1.3610992
2.2337952, -9.482239, 1.3491364
2.252945, -9.528915, 1.3766632
2.29245, -9.555252, 1.3467407
2.2936401, -9.549271, 1.3623047
2.3104095, -9.555252, 1.3551178
2.347519, -9.621094, 1.3287811
2.3439178, -9.68335, 1.356308
2.3259735, -9.68454, 1.3479309
2.340332, -9.682144, 1.3742676
2.3451233, -9.694122, 1.332367
2.3690643, -9.661804, 1.327591
2.3762512, -9.685745, 1.3610992
2.3906097, -9.674973, 1.3491364
2.3906097, -9.648636, 1.3048401
2.402588, -9.6510315, 1.3060303
2.4253235, -9.637863, 1.327591
2.4169464, -9.645035, 1.3168182
2.4001923, -9.623489, 1.2940674
2.410965, -9.583984, 1.2581482
2.3989868, -9.575607, 1.2677307
2.3977966, -9.542084, 1.2785034
2.395401, -9.530121, 1.2210388
2.388214, -9.546875, 1.2485809
2.3690643, -9.549271, 1.2449799
2.348709, -9.520538, 1.2378082
2.3654785, -9.522934, 1.2545624
2.3738556, -9.530121, 1.2282257
2.3774414, -9.575607, 1.2102661
2.3594818, -9.573212, 1.1647797
2.4013824, -9.570816, 1.1611938
2.4145508, -9.597153, 1.1743622
2.3846283, -9.592377, 1.1492157
2.3977966, -9.587585, 1.1456299
2.4121552, -9.589981, 1.1156921
2.402588, -9.60553, 1.1456299
2.4013824, -9.588776, 1.1025238
2.403778, -9.610321, 1.1240845
2.4229279, -9.600754, 1.1492157
2.427719, -9.603149, 1.1575928
2.4756012, -9.653427, 1.2402039
2.513916, -9.648636, 1.2581482
2.5665894, -9.607925, 1.3024445
2.60849, -9.622299, 1.3694763
2.6659393, -9.609131, 1.356308
2.6946716, -9.588776, 1.367096
2.7042542, -9.56723, 1.3467407
2.735382, -9.56842, 1.3347626
2.7820587, -9.54808, 1.3503265
2.8239594, -9.503784, 1.2892761
2.8311462, -9.502594, 1.296463
2.817978, -9.4774475, 1.2856903
2.8383331, -9.478638, 1.2952576
2.8550873, -9.470261, 1.2294159
2.8515015, -9.44632, 1.1731567
2.8622742, -9.458298, 1.1216888
2.9616241, -9.502594, 1.1492157
2.9867706, -9.52533, 1.06781
3.0430298, -9.531311, 0.99957275
3.0765533, -9.522934, 0.9732361
3.1100616, -9.50618, 0.925354
3.1447906, -9.504974, 0.89901733
3.1208344, -9.538498, 0.87867737
3.1136627, -9.540894, 0.8427582
3.1411896, -9.551666, 0.77812195
3.157959, -9.554062, 0.7589569
3.1806946, -9.56842, 0.7182617
3.2130127, -9.58638, 0.707489
3.2225952, -9.615112, 0.6979065
3.241745, -9.617508, 0.6643982
3.2118225, -9.623489, 0.66200256
3.1878815, -9.641449, 0.6607971
3.1842957, -9.595963, 0.6141052
3.12323, -9.504974, 0.5638275
3.0825348, -9.493011, 0.59495544
3.0370483, -9.461884, 0.6201019
3.0023346, -9.388855, 0.5973511
2.937683, -9.364914, 0.6201019
2.9113464, -9.373306, 0.6105194
2.953247, -9.410416, 0.62249756
2.917328, -9.461884, 0.70269775
2.905365, -9.483429, 0.7158661
2.9185333, -9.526535, 0.7302246
2.898178, -9.546875, 0.74938965
2.896988, -9.560043, 0.78170776
2.8886108, -9.560043, 0.7577667
2.9041595, -9.601944, 0.81881714
2.9221191, -9.660599, 0.8379669
2.9017792, -9.668991, 0.86190796
2.8886108, -9.631866, 0.885849
2.8766327, -9.58519, 0.8894501
2.850296, -9.546875, 0.9002228
2.8131866, -9.536102, 0.9289551
2.779663, -9.485825, 1.0067596
2.6587677, -9.42836, 1.0031738
2.6000977, -9.3589325, 1.0247192
2.6216583, -9.315842, 1.1204834
2.6156616, -9.285904, 1.1480255
2.632431, -9.300278, 1.2054749
2.6755219, -9.303864, 1.2030792
2.692276, -9.301468, 1.2138672
2.7186127, -9.338577, 1.2234344
2.8036041, -9.339783, 1.201889
2.8790283, -9.402023, 1.2294159
2.9580383, -9.440338, 1.1719666
3.032257, -9.479843, 1.1492157
3.0406342, -9.521744, 1.1360474
3.0514069, -9.538498, 1.1216888
3.0657806, -9.598358, 1.0007782
3.075348, -9.657013, 0.9337311
3.0573883, -9.677368, 0.89901733
3.094513, -9.682144, 0.87628174
3.1136627, -9.666595, 0.86909485
3.1136627, -9.677368, 0.92774963
3.1567535, -9.655823, 0.92655945
3.142395, -9.62709, 0.88345337
3.1100616, -9.616318, 0.87268066
3.1435852, -9.569626, 0.8930359
3.1878815, -9.549271, 0.8666992
3.2190094, -9.510971, 0.7960663
3.1651306, -9.457092, 0.7960663
3.1759033, -9.4379425, 0.76734924
3.162735, -9.394852, 0.7122803
3.1280212, -9.354141, 0.67277527
3.075348, -9.3302, 0.6188965
3.0705566, -9.263168, 0.56144714
3.0526123, -9.202118, 0.5303192
2.9304962, -9.191345, 0.5135498
2.8538818, -9.19014, 0.41059875
2.8622742, -9.17218, 0.40582275
2.8634644, -9.218872, 0.36750793
2.857483, -9.228455, 0.34954834
2.8538818, -9.2643585, 0.33638
2.857483, -9.334991, 0.31004333
2.8299408, -9.350555, 0.2956848
2.8287506, -9.434357, 0.296875
2.8383331, -9.467865, 0.3136444
2.7820587, -9.491806, 0.3543396
2.7186127, -9.493011, 0.36392212
2.7449493, -9.509766, 0.35913086
2.7688904, -9.50618, 0.4333496
2.7222137, -9.519348, 0.4237671
2.7425537, -9.524139, 0.47883606
2.774887, -9.527725, 0.48841858
2.7293854, -9.494202, 0.5123596
2.6874847, -9.514557, 0.57699585
2.7186127, -9.551666, 0.5674286
2.711441, -9.54808, 0.55784607
2.6587677, -9.551666, 0.5913696
2.6108704, -9.5325165, 0.6488342
2.6024933, -9.502594, 0.61291504
2.534256, -9.508575, 0.62727356
2.545044, -9.484634, 0.61650085
2.5522156, -9.46907, 0.63446045
2.6024933, -9.454697, 0.6105194
2.7102356, -9.447525, 0.628479
2.7533264, -9.46907, 0.66200256
2.8096008, -9.453506, 0.6572113
2.8826141, -9.48822, 0.65242004
2.8826141, -9.48822, 0.69192505
2.905365, -9.455902, 0.7110748
2.929306, -9.423584, 0.683548
2.9149475, -9.447525, 0.667984
2.9496613, -9.466675, 0.7050934
3.0071106, -9.489426, 0.6763611
3.055008, -9.490616, 0.65600586
3.1088715, -9.50737, 0.65960693
3.150772, -9.500198, 0.6404419
3.1890717, -9.504974, 0.6607971
3.233368, -9.483429, 0.6907196
3.2441406, -9.451111, 0.7374115
3.2836456, -9.40802, 0.77812195
3.312378, -9.397247, 0.746994
3.3040009, -9.372101, 0.7697296
3.2621002, -9.337387, 0.7912903
3.2800598, -9.3302, 0.7517853
3.2740784, -9.293091, 0.7565613
3.2944183, -9.273941, 0.6787567
3.327942, -9.255981, 0.69551086
3.3878021, -9.287109, 0.7158661
3.423706, -9.302673, 0.6428375
3.4775848, -9.3589325, 0.5961609
3.569748, -9.415192, 0.57221985
3.6403809, -9.417587, 0.5303192
3.6990356, -9.442734, 0.5410919
3.739746, -9.452301, 0.54467773
3.6798859, -9.417587, 0.5051727
3.5793304, -9.384079, 0.49320984
3.4644165, -9.3302, 0.48483276
3.3566742, -9.26796, 0.46087646
3.20224, -9.184158, 0.46687317
3.0502167, -9.193741, 0.49320984
2.996338, -9.194931, 0.4740448
2.8921967, -9.1853485, 0.44891357
2.8431091, -9.214081, 0.47883606
2.7617188, -9.179367, 0.5063782
2.6432037, -9.121902, 0.51594543
2.5605927, -9.162613, 0.4620819
2.5605927, -9.222458, 0.48362732
2.568985, -9.25119, 0.5458832
2.5797577, -9.282318, 0.5817871
2.589325, -9.360138, 0.58657837
2.6264343, -9.406815, 0.5913696
2.724594, -9.452301, 0.5997467
2.8371277, -9.56723, 0.5853882
2.9185333, -9.607925, 0.5793915
2.9496613, -9.593567, 0.63087463
2.9987335, -9.579208, 0.64523315
3.0262756, -9.515747, 0.68115234
3.0933075, -9.479843, 0.74339294
3.1352081, -9.454697, 0.723053
3.1531677, -9.429565, 0.7769165
3.1052856, -9.350555, 0.80085754
3.0645752, -9.34697, 0.8319855
3.047821, -9.314636, 0.87867737
3.0226746, -9.227249, 0.87028503
2.9736023, -9.184158, 0.87867737
2.9903564, -9.218872, 0.881073
2.980774, -9.227249, 0.8954315
2.94487, -9.2799225, 0.9026184
2.9472656, -9.2799225, 0.89064026
2.9544525, -9.320633, 0.8666992
2.960434, -9.34816, 0.841568
2.9640198, -9.372101, 0.8822632
2.9831696, -9.406815, 0.90740967
3.0071106, -9.422379, 0.8930359
3.055008, -9.436752, 0.90979004
3.0741577, -9.443924, 0.91218567
3.0849304, -9.419983, 0.8714905
3.1160583, -9.402023, 0.89901733
3.166336, -9.361328, 0.8930359
3.2561188, -9.351746, 0.87986755
3.3183594, -9.327805, 0.89901733
3.3698425, -9.350555, 0.8822632
3.4404755, -9.343369, 0.846344
3.5146942, -9.327805, 0.826004
3.5637665, -9.360138, 0.81881714
3.6020813, -9.362518, 0.7876892
3.645172, -9.385269, 0.76734924
3.6978455, -9.448715, 0.74938965
3.7493134, -9.44632, 0.65960693
3.7720642, -9.48822, 0.6751709
3.7624817, -9.551666, 0.6859436
3.8031921, -9.564835, 0.68115234
3.770874, -9.546875, 0.64523315
3.7337646, -9.515747, 0.61291504
3.6750946, -9.478638, 0.5925598
3.585312, -9.412811, 0.5506592
3.4775848, -9.34697, 0.5422821
3.4512482, -9.272736, 0.51594543
3.384201, -9.233246, 0.49919128
3.3351288, -9.178177, 0.4908142
3.3375244, -9.149445, 0.46087646
3.391388, -9.176971, 0.44532776
3.430893, -9.192535, 0.44293213
3.4380798, -9.229645, 0.46447754
3.4584198, -9.294296, 0.47166443
3.4667969, -9.349365, 0.4920044
3.4177246, -9.339783, 0.44532776
3.3231506, -9.336197, 0.45610046
3.2644958, -9.351746, 0.4740448
3.2465363, -9.332596, 0.5063782
3.1615448, -9.30986, 0.5303192
3.0861206, -9.281128, 0.4800415
3.0538025, -9.254791, 0.4692688
3.0466156, -9.257187, 0.48721313
3.0178986, -9.270355, 0.5303192
3.020279, -9.284714, 0.5518646
3.035843, -9.257187, 0.5482788
3.0107117, -9.265564, 0.5530548
2.9867706, -9.281128, 0.5422821
3.0071106, -9.306259, 0.55426025
3.0071106, -9.296692, 0.55784607
2.999939, -9.315842, 0.5710144
3.0334473, -9.406815, 0.60453796
3.047821, -9.419983, 0.61172485
3.0538025, -9.422379, 0.58299255
3.0226746, -9.423584, 0.6177063
3.032257, -9.429565, 0.58299255
3.015503, -9.418793, 0.54467773
3.020279, -9.421188, 0.5925598
3.008316, -9.436752, 0.5506592
2.9783936, -9.430756, 0.5398865
2.960434, -9.4379425, 0.56622314
2.9640198, -9.464279, 0.5626373
2.9472656, -9.481033, 0.5410919
2.9149475, -9.48703, 0.5207367
2.8670502, -9.490616, 0.52433777
2.8072052, -9.472656, 0.48602295
2.810791, -9.419983, 0.48960876
2.7976227, -9.399643, 0.509964
2.7664948, -9.402023, 0.52552795
2.779663, -9.369705, 0.5279236
2.8072052, -9.327805, 0.5303192
2.8395233, -9.332596, 0.49679565
2.8778229, -9.34816, 0.52671814
2.9257202, -9.376892, 0.52911377
2.952057, -9.388855, 0.56144714
2.984375, -9.423584, 0.58418274
2.999939, -9.448715, 0.5805969
2.999939, -9.430756, 0.5973511
3.0119019, -9.44632, 0.5961609
3.0023346, -9.466675, 0.5805969
2.9783936, -9.458298, 0.6260834
2.9712067, -9.443924, 0.61650085
2.960434, -9.418793, 0.61531067
2.953247, -9.436752, 0.6141052
2.956833, -9.436752, 0.6248932
3.0142975, -9.404419, 0.6188965
3.031067, -9.399643, 0.61531067
3.031067, -9.42598, 0.67037964
3.0693665, -9.431961, 0.66200256
3.1136627, -9.430756, 0.6356659
3.1076813, -9.430756, 0.6607971
3.1004944, -9.430756, 0.6751709
3.1459808, -9.411606, 0.667984
3.1208344, -9.416397, 0.65600586
3.1328125, -9.373306, 0.62727356
3.0741577, -9.32901, 0.6368561
3.0609894, -9.284714, 0.6392517
3.0609894, -9.289505, 0.6081238
3.0490112, -9.284714, 0.5997467
3.059784, -9.294296, 0.60214233
3.0430298, -9.295486, 0.5674286
3.0921173, -9.334991, 0.5925598
3.0885162, -9.374496, 0.60572815
3.0813446, -9.405624, 0.5710144
3.0849304, -9.412811, 0.5817871
3.0921173, -9.464279, 0.549469
3.0729523, -9.453506, 0.5925598
3.0681763, -9.454697, 0.55545044
3.087326, -9.4379425, 0.57580566
3.0657806, -9.464279, 0.5817871
3.0585938, -9.422379, 0.52194214
3.0669708, -9.421188, 0.5793915
3.0765533, -9.368515, 0.54707336
3.0693665, -9.374496, 0.5518646
3.0609894, -9.349365, 0.55426025
3.02388, -9.303864, 0.57221985
3.0107117, -9.31105, 0.55784607
2.999939, -9.336197, 0.59495544
3.0286713, -9.3194275, 0.5997467
3.0142975, -9.3194275, 0.60214233
3.035843, -9.31105, 0.61650085
3.04422, -9.320633, 0.58657837
3.0514069, -9.308655, 0.62727356
3.0274658, -9.315842, 0.6320648
3.0657806, -9.34816, 0.6356659
3.0741577, -9.32901, 0.67396545
3.126831, -9.284714, 0.6296692
3.1340027, -9.2883, 0.65600586
3.1615448, -9.303864, 0.6871338
3.1890717, -9.278732, 0.69551086
3.221405, -9.291901, 0.70388794
3.2381592, -9.275131, 0.7194519
3.2273865, -9.285904, 0.6871338
3.2225952, -9.317032, 0.7170563
3.2513275, -9.351746, 0.74220276
3.272873, -9.392456, 0.69311523
3.2872314, -9.411606, 0.6643982
3.3003998, -9.460693, 0.6476288
3.2980194, -9.50737, 0.6320648
3.313568, -9.510971, 0.61172485
3.288437, -9.509766, 0.6188965
3.2585144, -9.471466, 0.5853882
3.2393494, -9.48822, 0.5482788
3.2082367, -9.435547, 0.57580566
3.2094269, -9.381683, 0.52194214
3.193863, -9.394852, 0.55545044
3.1591492, -9.350555, 0.49320984
3.114853, -9.34697, 0.5027771
3.118454, -9.308655, 0.48243713
3.0921173, -9.326614, 0.43814087
3.0968933, -9.338577, 0.4584961
3.0861206, -9.3589325, 0.44532776
3.1076813, -9.360138, 0.4297638
3.083725, -9.400833, 0.4189911
3.0849304, -9.411606, 0.40582275
3.0825348, -9.402023, 0.38905334
3.0801392, -9.424774, 0.37109375
3.078949, -9.40802, 0.36871338
3.071762, -9.410416, 0.39982605
3.083725, -9.417587, 0.39863586
3.0933075, -9.393646, 0.38546753
3.0957031, -9.386475, 0.38067627
3.0609894, -9.393646, 0.39982605
3.0585938, -9.386475, 0.3543396
3.0526123, -9.3589325, 0.40582275
3.0430298, -9.34816, 0.40940857
3.0298615, -9.360138, 0.38786316
3.0538025, -9.361328, 0.4225769
3.0526123, -9.369705, 0.3866577
3.1004944, -9.399643, 0.3866577
3.10289, -9.399643, 0.41778564
3.0921173, -9.363724, 0.42497253
3.083725, -9.375687, 0.44172668
3.0561981, -9.405624, 0.45370483
3.1040802, -9.397247, 0.45370483
3.1376038, -9.42598, 0.4812317
3.111267, -9.3984375, 0.4740448
3.1328125, -9.421188, 0.48841858
3.1567535, -9.384079, 0.51594543
3.1340027, -9.392456, 0.47764587
3.142395, -9.402023, 0.45010376
3.1435852, -9.442734, 0.4632721
3.1399994, -9.4379425, 0.48243713
3.138794, -9.422379, 0.49560547
3.1208344, -9.422379, 0.48721313
3.1459808, -9.423584, 0.53749084
3.1615448, -9.460693, 0.5602417
3.1495667, -9.455902, 0.533905
3.1435852, -9.423584, 0.55545044
3.1280212, -9.417587, 0.5458832
3.1220398, -9.39006, 0.5674286
3.126831, -9.364914, 0.5997467
3.111267, -9.369705, 0.5925598
3.0813446, -9.34697, 0.61650085
3.0909119, -9.333801, 0.62368774
3.1064758, -9.352951, 0.63446045
3.12323, -9.379288, 0.6093292
3.1316223, -9.396042, 0.6655884
3.150772, -9.430756, 0.66200256
3.162735, -9.441528, 0.6428375
3.1854858, -9.447525, 0.6356659
3.2201996, -9.467865, 0.6643982
3.2094269, -9.448715, 0.6380615
3.229782, -9.449921, 0.667984
3.2190094, -9.498993, 0.64523315
3.217804, -9.50737, 0.64164734
3.2201996, -9.465469, 0.6787567
3.2190094, -9.454697, 0.63446045
3.2094269, -9.459488, 0.6212921
3.1639404, -9.442734, 0.62249756
3.1531677, -9.440338, 0.61650085
3.217804, -9.406815, 0.6105194
3.197464, -9.352951, 0.5746155
3.1687317, -9.301468, 0.5913696
3.1675262, -9.299072, 0.60214233
3.1076813, -9.255981, 0.58657837
3.1040802, -9.214081, 0.55426025
3.0813446, -9.199722, 0.5973511
3.0777435, -9.235626, 0.57580566
3.10289, -9.239227, 0.54707336
3.1196442, -9.277527, 0.549469
3.1591492, -9.313446, 0.5135498
3.186676, -9.343369, 0.51594543
3.2285767, -9.388855, 0.52671814
3.2249908, -9.393646, 0.52194214
3.2345734, -9.404419, 0.4728546
3.2908325, -9.402023, 0.4812317
3.2537231, -9.384079, 0.47644043
3.2429504, -9.337387, 0.44651794
3.193863, -9.320633, 0.40940857
3.166336, -9.307465, 0.41299438
3.1567535, -9.246414, 0.40701294
3.1136627, -9.176971, 0.38786316
3.0968933, -9.166199, 0.41299438
3.0921173, -9.1805725, 0.36392212
3.0693665, -9.1853485, 0.36750793
3.0861206, -9.165009, 0.31124878
3.1220398, -9.215286, 0.30885315
3.1567535, -9.2799225, 0.3040619
3.157959, -9.318237, 0.26576233
3.1771088, -9.380478, 0.28251648
3.210617, -9.42836, 0.24780273
3.2201996, -9.465469, 0.21308899
3.2082367, -9.483429, 0.20231628
3.1603394, -9.491806, 0.17477417
3.1495667, -9.496597, 0.19752502
3.0657806, -9.471466, 0.16041565
3.0645752, -9.467865, 0.12449646
3.031067, -9.447525, 0.12928772
3.02388, -9.458298, 0.13887024
2.9975433, -9.4379425, 0.113723755
3.0142975, -9.433151, 0.14006042
3.0250702, -9.402023, 0.13168335
3.0190887, -9.340973, 0.14724731
3.0011292, -9.357742, 0.16879272
2.996338, -9.372101, 0.1149292
3.0131073, -9.3589325, 0.16879272
2.984375, -9.343369, 0.23103333
2.977188, -9.363724, 0.21907043
2.977188, -9.376892, 0.2741394
2.9879608, -9.368515, 0.26576233
2.996338, -9.370911, 0.31962585
3.008316, -9.393646, 0.40701294
3.0023346, -9.42598, 0.3938446
3.0370483, -9.454697, 0.44293213
3.0382385, -9.521744, 0.4441223
3.0693665, -9.521744, 0.44651794
3.0573883, -9.490616, 0.4908142
3.059784, -9.48703, 0.5063782
3.0526123, -9.406815, 0.5195465
3.0107117, -9.31105, 0.56503296
2.999939, -9.297882, 0.59495544
2.9891663, -9.245209, 0.5710144
2.9975433, -9.2404175, 0.5674286
3.0011292, -9.176971, 0.58299255
3.0418396, -9.161407, 0.61531067
3.1100616, -9.166199, 0.6751709
3.111267, -9.150635, 0.68115234
3.1447906, -9.184158, 0.69911194
3.221405, -9.217682, 0.7290344
3.28125, -9.254791, 0.72784424
3.3327332, -9.2643585, 0.7912903
3.348297, -9.3194275, 0.77093506
3.4249115, -9.345764, 0.7948761
3.4727936, -9.384079, 0.84754944
3.5278625, -9.42717, 0.80804443
3.5434113, -9.4379425, 0.8307953
3.5386353, -9.419983, 0.8846588
3.5541992, -9.392456, 0.8559265
3.5996857, -9.417587, 0.8666992
3.6308136, -9.412811, 0.8523407
3.643982, -9.405624, 0.8631134
3.6475677, -9.40802, 0.8523407
3.6164398, -9.363724, 0.8523407
3.6272125, -9.378082, 0.8056488
3.5901031, -9.343369, 0.7841034
3.5529938, -9.3302, 0.7541809
3.5110931, -9.263168, 0.65600586
3.4440613, -9.228455, 0.65600586
3.3770142, -9.227249, 0.6392517
3.3530731, -9.226059, 0.58657837
3.348297, -9.160217, 0.51116943
3.2764587, -9.165009, 0.549469
3.2872314, -9.194931, 0.52671814
3.2621002, -9.196121, 0.4728546
3.2680817, -9.236832, 0.43095398
3.2956238, -9.246414, 0.39265442
3.296814, -9.30986, 0.38786316
3.288437, -9.339783, 0.35913086
3.3399048, -9.354141, 0.33998108
3.3901825, -9.380478, 0.34835815
3.3375244, -9.369705, 0.375885
3.3662415, -9.360138, 0.35673523
3.3782196, -9.331406, 0.38426208
3.367447, -9.303864, 0.35794067
3.3650513, -9.289505, 0.34596252
3.367447, -9.284714, 0.36990356
3.3614655, -9.2799225, 0.39743042
3.3937836, -9.252396, 0.4237671
3.3566742, -9.2595825, 0.40222168
3.3782196, -9.26796, 0.43095398
3.415329, -9.295486, 0.44770813
3.463211, -9.303864, 0.40582275
3.447647, -9.293091, 0.42138672
3.4560242, -9.299072, 0.42497253
3.4847565, -9.290695, 0.37948608
3.4524384, -9.300278, 0.3830719
3.4380798, -9.315842, 0.40222168
3.430893, -9.306259, 0.375885
3.4045563, -9.294296, 0.36032104
3.3746338, -9.255981, 0.32681274
3.3626556, -9.282318, 0.2956848
3.3327332, -9.325409, 0.25737
3.3542786, -9.352951, 0.27293396
3.3566742, -9.362518, 0.20350647
3.3590698, -9.404419, 0.18315125
3.3865967, -9.42836, 0.16998291
3.3698425, -9.4379425, 0.106536865
3.3901825, -9.451111, 0.068237305
3.36026, -9.454697, -0.022750854
3.3183594, -9.496597, -0.1197052
3.3183594, -9.533707, -0.17118835
3.3147736, -9.500198, -0.24301147
3.2597046, -9.528915, -0.36032104
3.197464, -9.483429, -0.5973511
3.0729523, -9.459488, -1.0175323
2.8526917, -9.399643, -2.1763306
2.5163116, -9.300278, -3.5877075
2.1535797, -9.182968, -4.2437286
1.9740143, -9.132675, -3.7134094
2.072174, -9.257187, -2.5953217
2.3977966, -9.4774475, -1.5526428
2.7293854, -9.6642, -0.8247986
2.9496613, -9.768341, -0.42616272
3.063385, -9.757568, -0.1879425
3.154358, -9.751587, -0.07421875
3.2465363, -9.767151, 0.09815979
3.308792, -9.703705, 0.20350647
3.3710327, -9.624695, 0.36990356
3.406952, -9.536102, 0.46806335
3.3219604, -9.396042, 0.52911377
3.2752686, -9.246414, 0.5530548
3.1615448, -9.119507, 0.58657837
3.047821, -9.010574, 0.65122986
2.9664154, -8.905228, 0.6572113
2.8850098, -8.886078, 0.6715698
2.8036041, -8.898056, 0.7170563
2.8059998, -8.968674, 0.70628357
2.8167725, -9.078812, 0.7661438
2.898178, -9.168594, 0.7769165
2.9496613, -9.32901, 0.802063
3.0059204, -9.452301, 0.8092346
3.0861206, -9.573212, 0.8044586
3.094513, -9.68335, 0.841568
3.087326, -9.691727, 0.8571167
3.0741577, -9.701309, 0.90740967
3.0274658, -9.6905365, 0.89782715
2.956833, -9.617508, 0.9337311
2.8993835, -9.530121, 0.96725464
2.834732, -9.445129, 0.98402405
2.8443146, -9.363724, 1.0055695
2.8227692, -9.296692, 1.0079651
2.889801, -9.273941, 1.035492
2.9640198, -9.295486, 1.0654144
3.075348, -9.31105, 1.0869751
3.1639404, -9.301468, 1.0666199
3.1962585, -9.277527, 1.0726013
3.2166138, -9.30986, 1.0821838
3.1950684, -9.26915, 1.0522461
3.1555634, -9.235626, 1.1025238
3.1172485, -9.191345, 1.1396332
3.0861206, -9.176971, 1.0714111
3.0490112, -9.157822, 1.098938
3.0490112, -9.126694, 1.0785828
3.071762, -9.142258, 1.043869
3.0621796, -9.150635, 1.0426788
3.0765533, -9.15303, 1.0486603
3.1280212, -9.178177, 1.0115509
3.1699219, -9.154236, 1.0307007
3.1986542, -9.15184, 1.0426788
3.2477417, -9.148239, 0.97802734
3.248932, -9.15303, 0.97683716
3.2836456, -9.173386, 0.99479675
3.2752686, -9.143463, 1.0019684
3.2549133, -9.139862, 0.9924011
3.2704773, -9.192535, 0.9720459
3.3339233, -9.216476, 0.9468994
3.3710327, -9.229645, 0.94929504
3.4189148, -9.241623, 0.9217682
3.4416656, -9.260773, 0.90979004
3.4715881, -9.272736, 0.8918457
3.5290527, -9.32901, 0.8882446
3.5505981, -9.36731, 0.8307953
3.5948944, -9.334991, 0.826004
3.6164398, -9.325409, 0.8092346
3.6068573, -9.303864, 0.762558
3.5841217, -9.31105, 0.73143005
3.5829163, -9.297882, 0.7086792
3.581726, -9.283524, 0.6895294
3.6080627, -9.254791, 0.6715698
3.5996857, -9.276337, 0.5997467
3.5769348, -9.287109, 0.6177063
3.581726, -9.261963, 0.5805969
3.6236267, -9.266754, 0.5303192
3.6272125, -9.2799225, 0.5135498
3.6176453, -9.307465, 0.47045898
3.6068573, -9.315842, 0.42616272
3.6008759, -9.31105, 0.41778564
3.6140442, -9.2883, 0.35794067
3.6104584, -9.2799225, 0.31723022
3.5984802, -9.284714, 0.3040619
3.605667, -9.272736, 0.23582458
3.5960846, -9.26796, 0.2454071
3.5446167, -9.255981, 0.18435669
3.5242615, -9.241623, 0.13887024
3.5218658, -9.236832, 0.12928772
3.5158844, -9.245209, 0.106536865
3.5003204, -9.235626, 0.068237305
3.5194702, -9.227249, 0.0023956299
3.5218658, -9.236832, -0.010772705
3.4931335, -9.235626, 0.0023956299
3.4799652, -9.23204, -0.03352356
3.4751892, -9.228455, -0.084991455
3.478775, -9.226059, -0.0861969
3.454834, -9.226059, -0.034713745
3.4488525, -9.265564, -0.09336853
3.4488525, -9.271545, -0.10055542
3.4715881, -9.248795, -0.070632935
3.4584198, -9.261963, -0.075424194
3.4512482, -9.258377, -0.05506897
3.430893, -9.296692, -0.05027771
3.406952, -9.302673, -0.046691895
3.415329, -9.273941, -0.096969604
3.36026, -9.290695, -0.05027771
3.3566742, -9.25, 0.0047912598
3.3063965, -9.263168, 0.025146484
3.2740784, -9.255981, -0.010772705
3.2740784, -9.272736, 0.049087524
3.257309, -9.257187, 0.111328125
3.2309723, -9.246414, 0.120910645
3.2788544, -9.26915, 0.14724731
3.28125, -9.312241, 0.16400146
3.2668915, -9.303864, 0.16160583
3.2872314, -9.339783, 0.19992065
3.3027954, -9.355347, 0.22625732
3.3219604, -9.352951, 0.24420166
3.313568, -9.369705, 0.2561798
3.3255463, -9.370911, 0.28012085
3.351883, -9.386475, 0.29927063
3.3494873, -9.351746, 0.33398438
3.3327332, -9.327805, 0.3615265
3.3231506, -9.277527, 0.38546753
3.327942, -9.197327, 0.40701294
3.312378, -9.184158, 0.40701294
3.2824554, -9.205704, 0.44651794
3.2632904, -9.2200775, 0.45370483
3.2285767, -9.282318, 0.4333496
3.2441406, -9.324219, 0.41659546
3.2465363, -9.366119, 0.42018127
3.2872314, -9.342178, 0.4728546
3.3016052, -9.414001, 0.4740448
3.3399048, -9.417587, 0.48602295
3.3075867, -9.364914, 0.5207367
3.3003998, -9.396042, 0.49560547
3.308792, -9.393646, 0.47764587
3.296814, -9.317032, 0.46687317
3.241745, -9.290695, 0.51834106
3.2441406, -9.278732, 0.50398254
3.250122, -9.239227, 0.51594543
3.2321777, -9.2799225, 0.52194214
3.233368, -9.261963, 0.49440002
3.2345734, -9.23204, 0.52433777
3.2537231, -9.23204, 0.52194214
3.245346, -9.248795, 0.51594543
3.2525177, -9.271545, 0.5231323
3.2549133, -9.278732, 0.51834106
3.2740784, -9.245209, 0.5027771
3.2944183, -9.257187, 0.49440002
3.28125, -9.299072, 0.52911377
3.2704773, -9.300278, 0.52552795
3.2668915, -9.307465, 0.47883606
3.2920227, -9.282318, 0.45729065
3.28125, -9.296692, 0.45010376
3.2561188, -9.303864, 0.43693542
3.2992096, -9.295486, 0.43693542
3.2668915, -9.273941, 0.39144897
3.26091, -9.276337, 0.38546753
3.28125, -9.2799225, 0.3830719
3.2824554, -9.301468, 0.36990356
3.2908325, -9.266754, 0.36871338
3.2668915, -9.303864, 0.35794067
3.2920227, -9.278732, 0.3531494
3.2740784, -9.270355, 0.34954834
3.2872314, -9.2883, 0.31604004
3.3111877, -9.296692, 0.31843567
3.308792, -9.26915, 0.29328918
3.2908325, -9.293091, 0.3244171
3.3183594, -9.275131, 0.28251648
3.327942, -9.248795, 0.25737
3.3159637, -9.247604, 0.26097107
3.3351288, -9.273941, 0.25857544
3.3746338, -9.25119, 0.23103333
3.367447, -9.238022, 0.2454071
3.3734283, -9.246414, 0.22744751
3.384201, -9.252396, 0.25976562
3.4033508, -9.258377, 0.252594
3.4045563, -9.244019, 0.25857544
3.4320831, -9.241623, 0.26455688
3.430893, -9.234436, 0.27893066
3.4512482, -9.242813, 0.27293396
3.4380798, -9.273941, 0.25498962
3.4715881, -9.235626, 0.22744751
3.494339, -9.208099, 0.3148346
3.4907532, -9.192535, 0.31604004
3.4656067, -9.186554, 0.27893066
3.4895477, -9.198517, 0.30885315
3.502716, -9.17218, 0.33518982
3.5075073, -9.179367, 0.28730774
3.494339, -9.176971, 0.2741394
3.4907532, -9.19014, 0.3040619
3.4895477, -9.208099, 0.3076477
3.5374298, -9.191345, 0.34835815
3.5673676, -9.206909, 0.32321167
3.5877075, -9.216476, 0.31604004
3.580536, -9.228455, 0.3148346
3.6379852, -9.226059, 0.30645752
3.6152496, -9.239227, 0.3423767
3.6224213, -9.2404175, 0.32321167
3.6583405, -9.238022, 0.33998108
3.6499634, -9.25, 0.32681274
3.6547546, -9.246414, 0.34117126
3.6739044, -9.25, 0.36631775
3.6571503, -9.233246, 0.36271667
3.6739044, -9.23204, 0.3471527
3.6870728, -9.235626, 0.34596252
3.6786957, -9.196121, 0.31243896
3.664322, -9.212891, 0.30166626
3.6547546, -9.20929, 0.2956848
3.5984802, -9.197327, 0.28849792
3.6499634, -9.199722, 0.28370667
3.6140442, -9.203308, 0.23103333
3.6116486, -9.193741, 0.2454071
3.6188354, -9.2200775, 0.22744751
3.5984802, -9.223663, 0.23582458
3.6164398, -9.239227, 0.25737
3.566162, -9.241623, 0.20231628
3.5601807, -9.252396, 0.22865295
3.525467, -9.263168, 0.22744751
3.4644165, -9.285904, 0.15083313
3.4596252, -9.2883, 0.19033813
3.4524384, -9.317032, 0.19033813
3.415329, -9.263168, 0.18914795
3.3973694, -9.31105, 0.1771698
3.3973694, -9.364914, 0.19154358
3.3854065, -9.36731, 0.17597961
3.3662415, -9.32901, 0.13407898
3.3351288, -9.261963, 0.14364624
3.2740784, -9.2200775, 0.14364624
3.2549133, -9.23204, 0.12689209
3.2094269, -9.238022, 0.12449646
3.1806946, -9.260773, 0.106536865
3.1639404, -9.282318, 0.099365234
3.1723175, -9.289505, 0.087387085
3.1531677, -9.323029, 0.101760864
3.1447906, -9.323029, 0.11013794
3.1304169, -9.321823, 0.15441895
3.1447906, -9.320633, 0.118515015
3.1723175, -9.323029, 0.12928772
3.20224, -9.338577, 0.17477417
3.2094269, -9.307465, 0.16879272
3.210617, -9.284714, 0.20350647
3.1878815, -9.305069, 0.20469666
3.2070312, -9.312241, 0.24899292
3.2082367, -9.26796, 0.27772522
3.2010498, -9.276337, 0.3028717
3.2429504, -9.285904, 0.28849792
3.288437, -9.2643585, 0.2849121
3.3159637, -9.2883, 0.34835815
3.3231506, -9.297882, 0.33877563
3.3530731, -9.287109, 0.37109375
3.3614655, -9.299072, 0.41778564
3.3973694, -9.300278, 0.41419983
3.4105377, -9.313446, 0.375885
3.3889923, -9.295486, 0.4189911
3.3985748, -9.336197, 0.40582275
3.3901825, -9.336197, 0.3866577
3.3865967, -9.363724, 0.3938446
3.4165192, -9.342178, 0.43693542
3.384201, -9.344574, 0.41059875
3.384201, -9.352951, 0.41778564
3.3554688, -9.344574, 0.38067627
3.308792, -9.340973, 0.40821838
3.329132, -9.355347, 0.43933105
3.3159637, -9.314636, 0.42138672
3.320755, -9.306259, 0.4010315
3.3303375, -9.31105, 0.39982605
3.324356, -9.261963, 0.36871338
3.2776642, -9.275131, 0.38426208
3.288437, -9.245209, 0.3423767
3.3111877, -9.247604, 0.34835815
3.2465363, -9.266754, 0.35673523
3.2477417, -9.26796, 0.32681274
3.2190094, -9.31105, 0.32800293
3.2154083, -9.370911, 0.32681274
3.2393494, -9.366119, 0.32081604
3.2740784, -9.404419, 0.31723022
3.2632904, -9.445129, 0.31124878
3.2393494, -9.42836, 0.29328918
3.2477417, -9.454697, 0.31124878
3.2273865, -9.457092, 0.331604
3.2130127, -9.491806, 0.26815796
3.1914673, -9.527725, 0.26576233
3.1399994, -9.524139, 0.25737
3.1100616, -9.489426, 0.21188354
3.0621796, -9.414001, 0.22505188
3.0418396, -9.375687, 0.23582458
3.0131073, -9.339783, 0.2454071
2.9640198, -9.236832, 0.20469666
2.9472656, -9.210495, 0.20231628
2.9496613, -9.163803, 0.19631958
2.9125519, -9.137466, 0.2166748
2.905365, -9.166199, 0.26934814
2.9340973, -9.143463, 0.30645752
3.0023346, -9.200912, 0.28730774
3.0035248, -9.222458, 0.27053833
3.0071106, -9.287109, 0.3076477
3.0526123, -9.324219, 0.32681274
3.1064758, -9.350555, 0.31843567
3.1100616, -9.386475, 0.35554504
3.0801392, -9.430756, 0.36990356
3.099289, -9.393646, 0.37709045
3.1196442, -9.375687, 0.3543396
3.126831, -9.368515, 0.3471527
3.1172485, -9.334991, 0.41539
3.1208344, -9.295486, 0.46806335
3.1376038, -9.255981, 0.4800415
3.1399994, -9.2404175, 0.4513092
3.2082367, -9.208099, 0.43933105
3.2201996, -9.163803, 0.45010376
3.226181, -9.167404, 0.45729065
3.28125, -9.174576, 0.48483276
3.3351288, -9.168594, 0.44651794
3.3949738, -9.179367, 0.47644043
3.4177246, -9.204514, 0.47764587
3.4560242, -9.23204, 0.4584961
3.4811707, -9.260773, 0.52552795
3.5146942, -9.254791, 0.50398254
3.5218658, -9.272736, 0.45610046
3.5613708, -9.308655, 0.43574524
3.557785, -9.295486, 0.4524994
3.604477, -9.299072, 0.45489502
3.5877075, -9.349365, 0.45010376
3.585312, -9.31105, 0.41419983
3.621231, -9.313446, 0.43814087
3.5769348, -9.313446, 0.43215942
3.5913086, -9.345764, 0.41539
3.6379852, -9.380478, 0.4441223
3.624817, -9.397247, 0.41299438
3.6152496, -9.412811, 0.38067627
3.6308136, -9.392456, 0.35194397
3.5913086, -9.385269, 0.33398438
3.573349, -9.411606, 0.2956848
3.5326385, -9.400833, 0.3076477
3.502716, -9.382874, 0.26576233
3.4416656, -9.376892, 0.27772522
3.3961792, -9.34697, 0.2166748
3.3351288, -9.34697, 0.17237854
3.3387146, -9.327805, 0.17837524
3.2992096, -9.307465, 0.15083313
3.2130127, -9.317032, 0.094573975
3.2034454, -9.303864, 0.10774231
3.2046356, -9.327805, 0.10295105
3.1771088, -9.31105, 0.06942749
3.1363983, -9.313446, 0.065841675
3.1160583, -9.306259, 0.0287323
3.078949, -9.301468, 0.0574646
3.0418396, -9.295486, 0.056259155
3.0250702, -9.300278, 0.046691895
3.0142975, -9.2595825, 0.05027771
3.008316, -9.248795, 0.05506897
3.0178986, -9.248795, 0.06703186
3.020279, -9.3194275, 0.041900635
3.0107117, -9.293091, 0.0909729
3.0681763, -9.302673, 0.092178345
3.0765533, -9.283524, 0.111328125
3.063385, -9.302673, 0.1376648
3.0801392, -9.315842, 0.16758728
3.035843, -9.294296, 0.1663971
3.0502167, -9.283524, 0.22026062
3.0406342, -9.306259, 0.22744751
3.078949, -9.327805, 0.2633667
3.1256256, -9.337387, 0.31004333
3.1459808, -9.356537, 0.31124878
3.1603394, -9.360138, 0.35673523
3.2070312, -9.36731, 0.37469482
3.210617, -9.339783, 0.4010315
3.1771088, -9.332596, 0.44293213
3.1747131, -9.331406, 0.46566772
3.2082367, -9.294296, 0.48362732
3.1890717, -9.284714, 0.49320984
3.226181, -9.295486, 0.533905
3.2632904, -9.291901, 0.5626373
3.2980194, -9.306259, 0.5422821
3.3147736, -9.306259, 0.5458832
3.3494873, -9.308655, 0.5566559
3.3578644, -9.324219, 0.57341003
3.3722382, -9.2799225, 0.5710144
3.3782196, -9.271545, 0.58418274
3.3542786, -9.272736, 0.6033325
3.3494873, -9.241623, 0.61172485
3.3710327, -9.234436, 0.6368561
3.3722382, -9.26915, 0.6320648
3.4332886, -9.291901, 0.6201019
3.446457, -9.297882, 0.59495544
3.4907532, -9.305069, 0.6356659
3.5146942, -9.323029, 0.6296692
3.5206757, -9.332596, 0.5985565
3.5242615, -9.307465, 0.5925598
3.4620209, -9.283524, 0.59495544
3.4560242, -9.265564, 0.6392517
3.4284973, -9.248795, 0.63327026
3.3650513, -9.2200775, 0.5782013
3.4225159, -9.211685, 0.6141052
3.4284973, -9.198517, 0.6105194
3.4656067, -9.206909, 0.59495544
3.4667969, -9.2200775, 0.61172485
3.4524384, -9.2404175, 0.5925598
3.4847565, -9.263168, 0.56503296
3.470398, -9.23085, 0.5123596
3.4739838, -9.260773, 0.5279236
3.4524384, -9.257187, 0.48483276
3.4500427, -9.285904, 0.48841858
3.4428558, -9.291901, 0.45729065
3.4213104, -9.246414, 0.42138672
3.4452515, -9.246414, 0.38905334
3.4296875, -9.263168, 0.34835815
3.447647, -9.238022, 0.31962585
3.454834, -9.257187, 0.28370667
3.430893, -9.265564, 0.27053833
3.43927, -9.255981, 0.2753296
3.4009705, -9.242813, 0.23822021
3.384201, -9.255981, 0.15322876
3.3650513, -9.246414, 0.14364624
3.336319, -9.246414, 0.10534668
3.3231506, -9.247604, 0.082595825
3.3219604, -9.242813, 0.080200195
3.329132, -9.241623, 0.0023956299
3.348297, -9.271545, -0.008377075
3.3506927, -9.31105, -0.027526855
3.3470917, -9.303864, -0.0011901855
3.3770142, -9.290695, -0.020355225
3.367447, -9.301468, -0.03352356
3.3734283, -9.296692, -0.029922485
3.3925781, -9.255981, -0.032318115
3.3794098, -9.248795, -0.011978149
3.3985748, -9.229645, -0.034713745
3.3578644, -9.178177, 0.032318115
3.3638458, -9.191345, 0.101760864
3.3459015, -9.208099, 0.063446045
3.3818054, -9.25, 0.1197052
3.3530731, -9.307465, 0.123306274
3.3578644, -9.350555, 0.10774231
3.3626556, -9.405624, 0.18554688
3.3327332, -9.436752, 0.21188354
3.3375244, -9.44632, 0.21069336
3.344696, -9.40802, 0.2633667
3.3351288, -9.392456, 0.2561798
3.3195648, -9.379288, 0.2861023
3.3099823, -9.355347, 0.31843567
3.2668915, -9.338577, 0.31962585

