x : y : Z 
3.250122, -9.31105, 0.292099
3.2872314, -9.290695, 0.28370667
3.2585144, -9.284714, 0.27293396
3.241745, -9.303864, 0.2956848
3.2585144, -9.3194275, 0.31243896
3.2800598, -9.308655, 0.3244171
3.3040009, -9.313446, 0.35673523
3.3027954, -9.338577, 0.3818817
3.289627, -9.327805, 0.35913086
3.257309, -9.314636, 0.39144897
3.2788544, -9.307465, 0.37828064
3.2872314, -9.301468, 0.41059875
3.2788544, -9.313446, 0.39982605
3.3195648, -9.326614, 0.39863586
3.3303375, -9.299072, 0.39144897
3.312378, -9.284714, 0.39863586
3.2872314, -9.294296, 0.44651794
3.3219604, -9.26796, 0.44891357
3.3411102, -9.265564, 0.42616272
3.3470917, -9.26915, 0.39743042
3.329132, -9.2643585, 0.4118042
3.312378, -9.301468, 0.41539
3.3578644, -9.283524, 0.4225769
3.3027954, -9.297882, 0.40821838
3.344696, -9.30986, 0.40342712
3.3351288, -9.26796, 0.4118042
3.3327332, -9.283524, 0.39505005
3.3411102, -9.285904, 0.36271667
3.3590698, -9.301468, 0.36990356
3.320755, -9.290695, 0.35913086
3.3003998, -9.275131, 0.3615265
3.3171692, -9.285904, 0.36271667
3.320755, -9.300278, 0.34954834
3.3339233, -9.321823, 0.33758545
3.3159637, -9.294296, 0.3256073
3.3339233, -9.285904, 0.3148346
3.3375244, -9.299072, 0.32681274
3.2932281, -9.283524, 0.30645752
3.3171692, -9.295486, 0.31004333
3.3183594, -9.287109, 0.28251648
3.2992096, -9.271545, 0.27893066
3.272873, -9.263168, 0.28251648
3.2920227, -9.300278, 0.26216125
3.3219604, -9.263168, 0.29927063
3.2920227, -9.258377, 0.27053833
3.296814, -9.281128, 0.29447937
3.3003998, -9.291901, 0.2561798
3.324356, -9.278732, 0.24899292
3.3040009, -9.300278, 0.2633667
3.3063965, -9.289505, 0.26216125
3.296814, -9.266754, 0.26455688
3.305191, -9.3194275, 0.30645752
3.324356, -9.299072, 0.2849121
3.3016052, -9.257187, 0.26576233
3.3267365, -9.291901, 0.25378418
3.3267365, -9.289505, 0.32081604
3.3255463, -9.308655, 0.25737
3.3566742, -9.2799225, 0.2561798
3.3506927, -9.308655, 0.31962585
3.3231506, -9.281128, 0.27653503
3.3399048, -9.283524, 0.25138855
3.348297, -9.290695, 0.26934814
3.329132, -9.285904, 0.28970337
3.3411102, -9.283524, 0.2861023
3.3075867, -9.287109, 0.27893066
3.3303375, -9.282318, 0.30645752
3.324356, -9.273941, 0.25138855
3.3399048, -9.289505, 0.27174377
3.344696, -9.294296, 0.3040619
3.305191, -9.294296, 0.2956848
3.3159637, -9.265564, 0.26576233
3.3075867, -9.297882, 0.25498962
3.3016052, -9.307465, 0.2813263
3.2992096, -9.270355, 0.28970337
3.3075867, -9.283524, 0.24420166
3.2992096, -9.297882, 0.24899292
3.2824554, -9.299072, 0.24780273
3.2908325, -9.306259, 0.252594
3.312378, -9.293091, 0.24301147
3.2932281, -9.305069, 0.22265625
3.3063965, -9.302673, 0.23223877
3.2788544, -9.276337, 0.22984314
3.272873, -9.312241, 0.20829773
3.245346, -9.289505, 0.20231628
3.2764587, -9.312241, 0.21308899
3.2752686, -9.317032, 0.20350647
3.2537231, -9.317032, 0.20948792
3.2932281, -9.305069, 0.18914795
3.3040009, -9.315842, 0.19992065
3.2836456, -9.302673, 0.21069336
3.2644958, -9.296692, 0.17956543
3.265686, -9.303864, 0.23103333
3.2668915, -9.284714, 0.23703003
3.2644958, -9.313446, 0.23582458
3.2405548, -9.3194275, 0.21427917
3.250122, -9.308655, 0.24899292
3.241745, -9.318237, 0.27653503
3.2644958, -9.303864, 0.23582458
3.2465363, -9.303864, 0.22026062
3.2561188, -9.3302, 0.19631958
3.2680817, -9.305069, 0.23703003
3.245346, -9.284714, 0.23342896
3.2525177, -9.275131, 0.24780273
3.241745, -9.287109, 0.24301147
3.2668915, -9.291901, 0.27174377
3.2704773, -9.301468, 0.23223877
3.250122, -9.293091, 0.23942566
3.265686, -9.302673, 0.2741394
3.2477417, -9.296692, 0.28849792
3.2668915, -9.317032, 0.30047607
3.2752686, -9.320633, 0.26576233
3.2716827, -9.278732, 0.25019836
3.2704773, -9.283524, 0.2753296
3.2800598, -9.297882, 0.30885315
3.288437, -9.303864, 0.296875
3.2752686, -9.3194275, 0.31723022
3.312378, -9.320633, 0.2813263
3.329132, -9.314636, 0.3076477
3.348297, -9.307465, 0.27893066
3.324356, -9.326614, 0.33039856
3.324356, -9.294296, 0.32800293
3.296814, -9.281128, 0.292099
3.2513275, -9.252396, 0.26815796
3.288437, -9.293091, 0.30166626
3.2465363, -9.291901, 0.29089355
3.2716827, -9.305069, 0.29927063
3.3016052, -9.294296, 0.3028717
3.329132, -9.305069, 0.27893066
3.28125, -9.293091, 0.2813263
3.2980194, -9.334991, 0.29447937
3.2908325, -9.342178, 0.296875
3.2632904, -9.314636, 0.27772522
3.2597046, -9.30986, 0.2561798
3.2680817, -9.303864, 0.24899292
3.2716827, -9.303864, 0.27293396
3.265686, -9.305069, 0.2753296
3.3099823, -9.293091, 0.24420166
3.2704773, -9.276337, 0.27772522
3.217804, -9.285904, 0.27174377
3.2585144, -9.31105, 0.25019836
3.2249908, -9.31105, 0.25857544
3.2477417, -9.333801, 0.24420166
3.26091, -9.339783, 0.2454071
3.2225952, -9.31105, 0.27174377
3.2597046, -9.306259, 0.24420166
3.265686, -9.312241, 0.27174377
3.2477417, -9.302673, 0.24061584
3.2477417, -9.307465, 0.26455688
3.2309723, -9.315842, 0.2454071
3.2465363, -9.305069, 0.25976562
3.2752686, -9.283524, 0.29089355
3.2740784, -9.300278, 0.26455688
3.2680817, -9.294296, 0.28970337
3.2549133, -9.287109, 0.28849792
3.2740784, -9.317032, 0.27053833
3.3016052, -9.327805, 0.3136444
3.344696, -9.32901, 0.32202148
3.3099823, -9.308655, 0.32800293
3.3111877, -9.317032, 0.3040619
3.296814, -9.314636, 0.30645752
3.3506927, -9.265564, 0.33398438
3.3267365, -9.278732, 0.34835815
3.3195648, -9.314636, 0.35554504
3.296814, -9.296692, 0.39265442
3.3255463, -9.297882, 0.35554504
3.3159637, -9.30986, 0.38905334
3.324356, -9.2883, 0.39863586
3.308792, -9.313446, 0.37348938
3.3387146, -9.317032, 0.3651123
3.3375244, -9.31105, 0.40821838
3.324356, -9.312241, 0.37348938
3.348297, -9.30986, 0.38546753
3.3506927, -9.289505, 0.38546753
3.3267365, -9.295486, 0.37469482
3.3231506, -9.30986, 0.38786316
3.336319, -9.272736, 0.3866577
3.284851, -9.278732, 0.3722992
3.313568, -9.275131, 0.41299438
3.3411102, -9.283524, 0.3615265
3.324356, -9.294296, 0.40582275
3.320755, -9.302673, 0.3818817
3.3590698, -9.307465, 0.36871338
3.3662415, -9.301468, 0.37348938
3.3375244, -9.294296, 0.37709045
3.2920227, -9.291901, 0.36871338
3.308792, -9.315842, 0.36032104
3.329132, -9.30986, 0.35794067
3.3063965, -9.2799225, 0.36392212
3.3027954, -9.299072, 0.36271667
3.288437, -9.324219, 0.37948608
3.313568, -9.318237, 0.37348938
3.288437, -9.337387, 0.36871338
3.2860413, -9.306259, 0.39982605
3.2956238, -9.325409, 0.3435669
3.265686, -9.315842, 0.36271667
3.269287, -9.317032, 0.32081604
3.2525177, -9.303864, 0.32202148
3.2525177, -9.301468, 0.3471527
3.2465363, -9.296692, 0.31243896
3.2225952, -9.326614, 0.26097107
3.2381592, -9.308655, 0.35075378
3.2166138, -9.323029, 0.33039856
3.1735077, -9.307465, 0.29447937
3.2118225, -9.299072, 0.2861023
3.210617, -9.314636, 0.331604
3.1842957, -9.314636, 0.30526733
3.2345734, -9.312241, 0.25976562
3.2142181, -9.327805, 0.31243896
3.193863, -9.296692, 0.30047607
3.1878815, -9.320633, 0.27772522
3.197464, -9.331406, 0.27174377
3.2034454, -9.3302, 0.296875
3.2249908, -9.337387, 0.28251648
3.1914673, -9.339783, 0.25378418
3.1890717, -9.332596, 0.26576233
3.1986542, -9.325409, 0.25976562
3.1950684, -9.296692, 0.25976562
3.1986542, -9.323029, 0.23223877
3.2046356, -9.324219, 0.23342896
3.1998444, -9.306259, 0.28012085
3.1890717, -9.32901, 0.24061584
3.1878815, -9.306259, 0.24182129
3.1986542, -9.307465, 0.27893066
3.1890717, -9.297882, 0.2561798
3.2070312, -9.308655, 0.24301147
3.2249908, -9.317032, 0.24899292
3.226181, -9.336197, 0.2741394
3.2357635, -9.305069, 0.28730774
3.2082367, -9.296692, 0.2633667
3.2190094, -9.317032, 0.26934814
3.2632904, -9.324219, 0.25378418
3.248932, -9.303864, 0.2346344
3.2393494, -9.3194275, 0.25976562
3.2441406, -9.317032, 0.24899292
3.269287, -9.300278, 0.2633667
3.241745, -9.323029, 0.29927063
3.2860413, -9.295486, 0.24899292
3.312378, -9.294296, 0.27293396
3.3063965, -9.290695, 0.29089355
3.296814, -9.283524, 0.30526733
3.2668915, -9.287109, 0.28251648
3.296814, -9.313446, 0.27653503
3.2980194, -9.300278, 0.2849121
3.3016052, -9.293091, 0.28251648
3.2788544, -9.278732, 0.29808044
3.3219604, -9.296692, 0.3028717
3.3387146, -9.305069, 0.27653503
3.2920227, -9.307465, 0.28970337
3.3183594, -9.297882, 0.33877563
3.3387146, -9.295486, 0.29808044
3.3375244, -9.278732, 0.28730774
3.3147736, -9.255981, 0.28370667
3.320755, -9.263168, 0.3148346
3.320755, -9.294296, 0.31004333
3.2932281, -9.287109, 0.28730774
3.2920227, -9.257187, 0.32321167
3.308792, -9.284714, 0.35075378
3.3171692, -9.336197, 0.29447937
3.3183594, -9.315842, 0.3028717
3.3698425, -9.295486, 0.33518982
3.3626556, -9.339783, 0.32081604
3.336319, -9.32901, 0.31604004
3.3075867, -9.300278, 0.3148346
3.3016052, -9.300278, 0.296875
3.2860413, -9.299072, 0.3028717
3.288437, -9.297882, 0.33638
3.2776642, -9.314636, 0.32081604
3.26091, -9.325409, 0.31604004
3.2920227, -9.3302, 0.31962585
3.265686, -9.300278, 0.32321167
3.2644958, -9.31105, 0.32800293
3.2621002, -9.283524, 0.36032104
3.2273865, -9.295486, 0.35554504
3.245346, -9.293091, 0.36750793
3.2070312, -9.295486, 0.39624023
3.1998444, -9.276337, 0.37348938
3.205841, -9.285904, 0.38546753
3.2094269, -9.318237, 0.41659546
3.2321777, -9.326614, 0.42616272
3.2225952, -9.297882, 0.42138672
3.1962585, -9.315842, 0.39863586
3.2142181, -9.317032, 0.4118042
3.2549133, -9.344574, 0.4237671
3.217804, -9.344574, 0.38786316
3.2621002, -9.366119, 0.42736816
3.288437, -9.373306, 0.39982605
3.2704773, -9.32901, 0.4010315
3.289627, -9.324219, 0.44293213
3.2800598, -9.289505, 0.40222168
3.2920227, -9.236832, 0.4118042
3.289627, -9.263168, 0.44651794
3.2764587, -9.2799225, 0.4225769
3.2956238, -9.2799225, 0.4441223
3.3027954, -9.285904, 0.42018127
3.2980194, -9.313446, 0.41059875
3.2908325, -9.295486, 0.44891357
3.3147736, -9.301468, 0.44293213
3.3435059, -9.295486, 0.44770813
3.3387146, -9.324219, 0.45968628
3.3387146, -9.301468, 0.4237671
3.3794098, -9.289505, 0.44651794
3.3506927, -9.2883, 0.4405365
3.3159637, -9.273941, 0.44293213
3.3219604, -9.2799225, 0.41059875
3.3219604, -9.291901, 0.4513092
3.3303375, -9.247604, 0.45370483
3.2992096, -9.275131, 0.42736816
3.313568, -9.301468, 0.36271667
3.2992096, -9.275131, 0.35794067
3.2956238, -9.294296, 0.3423767
3.313568, -9.321823, 0.35794067
3.2992096, -9.324219, 0.3531494
3.305191, -9.323029, 0.40940857
3.2740784, -9.342178, 0.3722992
3.26091, -9.336197, 0.34954834
3.3171692, -9.32901, 0.36990356
3.3063965, -9.326614, 0.3531494
3.2872314, -9.283524, 0.31243896
3.2944183, -9.287109, 0.28849792
3.289627, -9.291901, 0.31243896
3.248932, -9.226059, 0.2741394
3.269287, -9.234436, 0.28730774
3.2740784, -9.281128, 0.30526733
3.2094269, -9.283524, 0.3040619
3.226181, -9.265564, 0.2454071
3.2285767, -9.290695, 0.19992065
3.2752686, -9.337387, 0.22146606
3.2956238, -9.333801, 0.22026062
3.3195648, -9.300278, 0.17358398
3.2680817, -9.296692, 0.15562439
3.28125, -9.30986, 0.1592102
3.257309, -9.305069, 0.16041565
3.2525177, -9.308655, 0.15441895
3.269287, -9.3302, 0.17597961
3.2932281, -9.324219, 0.13287354
3.3315277, -9.318237, 0.106536865
3.3351288, -9.336197, 0.084991455
3.28125, -9.313446, 0.096969604
3.272873, -9.3194275, 0.096969604
3.2668915, -9.313446, 0.077804565
3.2800598, -9.281128, 0.08380127
3.305191, -9.299072, 0.068237305
3.2860413, -9.294296, 0.07421875
3.2716827, -9.278732, 0.092178345
3.289627, -9.26796, 0.077804565
3.2680817, -9.282318, 0.05267334
3.3075867, -9.299072, 0.087387085
3.284851, -9.294296, 0.12449646
3.2632904, -9.284714, 0.16160583
3.2477417, -9.306259, 0.16520691
3.351883, -9.327805, 0.15441895
3.3470917, -9.349365, 0.15802002
3.329132, -9.34697, 0.21308899
3.308792, -9.370911, 0.1951294
3.2920227, -9.332596, 0.22026062
3.2680817, -9.31105, 0.252594
3.2740784, -9.336197, 0.25857544
3.2956238, -9.307465, 0.26097107
3.305191, -9.3194275, 0.2753296
3.3016052, -9.294296, 0.27893066
3.3027954, -9.314636, 0.32321167
3.3075867, -9.31105, 0.2861023
3.3171692, -9.284714, 0.31843567
3.3027954, -9.3194275, 0.29927063
3.3219604, -9.32901, 0.2753296
3.320755, -9.331406, 0.29328918
3.3147736, -9.324219, 0.30885315
3.289627, -9.339783, 0.31723022
3.2537231, -9.327805, 0.34835815
3.2525177, -9.331406, 0.31243896
3.3159637, -9.320633, 0.31843567
3.2980194, -9.327805, 0.31604004
3.3040009, -9.324219, 0.2956848
3.2944183, -9.297882, 0.30526733
3.2597046, -9.3194275, 0.28970337
3.2776642, -9.336197, 0.32800293
3.226181, -9.297882, 0.30885315
3.2429504, -9.30986, 0.34477234
3.221405, -9.342178, 0.34117126
3.205841, -9.354141, 0.36392212
3.2357635, -9.34816, 0.35913086
3.265686, -9.360138, 0.3531494
3.2776642, -9.362518, 0.37948608
3.2740784, -9.364914, 0.375885
3.2632904, -9.355347, 0.38067627
3.2561188, -9.320633, 0.38426208
3.26091, -9.318237, 0.37948608
3.2788544, -9.31105, 0.40222168
3.2465363, -9.32901, 0.39505005
3.245346, -9.331406, 0.36032104
3.2285767, -9.323029, 0.39505005
3.217804, -9.326614, 0.42616272
3.245346, -9.326614, 0.4046173
3.2309723, -9.363724, 0.4046173
3.2070312, -9.375687, 0.43215942
3.2405548, -9.368515, 0.42736816
3.2477417, -9.396042, 0.40342712
3.2345734, -9.39006, 0.41539
3.2082367, -9.373306, 0.4225769
3.186676, -9.361328, 0.4333496
3.1651306, -9.32901, 0.48483276
3.1747131, -9.331406, 0.46806335
3.1531677, -9.339783, 0.4980011
3.1220398, -9.320633, 0.5015869
3.1555634, -9.312241, 0.47045898
3.0573883, -9.317032, 0.4812317
3.055008, -9.294296, 0.53749084
3.0526123, -9.2799225, 0.5782013
3.071762, -9.303864, 0.6248932
3.0490112, -9.317032, 0.6296692
3.059784, -9.300278, 0.68473816
3.063385, -9.355347, 0.68115234
3.1411896, -9.363724, 0.723053
3.1531677, -9.375687, 0.7158661
3.138794, -9.372101, 0.7577667
3.1459808, -9.360138, 0.7565613
3.1603394, -9.369705, 0.7445984
3.1591492, -9.370911, 0.7481842
3.2034454, -9.34816, 0.77093506
3.2166138, -9.312241, 0.7841034
3.1759033, -9.320633, 0.81762695
3.1591492, -9.321823, 0.7876892
3.1459808, -9.2799225, 0.83317566
3.1519623, -9.2799225, 0.83677673
3.1531677, -9.287109, 0.82839966
3.1591492, -9.297882, 0.7948761
3.1723175, -9.3302, 0.79248047
3.1723175, -9.340973, 0.79248047
3.1328125, -9.301468, 0.75057983
3.154358, -9.325409, 0.7745209
3.205841, -9.363724, 0.77212524
3.1842957, -9.339783, 0.7110748
3.1962585, -9.342178, 0.71347046
3.1962585, -9.324219, 0.7050934
3.1819, -9.317032, 0.65960693
3.186676, -9.334991, 0.6404419
3.190277, -9.296692, 0.62727356
3.226181, -9.31105, 0.60453796
3.1747131, -9.317032, 0.5530548
3.1675262, -9.265564, 0.51116943
3.205841, -9.278732, 0.46687317
3.2010498, -9.317032, 0.4297638
3.2381592, -9.315842, 0.38546753
3.2585144, -9.334991, 0.36750793
3.2716827, -9.372101, 0.331604
3.3195648, -9.375687, 0.30047607
3.3494873, -9.385269, 0.26097107
3.312378, -9.375687, 0.19992065
3.312378, -9.324219, 0.21188354
3.3255463, -9.317032, 0.16281128
3.3219604, -9.252396, 0.13168335
3.3003998, -9.275131, 0.073028564
3.3315277, -9.253586, 0.008377075
3.3542786, -9.253586, 0.0047912598
3.3710327, -9.26915, -0.0047912598
3.3878021, -9.254791, -0.01914978
3.4009705, -9.223663, -0.0023956299
3.4129333, -9.23085, -0.04548645
3.4320831, -9.235626, -0.089782715
3.415329, -9.226059, -0.0861969
3.4165192, -9.23204, -0.10295105
3.4129333, -9.211685, -0.14245605
3.4225159, -9.222458, -0.1197052
3.3973694, -9.214081, -0.084991455
3.4296875, -9.272736, -0.05027771
3.4416656, -9.314636, -0.0909729
3.4596252, -9.338577, -0.053863525
3.4440613, -9.332596, -0.01914978
3.4045563, -9.356537, 0.013168335
3.367447, -9.334991, 0.07421875
3.3267365, -9.318237, 0.11730957
3.3399048, -9.307465, 0.16520691
3.320755, -9.2799225, 0.23342896
3.3027954, -9.2883, 0.2561798
3.2788544, -9.278732, 0.26455688
3.245346, -9.323029, 0.29927063
3.2345734, -9.320633, 0.35913086
3.2094269, -9.295486, 0.33758545
3.190277, -9.3194275, 0.4118042
3.1723175, -9.340973, 0.39624023
3.1819, -9.364914, 0.41299438
3.217804, -9.368515, 0.4524994
3.2201996, -9.378082, 0.47883606
3.1567535, -9.382874, 0.45010376
3.1675262, -9.411606, 0.45729065
3.190277, -9.399643, 0.5351105
3.1399994, -9.385269, 0.54348755
3.094513, -9.366119, 0.5602417
3.083725, -9.387665, 0.5506592
3.059784, -9.369705, 0.54467773
3.039444, -9.360138, 0.54467773
3.0071106, -9.354141, 0.54348755
2.9795837, -9.370911, 0.5518646
2.94487, -9.369705, 0.57221985
2.9317017, -9.364914, 0.588974
2.937683, -9.386475, 0.5506592
2.9580383, -9.388855, 0.53630066
2.9712067, -9.374496, 0.5351105
2.9712067, -9.39006, 0.5686188
2.992752, -9.400833, 0.5506592
2.9676056, -9.404419, 0.5566559
2.94487, -9.388855, 0.53271484
2.9436646, -9.392456, 0.57221985
2.9508514, -9.374496, 0.5793915
2.9712067, -9.387665, 0.5877838
2.9388885, -9.393646, 0.55784607
2.9352875, -9.403229, 0.55545044
2.8826141, -9.418793, 0.5925598
2.8730469, -9.382874, 0.5482788
2.8598785, -9.397247, 0.5590515
2.8203735, -9.42717, 0.6093292
2.8862152, -9.430756, 0.5877838
2.881424, -9.435547, 0.59495544
2.8862152, -9.42598, 0.628479
2.8850098, -9.410416, 0.59495544
2.8874054, -9.381683, 0.61291504
2.9029694, -9.350555, 0.6392517
2.9149475, -9.352951, 0.6584015
2.913742, -9.326614, 0.6548157
2.9161377, -9.2883, 0.6260834
2.9640198, -9.305069, 0.6392517
2.992752, -9.284714, 0.6392517
3.0035248, -9.276337, 0.6751709
3.0023346, -9.314636, 0.6584015
3.087326, -9.301468, 0.6751709
3.1495667, -9.327805, 0.68115234
3.1699219, -9.368515, 0.69311523
3.217804, -9.387665, 0.7110748
3.3003998, -9.440338, 0.7290344
3.3375244, -9.496597, 0.72184753
3.3901825, -9.528915, 0.7565613
3.3818054, -9.527725, 0.7194519
3.3854065, -9.513367, 0.7302246
3.3638458, -9.510971, 0.7266388
3.336319, -9.478638, 0.6979065
3.313568, -9.442734, 0.7146759
3.3111877, -9.447525, 0.6823425
3.3171692, -9.455902, 0.6823425
3.2860413, -9.424774, 0.6751709
3.3375244, -9.434357, 0.64404297
3.329132, -9.385269, 0.6488342
3.3040009, -9.354141, 0.63327026
3.2716827, -9.336197, 0.6188965
3.2285767, -9.281128, 0.6177063
3.2477417, -9.2595825, 0.6069336
3.2621002, -9.248795, 0.60572815
3.2465363, -9.222458, 0.6212921
3.2740784, -9.221268, 0.58657837
3.324356, -9.222458, 0.549469
3.3327332, -9.210495, 0.53271484
3.3698425, -9.26796, 0.47644043
3.4320831, -9.291901, 0.47883606
3.4524384, -9.30986, 0.4812317
3.4907532, -9.376892, 0.4800415
3.487152, -9.382874, 0.47883606
3.4680023, -9.356537, 0.43215942
3.4775848, -9.397247, 0.41659546
3.454834, -9.373306, 0.39624023
3.4296875, -9.36731, 0.40821838
3.4045563, -9.337387, 0.3818817
3.3806152, -9.296692, 0.34596252
3.3925781, -9.290695, 0.29808044
3.3698425, -9.260773, 0.29328918
3.3435059, -9.202118, 0.2561798
3.3003998, -9.200912, 0.22984314
3.305191, -9.226059, 0.23942566
3.2381592, -9.19014, 0.20948792
3.2405548, -9.202118, 0.16160583
3.1986542, -9.265564, 0.16520691
3.20224, -9.306259, 0.1592102
3.2166138, -9.303864, 0.118515015
3.229782, -9.343369, 0.0909729
3.205841, -9.382874, 0.044296265
3.1639404, -9.418793, 0.037109375
3.1052856, -9.42598, 0.01675415
3.0741577, -9.443924, 0.008377075
3.0657806, -9.4379425, 0.022750854
2.9951477, -9.416397, -0.008377075
2.9472656, -9.382874, -0.0059814453
2.8862152, -9.338577, -0.034713745
2.9017792, -9.325409, -0.04548645
2.8766327, -9.333801, 0.022750854
2.8371277, -9.312241, 0.025146484
2.8550873, -9.324219, 0.04309082
2.8646698, -9.3302, 0.087387085
2.8957825, -9.302673, 0.104141235
2.956833, -9.300278, 0.19871521
2.984375, -9.317032, 0.2166748
2.9795837, -9.3302, 0.28370667
2.9723969, -9.350555, 0.3256073
3.0502167, -9.349365, 0.31604004
3.0430298, -9.344574, 0.35673523
3.0657806, -9.379288, 0.4189911
3.1100616, -9.36731, 0.4728546
3.1555634, -9.340973, 0.46566772
3.197464, -9.385269, 0.49440002
3.2082367, -9.400833, 0.5422821
3.2381592, -9.422379, 0.5686188
3.2621002, -9.439133, 0.5877838
3.2908325, -9.441528, 0.6093292
3.2716827, -9.467865, 0.60214233
3.2776642, -9.443924, 0.6201019
3.2956238, -9.439133, 0.65242004
3.2800598, -9.453506, 0.6404419
3.3159637, -9.475052, 0.6392517
3.329132, -9.461884, 0.64404297
3.2860413, -9.414001, 0.6368561
3.2908325, -9.373306, 0.6296692
3.250122, -9.369705, 0.6392517
3.193863, -9.349365, 0.6548157
3.1495667, -9.306259, 0.63327026
3.1639404, -9.331406, 0.64164734
3.1483765, -9.343369, 0.61531067
3.1567535, -9.355347, 0.60214233
3.1914673, -9.380478, 0.5782013
3.1950684, -9.403229, 0.5925598
3.157959, -9.396042, 0.5746155
3.2142181, -9.441528, 0.5422821
3.1830902, -9.458298, 0.5171509
3.186676, -9.433151, 0.45968628
3.190277, -9.455902, 0.48243713
3.157959, -9.433151, 0.46566772
3.1304169, -9.392456, 0.4441223
3.1304169, -9.352951, 0.4237671
3.078949, -9.337387, 0.39505005
3.0729523, -9.3194275, 0.37709045
3.0729523, -9.336197, 0.41539
3.0502167, -9.350555, 0.36990356
3.031067, -9.332596, 0.33518982
2.9855652, -9.362518, 0.3327942
3.0047302, -9.369705, 0.34117126
2.9795837, -9.364914, 0.33877563
2.920929, -9.354141, 0.34596252
2.8694458, -9.301468, 0.3531494
2.8646698, -9.312241, 0.36631775
2.8790283, -9.31105, 0.3722992
2.8634644, -9.270355, 0.3938446
2.8682556, -9.295486, 0.43455505
2.8945923, -9.287109, 0.49679565
2.913742, -9.356537, 0.53749084
2.9197235, -9.340973, 0.54707336
2.952057, -9.361328, 0.50038147
2.9628296, -9.352951, 0.50398254
3.032257, -9.350555, 0.56622314
3.04422, -9.324219, 0.5698242
3.0573883, -9.32901, 0.5877838
3.0430298, -9.289505, 0.60453796
3.0526123, -9.25, 0.64404297
3.0980988, -9.2799225, 0.6392517
3.1160583, -9.266754, 0.6404419
3.1363983, -9.276337, 0.6572113
3.1914673, -9.241623, 0.6476288
3.2345734, -9.273941, 0.66319275
3.250122, -9.2883, 0.64523315
3.320755, -9.275131, 0.6536102
3.3470917, -9.293091, 0.6823425
3.3782196, -9.271545, 0.65122986
3.408142, -9.282318, 0.64164734
3.4296875, -9.265564, 0.63446045
3.4620209, -9.222458, 0.6476288
3.4727936, -9.228455, 0.6069336
3.4919434, -9.229645, 0.60453796
3.502716, -9.245209, 0.5913696
3.5374298, -9.233246, 0.6296692
3.5518036, -9.25, 0.5805969
3.5829163, -9.258377, 0.56622314
3.6308136, -9.283524, 0.5746155
3.6236267, -9.283524, 0.5422821
3.6427765, -9.25119, 0.52552795
3.6236267, -9.252396, 0.50756836
3.6296082, -9.241623, 0.48243713
3.6188354, -9.254791, 0.49440002
3.6547546, -9.273941, 0.42018127
3.624817, -9.248795, 0.40582275
3.6200256, -9.258377, 0.38786316
3.6008759, -9.2248535, 0.3531494
3.6236267, -9.270355, 0.31243896
3.6343994, -9.276337, 0.25498962
3.6260223, -9.257187, 0.19033813
3.633194, -9.271545, 0.16041565
3.6499634, -9.282318, 0.10295105
3.633194, -9.239227, 0.073028564
3.648758, -9.228455, 0.025146484
3.609253, -9.261963, -0.0071868896
3.5637665, -9.2404175, -0.05986023
3.5589752, -9.193741, -0.116119385
3.51828, -9.228455, -0.14724731
3.5051117, -9.245209, -0.16879272
3.5086975, -9.26796, -0.1304779
3.4751892, -9.272736, -0.15802002
3.4440613, -9.300278, -0.14245605
3.4261017, -9.297882, -0.16520691
3.368637, -9.324219, -0.08859253
3.3494873, -9.327805, -0.1197052
3.3351288, -9.32901, -0.113723755
3.308792, -9.337387, -0.1197052
3.2465363, -9.327805, -0.113723755
3.2441406, -9.314636, -0.06942749
3.1950684, -9.308655, -0.029922485
3.162735, -9.337387, -0.029922485
3.1771088, -9.320633, 0.017959595
3.1208344, -9.317032, -0.011978149
3.0968933, -9.331406, 0.04069519
3.1304169, -9.334991, 0.10055542
3.111267, -9.360138, 0.10055542
3.1076813, -9.356537, 0.1376648
3.0573883, -9.373306, 0.18914795
3.083725, -9.362518, 0.19992065
3.0693665, -9.355347, 0.20350647
3.063385, -9.368515, 0.22744751
3.0370483, -9.3589325, 0.296875
3.032257, -9.381683, 0.27053833
3.0430298, -9.384079, 0.32920837
3.0561981, -9.373306, 0.34596252
3.071762, -9.363724, 0.35554504
3.0418396, -9.378082, 0.3938446
3.0430298, -9.381683, 0.4513092
3.0370483, -9.388855, 0.4620819
3.0346527, -9.364914, 0.4513092
3.059784, -9.392456, 0.43933105
3.0226746, -9.364914, 0.4980011
3.0418396, -9.369705, 0.49919128
3.059784, -9.361328, 0.5207367
3.0382385, -9.378082, 0.5087738
3.035843, -9.343369, 0.5386963
3.0573883, -9.325409, 0.53271484
3.0741577, -9.362518, 0.5961609
3.0897217, -9.340973, 0.6212921
3.1160583, -9.336197, 0.63087463
3.1076813, -9.34816, 0.6536102
3.1124573, -9.325409, 0.6464386
3.142395, -9.324219, 0.6643982
3.1603394, -9.314636, 0.683548
3.1687317, -9.314636, 0.66319275
3.1747131, -9.302673, 0.6859436
3.2010498, -9.291901, 0.68833923
3.1854858, -9.26796, 0.7110748
3.2142181, -9.273941, 0.7410126
3.2381592, -9.291901, 0.7050934
3.2644958, -9.291901, 0.7254486
3.241745, -9.315842, 0.7410126
3.2393494, -9.294296, 0.77212524
3.28125, -9.31105, 0.762558
3.2920227, -9.289505, 0.7589569
3.3171692, -9.296692, 0.77093506
3.3267365, -9.295486, 0.7338257
3.3219604, -9.308655, 0.70628357
3.3303375, -9.306259, 0.6967163
3.3494873, -9.248795, 0.66319275
3.351883, -9.284714, 0.683548
3.3722382, -9.282318, 0.69311523
3.3626556, -9.255981, 0.6548157
3.3889923, -9.266754, 0.6464386
3.4093475, -9.275131, 0.6201019
3.3865967, -9.258377, 0.5877838
3.423706, -9.260773, 0.5925598
3.430893, -9.294296, 0.5997467
3.4440613, -9.285904, 0.5279236
3.4189148, -9.278732, 0.5135498
3.4500427, -9.278732, 0.49440002
3.4524384, -9.287109, 0.4740448
3.4201202, -9.31105, 0.39982605
3.4428558, -9.296692, 0.37828064
3.447647, -9.301468, 0.36990356
3.3985748, -9.306259, 0.3651123
3.3973694, -9.325409, 0.29328918
3.3889923, -9.315842, 0.22744751
3.3818054, -9.321823, 0.21907043
3.348297, -9.287109, 0.17477417
3.3806152, -9.285904, 0.116119385
3.3901825, -9.3194275, 0.07901001
3.3470917, -9.317032, 0.0287323
3.3782196, -9.318237, -0.06463623
3.3590698, -9.34697, -0.084991455
3.344696, -9.295486, -0.120910645
3.348297, -9.327805, -0.13168335
3.3387146, -9.32901, -0.19752502
3.336319, -9.306259, -0.23703003
3.3267365, -9.307465, -0.24182129
3.305191, -9.287109, -0.3651123
3.288437, -9.287109, -0.33398438
3.2788544, -9.301468, -0.33877563
3.2836456, -9.285904, -0.36032104
3.2621002, -9.317032, -0.38905334
3.2393494, -9.302673, -0.36750793
3.2465363, -9.295486, -0.35075378
3.226181, -9.314636, -0.31124878
3.2405548, -9.323029, -0.2813263
3.2561188, -9.340973, -0.29089355
3.2201996, -9.326614, -0.25378418
3.1962585, -9.323029, -0.2059021
3.2034454, -9.326614, -0.13887024
3.2393494, -9.349365, -0.096969604
3.2273865, -9.297882, -0.05027771
3.210617, -9.276337, -0.027526855
3.2142181, -9.302673, 0.017959595
3.210617, -9.32901, 0.07182312
3.2225952, -9.343369, 0.14485168
3.2237854, -9.313446, 0.15322876
3.229782, -9.324219, 0.16879272
3.2201996, -9.337387, 0.22146606
3.2237854, -9.352951, 0.23582458
3.233368, -9.324219, 0.27174377
3.2549133, -9.337387, 0.32202148
3.2477417, -9.363724, 0.3543396
3.2992096, -9.34697, 0.40342712
3.2716827, -9.323029, 0.43095398
3.2704773, -9.321823, 0.4297638
3.2944183, -9.287109, 0.44293213
3.289627, -9.297882, 0.48721313
3.2740784, -9.291901, 0.47644043
3.3016052, -9.2799225, 0.48721313
3.308792, -9.290695, 0.5231323
3.3375244, -9.300278, 0.5458832
3.3387146, -9.306259, 0.52194214
3.3075867, -9.295486, 0.56144714
3.3411102, -9.2883, 0.58418274
3.3423004, -9.30986, 0.58418274
3.336319, -9.305069, 0.628479
3.3470917, -9.3194275, 0.6069336
3.367447, -9.284714, 0.6093292
3.3650513, -9.276337, 0.6356659
3.3698425, -9.308655, 0.62249756
3.3638458, -9.285904, 0.6105194
3.3435059, -9.270355, 0.57580566
3.3387146, -9.281128, 0.5674286
3.348297, -9.287109, 0.60572815
3.3351288, -9.30986, 0.6033325
3.3183594, -9.31105, 0.62368774
3.351883, -9.276337, 0.5877838
3.3423004, -9.324219, 0.5686188
3.312378, -9.356537, 0.56503296
3.296814, -9.305069, 0.5351105
3.288437, -9.302673, 0.5123596
3.28125, -9.30986, 0.5027771
3.2872314, -9.31105, 0.4632721
3.2644958, -9.306259, 0.43215942
3.2285767, -9.327805, 0.42736816
3.2513275, -9.299072, 0.37469482
3.229782, -9.258377, 0.37348938
3.2249908, -9.308655, 0.34954834
3.1926727, -9.331406, 0.30526733
3.186676, -9.317032, 0.28849792
3.1567535, -9.315842, 0.26934814
3.1687317, -9.368515, 0.3148346
3.178299, -9.356537, 0.2741394
3.1399994, -9.340973, 0.28012085
3.162735, -9.34697, 0.23223877
3.1567535, -9.397247, 0.2454071
3.1411896, -9.34816, 0.2454071
3.150772, -9.323029, 0.22265625
3.138794, -9.312241, 0.2059021
3.1447906, -9.295486, 0.20709229
3.142395, -9.300278, 0.18914795
3.1459808, -9.2883, 0.2238617
3.1711273, -9.326614, 0.18435669
3.1759033, -9.320633, 0.20709229
3.1806946, -9.285904, 0.22984314
3.193863, -9.314636, 0.18914795
3.1854858, -9.344574, 0.19631958
3.205841, -9.336197, 0.2059021
3.2309723, -9.326614, 0.1771698
3.265686, -9.314636, 0.1879425
3.2680817, -9.344574, 0.27174377
3.2465363, -9.331406, 0.27174377
3.28125, -9.312241, 0.27293396
3.3027954, -9.306259, 0.29927063
3.2920227, -9.302673, 0.30645752
3.3375244, -9.276337, 0.33998108
3.327942, -9.294296, 0.30645752
3.3016052, -9.26796, 0.33758545
3.324356, -9.255981, 0.33039856
3.3255463, -9.281128, 0.29808044
3.3494873, -9.287109, 0.33998108
3.3794098, -9.294296, 0.31124878
3.406952, -9.293091, 0.35194397
3.4344788, -9.284714, 0.30645752
3.3961792, -9.308655, 0.30885315
3.4117432, -9.270355, 0.33039856
3.4273071, -9.287109, 0.3136444
3.3937836, -9.247604, 0.28970337
3.415329, -9.2799225, 0.27053833
3.423706, -9.294296, 0.3136444
3.4009705, -9.289505, 0.30166626
3.384201, -9.287109, 0.28251648
3.3794098, -9.287109, 0.26216125
3.391388, -9.260773, 0.25976562
3.406952, -9.291901, 0.28970337
3.3961792, -9.297882, 0.26216125
3.3698425, -9.270355, 0.26216125
3.3614655, -9.271545, 0.29447937
3.3985748, -9.258377, 0.30166626
3.3806152, -9.293091, 0.30645752
3.3470917, -9.275131, 0.3040619
3.3459015, -9.260773, 0.33398438
3.3638458, -9.277527, 0.30885315
3.3698425, -9.296692, 0.26934814
3.3435059, -9.314636, 0.29927063
3.305191, -9.289505, 0.2741394
3.3375244, -9.31105, 0.3244171
3.327942, -9.297882, 0.29808044
3.2776642, -9.300278, 0.27653503
3.308792, -9.30986, 0.31004333
3.308792, -9.299072, 0.26216125
3.2632904, -9.3194275, 0.26576233
3.2704773, -9.305069, 0.2861023
3.272873, -9.297882, 0.3244171
3.2644958, -9.295486, 0.33039856
3.2309723, -9.294296, 0.29328918
3.2249908, -9.339783, 0.31843567
3.2441406, -9.317032, 0.3028717
3.2321777, -9.285904, 0.3028717
3.2118225, -9.294296, 0.32081604
3.2010498, -9.334991, 0.34596252
3.217804, -9.334991, 0.34117126
3.1986542, -9.339783, 0.33758545
3.1806946, -9.3194275, 0.29808044
3.2010498, -9.295486, 0.33758545
3.1819, -9.324219, 0.3722992
3.1890717, -9.3302, 0.36750793
3.190277, -9.327805, 0.35913086
3.2190094, -9.337387, 0.34477234
3.1878815, -9.303864, 0.37948608
3.1651306, -9.3302, 0.40342712
3.2010498, -9.312241, 0.33998108
3.1842957, -9.323029, 0.39624023
3.1878815, -9.305069, 0.39863586
3.205841, -9.314636, 0.39265442
3.1926727, -9.317032, 0.36392212
3.1962585, -9.315842, 0.41299438
3.1998444, -9.312241, 0.3902588
3.2321777, -9.302673, 0.41659546
3.2249908, -9.302673, 0.4225769
3.2118225, -9.307465, 0.3938446
3.2357635, -9.314636, 0.39624023
3.217804, -9.307465, 0.4524994
3.2357635, -9.312241, 0.42736816
3.2441406, -9.306259, 0.38067627
3.2716827, -9.299072, 0.4046173
3.265686, -9.293091, 0.41659546
3.296814, -9.294296, 0.4189911
3.305191, -9.308655, 0.42736816
3.3063965, -9.313446, 0.4297638
3.3255463, -9.283524, 0.3651123
3.3339233, -9.281128, 0.39743042
3.344696, -9.294296, 0.4405365
3.3470917, -9.277527, 0.37828064
3.3411102, -9.277527, 0.3615265
3.3506927, -9.272736, 0.37469482
3.3578644, -9.273941, 0.31604004
3.3722382, -9.285904, 0.2849121
3.3638458, -9.26796, 0.29089355
3.3554688, -9.26796, 0.31124878
3.3435059, -9.277527, 0.29927063
3.3435059, -9.235626, 0.30645752
3.384201, -9.261963, 0.2669525
3.3878021, -9.277527, 0.2238617
3.3650513, -9.26915, 0.22984314
3.3722382, -9.276337, 0.2166748
3.3734283, -9.270355, 0.20709229
3.3830109, -9.26796, 0.22026062
3.4045563, -9.2643585, 0.18435669
3.3662415, -9.2643585, 0.14604187
3.3578644, -9.260773, 0.16879272
3.3889923, -9.252396, 0.11253357
3.4177246, -9.241623, 0.12808228
3.3854065, -9.248795, 0.15083313
3.36026, -9.233246, 0.15802002
3.3854065, -9.261963, 0.13287354
3.3949738, -9.252396, 0.09576416
3.3746338, -9.2883, 0.11730957
3.3937836, -9.275131, 0.10774231
3.391388, -9.272736, 0.099365234
3.3746338, -9.2799225, 0.13168335
3.3698425, -9.293091, 0.14604187
3.3626556, -9.291901, 0.12689209
3.408142, -9.2643585, 0.120910645
3.348297, -9.284714, 0.13407898
3.3399048, -9.289505, 0.15802002
3.3638458, -9.290695, 0.16041565
3.3315277, -9.284714, 0.18554688
3.3327332, -9.291901, 0.2166748
3.3195648, -9.282318, 0.2238617
3.3171692, -9.30986, 0.2059021
3.3040009, -9.302673, 0.24659729
3.2932281, -9.302673, 0.23822021
3.2764587, -9.278732, 0.26576233
3.2872314, -9.314636, 0.25138855
3.288437, -9.320633, 0.28730774
3.2740784, -9.301468, 0.29089355
3.2405548, -9.314636, 0.3076477
3.257309, -9.317032, 0.33039856
3.2130127, -9.314636, 0.31243896
3.2166138, -9.314636, 0.34117126
3.2082367, -9.281128, 0.33877563
3.2142181, -9.305069, 0.32202148
3.178299, -9.297882, 0.33039856
3.221405, -9.308655, 0.31723022
3.1759033, -9.339783, 0.31843567
3.1890717, -9.315842, 0.31843567
3.1842957, -9.289505, 0.30885315
3.1687317, -9.296692, 0.30047607
3.1962585, -9.318237, 0.33877563
3.1914673, -9.333801, 0.3651123
3.1926727, -9.337387, 0.31723022
3.193863, -9.320633, 0.30645752
3.1878815, -9.327805, 0.29447937
3.1986542, -9.315842, 0.30166626
3.1759033, -9.312241, 0.34596252
3.1651306, -9.293091, 0.33877563
3.221405, -9.284714, 0.32681274
3.2585144, -9.295486, 0.3543396
3.229782, -9.307465, 0.3435669
3.257309, -9.285904, 0.296875
3.2668915, -9.31105, 0.32681274
3.2621002, -9.2883, 0.31962585
3.28125, -9.2799225, 0.33998108
3.284851, -9.287109, 0.3866577
3.3159637, -9.283524, 0.34596252
3.2992096, -9.290695, 0.35913086
3.3219604, -9.290695, 0.3722992
3.3315277, -9.278732, 0.3615265
3.329132, -9.2799225, 0.36990356
3.3423004, -9.306259, 0.35794067
3.3650513, -9.275131, 0.34954834
3.375824, -9.26796, 0.33039856
3.375824, -9.297882, 0.36392212
3.3854065, -9.324219, 0.36032104
3.3650513, -9.2883, 0.36271667
3.3782196, -9.271545, 0.36990356
3.3794098, -9.2883, 0.34477234
3.351883, -9.273941, 0.33877563
3.3865967, -9.284714, 0.33039856
3.3889923, -9.282318, 0.3076477
3.384201, -9.317032, 0.33518982
3.3566742, -9.271545, 0.32920837
3.3901825, -9.317032, 0.35075378
3.4296875, -9.299072, 0.31843567
3.4105377, -9.293091, 0.32681274
3.384201, -9.296692, 0.375885
3.3698425, -9.295486, 0.37109375
3.3638458, -9.299072, 0.35913086
3.4033508, -9.299072, 0.32920837
3.3698425, -9.297882, 0.33398438
3.3662415, -9.2883, 0.3244171
3.3530731, -9.260773, 0.31843567
3.3016052, -9.275131, 0.3148346
3.3016052, -9.306259, 0.32681274
3.3040009, -9.303864, 0.31243896
3.313568, -9.296692, 0.32920837
3.2872314, -9.299072, 0.331604
3.2908325, -9.301468, 0.29808044
3.269287, -9.299072, 0.29808044
3.284851, -9.302673, 0.29328918
3.2345734, -9.34816, 0.3148346
3.2381592, -9.325409, 0.2454071
3.250122, -9.312241, 0.24780273
3.20224, -9.323029, 0.27174377
3.1986542, -9.293091, 0.26815796
3.186676, -9.301468, 0.27893066
3.1914673, -9.3302, 0.27174377
3.2285767, -9.331406, 0.2633667
3.1950684, -9.327805, 0.25138855
3.2118225, -9.3194275, 0.24420166
3.2273865, -9.305069, 0.24780273
3.2010498, -9.315842, 0.24659729
3.1639404, -9.32901, 0.25378418
3.2010498, -9.3194275, 0.25019836
3.1842957, -9.300278, 0.26934814
3.1830902, -9.332596, 0.22865295
3.2142181, -9.307465, 0.27053833
3.1926727, -9.320633, 0.26576233
3.2070312, -9.301468, 0.23703003
3.1950684, -9.315842, 0.25976562
3.2285767, -9.303864, 0.252594
3.2034454, -9.314636, 0.23822021
3.2237854, -9.2883, 0.25976562
3.2249908, -9.276337, 0.27893066
3.2345734, -9.289505, 0.31124878
3.2429504, -9.297882, 0.25138855
3.245346, -9.313446, 0.2669525
3.2740784, -9.283524, 0.30166626
3.289627, -9.295486, 0.26097107
3.2908325, -9.325409, 0.26576233
3.2872314, -9.30986, 0.31124878
3.3183594, -9.293091, 0.27772522
3.2992096, -9.273941, 0.28251648
3.2764587, -9.289505, 0.29447937
3.3075867, -9.281128, 0.2669525
3.312378, -9.296692, 0.2454071
3.3195648, -9.277527, 0.2849121
3.3040009, -9.273941, 0.31243896
3.3171692, -9.277527, 0.3040619
3.3494873, -9.281128, 0.26455688
3.3494873, -9.287109, 0.28970337
3.3459015, -9.283524, 0.28370667
3.348297, -9.303864, 0.28849792
3.3411102, -9.278732, 0.2813263
3.3375244, -9.278732, 0.252594
3.3327332, -9.303864, 0.28251648
3.344696, -9.289505, 0.25019836
3.351883, -9.305069, 0.23703003
3.3183594, -9.296692, 0.22744751
3.2944183, -9.283524, 0.24182129
3.3195648, -9.299072, 0.19392395
3.3327332, -9.301468, 0.21427917
3.2788544, -9.323029, 0.19631958
3.2632904, -9.308655, 0.18075562
3.2944183, -9.301468, 0.1376648
3.272873, -9.282318, 0.18435669
3.284851, -9.308655, 0.22026062
3.2920227, -9.306259, 0.17837524
3.2836456, -9.252396, 0.18554688
3.2908325, -9.281128, 0.15681458
3.2525177, -9.315842, 0.15562439
3.2776642, -9.294296, 0.17956543
3.2561188, -9.306259, 0.19154358
3.2549133, -9.30986, 0.18075562
3.2357635, -9.290695, 0.17118835
3.2249908, -9.306259, 0.20469666
3.2201996, -9.323029, 0.19033813
3.226181, -9.323029, 0.17597961
3.2309723, -9.308655, 0.22505188
3.2597046, -9.313446, 0.2166748
3.2668915, -9.283524, 0.22744751
3.241745, -9.275131, 0.26216125
3.2513275, -9.302673, 0.26097107
3.28125, -9.31105, 0.2861023
3.2621002, -9.287109, 0.25138855
3.2716827, -9.2883, 0.28730774
3.272873, -9.339783, 0.32321167
3.289627, -9.312241, 0.3256073
3.2621002, -9.317032, 0.31124878
3.288437, -9.291901, 0.375885
3.2920227, -9.26915, 0.36631775
3.313568, -9.255981, 0.32681274
3.3506927, -9.26915, 0.3531494
3.344696, -9.271545, 0.3471527
3.327942, -9.305069, 0.33638
3.344696, -9.30986, 0.3722992
3.3710327, -9.301468, 0.3615265
3.3818054, -9.332596, 0.35673523
3.4033508, -9.306259, 0.3938446
3.4057465, -9.287109, 0.4189911
3.4320831, -9.273941, 0.42018127
3.4213104, -9.2643585, 0.44532776
3.3889923, -9.283524, 0.48483276
3.406952, -9.278732, 0.4920044
3.4380798, -9.205704, 0.48721313
3.4249115, -9.222458, 0.5303192
3.406952, -9.2643585, 0.5422821
3.4332886, -9.266754, 0.5530548
3.4033508, -9.257187, 0.5746155
3.3638458, -9.26796, 0.60214233
3.3459015, -9.26796, 0.5997467
3.3303375, -9.278732, 0.6691742
3.3506927, -9.273941, 0.6428375
3.3566742, -9.260773, 0.5985565
3.4045563, -9.293091, 0.6177063
3.494339, -9.362518, 0.5518646
3.494339, -9.381683, 0.5135498
3.4584198, -9.361328, 0.4740448
3.3806152, -9.31105, 0.4908142
3.3770142, -9.290695, 0.52911377
3.4213104, -9.265564, 0.5063782
3.3303375, -9.254791, 0.44293213
3.368637, -9.257187, 0.41659546
3.3961792, -9.2595825, 0.38546753
3.4273071, -9.261963, 0.4297638
3.4284973, -9.289505, 0.41419983
3.3854065, -9.301468, 0.37828064
3.3782196, -9.317032, 0.33998108
3.344696, -9.306259, 0.35554504
3.3040009, -9.31105, 0.32800293
3.3315277, -9.303864, 0.28012085
3.36026, -9.295486, 0.27653503
3.3566742, -9.312241, 0.26815796
3.344696, -9.285904, 0.20469666
3.3016052, -9.263168, 0.1951294
3.3231506, -9.266754, 0.20829773
3.2405548, -9.235626, 0.18075562
3.2201996, -9.239227, 0.14724731
3.2154083, -9.278732, 0.19273376
3.190277, -9.289505, 0.17477417
3.2046356, -9.327805, 0.21427917
3.2309723, -9.338577, 0.23342896
3.250122, -9.360138, 0.25857544
3.2477417, -9.378082, 0.296875
3.2369537, -9.368515, 0.29447937
3.1687317, -9.331406, 0.33518982
3.1340027, -9.331406, 0.3615265
3.1435852, -9.277527, 0.36271667
3.1172485, -9.273941, 0.4010315
3.126831, -9.296692, 0.4189911
3.142395, -9.290695, 0.40940857
3.1687317, -9.331406, 0.42018127
3.1615448, -9.324219, 0.42138672
3.186676, -9.336197, 0.4046173
3.178299, -9.339783, 0.3256073
3.154358, -9.333801, 0.32681274
3.1842957, -9.343369, 0.3531494
3.1567535, -9.307465, 0.31962585
3.178299, -9.312241, 0.31962585
3.2369537, -9.252396, 0.296875
3.2752686, -9.258377, 0.21786499
3.324356, -9.2799225, 0.22625732
3.4117432, -9.338577, 0.21188354
3.4428558, -9.321823, 0.18315125
3.4296875, -9.305069, 0.28251648
3.3734283, -9.263168, 0.20829773
3.3423004, -9.2595825, 0.2346344
3.3327332, -9.254791, 0.23103333
3.3662415, -9.205704, 0.2166748
3.3901825, -9.218872, 0.23103333
3.4691925, -9.248795, 0.28849792
3.5362396, -9.275131, 0.33877563
3.5242615, -9.275131, 0.37948608
3.5362396, -9.289505, 0.39505005
3.549408, -9.255981, 0.38786316
3.5529938, -9.208099, 0.40582275
3.5482025, -9.223663, 0.42616272
3.502716, -9.233246, 0.4237671
3.5075073, -9.216476, 0.44651794
3.5314484, -9.233246, 0.48721313
3.525467, -9.26915, 0.49919128
3.5326385, -9.276337, 0.5279236
3.526657, -9.275131, 0.5398865
3.4991302, -9.25, 0.5782013
3.4883575, -9.25119, 0.5315094
3.4967346, -9.275131, 0.51116943
3.470398, -9.263168, 0.54348755
3.4847565, -9.265564, 0.5782013
3.4667969, -9.257187, 0.55545044
3.4165192, -9.265564, 0.55545044
3.4177246, -9.257187, 0.57221985
3.3782196, -9.273941, 0.58299255
3.3818054, -9.293091, 0.55784607
3.36026, -9.295486, 0.54467773
3.3231506, -9.290695, 0.5231323
3.2992096, -9.294296, 0.5123596
3.2525177, -9.313446, 0.50038147
3.2190094, -9.307465, 0.4740448
3.1711273, -9.312241, 0.49440002
3.1615448, -9.31105, 0.45489502
3.150772, -9.323029, 0.5063782
3.1759033, -9.334991, 0.5793915
3.1675262, -9.332596, 0.56622314
3.1819, -9.302673, 0.5817871
3.1854858, -9.327805, 0.549469
3.197464, -9.318237, 0.5782013
3.1806946, -9.293091, 0.52552795
3.147171, -9.277527, 0.4908142
3.126831, -9.254791, 0.49440002
3.147171, -9.261963, 0.4620819
3.1723175, -9.270355, 0.41059875
3.1615448, -9.294296, 0.39743042
3.1687317, -9.260773, 0.37828064
3.1519623, -9.261963, 0.3722992
3.1483765, -9.270355, 0.3256073
3.1603394, -9.25119, 0.31243896
3.1723175, -9.222458, 0.31004333
3.1615448, -9.275131, 0.296875
3.178299, -9.342178, 0.28012085
3.2285767, -9.405624, 0.2669525
3.2381592, -9.3984375, 0.28970337
3.272873, -9.387665, 0.31124878
3.288437, -9.378082, 0.3040619
3.3111877, -9.326614, 0.2813263
3.324356, -9.321823, 0.30885315
3.2920227, -9.270355, 0.3076477
3.2860413, -9.271545, 0.29927063
3.288437, -9.261963, 0.24659729
3.305191, -9.212891, 0.26815796
3.2752686, -9.226059, 0.2813263
3.272873, -9.211685, 0.25737
3.327942, -9.205704, 0.25498962
3.3470917, -9.248795, 0.22984314
3.3710327, -9.228455, 0.23942566
3.3770142, -9.23085, 0.21308899
3.3937836, -9.235626, 0.18914795
3.3878021, -9.25119, 0.19154358
3.3961792, -9.236832, 0.16160583
3.3806152, -9.210495, 0.19631958
3.3638458, -9.222458, 0.21427917
3.3782196, -9.20929, 0.23942566
3.4021606, -9.241623, 0.22625732
3.4847565, -9.266754, 0.25976562
3.541031, -9.299072, 0.30047607
3.5877075, -9.354141, 0.2633667
3.612854, -9.363724, 0.27293396
3.645172, -9.355347, 0.25378418
3.6068573, -9.344574, 0.25019836
3.549408, -9.299072, 0.29808044
3.5051117, -9.239227, 0.36032104
3.4775848, -9.2200775, 0.31604004
3.4644165, -9.167404, 0.29927063
3.4895477, -9.208099, 0.28849792
3.5194702, -9.234436, 0.26576233
3.5386353, -9.244019, 0.30645752
3.4727936, -9.260773, 0.3327942
3.4320831, -9.258377, 0.30526733
3.4201202, -9.221268, 0.36392212
3.4344788, -9.205704, 0.34477234
3.5194702, -9.216476, 0.29927063
3.549408, -9.265564, 0.26216125
3.5841217, -9.276337, 0.24899292
3.5482025, -9.272736, 0.26934814
3.4883575, -9.25, 0.28251648
3.4368744, -9.23085, 0.29927063
3.3626556, -9.244019, 0.26097107
3.3411102, -9.270355, 0.24780273
3.3411102, -9.275131, 0.28370667
3.3566742, -9.299072, 0.29089355
3.3506927, -9.31105, 0.30526733
3.4093475, -9.324219, 0.30645752
3.3650513, -9.31105, 0.29328918
3.384201, -9.337387, 0.32800293
3.336319, -9.344574, 0.35794067
3.2549133, -9.315842, 0.39505005
3.2644958, -9.308655, 0.39144897
3.2513275, -9.323029, 0.4225769
3.2357635, -9.306259, 0.4632721
3.1854858, -9.284714, 0.48483276
3.1986542, -9.273941, 0.4908142
3.190277, -9.299072, 0.46806335
3.1998444, -9.332596, 0.4740448
3.217804, -9.326614, 0.51834106
3.1962585, -9.31105, 0.49679565
3.1519623, -9.302673, 0.5410919
3.0933075, -9.306259, 0.57699585
3.0933075, -9.342178, 0.5410919
3.1064758, -9.338577, 0.5410919
3.1363983, -9.332596, 0.55784607
3.1363983, -9.350555, 0.54467773
3.1639404, -9.370911, 0.5410919
3.1819, -9.344574, 0.55784607
3.1399994, -9.296692, 0.5698242
3.1483765, -9.303864, 0.549469
3.1567535, -9.294296, 0.5638275
3.1292267, -9.297882, 0.6033325
3.1495667, -9.2883, 0.5386963
3.147171, -9.276337, 0.53630066
3.1304169, -9.281128, 0.49440002
3.190277, -9.313446, 0.50398254
3.2369537, -9.320633, 0.48362732
3.1842957, -9.339783, 0.47644043
3.210617, -9.345764, 0.50398254
3.2477417, -9.351746, 0.4812317
3.2776642, -9.344574, 0.5051727
3.2824554, -9.332596, 0.4800415
3.3003998, -9.2883, 0.44532776
3.3063965, -9.299072, 0.46806335
3.2680817, -9.294296, 0.43095398
3.320755, -9.244019, 0.39982605
3.329132, -9.266754, 0.41659546
3.3195648, -9.265564, 0.4046173
3.2956238, -9.239227, 0.3543396
3.2920227, -9.297882, 0.3938446
3.305191, -9.303864, 0.39265442
3.3351288, -9.302673, 0.3830719
3.3255463, -9.296692, 0.3830719
3.367447, -9.30986, 0.31243896
3.3375244, -9.325409, 0.3256073
3.351883, -9.306259, 0.29089355
3.3554688, -9.291901, 0.26097107
3.351883, -9.270355, 0.26934814
3.3554688, -9.284714, 0.22146606
3.3183594, -9.270355, 0.2238617
3.3183594, -9.2643585, 0.20350647
3.3470917, -9.26796, 0.17237854
3.3494873, -9.260773, 0.18914795
3.3542786, -9.263168, 0.14485168
3.3626556, -9.273941, 0.14485168
3.3255463, -9.2643585, 0.09815979
3.36026, -9.300278, 0.13887024
3.3638458, -9.281128, 0.092178345
3.3303375, -9.290695, 0.082595825
3.336319, -9.301468, 0.111328125
3.3399048, -9.289505, 0.05506897
3.336319, -9.293091, 0.039505005
3.3423004, -9.293091, 0.04309082
3.3339233, -9.272736, 0.06703186
3.3411102, -9.2595825, 0.080200195
3.368637, -9.307465, 0.10295105
3.384201, -9.277527, 0.120910645
3.4093475, -9.265564, 0.1197052
3.3794098, -9.2799225, 0.13168335
3.3710327, -9.258377, 0.15681458
3.3722382, -9.266754, 0.17118835
3.4093475, -9.258377, 0.16400146
3.4117432, -9.260773, 0.24061584
3.399765, -9.252396, 0.23342896
3.4572296, -9.254791, 0.25378418
3.4560242, -9.261963, 0.2561798
3.4380798, -9.257187, 0.24899292
3.4332886, -9.227249, 0.23103333
3.4273071, -9.2404175, 0.29089355
3.423706, -9.242813, 0.27653503
3.4560242, -9.25, 0.2813263
3.4536285, -9.260773, 0.30166626
3.447647, -9.254791, 0.30885315
3.4691925, -9.281128, 0.26097107
3.4273071, -9.285904, 0.30885315
3.4608154, -9.275131, 0.32920837
3.4344788, -9.257187, 0.31843567
3.4201202, -9.287109, 0.31124878
3.4165192, -9.301468, 0.31004333
3.3949738, -9.297882, 0.3076477
3.3459015, -9.278732, 0.3148346
3.3710327, -9.252396, 0.32920837
3.3506927, -9.275131, 0.32681274
3.3650513, -9.281128, 0.28970337
3.3638458, -9.302673, 0.2813263
3.3411102, -9.299072, 0.27053833
3.2764587, -9.31105, 0.296875
3.2632904, -9.321823, 0.29808044
3.26091, -9.287109, 0.30645752
3.2441406, -9.30986, 0.28849792
3.2465363, -9.294296, 0.292099
3.2285767, -9.284714, 0.28370667
3.2273865, -9.297882, 0.28970337
3.217804, -9.305069, 0.31124878
3.1830902, -9.306259, 0.30166626
3.1699219, -9.325409, 0.30645752
3.1615448, -9.333801, 0.29927063
3.1651306, -9.318237, 0.25976562
3.1531677, -9.336197, 0.30645752
3.1531677, -9.3194275, 0.30047607
3.138794, -9.299072, 0.31962585
3.138794, -9.295486, 0.33758545
3.1759033, -9.317032, 0.331604
3.1316223, -9.305069, 0.31843567
3.1244354, -9.294296, 0.32920837
3.1328125, -9.293091, 0.3028717
3.154358, -9.3194275, 0.33638
3.1735077, -9.320633, 0.32202148
3.1735077, -9.303864, 0.33398438
3.1615448, -9.334991, 0.331604
3.1795044, -9.294296, 0.31843567
3.186676, -9.2883, 0.31843567
3.233368, -9.3194275, 0.31723022
3.2525177, -9.327805, 0.33998108
3.3111877, -9.332596, 0.34835815
3.2932281, -9.30986, 0.3136444
3.2992096, -9.321823, 0.35794067
3.2561188, -9.327805, 0.39505005
3.2644958, -9.253586, 0.36871338
3.250122, -9.293091, 0.37709045
3.3027954, -9.302673, 0.40582275
3.320755, -9.296692, 0.37109375
3.3339233, -9.284714, 0.36990356
3.344696, -9.277527, 0.375885
3.3626556, -9.299072, 0.35673523
3.3530731, -9.307465, 0.375885
3.3423004, -9.301468, 0.36871338
3.3435059, -9.289505, 0.34835815
3.3566742, -9.295486, 0.37348938
3.348297, -9.303864, 0.331604
3.4093475, -9.281128, 0.31604004
3.4189148, -9.257187, 0.32081604
3.4225159, -9.294296, 0.3256073
3.4189148, -9.263168, 0.33039856
3.4213104, -9.271545, 0.32202148
3.4249115, -9.245209, 0.34835815
3.4320831, -9.2404175, 0.331604
3.4380798, -9.246414, 0.296875
3.447647, -9.227249, 0.30885315
3.4596252, -9.244019, 0.296875
3.4560242, -9.235626, 0.2956848
3.4332886, -9.235626, 0.32321167
3.463211, -9.258377, 0.2813263
3.4452515, -9.266754, 0.2346344
3.4332886, -9.247604, 0.23582458
3.4727936, -9.271545, 0.23223877
3.4799652, -9.290695, 0.2454071
3.4380798, -9.293091, 0.20231628
3.4368744, -9.307465, 0.21907043
3.4225159, -9.2883, 0.21907043
3.3985748, -9.275131, 0.25378418
3.3949738, -9.296692, 0.2166748
3.3806152, -9.244019, 0.17837524
3.3698425, -9.26796, 0.16758728
3.3494873, -9.294296, 0.2166748
3.3506927, -9.270355, 0.21188354
3.3411102, -9.252396, 0.17597961
3.3315277, -9.283524, 0.16879272
3.3255463, -9.281128, 0.17477417
3.324356, -9.273941, 0.18675232
3.3327332, -9.297882, 0.19392395
3.3399048, -9.307465, 0.16520691
3.3303375, -9.315842, 0.18675232
3.3339233, -9.321823, 0.17477417
3.3315277, -9.324219, 0.1951294
3.296814, -9.320633, 0.21069336
3.28125, -9.32901, 0.17118835
3.296814, -9.291901, 0.16998291
3.28125, -9.291901, 0.1663971
3.2740784, -9.30986, 0.18914795
3.2740784, -9.323029, 0.21907043
3.3003998, -9.327805, 0.2238617
3.272873, -9.317032, 0.19631958
3.229782, -9.297882, 0.23223877
3.2393494, -9.30986, 0.23703003
3.2429504, -9.305069, 0.22505188
3.2429504, -9.273941, 0.20350647
3.2190094, -9.281128, 0.22984314
3.2082367, -9.272736, 0.2454071
3.2309723, -9.261963, 0.22265625
3.241745, -9.291901, 0.25737
3.2621002, -9.2643585, 0.29328918
3.2118225, -9.270355, 0.30885315
3.2225952, -9.295486, 0.3435669
3.2740784, -9.26796, 0.32202148
3.2800598, -9.300278, 0.36032104
3.2776642, -9.306259, 0.3866577
3.241745, -9.283524, 0.3722992
3.233368, -9.290695, 0.36032104
3.2154083, -9.2799225, 0.36032104
3.221405, -9.272736, 0.34835815
3.2405548, -9.25119, 0.40582275
3.1819, -9.254791, 0.3902588
3.2225952, -9.289505, 0.36990356
3.2621002, -9.278732, 0.40582275
3.2585144, -9.290695, 0.43933105
3.289627, -9.294296, 0.44770813
3.3267365, -9.265564, 0.43814087
3.3638458, -9.313446, 0.4441223
3.3662415, -9.284714, 0.40940857
3.3459015, -9.296692, 0.41778564
3.3566742, -9.314636, 0.38546753
3.3171692, -9.242813, 0.39743042
3.3494873, -9.261963, 0.37948608
3.3818054, -9.272736, 0.3471527
3.3339233, -9.253586, 0.31243896
3.3590698, -9.258377, 0.32081604
3.3542786, -9.234436, 0.33398438
3.3542786, -9.252396, 0.2669525
3.3183594, -9.233246, 0.28730774
3.3470917, -9.202118, 0.26216125
3.351883, -9.204514, 0.2861023
3.3267365, -9.206909, 0.26455688
3.336319, -9.217682, 0.25019836
3.3411102, -9.223663, 0.22865295
3.3016052, -9.244019, 0.22744751
3.3099823, -9.247604, 0.19392395
3.289627, -9.228455, 0.19631958
3.3016052, -9.2404175, 0.20350647
3.3506927, -9.236832, 0.19752502
3.3542786, -9.277527, 0.22744751
3.3542786, -9.2883, 0.21427917
3.3650513, -9.296692, 0.23103333
3.4261017, -9.294296, 0.22265625
3.3806152, -9.331406, 0.23582458
3.4093475, -9.325409, 0.24182129
3.4500427, -9.297882, 0.22865295
3.4440613, -9.290695, 0.24301147
3.4320831, -9.290695, 0.2238617
3.4667969, -9.26915, 0.23822021
3.4763794, -9.277527, 0.19752502
3.4907532, -9.284714, 0.19273376
3.4955292, -9.282318, 0.22026062
3.4811707, -9.261963, 0.2166748
3.4715881, -9.26796, 0.2166748
3.4512482, -9.245209, 0.20231628
3.4416656, -9.208099, 0.1951294
3.446457, -9.222458, 0.18315125
3.4129333, -9.252396, 0.18675232
3.3985748, -9.2595825, 0.21188354
3.4344788, -9.273941, 0.1879425
3.4141388, -9.290695, 0.17237854
3.4165192, -9.308655, 0.20350647
3.406952, -9.321823, 0.19992065
3.4105377, -9.334991, 0.21069336
3.384201, -9.296692, 0.19154358
3.3530731, -9.32901, 0.1951294
3.3494873, -9.289505, 0.1663971
3.3399048, -9.271545, 0.1951294
3.3315277, -9.263168, 0.21188354
3.2632904, -9.272736, 0.19273376
3.2992096, -9.278732, 0.2238617
3.2632904, -9.2883, 0.22865295
3.2537231, -9.299072, 0.2753296
3.2908325, -9.320633, 0.2813263
3.3016052, -9.336197, 0.2849121
3.2549133, -9.312241, 0.27772522
3.2836456, -9.325409, 0.33039856
3.265686, -9.333801, 0.31243896
3.269287, -9.320633, 0.3471527
3.229782, -9.323029, 0.3531494
3.248932, -9.305069, 0.36871338
3.2034454, -9.303864, 0.37109375
3.1747131, -9.2883, 0.37709045
3.1795044, -9.282318, 0.41059875
3.1376038, -9.2799225, 0.41299438
3.1555634, -9.306259, 0.43933105
3.2010498, -9.313446, 0.45489502
3.2118225, -9.307465, 0.45968628
3.241745, -9.324219, 0.4980011
3.2285767, -9.342178, 0.49919128
3.245346, -9.320633, 0.48362732
3.2273865, -9.337387, 0.4812317
3.2034454, -9.313446, 0.50038147
3.1854858, -9.281128, 0.48841858
3.1735077, -9.312241, 0.509964
3.1747131, -9.247604, 0.52671814
3.1495667, -9.270355, 0.52911377
3.162735, -9.284714, 0.5135498
3.1711273, -9.2883, 0.47644043
3.1819, -9.32901, 0.509964
3.1878815, -9.3302, 0.509964
3.2345734, -9.354141, 0.49919128
3.248932, -9.379288, 0.48602295
3.2273865, -9.404419, 0.509964
3.2752686, -9.366119, 0.50756836
3.2980194, -9.375687, 0.53630066
3.2549133, -9.388855, 0.52911377
3.2800598, -9.327805, 0.50038147
3.2824554, -9.345764, 0.5506592
3.269287, -9.338577, 0.5518646
3.2585144, -9.355347, 0.5386963
3.2477417, -9.327805, 0.54348755
3.3063965, -9.349365, 0.5027771
3.284851, -9.357742, 0.53630066
3.2776642, -9.362518, 0.53630066
3.3003998, -9.363724, 0.5231323
3.2932281, -9.384079, 0.51594543
3.2800598, -9.379288, 0.48841858
3.3063965, -9.345764, 0.5123596
3.3063965, -9.361328, 0.4692688
3.3063965, -9.370911, 0.43095398
3.2525177, -9.352951, 0.41778564
3.2369537, -9.354141, 0.40582275
3.2130127, -9.325409, 0.3830719
3.1795044, -9.337387, 0.37709045
3.1806946, -9.373306, 0.3471527
3.1591492, -9.362518, 0.31243896
3.1447906, -9.3302, 0.30166626
3.126831, -9.337387, 0.26216125
3.083725, -9.285904, 0.25857544
3.1064758, -9.305069, 0.23582458
3.0514069, -9.299072, 0.18075562
3.0059204, -9.306259, 0.13407898
3.0226746, -9.321823, 0.17837524
3.039444, -9.355347, 0.14364624
3.0286713, -9.42598, 0.087387085
3.0777435, -9.442734, 0.113723755
3.071762, -9.494202, 0.06942749
3.111267, -9.5325165, 0.03591919
3.1328125, -9.503784, 0.05267334
3.0957031, -9.453506, 0.099365234
3.094513, -9.403229, 0.10055542
3.0538025, -9.351746, 0.118515015
3.0023346, -9.26915, 0.080200195
2.9676056, -9.2200775, 0.11253357
2.9340973, -9.215286, 0.13168335
2.9257202, -9.239227, 0.13287354
2.94487, -9.2883, 0.14125061
2.9544525, -9.340973, 0.116119385
2.9831696, -9.360138, 0.15562439
3.016693, -9.406815, 0.1879425
3.0334473, -9.411606, 0.2059021
3.032257, -9.419983, 0.22505188
3.0430298, -9.397247, 0.23703003
3.059784, -9.376892, 0.27772522
3.0729523, -9.312241, 0.3028717
3.071762, -9.276337, 0.31004333
3.0825348, -9.26915, 0.34477234
3.111267, -9.238022, 0.34596252
3.147171, -9.244019, 0.36871338
3.1363983, -9.266754, 0.3722992
3.1723175, -9.275131, 0.36631775
3.2273865, -9.3194275, 0.36750793
3.2046356, -9.340973, 0.42616272
3.2680817, -9.3589325, 0.41778564
3.269287, -9.372101, 0.4333496
3.2956238, -9.34816, 0.43693542
3.2920227, -9.321823, 0.39265442
3.288437, -9.321823, 0.44891357
3.2800598, -9.303864, 0.45968628
3.2920227, -9.276337, 0.44532776
3.2680817, -9.233246, 0.47045898
3.2393494, -9.221268, 0.49440002
3.2824554, -9.23085, 0.51594543
3.272873, -9.234436, 0.51594543
3.3159637, -9.19014, 0.5195465
3.3351288, -9.226059, 0.5195465
3.3554688, -9.241623, 0.50756836
3.351883, -9.260773, 0.5303192
3.3854065, -9.289505, 0.5279236
3.4189148, -9.289505, 0.5315094
3.4368744, -9.300278, 0.5793915
3.4608154, -9.323029, 0.51834106
3.4680023, -9.302673, 0.52194214
3.485962, -9.281128, 0.54707336
3.5122986, -9.275131, 0.5506592
3.5075073, -9.272736, 0.5506592
3.5063019, -9.273941, 0.5398865
3.502716, -9.272736, 0.5087738
3.5230713, -9.2595825, 0.5506592
3.5051117, -9.271545, 0.5027771
3.545807, -9.272736, 0.5458832
3.5434113, -9.260773, 0.4800415
3.5170898, -9.260773, 0.45968628
3.545807, -9.277527, 0.4513092
3.5601807, -9.25119, 0.4441223
3.5290527, -9.272736, 0.3902588
3.5446167, -9.283524, 0.36750793
3.5350342, -9.261963, 0.3471527
3.541031, -9.2595825, 0.36271667
3.4811707, -9.300278, 0.35075378
3.494339, -9.284714, 0.29927063
3.4907532, -9.278732, 0.29089355
3.4691925, -9.261963, 0.2669525
3.4644165, -9.26796, 0.2741394
3.4560242, -9.285904, 0.2346344
3.4284973, -9.283524, 0.21786499
3.4296875, -9.314636, 0.22625732
3.4416656, -9.2799225, 0.20829773
3.4021606, -9.275131, 0.19033813
3.3973694, -9.303864, 0.1951294
3.4021606, -9.277527, 0.16160583
3.3794098, -9.287109, 0.16758728
3.367447, -9.301468, 0.16281128
3.3662415, -9.305069, 0.14604187
3.3530731, -9.296692, 0.118515015
3.3626556, -9.323029, 0.080200195
3.3423004, -9.296692, 0.106536865
3.313568, -9.293091, 0.14245605
3.272873, -9.290695, 0.1484375
3.305191, -9.297882, 0.12449646
3.2920227, -9.293091, 0.15562439
3.296814, -9.318237, 0.10774231
3.28125, -9.314636, 0.15681458
3.2764587, -9.325409, 0.18435669
3.245346, -9.320633, 0.20829773
3.2561188, -9.320633, 0.16758728
3.2764587, -9.331406, 0.20231628
3.284851, -9.323029, 0.252594
3.2513275, -9.315842, 0.26576233
3.265686, -9.318237, 0.26576233
3.2585144, -9.305069, 0.30526733
3.26091, -9.317032, 0.3531494
3.2537231, -9.31105, 0.38786316
3.250122, -9.331406, 0.38426208
3.2704773, -9.333801, 0.44651794
3.2836456, -9.31105, 0.45729065
3.2860413, -9.332596, 0.47166443
3.269287, -9.3302, 0.4740448
3.265686, -9.332596, 0.5458832
3.248932, -9.323029, 0.5686188
3.2800598, -9.324219, 0.5458832
3.2752686, -9.31105, 0.5530548
3.3111877, -9.289505, 0.57221985
3.324356, -9.315842, 0.5674286
3.3111877, -9.307465, 0.588974
3.3590698, -9.290695, 0.5997467
3.36026, -9.3194275, 0.6093292
3.3315277, -9.307465, 0.57580566
3.3231506, -9.301468, 0.5566559
3.329132, -9.31105, 0.5961609
3.329132, -9.317032, 0.55426025
3.324356, -9.307465, 0.5746155
3.2788544, -9.284714, 0.57580566
3.3075867, -9.277527, 0.5997467
3.3339233, -9.287109, 0.56144714
3.288437, -9.3194275, 0.52433777
3.2680817, -9.300278, 0.55426025
3.2860413, -9.301468, 0.58418274
3.2764587, -9.294296, 0.5398865
3.2441406, -9.299072, 0.5123596
3.2345734, -9.30986, 0.5386963
3.257309, -9.326614, 0.53749084
3.2190094, -9.333801, 0.48960876
3.2441406, -9.287109, 0.50756836
3.2585144, -9.312241, 0.51834106
3.2190094, -9.312241, 0.44532776
3.1842957, -9.325409, 0.4333496
3.150772, -9.293091, 0.41059875
3.1914673, -9.306259, 0.4010315
3.1747131, -9.313446, 0.3818817
3.138794, -9.320633, 0.34477234
3.1531677, -9.315842, 0.3028717
3.138794, -9.287109, 0.28849792
3.1376038, -9.315842, 0.27174377
3.147171, -9.326614, 0.25138855
3.1340027, -9.289505, 0.24899292
3.1220398, -9.314636, 0.20469666
3.1304169, -9.333801, 0.18315125
3.114853, -9.285904, 0.16400146
3.1531677, -9.300278, 0.18554688
3.154358, -9.323029, 0.18554688
3.1675262, -9.300278, 0.14364624
3.186676, -9.306259, 0.12449646
3.2118225, -9.295486, 0.120910645
3.2094269, -9.303864, 0.12210083
3.248932, -9.2883, 0.1484375
3.272873, -9.296692, 0.16041565
3.2321777, -9.3194275, 0.17477417
3.2441406, -9.327805, 0.16520691
3.2800598, -9.294296, 0.18315125
3.2644958, -9.26915, 0.17358398
3.2525177, -9.290695, 0.20111084
3.2561188, -9.287109, 0.19392395
3.3111877, -9.260773, 0.19033813
3.3099823, -9.258377, 0.24899292
3.3327332, -9.272736, 0.252594
3.3387146, -9.263168, 0.24301147
3.3063965, -9.255981, 0.28012085
3.3159637, -9.245209, 0.26576233
3.308792, -9.277527, 0.30645752
3.3351288, -9.275131, 0.31243896
3.3315277, -9.276337, 0.3244171
3.3099823, -9.271545, 0.31962585
3.3339233, -9.26915, 0.3327942
3.3231506, -9.301468, 0.34117126
3.3219604, -9.301468, 0.35794067
3.3267365, -9.282318, 0.34477234
3.329132, -9.307465, 0.33398438
3.3423004, -9.308655, 0.33638
3.3530731, -9.278732, 0.3543396
3.3387146, -9.289505, 0.36990356
3.3590698, -9.312241, 0.35194397
3.36026, -9.305069, 0.3615265
3.344696, -9.282318, 0.3327942
3.3614655, -9.290695, 0.3423767
3.3578644, -9.285904, 0.37109375
3.3470917, -9.284714, 0.38067627
3.3530731, -9.301468, 0.34117126
3.3351288, -9.2643585, 0.3471527
3.351883, -9.284714, 0.34954834
3.3459015, -9.303864, 0.331604
3.3327332, -9.265564, 0.36871338
3.336319, -9.299072, 0.39743042
3.3327332, -9.300278, 0.33998108
3.3399048, -9.295486, 0.30166626
3.3734283, -9.2799225, 0.32202148
3.3255463, -9.317032, 0.3435669
3.3375244, -9.30986, 0.34477234
3.3435059, -9.31105, 0.30645752
3.336319, -9.296692, 0.2849121
3.348297, -9.2883, 0.3256073
3.3315277, -9.281128, 0.34477234
3.313568, -9.294296, 0.3040619
3.3040009, -9.277527, 0.3028717
3.3075867, -9.281128, 0.296875
3.3554688, -9.290695, 0.3040619
3.324356, -9.305069, 0.29089355
3.288437, -9.301468, 0.30885315
3.3183594, -9.275131, 0.32202148
3.3315277, -9.290695, 0.28849792
3.296814, -9.297882, 0.292099
3.327942, -9.290695, 0.29808044
3.3351288, -9.2799225, 0.28012085
3.3231506, -9.281128, 0.27772522
3.324356, -9.289505, 0.26815796
3.3183594, -9.327805, 0.292099
3.336319, -9.321823, 0.26815796
3.351883, -9.296692, 0.27772522
3.3315277, -9.299072, 0.252594
3.305191, -9.3194275, 0.25138855
3.336319, -9.294296, 0.27053833
3.3399048, -9.255981, 0.2454071
3.3075867, -9.312241, 0.22146606
3.3099823, -9.30986, 0.25138855
3.3027954, -9.289505, 0.26934814
3.3255463, -9.273941, 0.27653503
3.3506927, -9.2883, 0.31243896
3.327942, -9.272736, 0.29089355
3.3111877, -9.263168, 0.29808044
3.336319, -9.297882, 0.29447937
3.3219604, -9.284714, 0.31843567
3.3303375, -9.289505, 0.27293396
3.3554688, -9.275131, 0.31243896
3.351883, -9.295486, 0.32920837
3.3423004, -9.32901, 0.3327942
3.3542786, -9.307465, 0.35673523
3.367447, -9.303864, 0.32681274
3.3854065, -9.320633, 0.36392212
3.3698425, -9.295486, 0.33518982
3.3339233, -9.271545, 0.32202148
3.3303375, -9.296692, 0.3531494
3.3435059, -9.277527, 0.34835815
3.3806152, -9.2799225, 0.3722992
3.3399048, -9.273941, 0.3818817
3.2824554, -9.282318, 0.3902588
3.3255463, -9.283524, 0.33638
3.3315277, -9.281128, 0.33039856
3.3327332, -9.302673, 0.33877563
3.324356, -9.295486, 0.34596252
3.3147736, -9.308655, 0.3435669
3.3339233, -9.2883, 0.36271667
3.3638458, -9.296692, 0.36631775
3.3075867, -9.306259, 0.3543396
3.2872314, -9.303864, 0.33518982
3.3147736, -9.303864, 0.3076477
3.312378, -9.287109, 0.3471527
3.308792, -9.265564, 0.3327942
3.2872314, -9.2643585, 0.32321167
3.2752686, -9.297882, 0.3327942
3.2680817, -9.305069, 0.32321167
3.2561188, -9.318237, 0.24899292
3.257309, -9.301468, 0.2849121
3.3003998, -9.312241, 0.27893066
3.2644958, -9.3194275, 0.27174377
3.2668915, -9.308655, 0.22744751
3.241745, -9.320633, 0.22265625
3.2441406, -9.323029, 0.23103333
3.2465363, -9.327805, 0.17837524
3.2405548, -9.331406, 0.1592102
3.2046356, -9.320633, 0.1951294
3.2285767, -9.314636, 0.12689209
3.2094269, -9.318237, 0.13287354
3.1830902, -9.327805, 0.13287354
3.205841, -9.317032, 0.07182312
3.2094269, -9.296692, 0.0861969
3.1962585, -9.318237, 0.0574646
3.1806946, -9.3194275, 0.027526855
3.190277, -9.3302, 0.09336853
3.1651306, -9.339783, 0.065841675
3.1771088, -9.312241, 0.034713745
3.1711273, -9.3194275, 0.05027771
3.2082367, -9.307465, 0.06703186
3.2118225, -9.321823, 0.061050415
3.193863, -9.327805, 0.05267334
3.1914673, -9.318237, 0.0909729
3.2118225, -9.339783, 0.08859253
3.1795044, -9.3194275, 0.09576416
3.2309723, -9.302673, 0.1376648
3.2465363, -9.295486, 0.14724731
3.26091, -9.291901, 0.13168335
3.2537231, -9.2883, 0.15562439
3.2525177, -9.276337, 0.16160583
3.2309723, -9.277527, 0.17597961
3.210617, -9.294296, 0.24182129
3.2321777, -9.294296, 0.2238617
3.2465363, -9.301468, 0.252594
3.2632904, -9.277527, 0.25138855
3.3183594, -9.297882, 0.27053833
3.2477417, -9.317032, 0.27653503
3.2764587, -9.305069, 0.27174377
3.2860413, -9.317032, 0.31843567
3.2872314, -9.3302, 0.29927063
3.3099823, -9.290695, 0.30645752
3.2740784, -9.324219, 0.30047607
3.269287, -9.321823, 0.28849792
3.2992096, -9.291901, 0.32681274
3.2860413, -9.312241, 0.33638
3.3040009, -9.281128, 0.331604
3.3075867, -9.315842, 0.34835815
3.3016052, -9.302673, 0.33877563
3.3195648, -9.278732, 0.33998108
3.3159637, -9.282318, 0.38067627
3.3303375, -9.258377, 0.33518982
3.3075867, -9.314636, 0.36032104
3.28125, -9.297882, 0.36871338
3.3494873, -9.294296, 0.35673523
3.3626556, -9.320633, 0.33758545
3.3255463, -9.300278, 0.331604
3.3542786, -9.284714, 0.331604
3.3459015, -9.303864, 0.35673523
3.3219604, -9.30986, 0.33518982
3.351883, -9.333801, 0.37828064
3.3506927, -9.32901, 0.37348938
3.312378, -9.31105, 0.3818817
3.3267365, -9.296692, 0.38067627
3.3171692, -9.320633, 0.3543396
3.289627, -9.302673, 0.36032104
3.3303375, -9.324219, 0.331604
3.305191, -9.344574, 0.34954834
3.3315277, -9.2883, 0.33877563
3.3016052, -9.317032, 0.331604
3.2956238, -9.323029, 0.31843567
3.296814, -9.297882, 0.37109375
3.2668915, -9.321823, 0.3423767
3.226181, -9.281128, 0.32202148
3.2094269, -9.308655, 0.32081604
3.197464, -9.300278, 0.35673523
3.197464, -9.32901, 0.38546753
3.217804, -9.355347, 0.33758545
3.2225952, -9.339783, 0.35794067
3.2597046, -9.342178, 0.33758545
3.2668915, -9.356537, 0.3543396
3.1986542, -9.357742, 0.35194397
3.2249908, -9.323029, 0.3423767
3.2118225, -9.308655, 0.40342712
3.1531677, -9.255981, 0.35075378
3.162735, -9.255981, 0.36032104
3.1639404, -9.25119, 0.37828064
3.1483765, -9.26915, 0.40821838
3.1819, -9.301468, 0.39505005
3.1759033, -9.293091, 0.42855835
3.20224, -9.318237, 0.4297638
3.2010498, -9.30986, 0.43933105
3.2082367, -9.30986, 0.44651794
3.2225952, -9.314636, 0.4513092
3.2525177, -9.301468, 0.44770813
3.250122, -9.301468, 0.4692688
3.2525177, -9.275131, 0.46687317
3.2549133, -9.273941, 0.46687317
3.2752686, -9.289505, 0.46447754
3.2920227, -9.266754, 0.4800415
3.2932281, -9.278732, 0.49320984
3.3171692, -9.257187, 0.4728546
3.26091, -9.242813, 0.44651794
3.3003998, -9.2643585, 0.47525024
3.3327332, -9.265564, 0.45489502
3.305191, -9.291901, 0.44891357
3.2944183, -9.325409, 0.46806335
3.3614655, -9.303864, 0.44172668
3.3387146, -9.308655, 0.3866577
3.3650513, -9.3589325, 0.4118042
3.408142, -9.339783, 0.40701294
3.4057465, -9.338577, 0.3327942
3.3710327, -9.30986, 0.35194397
3.4057465, -9.281128, 0.31843567
3.4141388, -9.296692, 0.29447937
3.4021606, -9.2404175, 0.27053833
3.3734283, -9.263168, 0.20231628
3.4093475, -9.246414, 0.17956543
3.4201202, -9.229645, 0.17358398
3.454834, -9.25119, 0.14364624
3.447647, -9.254791, 0.14964294
3.4416656, -9.25119, 0.077804565
3.4332886, -9.283524, 0.044296265
3.43927, -9.26796, 0.0059814453
3.4344788, -9.2248535, -0.03352356
3.3806152, -9.212891, -0.04309082
3.3219604, -9.202118, -0.0861969
3.3506927, -9.227249, -0.08140564
3.3255463, -9.25119, -0.13407898
3.3303375, -9.246414, -0.106536865
3.368637, -9.2595825, -0.14724731
3.3578644, -9.281128, -0.20350647
3.3470917, -9.300278, -0.19273376
3.3698425, -9.284714, -0.17597961
3.3351288, -9.283524, -0.16879272
3.2908325, -9.282318, -0.15322876
3.2776642, -9.261963, -0.12808228
3.2561188, -9.254791, -0.099365234
3.2309723, -9.227249, -0.09576416
3.2225952, -9.239227, -0.06225586
3.250122, -9.255981, -0.04548645
3.2932281, -9.257187, 0.05267334
3.3267365, -9.271545, 0.06225586
3.3075867, -9.30986, 0.051467896
3.3315277, -9.295486, 0.104141235
3.344696, -9.296692, 0.104141235
3.3339233, -9.278732, 0.17597961
3.3147736, -9.283524, 0.2059021
3.3147736, -9.26915, 0.19871521
3.329132, -9.306259, 0.23703003
3.2860413, -9.301468, 0.252594
3.265686, -9.300278, 0.25976562
3.2668915, -9.332596, 0.29808044
3.2992096, -9.345764, 0.3076477
3.2776642, -9.340973, 0.33039856
3.250122, -9.356537, 0.33758545
3.2800598, -9.318237, 0.32681274
3.2704773, -9.303864, 0.40222168
3.245346, -9.3302, 0.4010315
3.226181, -9.303864, 0.4118042
3.257309, -9.275131, 0.39743042
3.265686, -9.307465, 0.39144897
3.272873, -9.326614, 0.40940857
3.2668915, -9.308655, 0.43215942
3.2860413, -9.2595825, 0.46806335
3.3195648, -9.265564, 0.43215942
3.2824554, -9.308655, 0.46087646
3.3040009, -9.273941, 0.44532776
3.3003998, -9.275131, 0.4297638
3.320755, -9.270355, 0.45729065
3.288437, -9.245209, 0.4692688
3.2776642, -9.226059, 0.4524994
3.308792, -9.236832, 0.43455505
3.3195648, -9.216476, 0.43814087
3.3231506, -9.228455, 0.42736816
3.3662415, -9.306259, 0.43693542
3.3770142, -9.300278, 0.45610046
3.3734283, -9.3194275, 0.4297638
3.408142, -9.320633, 0.41778564
3.4284973, -9.301468, 0.4333496
3.4057465, -9.321823, 0.42138672
3.3925781, -9.296692, 0.39982605
3.4165192, -9.296692, 0.37828064
3.4213104, -9.281128, 0.40940857
3.336319, -9.216476, 0.41299438
3.3650513, -9.257187, 0.34835815
3.391388, -9.258377, 0.3938446
3.3818054, -9.296692, 0.3256073
3.3878021, -9.327805, 0.34835815
3.3925781, -9.362518, 0.36392212
3.4141388, -9.344574, 0.3423767
3.3339233, -9.315842, 0.35794067
3.3387146, -9.2883, 0.31843567
3.2764587, -9.291901, 0.29927063
3.2621002, -9.285904, 0.27653503
3.1914673, -9.295486, 0.3028717
3.1699219, -9.336197, 0.28970337
3.190277, -9.351746, 0.2741394
3.1998444, -9.381683, 0.26815796
3.221405, -9.392456, 0.30166626
3.2465363, -9.373306, 0.3028717
3.2525177, -9.333801, 0.2813263
3.1603394, -9.287109, 0.27293396
3.1495667, -9.290695, 0.28370667
3.1567535, -9.278732, 0.28251648
3.1842957, -9.294296, 0.25019836
3.217804, -9.289505, 0.27293396
3.2393494, -9.368515, 0.296875
3.3171692, -9.512161, 0.33518982
3.3638458, -9.552872, 0.3256073
3.3770142, -9.536102, 0.33039856
3.3111877, -9.48703, 0.37948608
3.2740784, -9.39006, 0.34954834
3.2321777, -9.315842, 0.29927063
3.1483765, -9.258377, 0.37469482
3.0861206, -9.18895, 0.35554504
3.0968933, -9.198517, 0.36271667
3.1699219, -9.252396, 0.3423767
3.157959, -9.2883, 0.36871338
3.2285767, -9.351746, 0.36631775
3.2860413, -9.39006, 0.37348938
3.2525177, -9.376892, 0.3543396
3.2190094, -9.350555, 0.35673523
3.2094269, -9.303864, 0.39265442
3.154358, -9.260773, 0.37109375
3.1100616, -9.2248535, 0.37948608
3.0825348, -9.2200775, 0.42616272
3.1100616, -9.242813, 0.37469482
3.1519623, -9.245209, 0.36990356
3.2130127, -9.303864, 0.3818817
3.2872314, -9.344574, 0.39265442
3.3411102, -9.363724, 0.42138672
3.3865967, -9.381683, 0.47525024
3.3566742, -9.378082, 0.46566772
3.2872314, -9.361328, 0.3866577
3.2166138, -9.318237, 0.42736816
3.1795044, -9.293091, 0.4513092
3.2513275, -9.281128, 0.45489502
3.384201, -9.276337, 0.46087646
3.4201202, -9.308655, 0.41419983
3.3806152, -9.272736, 0.36871338
3.3578644, -9.260773, 0.33638
3.3530731, -9.278732, 0.3327942
3.3075867, -9.293091, 0.331604
3.3411102, -9.25, 0.37348938
3.3327332, -9.289505, 0.33638
3.344696, -9.339783, 0.31723022
3.3506927, -9.351746, 0.33638
3.3566742, -9.356537, 0.33398438
3.3099823, -9.364914, 0.30526733
3.3195648, -9.360138, 0.23942566
3.3315277, -9.314636, 0.19871521
3.3375244, -9.303864, 0.14485168
3.324356, -9.293091, 0.11013794
3.284851, -9.283524, 0.053863525
3.257309, -9.295486, 0.044296265
3.2225952, -9.323029, 0.05986023
3.2201996, -9.374496, 0.037109375
3.193863, -9.391251, 0.029922485
3.178299, -9.403229, 0.0011901855
3.166336, -9.34816, 0.02633667
3.0957031, -9.275131, 0.011978149
3.1244354, -9.2595825, -0.0071868896
3.126831, -9.313446, 0.020355225
3.1136627, -9.3589325, -0.015563965
3.12323, -9.394852, -0.03112793
3.083725, -9.418793, -0.027526855
3.087326, -9.485825, -0.05267334
3.1004944, -9.515747, -0.049087524
3.0921173, -9.50737, -0.0287323
3.0657806, -9.466675, 0.034713745
3.0023346, -9.379288, 0.04548645
3.0454254, -9.325409, 0.027526855
3.047821, -9.271545, 0.0023956299
3.0346527, -9.205704, -0.025146484
3.0573883, -9.125504, 0.013168335
3.071762, -9.163803, 0.07421875
3.0741577, -9.173386, 0.09576416
3.071762, -9.2883, 0.108932495
3.1950684, -9.368515, 0.13168335
3.2908325, -9.440338, 0.19871521
3.3375244, -9.500198, 0.17956543
3.3530731, -9.524139, 0.24899292
3.3494873, -9.460693, 0.28251648
3.3435059, -9.405624, 0.31604004
3.2393494, -9.324219, 0.36750793
3.1711273, -9.3302, 0.3830719
3.1567535, -9.339783, 0.31962585
3.1352081, -9.370911, 0.39144897
3.0885162, -9.375687, 0.41299438
3.0968933, -9.384079, 0.39863586
3.1256256, -9.403229, 0.42855835
3.111267, -9.374496, 0.4118042
3.0669708, -9.405624, 0.4010315
3.087326, -9.388855, 0.38786316
3.1016846, -9.387665, 0.39982605
3.0669708, -9.384079, 0.41419983
3.071762, -9.3984375, 0.4237671
3.0250702, -9.34816, 0.41299438
3.035843, -9.325409, 0.39144897
3.02388, -9.239227, 0.42497253
2.9975433, -9.205704, 0.42855835
2.9879608, -9.212891, 0.4225769
3.0011292, -9.203308, 0.48243713
3.0681763, -9.2248535, 0.48243713
3.1304169, -9.324219, 0.5051727
3.210617, -9.433151, 0.509964
3.1962585, -9.60553, 0.4524994
3.1292267, -9.7695465, 0.42018127
3.0741577, -9.84137, 0.44891357
3.0107117, -9.777924, 0.4333496
2.8670502, -9.649826, 0.44532776
2.7569275, -9.463089, 0.38067627
2.70784, -9.275131, 0.39265442
2.6827087, -9.1805725, 0.3938446
2.676712, -9.150635, 0.38786316
2.7066498, -9.15184, 0.43693542
2.7533264, -9.203308, 0.4441223
2.8287506, -9.2595825, 0.46447754
2.8921967, -9.325409, 0.47883606
2.9616241, -9.323029, 0.48483276
2.9903564, -9.312241, 0.5195465
2.996338, -9.2799225, 0.55426025
3.020279, -9.255981, 0.54348755
2.9951477, -9.25, 0.57221985
3.047821, -9.245209, 0.55784607
3.087326, -9.26796, 0.61172485
3.1878815, -9.315842, 0.5698242
3.2908325, -9.354141, 0.5985565
3.3423004, -9.404419, 0.6141052
3.4416656, -9.424774, 0.6212921
3.4452515, -9.384079, 0.60572815
3.463211, -9.374496, 0.5877838
3.4847565, -9.326614, 0.5674286
3.4512482, -9.26796, 0.60453796
3.3925781, -9.202118, 0.6105194
3.3195648, -9.15184, 0.5805969
3.3111877, -9.147049, 0.5782013
3.3351288, -9.132675, 0.588974
3.351883, -9.168594, 0.5626373
3.4404755, -9.1410675, 0.56503296
3.4751892, -9.212891, 0.53271484
3.5374298, -9.234436, 0.5135498
3.5518036, -9.260773, 0.51594543
3.604477, -9.332596, 0.47045898
3.6355896, -9.360138, 0.43933105
3.6272125, -9.363724, 0.40940857
3.6535492, -9.366119, 0.39982605
3.6559448, -9.366119, 0.40222168
3.6355896, -9.324219, 0.375885
3.6343994, -9.284714, 0.32321167
3.5637665, -9.227249, 0.29447937
3.5122986, -9.160217, 0.3028717
3.4919434, -9.179367, 0.29089355
3.4931335, -9.196121, 0.23223877
3.4907532, -9.239227, 0.20350647
3.5170898, -9.287109, 0.16400146
3.5529938, -9.339783, 0.11730957
3.5529938, -9.422379, 0.09336853
3.580536, -9.454697, -0.0071868896
3.542221, -9.500198, -0.01914978
3.5398254, -9.471466, -0.096969604
3.4811707, -9.447525, -0.16879272
3.3937836, -9.411606, -0.18554688
3.2764587, -9.369705, -0.21907043
3.2381592, -9.306259, -0.20469666
3.1651306, -9.25119, -0.19631958
3.1447906, -9.204514, -0.23942566
3.1328125, -9.179367, -0.2861023
3.1016846, -9.17099, -0.31723022
3.078949, -9.196121, -0.2741394
3.0765533, -9.223663, -0.31723022
3.1040802, -9.289505, -0.31124878
3.078949, -9.332596, -0.2753296
3.1160583, -9.364914, -0.27053833
3.1483765, -9.414001, -0.23103333
3.154358, -9.429565, -0.22625732
3.1591492, -9.406815, -0.18075562
3.1830902, -9.381683, -0.16520691
3.197464, -9.345764, -0.09576416
3.2046356, -9.343369, -0.05506897
3.2082367, -9.32901, -0.011978149
3.193863, -9.307465, 0.034713745
3.2309723, -9.2883, 0.11013794
3.1914673, -9.282318, 0.14364624
3.1998444, -9.284714, 0.18435669
3.221405, -9.266754, 0.2166748
3.221405, -9.238022, 0.2346344
3.2273865, -9.258377, 0.26815796
3.2632904, -9.258377, 0.25498962
3.289627, -9.314636, 0.29808044
3.284851, -9.326614, 0.32081604
3.2836456, -9.351746, 0.31962585
3.312378, -9.374496, 0.32081604
3.3662415, -9.382874, 0.3435669
3.3854065, -9.378082, 0.35673523
3.4117432, -9.405624, 0.3902588
3.4273071, -9.414001, 0.43455505
3.415329, -9.436752, 0.4189911
3.3411102, -9.424774, 0.42018127
3.3040009, -9.417587, 0.42138672
3.250122, -9.403229, 0.4010315
3.178299, -9.3984375, 0.40821838
3.0957031, -9.40921, 0.4010315
3.0466156, -9.403229, 0.36990356
3.0669708, -9.368515, 0.35673523
3.0645752, -9.360138, 0.33638
3.1136627, -9.361328, 0.34954834
3.1064758, -9.32901, 0.3902588
3.1076813, -9.3302, 0.37348938
3.094513, -9.337387, 0.4046173
3.0370483, -9.337387, 0.4333496
2.996338, -9.305069, 0.48721313
2.9712067, -9.326614, 0.5015869
2.9831696, -9.323029, 0.5530548
2.9939423, -9.337387, 0.56144714
2.9891663, -9.344574, 0.5602417
3.0645752, -9.3194275, 0.5817871
3.0921173, -9.32901, 0.5877838
3.1220398, -9.375687, 0.58657837
3.1495667, -9.368515, 0.6093292
3.1411896, -9.387665, 0.6356659
3.1280212, -9.39006, 0.6404419
3.118454, -9.378082, 0.6584015
3.0897217, -9.357742, 0.69311523
3.0861206, -9.344574, 0.7170563
3.0693665, -9.34697, 0.72424316
3.0538025, -9.297882, 0.7194519
3.0538025, -9.295486, 0.6907196
3.0885162, -9.2799225, 0.67277527
3.1136627, -9.287109, 0.6799469
3.0849304, -9.282318, 0.64523315
3.114853, -9.318237, 0.6584015
3.1376038, -9.34816, 0.6643982
3.147171, -9.334991, 0.69551086
3.1555634, -9.331406, 0.68115234
3.1459808, -9.332596, 0.667984
3.12323, -9.350555, 0.6823425
3.1244354, -9.364914, 0.69911194
3.147171, -9.331406, 0.72184753
3.1531677, -9.355347, 0.72065735
3.1687317, -9.337387, 0.7685394
3.178299, -9.338577, 0.79248047
3.1723175, -9.336197, 0.76135254
3.1459808, -9.31105, 0.76374817
3.1447906, -9.327805, 0.78889465
3.1411896, -9.305069, 0.8164215
3.1711273, -9.313446, 0.7649536
3.197464, -9.317032, 0.7972717
3.1819, -9.325409, 0.78289795
3.2273865, -9.318237, 0.7757263
3.233368, -9.349365, 0.7290344
3.245346, -9.388855, 0.72065735
3.2836456, -9.396042, 0.7577667
3.2776642, -9.373306, 0.723053
3.2764587, -9.368515, 0.6763611
3.2908325, -9.349365, 0.70269775
3.296814, -9.320633, 0.66319275
3.241745, -9.307465, 0.6404419
3.2154083, -9.278732, 0.6212921
3.2034454, -9.284714, 0.6488342
3.1759033, -9.275131, 0.6488342
3.1926727, -9.263168, 0.62368774
3.1735077, -9.233246, 0.5901642
3.1723175, -9.2404175, 0.5901642
3.1806946, -9.248795, 0.57341003
3.1735077, -9.26796, 0.56503296
3.147171, -9.272736, 0.5351105
3.2046356, -9.282318, 0.47166443
3.2549133, -9.312241, 0.46087646
3.2285767, -9.331406, 0.49919128
3.2621002, -9.334991, 0.49320984
3.2980194, -9.278732, 0.41778564
3.2932281, -9.271545, 0.3818817
3.3003998, -9.236832, 0.39743042
3.305191, -9.202118, 0.3830719
3.3219604, -9.234436, 0.38067627
3.3746338, -9.252396, 0.3615265
3.3614655, -9.289505, 0.35913086
3.4213104, -9.34697, 0.31962585
3.5194702, -9.403229, 0.3256073
3.5769348, -9.436752, 0.34954834
3.5781403, -9.430756, 0.28730774
3.564972, -9.42598, 0.26934814
3.5721436, -9.336197, 0.23942566
3.530243, -9.260773, 0.24301147
3.4680023, -9.2200775, 0.24899292
3.3889923, -9.197327, 0.21907043
3.3734283, -9.1458435, 0.22026062
3.399765, -9.202118, 0.19154358
3.4404755, -9.229645, 0.19033813
3.4620209, -9.247604, 0.16400146
3.5122986, -9.284714, 0.17118835
3.5326385, -9.300278, 0.14006042
3.5194702, -9.282318, 0.118515015
3.4883575, -9.238022, 0.108932495
3.4105377, -9.19014, 0.12689209
3.368637, -9.193741, 0.08380127
3.3530731, -9.20929, 0.09815979
3.3470917, -9.19014, 0.120910645
3.3949738, -9.196121, 0.13647461
3.4380798, -9.272736, 0.15802002
3.4895477, -9.284714, 0.118515015
3.4919434, -9.291901, 0.11253357
3.5206757, -9.284714, 0.15802002
3.5015259, -9.294296, 0.22026062
3.5230713, -9.283524, 0.23942566
3.485962, -9.214081, 0.26455688
3.4656067, -9.198517, 0.22744751
3.4332886, -9.1853485, 0.25976562
3.4344788, -9.186554, 0.28012085
3.4799652, -9.199722, 0.28970337
3.494339, -9.196121, 0.31004333
3.4715881, -9.200912, 0.29447937
3.5086975, -9.247604, 0.30047607
3.5015259, -9.296692, 0.31843567
3.4979248, -9.299072, 0.30526733
3.4608154, -9.344574, 0.3256073
3.4249115, -9.394852, 0.3830719
3.3734283, -9.384079, 0.39743042
3.3159637, -9.363724, 0.40701294
3.3231506, -9.366119, 0.3938446
3.3315277, -9.392456, 0.41419983
3.3219604, -9.382874, 0.43693542
3.313568, -9.363724, 0.43693542
3.2668915, -9.360138, 0.40701294
3.1854858, -9.325409, 0.4225769
3.1124573, -9.30986, 0.44293213
3.0669708, -9.312241, 0.41059875
3.0023346, -9.350555, 0.4297638
2.936493, -9.345764, 0.3866577
2.929306, -9.376892, 0.37348938
3.016693, -9.397247, 0.3938446
3.0657806, -9.453506, 0.4010315
3.1447906, -9.483429, 0.37948608
3.166336, -9.470261, 0.40701294
3.138794, -9.42836, 0.4118042
3.1615448, -9.403229, 0.4513092
3.12323, -9.340973, 0.48362732
3.075348, -9.350555, 0.48362732
3.0250702, -9.317032, 0.48841858
3.0035248, -9.278732, 0.5315094
3.0190887, -9.26796, 0.5051727
2.9819794, -9.265564, 0.52433777
3.0035248, -9.313446, 0.51475525
3.0286713, -9.320633, 0.54467773
3.020279, -9.308655, 0.5351105
3.0250702, -9.36731, 0.5231323
3.0430298, -9.396042, 0.55545044
3.031067, -9.42598, 0.5805969
3.020279, -9.42836, 0.5626373
3.032257, -9.457092, 0.51834106
3.0861206, -9.471466, 0.5566559
3.1064758, -9.448715, 0.55784607
3.0968933, -9.431961, 0.5590515
3.0777435, -9.433151, 0.55784607
3.0861206, -9.40802, 0.5422821
3.111267, -9.294296, 0.54348755
3.0765533, -9.289505, 0.53749084
3.071762, -9.257187, 0.5207367
3.1399994, -9.258377, 0.5087738
3.1878815, -9.300278, 0.5303192
3.1830902, -9.301468, 0.5530548
3.1962585, -9.284714, 0.53630066
3.2082367, -9.300278, 0.4632721
3.233368, -9.306259, 0.509964
3.2621002, -9.334991, 0.47883606
3.2525177, -9.360138, 0.48362732
3.2561188, -9.340973, 0.45370483
3.265686, -9.342178, 0.44891357
3.2704773, -9.343369, 0.45610046
3.2956238, -9.332596, 0.42736816
3.3566742, -9.327805, 0.39624023
3.344696, -9.302673, 0.48841858
3.3626556, -9.290695, 0.4812317
3.3387146, -9.248795, 0.45729065
3.3411102, -9.254791, 0.47045898
3.327942, -9.26915, 0.47525024
3.3315277, -9.25119, 0.5207367
3.344696, -9.272736, 0.51116943
3.3171692, -9.312241, 0.4692688
3.3375244, -9.345764, 0.47764587
3.3255463, -9.323029, 0.50038147
3.3147736, -9.313446, 0.48243713
3.3040009, -9.307465, 0.45729065
3.296814, -9.295486, 0.43095398
3.2525177, -9.261963, 0.43095398
3.2130127, -9.228455, 0.4297638
3.1878815, -9.223663, 0.4297638
3.1998444, -9.277527, 0.42855835
3.2249908, -9.282318, 0.40701294
3.245346, -9.305069, 0.4812317
3.2920227, -9.313446, 0.47045898
3.3255463, -9.305069, 0.4632721
3.289627, -9.273941, 0.48243713
3.2597046, -9.273941, 0.48960876
3.2381592, -9.258377, 0.5135498
3.257309, -9.25119, 0.5171509
3.269287, -9.25, 0.51116943
3.3111877, -9.277527, 0.51475525
3.327942, -9.312241, 0.55426025
3.3650513, -9.318237, 0.5398865
3.4177246, -9.355347, 0.5315094
3.4344788, -9.387665, 0.5207367
3.4344788, -9.361328, 0.5398865
3.384201, -9.32901, 0.5398865
3.351883, -9.306259, 0.5015869
3.344696, -9.263168, 0.4632721
3.3219604, -9.285904, 0.44293213
3.3375244, -9.294296, 0.41419983
3.3327332, -9.300278, 0.3651123
3.3435059, -9.291901, 0.31604004
3.3315277, -9.318237, 0.296875
3.3506927, -9.349365, 0.2633667
3.313568, -9.349365, 0.23942566
3.28125, -9.327805, 0.21188354
3.289627, -9.320633, 0.108932495
3.2644958, -9.325409, 0.0909729
3.193863, -9.317032, 0.0574646
3.1842957, -9.277527, 0.03112793
3.1854858, -9.295486, -0.0059814453
3.2082367, -9.287109, -0.0574646
3.2345734, -9.291901, -0.05506897
3.2118225, -9.289505, -0.068237305
3.205841, -9.281128, -0.03352356
3.217804, -9.305069, -0.027526855
3.2369537, -9.351746, -0.010772705
3.2393494, -9.366119, -0.0143585205
3.241745, -9.382874, 0.0095825195
3.269287, -9.421188, 0.02154541
3.2405548, -9.36731, 0.046691895
3.2381592, -9.350555, 0.09336853
3.2405548, -9.325409, 0.15562439
3.2094269, -9.31105, 0.15802002
3.2094269, -9.272736, 0.16400146
3.1615448, -9.278732, 0.19631958
3.0933075, -9.2643585, 0.23703003
3.10289, -9.277527, 0.26576233
3.166336, -9.308655, 0.3256073
3.150772, -9.326614, 0.33638
3.197464, -9.339783, 0.33877563
3.205841, -9.3589325, 0.40940857
3.20224, -9.344574, 0.39505005
3.2070312, -9.363724, 0.42736816
3.2321777, -9.350555, 0.5135498
3.217804, -9.338577, 0.49919128
3.1806946, -9.302673, 0.549469
3.178299, -9.31105, 0.54707336
3.1998444, -9.30986, 0.5458832
3.1878815, -9.321823, 0.5698242
3.2070312, -9.334991, 0.5710144
3.1830902, -9.327805, 0.6093292
3.2154083, -9.351746, 0.6404419
3.2429504, -9.324219, 0.6188965
3.1962585, -9.284714, 0.6464386
3.1759033, -9.271545, 0.6488342
3.20224, -9.281128, 0.67277527
3.221405, -9.327805, 0.66677856
3.2621002, -9.368515, 0.70628357
3.2836456, -9.386475, 0.6895294
3.3040009, -9.410416, 0.66677856
3.3315277, -9.440338, 0.6691742
3.3183594, -9.42836, 0.68473816
3.320755, -9.357742, 0.6967163
3.284851, -9.345764, 0.70269775
3.1998444, -9.314636, 0.7338257
3.2034454, -9.273941, 0.7362213
3.1830902, -9.23085, 0.7649536
3.154358, -9.2404175, 0.7194519
3.1926727, -9.260773, 0.7122803
3.1735077, -9.2799225, 0.7003021
3.2142181, -9.31105, 0.6907196
3.2154083, -9.349365, 0.67037964
3.1914673, -9.3589325, 0.6212921
3.1890717, -9.361328, 0.6380615
3.1747131, -9.363724, 0.63327026
3.1316223, -9.336197, 0.60095215
3.1244354, -9.345764, 0.5985565
3.1352081, -9.340973, 0.57221985

