x : y : Z 
3.12323, -9.332596, 0.51834106
3.1220398, -9.314636, 0.5315094
3.1399994, -9.308655, 0.5398865
3.1316223, -9.281128, 0.51475525
3.157959, -9.308655, 0.47525024
3.1376038, -9.3194275, 0.47764587
3.1687317, -9.303864, 0.51834106
3.1723175, -9.295486, 0.49320984
3.138794, -9.270355, 0.53271484
3.142395, -9.287109, 0.50398254
3.1316223, -9.289505, 0.46566772
3.1220398, -9.26796, 0.5135498
3.1531677, -9.278732, 0.55426025
3.1675262, -9.271545, 0.52194214
3.1519623, -9.306259, 0.47045898
3.2166138, -9.324219, 0.4620819
3.2034454, -9.351746, 0.46447754
3.2585144, -9.338577, 0.4513092
3.2836456, -9.370911, 0.44770813
3.2860413, -9.356537, 0.41059875
3.2704773, -9.391251, 0.38546753
3.3231506, -9.378082, 0.40582275
3.3016052, -9.351746, 0.39863586
3.28125, -9.36731, 0.38905334
3.3470917, -9.327805, 0.36032104
3.3147736, -9.308655, 0.33877563
3.2920227, -9.300278, 0.34954834
3.2956238, -9.26796, 0.35194397
3.272873, -9.26915, 0.33039856
3.2644958, -9.245209, 0.33518982
3.2369537, -9.270355, 0.31723022
3.2345734, -9.299072, 0.30047607
3.3003998, -9.366119, 0.27053833
3.36026, -9.414001, 0.26097107
3.3435059, -9.434357, 0.25976562
3.3530731, -9.441528, 0.26216125
3.329132, -9.411606, 0.25498962
3.248932, -9.3984375, 0.20111084
3.245346, -9.364914, 0.19273376
3.226181, -9.2883, 0.18075562
3.1795044, -9.227249, 0.1951294
3.1651306, -9.265564, 0.22744751
3.1603394, -9.253586, 0.21308899
3.1615448, -9.320633, 0.22026062
3.1819, -9.357742, 0.26934814
3.1447906, -9.381683, 0.25498962
3.147171, -9.410416, 0.27174377
3.1172485, -9.423584, 0.31004333
3.0861206, -9.352951, 0.3076477
3.10289, -9.340973, 0.25019836
3.1304169, -9.313446, 0.34477234
3.1459808, -9.2883, 0.33398438
3.1795044, -9.276337, 0.33877563
3.2225952, -9.275131, 0.31843567
3.2094269, -9.273941, 0.37348938
3.2776642, -9.265564, 0.44891357
3.3063965, -9.26796, 0.41539
3.2752686, -9.306259, 0.4584961
3.3063965, -9.296692, 0.5027771
3.3027954, -9.283524, 0.48841858
3.3865967, -9.306259, 0.5315094
3.4105377, -9.30986, 0.4908142
3.3925781, -9.308655, 0.52671814
3.3830109, -9.302673, 0.49560547
3.4021606, -9.284714, 0.52911377
3.4572296, -9.326614, 0.5482788
3.4691925, -9.338577, 0.54467773
3.447647, -9.334991, 0.5351105
3.4261017, -9.331406, 0.5817871
3.3973694, -9.293091, 0.56622314
3.4021606, -9.296692, 0.58299255
3.3638458, -9.30986, 0.56503296
3.3183594, -9.303864, 0.6105194
3.2956238, -9.331406, 0.628479
3.2537231, -9.374496, 0.60095215
3.2525177, -9.382874, 0.588974
3.2644958, -9.423584, 0.5590515
3.2465363, -9.397247, 0.549469
3.2237854, -9.312241, 0.5458832
3.1699219, -9.266754, 0.5410919
3.1076813, -9.227249, 0.54467773
3.0741577, -9.181763, 0.52671814
3.055008, -9.149445, 0.5386963
3.0861206, -9.165009, 0.5602417
3.1220398, -9.1853485, 0.5207367
3.1639404, -9.205704, 0.54467773
3.2345734, -9.242813, 0.5195465
3.2549133, -9.30986, 0.5686188
3.2956238, -9.396042, 0.59376526
3.3638458, -9.448715, 0.6212921
3.3937836, -9.467865, 0.61291504
3.4033508, -9.465469, 0.60453796
3.4284973, -9.415192, 0.6392517
3.430893, -9.344574, 0.64164734
3.4284973, -9.300278, 0.6691742
3.3937836, -9.228455, 0.6751709
3.3327332, -9.174576, 0.65600586
3.2776642, -9.1458435, 0.67037964
3.2872314, -9.159012, 0.6428375
3.2980194, -9.18895, 0.6655884
3.3171692, -9.253586, 0.62368774
3.3578644, -9.295486, 0.5710144
3.4213104, -9.320633, 0.54707336
3.4117432, -9.357742, 0.5410919
3.4249115, -9.36731, 0.5015869
3.391388, -9.370911, 0.46087646
3.3506927, -9.372101, 0.46806335
3.3231506, -9.34697, 0.42616272
3.348297, -9.323029, 0.375885
3.284851, -9.308655, 0.34835815
3.2860413, -9.3302, 0.31723022
3.3099823, -9.350555, 0.2813263
3.2920227, -9.376892, 0.2346344
3.28125, -9.345764, 0.20829773
3.2752686, -9.36731, 0.15441895
3.2597046, -9.350555, 0.19871521
3.2273865, -9.355347, 0.1257019
3.1723175, -9.283524, 0.08859253
3.154358, -9.252396, 0.0861969
3.150772, -9.223663, 0.05027771
3.1124573, -9.23204, 0.034713745
3.0909119, -9.26796, -0.017959595
3.1399994, -9.295486, -0.0095825195
3.1950684, -9.357742, -0.011978149
3.2273865, -9.350555, -0.051467896
3.2872314, -9.338577, -0.058654785
3.2908325, -9.324219, 0.008377075
3.257309, -9.300278, 0.01675415
3.248932, -9.244019, 0.0035858154
3.2273865, -9.208099, 0.032318115
3.1890717, -9.20929, 0.06703186
3.193863, -9.236832, 0.08859253
3.2441406, -9.26796, 0.111328125
3.269287, -9.312241, 0.14724731
3.2824554, -9.350555, 0.17118835
3.3506927, -9.343369, 0.18196106
3.312378, -9.325409, 0.23582458
3.2992096, -9.336197, 0.26576233
3.3063965, -9.31105, 0.26216125
3.2477417, -9.255981, 0.3076477
3.248932, -9.246414, 0.3471527
3.2285767, -9.212891, 0.38426208
3.2142181, -9.2200775, 0.40940857
3.2465363, -9.258377, 0.43693542
3.296814, -9.26915, 0.4584961
3.2872314, -9.2643585, 0.4405365
3.2992096, -9.306259, 0.38905334
3.2920227, -9.295486, 0.4800415
3.2644958, -9.356537, 0.5015869
3.288437, -9.388855, 0.48483276
3.308792, -9.400833, 0.4584961
3.3159637, -9.412811, 0.43455505
3.3003998, -9.406815, 0.4740448
3.329132, -9.400833, 0.48362732
3.28125, -9.39006, 0.43814087
3.2597046, -9.3589325, 0.4692688
3.226181, -9.320633, 0.47045898
3.2357635, -9.297882, 0.40821838
3.197464, -9.283524, 0.42736816
3.1747131, -9.281128, 0.4620819
3.1411896, -9.287109, 0.43095398
3.1304169, -9.2595825, 0.39505005
3.1160583, -9.26796, 0.40342712
3.1160583, -9.306259, 0.3902588
3.1160583, -9.360138, 0.39144897
3.1459808, -9.406815, 0.41539
3.1591492, -9.4379425, 0.42018127
3.1639404, -9.458298, 0.3830719
3.1555634, -9.457092, 0.40940857
3.1699219, -9.460693, 0.3938446
3.1399994, -9.449921, 0.3615265
3.0980988, -9.435547, 0.36750793
3.0885162, -9.380478, 0.33758545
3.0190887, -9.357742, 0.3327942
3.0011292, -9.351746, 0.33039856
2.9783936, -9.283524, 0.32920837
2.9736023, -9.261963, 0.3076477
2.9592285, -9.266754, 0.30166626
2.9903564, -9.315842, 0.33638
2.9939423, -9.31105, 0.33998108
3.0011292, -9.331406, 0.3244171
3.0382385, -9.34697, 0.34835815
3.0765533, -9.373306, 0.30526733
3.0813446, -9.364914, 0.31843567
3.0825348, -9.372101, 0.3040619
3.071762, -9.3194275, 0.33518982
3.10289, -9.32901, 0.32321167
3.1196442, -9.3194275, 0.33398438
3.1088715, -9.301468, 0.35075378
3.1208344, -9.339783, 0.35194397
3.1519623, -9.379288, 0.33039856
3.1914673, -9.387665, 0.35673523
3.2166138, -9.393646, 0.34835815
3.2477417, -9.391251, 0.39265442
3.2788544, -9.424774, 0.3938446
3.26091, -9.433151, 0.36750793
3.2764587, -9.382874, 0.39982605
3.3016052, -9.376892, 0.3722992
3.2513275, -9.336197, 0.37109375
3.2668915, -9.282318, 0.40342712
3.229782, -9.2404175, 0.39505005
3.2561188, -9.159012, 0.39743042
3.233368, -9.17099, 0.40222168
3.2130127, -9.186554, 0.45370483
3.2225952, -9.2883, 0.39743042
3.2046356, -9.403229, 0.4189911
3.226181, -9.515747, 0.39624023
3.2644958, -9.619904, 0.37948608
3.269287, -9.658203, 0.39265442
3.272873, -9.615112, 0.35913086
3.241745, -9.552872, 0.36631775
3.1842957, -9.416397, 0.36631775
3.1256256, -9.266754, 0.3866577
3.0681763, -9.150635, 0.40821838
3.0298615, -9.048889, 0.3866577
3.0071106, -8.960297, 0.39144897
3.0274658, -8.9830475, 0.4441223
3.0669708, -9.029724, 0.46447754
3.1699219, -9.126694, 0.47764587
3.2752686, -9.197327, 0.5303192
3.348297, -9.287109, 0.52433777
3.4608154, -9.356537, 0.5674286
3.5709534, -9.40802, 0.57699585
3.5781403, -9.453506, 0.56144714
3.5865173, -9.40802, 0.5793915
3.6176453, -9.447525, 0.5913696
3.5865173, -9.421188, 0.6033325
3.5637665, -9.340973, 0.5817871
3.5745392, -9.281128, 0.5602417
3.5613708, -9.221268, 0.59495544
3.5529938, -9.173386, 0.6033325
3.5541992, -9.148239, 0.6081238
3.569748, -9.149445, 0.5925598
3.5374298, -9.142258, 0.60214233
3.5350342, -9.160217, 0.51116943
3.5146942, -9.196121, 0.52911377
3.487152, -9.217682, 0.5303192
3.4895477, -9.223663, 0.40940857
3.5290527, -9.26915, 0.40582275
3.5218658, -9.32901, 0.35794067
3.4979248, -9.305069, 0.34835815
3.4919434, -9.337387, 0.3327942
3.4656067, -9.325409, 0.29808044
3.4524384, -9.332596, 0.24780273
3.4213104, -9.299072, 0.23223877
3.4249115, -9.287109, 0.19992065
3.367447, -9.277527, 0.20829773
3.3387146, -9.282318, 0.16998291
3.3506927, -9.255981, 0.1257019
3.3614655, -9.254791, 0.07901001
3.3578644, -9.290695, 0.061050415
3.3255463, -9.342178, 0.0011901855
3.3063965, -9.366119, -0.05506897
3.3351288, -9.39006, -0.070632935
3.3159637, -9.419983, -0.08859253
3.308792, -9.405624, -0.118515015
3.3040009, -9.366119, -0.13168335
3.2046356, -9.354141, -0.14724731
3.1795044, -9.34816, -0.21786499
3.1208344, -9.282318, -0.21427917
3.0813446, -9.297882, -0.19871521
3.0861206, -9.321823, -0.20709229
3.0777435, -9.352951, -0.24420166
3.078949, -9.394852, -0.26455688
3.1196442, -9.3984375, -0.2454071
3.1064758, -9.422379, -0.25498962
3.078949, -9.379288, -0.23582458
3.0526123, -9.336197, -0.20829773
3.031067, -9.3194275, -0.16041565
3.031067, -9.296692, -0.15802002
3.0131073, -9.245209, -0.10055542
2.999939, -9.258377, -0.037109375
2.9723969, -9.315842, -0.010772705
3.0142975, -9.323029, -0.022750854
3.0561981, -9.338577, 0.05027771
3.0418396, -9.34816, 0.111328125
3.083725, -9.40802, 0.14604187
3.126831, -9.430756, 0.17118835
3.126831, -9.406815, 0.19154358
3.126831, -9.36731, 0.24420166
3.1328125, -9.376892, 0.3076477
3.1076813, -9.376892, 0.3148346
3.10289, -9.362518, 0.3244171
3.1699219, -9.340973, 0.36631775
3.1376038, -9.308655, 0.3830719
3.1519623, -9.290695, 0.36271667
3.1615448, -9.317032, 0.39743042
3.1411896, -9.283524, 0.44172668
3.1340027, -9.282318, 0.45489502
3.1376038, -9.273941, 0.4513092
3.1519623, -9.318237, 0.4728546
3.1795044, -9.307465, 0.48362732
3.1986542, -9.342178, 0.51834106
3.2477417, -9.338577, 0.4980011
3.2345734, -9.384079, 0.48960876
3.2644958, -9.368515, 0.4812317
3.2632904, -9.343369, 0.49679565
3.2537231, -9.349365, 0.5015869
3.2070312, -9.345764, 0.5231323
3.2201996, -9.306259, 0.49919128
3.2082367, -9.294296, 0.48721313
3.205841, -9.277527, 0.5051727
3.229782, -9.282318, 0.49919128
3.2046356, -9.284714, 0.46566772
3.2154083, -9.291901, 0.4800415
3.233368, -9.314636, 0.45610046
3.257309, -9.333801, 0.44770813
3.2549133, -9.313446, 0.46447754
3.2142181, -9.302673, 0.45729065
3.2225952, -9.314636, 0.43095398
3.2477417, -9.34697, 0.39743042
3.2237854, -9.34697, 0.38067627
3.2154083, -9.317032, 0.37948608
3.2070312, -9.306259, 0.36392212
3.217804, -9.3302, 0.37828064
3.2130127, -9.314636, 0.34117126
3.2369537, -9.327805, 0.33758545
3.2118225, -9.339783, 0.33877563
3.2357635, -9.332596, 0.29089355
3.248932, -9.323029, 0.23703003
3.2190094, -9.352951, 0.28730774
3.2369537, -9.3302, 0.26097107
3.233368, -9.325409, 0.22865295
3.2321777, -9.3984375, 0.24061584
3.2249908, -9.380478, 0.26934814
3.2237854, -9.364914, 0.24780273
3.2190094, -9.363724, 0.24780273
3.2046356, -9.345764, 0.22625732
3.2094269, -9.339783, 0.19752502
3.2190094, -9.345764, 0.2166748
3.2010498, -9.350555, 0.21786499
3.2034454, -9.314636, 0.23342896
3.1771088, -9.312241, 0.21188354
3.1950684, -9.321823, 0.22505188
3.193863, -9.297882, 0.19752502
3.1914673, -9.326614, 0.1663971
3.193863, -9.34697, 0.21188354
3.2273865, -9.375687, 0.21786499
3.186676, -9.39006, 0.1951294
3.2285767, -9.404419, 0.19154358
3.2094269, -9.404419, 0.23703003
3.193863, -9.387665, 0.23582458
3.186676, -9.421188, 0.23703003
3.1926727, -9.485825, 0.24780273
3.1759033, -9.493011, 0.23223877
3.1735077, -9.48822, 0.2346344
3.154358, -9.466675, 0.252594
3.1435852, -9.405624, 0.27893066
3.1136627, -9.343369, 0.2753296
3.0921173, -9.245209, 0.25498962
3.0657806, -9.181763, 0.29808044
3.059784, -9.133881, 0.3256073
3.032257, -9.142258, 0.33998108
3.0190887, -9.142258, 0.33518982
3.0921173, -9.186554, 0.36990356
3.1711273, -9.234436, 0.36871338
3.2345734, -9.312241, 0.41419983
3.2836456, -9.361328, 0.44770813
3.3183594, -9.364914, 0.48483276
3.3267365, -9.349365, 0.51116943
3.3411102, -9.373306, 0.48483276
3.3530731, -9.369705, 0.50038147
3.3590698, -9.361328, 0.54707336
3.3662415, -9.30986, 0.51834106
3.36026, -9.2799225, 0.5398865
3.406952, -9.291901, 0.5686188
3.3854065, -9.287109, 0.5877838
3.408142, -9.281128, 0.54707336
3.4404755, -9.273941, 0.59376526
3.4165192, -9.284714, 0.5817871
3.3973694, -9.241623, 0.5506592
3.3662415, -9.235626, 0.55784607
3.351883, -9.229645, 0.54467773
3.3219604, -9.238022, 0.53749084
3.344696, -9.2595825, 0.54707336
3.3219604, -9.2404175, 0.5913696
3.3494873, -9.260773, 0.5566559
3.3746338, -9.26796, 0.54348755
3.3662415, -9.265564, 0.48243713
3.3494873, -9.337387, 0.4920044
3.3506927, -9.3194275, 0.48721313
3.3590698, -9.291901, 0.4513092
3.3303375, -9.273941, 0.45370483
3.3423004, -9.276337, 0.43574524
3.3159637, -9.299072, 0.38426208
3.329132, -9.300278, 0.35554504
3.3303375, -9.312241, 0.34835815
3.3351288, -9.294296, 0.3256073
3.3411102, -9.299072, 0.31124878
3.3411102, -9.31105, 0.27293396
3.3614655, -9.323029, 0.2346344
3.3327332, -9.305069, 0.2346344
3.308792, -9.327805, 0.21308899
3.3423004, -9.30986, 0.09336853
3.3147736, -9.31105, 0.080200195
3.2920227, -9.3194275, 0.053863525
3.2992096, -9.30986, -0.02633667
3.2872314, -9.31105, -0.07182312
3.28125, -9.306259, -0.111328125
3.2644958, -9.2883, -0.12808228
3.2644958, -9.287109, -0.13887024
3.265686, -9.281128, -0.20231628
3.3063965, -9.270355, -0.22146606
3.2525177, -9.308655, -0.20709229
3.2357635, -9.3194275, -0.26216125
3.2429504, -9.326614, -0.26815796
3.2429504, -9.344574, -0.26576233
3.250122, -9.362518, -0.25498962
3.257309, -9.379288, -0.28849792
3.1926727, -9.3302, -0.26216125
3.162735, -9.307465, -0.22744751
3.1926727, -9.305069, -0.19752502
3.1723175, -9.284714, -0.16041565
3.1591492, -9.275131, -0.11013794
3.1447906, -9.26915, -0.10055542
3.1256256, -9.290695, -0.039505005
3.1376038, -9.321823, -0.025146484
3.1699219, -9.326614, -0.0035858154
3.1376038, -9.337387, 0.09336853
3.1675262, -9.338577, 0.09576416
3.1962585, -9.326614, 0.12449646
3.1687317, -9.344574, 0.20948792
3.190277, -9.320633, 0.23223877
3.1986542, -9.301468, 0.26815796
3.1639404, -9.301468, 0.292099
3.1830902, -9.285904, 0.32920837
3.1950684, -9.30986, 0.33877563
3.2082367, -9.300278, 0.375885
3.2309723, -9.3194275, 0.37948608
3.2201996, -9.354141, 0.44770813
3.2393494, -9.3302, 0.48841858
3.2704773, -9.317032, 0.52194214
3.257309, -9.34697, 0.51116943
3.2393494, -9.336197, 0.5231323
3.2369537, -9.315842, 0.5482788
3.226181, -9.326614, 0.56144714
3.217804, -9.326614, 0.5386963
3.2309723, -9.320633, 0.5458832
3.2046356, -9.313446, 0.58657837
3.2070312, -9.342178, 0.5901642
3.205841, -9.327805, 0.6105194
3.2465363, -9.364914, 0.5674286
3.2477417, -9.32901, 0.55545044
3.1914673, -9.315842, 0.5782013
3.1998444, -9.326614, 0.57699585
3.2273865, -9.326614, 0.5853882
3.2082367, -9.3194275, 0.5626373
3.2118225, -9.324219, 0.57699585
3.1986542, -9.349365, 0.5518646
3.1842957, -9.332596, 0.53271484
3.20224, -9.350555, 0.5063782
3.1890717, -9.363724, 0.51116943
3.1830902, -9.332596, 0.50756836
3.1615448, -9.355347, 0.48483276
3.162735, -9.3194275, 0.4584961
3.178299, -9.313446, 0.48960876
3.157959, -9.312241, 0.48483276
3.1399994, -9.303864, 0.46447754
3.1304169, -9.285904, 0.40821838
3.142395, -9.294296, 0.4046173
3.166336, -9.302673, 0.37469482
3.147171, -9.284714, 0.3531494
3.178299, -9.301468, 0.34954834
3.1830902, -9.343369, 0.35075378
3.20224, -9.26796, 0.3435669
3.2249908, -9.266754, 0.34954834
3.257309, -9.284714, 0.33039856
3.2549133, -9.296692, 0.31723022
3.2668915, -9.31105, 0.31962585
3.28125, -9.294296, 0.33877563
3.2944183, -9.293091, 0.27893066
3.3027954, -9.318237, 0.27893066
3.3351288, -9.3302, 0.292099
3.3494873, -9.352951, 0.27893066
3.3530731, -9.370911, 0.28251648
3.3698425, -9.342178, 0.2861023
3.3494873, -9.337387, 0.23942566
3.3626556, -9.318237, 0.28251648
3.368637, -9.290695, 0.26934814
3.3494873, -9.276337, 0.2561798
3.3375244, -9.277527, 0.22744751
3.3734283, -9.278732, 0.2346344
3.3937836, -9.287109, 0.22984314
3.4021606, -9.258377, 0.20948792
3.367447, -9.260773, 0.25976562
3.408142, -9.277527, 0.2669525
3.4201202, -9.242813, 0.2813263
3.4296875, -9.260773, 0.24420166
3.463211, -9.287109, 0.23103333
3.4967346, -9.317032, 0.24061584
3.502716, -9.313446, 0.21786499
3.5134888, -9.333801, 0.25019836
3.5326385, -9.323029, 0.25019836
3.5529938, -9.300278, 0.23223877
3.545807, -9.31105, 0.25976562
3.51828, -9.281128, 0.24182129
3.5134888, -9.2643585, 0.24061584
3.463211, -9.247604, 0.25378418
3.4380798, -9.222458, 0.28849792
3.406952, -9.2595825, 0.27893066
3.3949738, -9.26796, 0.2346344
3.3937836, -9.301468, 0.2059021
3.4141388, -9.312241, 0.2059021
3.4284973, -9.314636, 0.19631958
3.4165192, -9.354141, 0.18554688
3.3626556, -9.3589325, 0.22625732
3.3016052, -9.3194275, 0.1771698
3.2381592, -9.299072, 0.21069336
3.2070312, -9.301468, 0.2059021
3.1771088, -9.291901, 0.19154358
3.154358, -9.300278, 0.23822021
3.1603394, -9.340973, 0.20350647
3.1603394, -9.321823, 0.21786499
3.1759033, -9.34816, 0.27174377
3.1711273, -9.306259, 0.24780273
3.138794, -9.321823, 0.28012085
3.10289, -9.326614, 0.296875
3.0693665, -9.325409, 0.2861023
3.071762, -9.342178, 0.2861023
3.0885162, -9.332596, 0.3136444
3.0980988, -9.375687, 0.29927063
3.1196442, -9.378082, 0.30047607
3.1340027, -9.352951, 0.31124878
3.1615448, -9.384079, 0.33758545
3.1591492, -9.376892, 0.375885
3.1352081, -9.345764, 0.42018127
3.154358, -9.343369, 0.44293213
3.1447906, -9.315842, 0.45968628
3.1172485, -9.317032, 0.48602295
3.1256256, -9.3302, 0.4740448
3.1447906, -9.303864, 0.47764587
3.1208344, -9.289505, 0.51116943
3.1328125, -9.320633, 0.52194214
3.1735077, -9.343369, 0.52194214
3.166336, -9.331406, 0.53630066
3.217804, -9.34816, 0.52433777
3.2237854, -9.326614, 0.5315094
3.1878815, -9.333801, 0.53271484
3.1998444, -9.323029, 0.51475525
3.1675262, -9.314636, 0.49320984
3.150772, -9.315842, 0.49679565
3.154358, -9.3194275, 0.5027771
3.1519623, -9.324219, 0.5015869
3.1771088, -9.324219, 0.46566772
3.150772, -9.326614, 0.44651794
3.1651306, -9.331406, 0.43814087
3.1220398, -9.323029, 0.43693542
3.1256256, -9.32901, 0.42497253
3.1172485, -9.337387, 0.42497253
3.1016846, -9.325409, 0.38786316
3.0825348, -9.323029, 0.36990356
3.0897217, -9.324219, 0.36750793
3.0957031, -9.302673, 0.35554504
3.078949, -9.333801, 0.3818817
3.114853, -9.334991, 0.34477234
3.1795044, -9.324219, 0.36631775
3.1603394, -9.336197, 0.30645752
3.193863, -9.317032, 0.27653503
3.2082367, -9.333801, 0.24899292
3.197464, -9.307465, 0.22026062
3.2381592, -9.263168, 0.2741394
3.2632904, -9.273941, 0.2238617
3.2932281, -9.285904, 0.20231628
3.2824554, -9.281128, 0.1951294
3.3099823, -9.253586, 0.16879272
3.313568, -9.255981, 0.16758728
3.344696, -9.291901, 0.11730957
3.3626556, -9.277527, 0.1149292
3.3578644, -9.284714, 0.07421875
3.3351288, -9.285904, 0.053863525
3.3219604, -9.293091, 0.05506897
3.3794098, -9.300278, 0.094573975
3.391388, -9.30986, 0.09815979
3.36026, -9.31105, 0.14604187
3.3770142, -9.339783, 0.096969604
3.288437, -9.324219, 0.13168335
3.2477417, -9.312241, 0.15681458
3.2680817, -9.302673, 0.18554688
3.265686, -9.278732, 0.18196106
3.2549133, -9.320633, 0.21427917
3.305191, -9.306259, 0.22865295
3.3147736, -9.313446, 0.2633667
3.313568, -9.30986, 0.2861023
3.288437, -9.302673, 0.2861023
3.2465363, -9.326614, 0.31723022
3.1986542, -9.321823, 0.3076477
3.2225952, -9.315842, 0.27772522
3.217804, -9.324219, 0.3327942
3.2381592, -9.323029, 0.33998108
3.2285767, -9.312241, 0.31124878
3.2034454, -9.334991, 0.33398438
3.241745, -9.344574, 0.4046173
3.2381592, -9.318237, 0.4046173
3.2190094, -9.299072, 0.45010376
3.2632904, -9.331406, 0.47883606
3.2824554, -9.31105, 0.50756836
3.265686, -9.302673, 0.5817871
3.2525177, -9.3194275, 0.51594543
3.248932, -9.32901, 0.51834106
3.245346, -9.343369, 0.53271484
3.2800598, -9.32901, 0.5279236
3.2644958, -9.356537, 0.5386963
3.2800598, -9.362518, 0.51834106
3.312378, -9.332596, 0.4920044
3.2788544, -9.32901, 0.4728546
3.3267365, -9.308655, 0.4584961
3.3327332, -9.308655, 0.45729065
3.3255463, -9.284714, 0.43933105
3.2824554, -9.261963, 0.43455505
3.3016052, -9.2799225, 0.36271667
3.2956238, -9.283524, 0.34117126
3.3195648, -9.272736, 0.3543396
3.3710327, -9.276337, 0.31243896
3.344696, -9.284714, 0.2813263
3.3566742, -9.2883, 0.25138855
3.4105377, -9.294296, 0.21548462
3.3770142, -9.290695, 0.19033813
3.3530731, -9.285904, 0.21548462
3.368637, -9.321823, 0.19752502
3.368637, -9.334991, 0.21188354
3.3722382, -9.296692, 0.22146606
3.3542786, -9.285904, 0.23223877
3.3566742, -9.289505, 0.2633667
3.3003998, -9.276337, 0.31124878
3.2836456, -9.287109, 0.32681274
3.3315277, -9.26915, 0.32800293
3.3459015, -9.287109, 0.38546753
3.320755, -9.296692, 0.3866577
3.3530731, -9.278732, 0.36990356
3.3375244, -9.31105, 0.37828064
3.3566742, -9.293091, 0.43574524
3.3506927, -9.287109, 0.44172668
3.3818054, -9.307465, 0.42138672
3.367447, -9.314636, 0.41419983
3.3626556, -9.285904, 0.40940857
3.3614655, -9.315842, 0.41419983
3.4021606, -9.34816, 0.41059875
3.3638458, -9.297882, 0.42855835
3.3638458, -9.282318, 0.43095398
3.3494873, -9.303864, 0.41778564
3.3231506, -9.299072, 0.3866577
3.3315277, -9.275131, 0.4297638
3.3171692, -9.266754, 0.4118042
3.3040009, -9.257187, 0.39265442
3.2764587, -9.302673, 0.42736816
3.272873, -9.300278, 0.43215942
3.2345734, -9.300278, 0.37709045
3.229782, -9.321823, 0.39265442
3.205841, -9.320633, 0.39743042
3.217804, -9.32901, 0.37469482
3.2082367, -9.3302, 0.33998108
3.166336, -9.32901, 0.35554504
3.1651306, -9.360138, 0.34477234
3.1399994, -9.355347, 0.31843567
3.1340027, -9.317032, 0.3327942
3.1304169, -9.31105, 0.3148346
3.0909119, -9.3194275, 0.29328918
3.1016846, -9.318237, 0.29808044
3.1100616, -9.297882, 0.31004333
3.1196442, -9.320633, 0.31124878
3.1076813, -9.332596, 0.26576233
3.1304169, -9.320633, 0.28251648
3.1196442, -9.343369, 0.26815796
3.1352081, -9.344574, 0.26815796
3.1531677, -9.339783, 0.31604004
3.1399994, -9.340973, 0.28730774
3.1603394, -9.355347, 0.29927063
3.1567535, -9.323029, 0.27293396
3.1651306, -9.324219, 0.3040619
3.190277, -9.299072, 0.3244171
3.1842957, -9.299072, 0.32081604
3.1962585, -9.31105, 0.32202148
3.2010498, -9.30986, 0.3543396
3.197464, -9.315842, 0.34117126
3.2381592, -9.30986, 0.3543396
3.2082367, -9.3194275, 0.36271667
3.2046356, -9.302673, 0.33758545
3.226181, -9.302673, 0.3256073
3.265686, -9.300278, 0.36271667
3.2525177, -9.332596, 0.3471527
3.265686, -9.303864, 0.34596252
3.2357635, -9.31105, 0.34477234
3.2142181, -9.300278, 0.34477234
3.2225952, -9.300278, 0.36990356
3.2393494, -9.307465, 0.35554504
3.2920227, -9.297882, 0.3615265
3.2992096, -9.30986, 0.31962585
3.2956238, -9.305069, 0.34117126
3.2525177, -9.325409, 0.292099
3.2082367, -9.293091, 0.3136444
3.2585144, -9.300278, 0.3136444
3.269287, -9.30986, 0.27053833
3.2285767, -9.321823, 0.26097107
3.2597046, -9.315842, 0.25138855
3.2668915, -9.32901, 0.23103333
3.2668915, -9.320633, 0.25737
3.2836456, -9.307465, 0.24780273
3.2800598, -9.296692, 0.23703003
3.248932, -9.294296, 0.23703003
3.2273865, -9.302673, 0.26815796
3.229782, -9.290695, 0.25857544
3.250122, -9.333801, 0.24061584
3.2716827, -9.352951, 0.25857544
3.3016052, -9.317032, 0.2238617
3.3003998, -9.318237, 0.21188354
3.3075867, -9.324219, 0.2238617
3.3267365, -9.3194275, 0.23582458
3.3099823, -9.296692, 0.24899292
3.324356, -9.301468, 0.25138855
3.320755, -9.301468, 0.2561798
3.3303375, -9.273941, 0.29328918
3.3075867, -9.293091, 0.3148346
3.2944183, -9.281128, 0.32202148
3.3638458, -9.281128, 0.31124878
3.36026, -9.296692, 0.3327942
3.348297, -9.314636, 0.33998108
3.367447, -9.318237, 0.3471527
3.3578644, -9.308655, 0.33998108
3.375824, -9.26796, 0.3435669
3.3770142, -9.289505, 0.36271667
3.3865967, -9.296692, 0.36871338
3.3710327, -9.271545, 0.35913086
3.3818054, -9.266754, 0.37948608
3.3638458, -9.297882, 0.3543396
3.3542786, -9.312241, 0.35673523
3.3219604, -9.282318, 0.39863586
3.3063965, -9.306259, 0.40940857
3.2932281, -9.278732, 0.37709045
3.3016052, -9.278732, 0.39863586
3.313568, -9.293091, 0.40342712
3.3351288, -9.294296, 0.42018127
3.3339233, -9.303864, 0.43933105
3.375824, -9.324219, 0.43814087
3.3782196, -9.313446, 0.4189911
3.3542786, -9.349365, 0.44293213
3.3423004, -9.317032, 0.42736816
3.3255463, -9.300278, 0.4692688
3.2860413, -9.325409, 0.46566772
3.2788544, -9.321823, 0.4225769
3.305191, -9.324219, 0.41778564
3.305191, -9.315842, 0.43095398
3.28125, -9.312241, 0.40222168
3.2525177, -9.293091, 0.4333496
3.241745, -9.289505, 0.43933105
3.2285767, -9.290695, 0.43215942
3.2321777, -9.285904, 0.43095398
3.2597046, -9.312241, 0.38067627
3.2441406, -9.344574, 0.40582275
3.229782, -9.379288, 0.38426208
3.1890717, -9.34816, 0.3423767
3.1675262, -9.364914, 0.35554504
3.1591492, -9.349365, 0.37828064
3.1615448, -9.3589325, 0.37709045
3.1687317, -9.342178, 0.3256073
3.2070312, -9.333801, 0.34835815
3.226181, -9.336197, 0.35913086
3.2082367, -9.315842, 0.33638
3.2154083, -9.327805, 0.33518982
3.1806946, -9.277527, 0.3028717
3.1771088, -9.307465, 0.31843567
3.1890717, -9.317032, 0.30526733
3.186676, -9.287109, 0.31243896
3.2166138, -9.290695, 0.2861023
3.2190094, -9.278732, 0.3040619
3.210617, -9.284714, 0.31723022
3.2285767, -9.296692, 0.25498962
3.26091, -9.3194275, 0.292099
3.2716827, -9.331406, 0.30885315
3.2441406, -9.3194275, 0.27772522
3.2321777, -9.332596, 0.24899292
3.2405548, -9.320633, 0.24899292
3.26091, -9.308655, 0.25138855
3.2237854, -9.303864, 0.27653503
3.2237854, -9.312241, 0.2454071
3.2537231, -9.287109, 0.25498962
3.2716827, -9.278732, 0.22984314
3.2549133, -9.296692, 0.18075562
3.2549133, -9.315842, 0.20829773
3.269287, -9.31105, 0.19033813
3.2285767, -9.284714, 0.15322876
3.2800598, -9.31105, 0.14006042
3.305191, -9.318237, 0.1484375
3.2992096, -9.291901, 0.15562439
3.3303375, -9.287109, 0.13887024
3.3183594, -9.318237, 0.13287354
3.3303375, -9.317032, 0.18914795
3.3399048, -9.299072, 0.19992065
3.3423004, -9.299072, 0.23582458
3.3267365, -9.297882, 0.17956543
3.3040009, -9.26796, 0.14006042
3.3411102, -9.293091, 0.19871521
3.344696, -9.282318, 0.18435669
3.3099823, -9.252396, 0.15441895
3.3351288, -9.244019, 0.20829773
3.368637, -9.270355, 0.22744751
3.368637, -9.300278, 0.22865295
3.3901825, -9.302673, 0.2238617
3.3710327, -9.265564, 0.2166748
3.3662415, -9.2643585, 0.22146606
3.399765, -9.289505, 0.24301147
3.368637, -9.297882, 0.26455688
3.3578644, -9.30986, 0.2753296
3.36026, -9.299072, 0.23703003
3.3411102, -9.278732, 0.24420166
3.308792, -9.323029, 0.25378418
3.3040009, -9.325409, 0.252594
3.2525177, -9.300278, 0.24780273
3.2800598, -9.299072, 0.25737
3.2764587, -9.313446, 0.24659729
3.2537231, -9.305069, 0.31843567
3.2740784, -9.2883, 0.3148346
3.2513275, -9.2883, 0.2813263
3.2321777, -9.308655, 0.30645752
3.2321777, -9.2883, 0.33039856
3.2549133, -9.31105, 0.30166626
3.2824554, -9.325409, 0.35075378
3.2465363, -9.327805, 0.3327942
3.2537231, -9.3194275, 0.33398438
3.2465363, -9.30986, 0.38786316
3.269287, -9.2883, 0.35794067
3.289627, -9.314636, 0.37828064
3.2680817, -9.306259, 0.37828064
3.2154083, -9.297882, 0.41659546
3.2477417, -9.31105, 0.39982605
3.2405548, -9.289505, 0.40222168
3.229782, -9.302673, 0.46087646
3.2465363, -9.291901, 0.37469482
3.2429504, -9.284714, 0.40342712
3.2465363, -9.315842, 0.40342712
3.2908325, -9.317032, 0.41778564
3.2668915, -9.315842, 0.4441223
3.2788544, -9.331406, 0.42018127
3.2716827, -9.308655, 0.40940857
3.2704773, -9.31105, 0.39624023
3.2621002, -9.3194275, 0.4237671
3.2668915, -9.289505, 0.4524994
3.2992096, -9.302673, 0.41659546
3.288437, -9.285904, 0.46566772
3.2824554, -9.2883, 0.43693542
3.288437, -9.281128, 0.4297638
3.2932281, -9.284714, 0.4297638
3.2561188, -9.2799225, 0.42616272
3.2860413, -9.282318, 0.42018127
3.3267365, -9.293091, 0.4237671
3.3387146, -9.314636, 0.4010315
3.3435059, -9.278732, 0.4225769
3.329132, -9.263168, 0.44293213
3.3339233, -9.289505, 0.4118042
3.336319, -9.303864, 0.3866577
3.336319, -9.299072, 0.39265442
3.336319, -9.295486, 0.3830719
3.3423004, -9.270355, 0.38426208
3.320755, -9.297882, 0.40701294
3.3027954, -9.315842, 0.41419983
3.288437, -9.294296, 0.40222168
3.3075867, -9.273941, 0.4333496
3.320755, -9.26915, 0.4118042
3.3231506, -9.2799225, 0.37828064
3.3099823, -9.285904, 0.41419983
3.2920227, -9.285904, 0.45729065
3.3171692, -9.295486, 0.41299438
3.3159637, -9.2883, 0.4333496
3.3003998, -9.303864, 0.44532776
3.28125, -9.300278, 0.44891357
3.320755, -9.297882, 0.45968628
3.284851, -9.30986, 0.44293213
3.305191, -9.273941, 0.4692688
3.296814, -9.303864, 0.4692688
3.296814, -9.313446, 0.46566772
3.2932281, -9.315842, 0.44532776
3.3566742, -9.300278, 0.46566772
3.344696, -9.321823, 0.45610046
3.3566742, -9.284714, 0.4620819
3.3351288, -9.287109, 0.43693542
3.2944183, -9.277527, 0.40701294
3.336319, -9.297882, 0.3902588
3.324356, -9.278732, 0.39505005
3.3111877, -9.277527, 0.36032104
3.3040009, -9.293091, 0.34954834
3.3255463, -9.305069, 0.33518982
3.3195648, -9.301468, 0.31124878
3.2992096, -9.32901, 0.26815796
3.3040009, -9.321823, 0.24301147
3.313568, -9.315842, 0.19871521
3.3016052, -9.307465, 0.15681458
3.257309, -9.331406, 0.10774231
3.2537231, -9.321823, 0.08859253
3.2824554, -9.30986, 0.039505005
3.2680817, -9.297882, 0.032318115
3.2704773, -9.285904, 0.0287323
3.2537231, -9.301468, -0.0059814453
3.245346, -9.2799225, -0.032318115
3.241745, -9.30986, -0.03352356
3.2285767, -9.278732, -0.037109375
3.2405548, -9.296692, -0.04548645
3.250122, -9.317032, -0.041900635
3.2632904, -9.331406, -0.06463623
3.2429504, -9.339783, -0.05027771
3.2381592, -9.293091, -0.058654785
3.2824554, -9.313446, -0.0071868896
3.2680817, -9.308655, 0.0287323
3.2740784, -9.299072, 0.02394104
3.2740784, -9.291901, 0.06942749
3.2776642, -9.289505, 0.07182312
3.265686, -9.296692, 0.12449646
3.2716827, -9.313446, 0.1663971
3.2800598, -9.307465, 0.14125061
3.2740784, -9.287109, 0.22265625
3.2872314, -9.296692, 0.21427917
3.284851, -9.300278, 0.2454071
3.3063965, -9.297882, 0.28370667
3.313568, -9.301468, 0.32202148
3.312378, -9.300278, 0.3148346
3.296814, -9.302673, 0.36032104
3.2992096, -9.300278, 0.37948608
3.3063965, -9.293091, 0.38067627
3.3099823, -9.318237, 0.37948608
3.288437, -9.313446, 0.3651123
3.2740784, -9.281128, 0.39863586
3.3099823, -9.282318, 0.43574524
3.284851, -9.278732, 0.44293213
3.2908325, -9.283524, 0.43574524
3.3147736, -9.276337, 0.4513092
3.2740784, -9.307465, 0.4728546
3.2740784, -9.296692, 0.4800415
3.2549133, -9.281128, 0.44770813
3.2932281, -9.34697, 0.39265442
3.289627, -9.324219, 0.43215942
3.272873, -9.285904, 0.48960876
3.313568, -9.305069, 0.45610046
3.2836456, -9.315842, 0.4189911
3.2860413, -9.277527, 0.42736816
3.2776642, -9.254791, 0.4692688
3.28125, -9.277527, 0.46687317
3.2704773, -9.30986, 0.4405365
3.2788544, -9.276337, 0.46447754
3.3063965, -9.299072, 0.46806335
3.2824554, -9.283524, 0.41778564
3.2441406, -9.299072, 0.42736816
3.272873, -9.321823, 0.41299438
3.305191, -9.2883, 0.38426208
3.288437, -9.303864, 0.41539
3.284851, -9.325409, 0.43455505
3.3040009, -9.326614, 0.41299438
3.2776642, -9.305069, 0.39743042
3.284851, -9.31105, 0.39505005
3.2405548, -9.32901, 0.33638
3.2668915, -9.294296, 0.36990356
3.233368, -9.315842, 0.36631775
3.245346, -9.289505, 0.34835815
3.2201996, -9.312241, 0.3423767
3.2166138, -9.2883, 0.34477234
3.257309, -9.281128, 0.39265442
3.2225952, -9.318237, 0.37828064
3.226181, -9.289505, 0.36631775
3.2585144, -9.302673, 0.35075378
3.2441406, -9.30986, 0.31604004
3.2441406, -9.326614, 0.29927063
3.241745, -9.318237, 0.31124878
3.2477417, -9.323029, 0.32681274
3.2357635, -9.308655, 0.33039856
3.2680817, -9.281128, 0.3327942
3.2752686, -9.301468, 0.33758545
3.2788544, -9.308655, 0.34117126
3.2357635, -9.294296, 0.331604
3.269287, -9.302673, 0.3028717
3.2920227, -9.318237, 0.31604004
3.2597046, -9.325409, 0.3435669
3.2357635, -9.277527, 0.32202148
3.257309, -9.303864, 0.3615265
3.2644958, -9.296692, 0.31723022
3.2513275, -9.32901, 0.29927063
3.2956238, -9.320633, 0.33638
3.2932281, -9.306259, 0.35194397
3.2992096, -9.312241, 0.3423767
3.288437, -9.324219, 0.3423767
3.2716827, -9.313446, 0.3327942
3.2992096, -9.321823, 0.34596252
3.2800598, -9.312241, 0.3615265
3.3003998, -9.277527, 0.32202148
3.2597046, -9.281128, 0.31124878
3.2525177, -9.275131, 0.32321167
3.2477417, -9.284714, 0.31243896
3.2513275, -9.303864, 0.36631775
3.2477417, -9.287109, 0.33877563
3.26091, -9.305069, 0.34477234
3.269287, -9.362518, 0.37348938
3.272873, -9.349365, 0.37469482
3.229782, -9.305069, 0.36750793
3.2070312, -9.30986, 0.36631775
3.2441406, -9.296692, 0.38426208
3.2465363, -9.326614, 0.3866577
3.2393494, -9.321823, 0.375885
3.233368, -9.314636, 0.35794067
3.2393494, -9.331406, 0.36750793
3.2716827, -9.299072, 0.34596252
3.2154083, -9.291901, 0.34835815
3.229782, -9.321823, 0.3327942
3.2525177, -9.317032, 0.31243896
3.2321777, -9.312241, 0.3028717
3.2561188, -9.315842, 0.27174377
3.2405548, -9.291901, 0.31723022
3.2309723, -9.315842, 0.2741394
3.2166138, -9.336197, 0.25976562
3.2094269, -9.323029, 0.23942566
3.2285767, -9.327805, 0.22505188
3.2441406, -9.3302, 0.23942566
3.245346, -9.285904, 0.19631958
3.233368, -9.296692, 0.1663971
3.205841, -9.315842, 0.18914795
3.217804, -9.30986, 0.18196106
3.2130127, -9.320633, 0.15322876
3.2513275, -9.317032, 0.12689209
3.28125, -9.331406, 0.12928772
3.245346, -9.334991, 0.16160583
3.2166138, -9.303864, 0.1197052
3.26091, -9.320633, 0.1304779
3.2549133, -9.315842, 0.1376648
3.2441406, -9.327805, 0.16758728
3.248932, -9.305069, 0.1592102
3.250122, -9.291901, 0.15203857
3.327942, -9.300278, 0.16879272
3.3255463, -9.296692, 0.19392395
3.313568, -9.308655, 0.21308899
3.308792, -9.296692, 0.22865295
3.3231506, -9.308655, 0.23703003
3.324356, -9.294296, 0.23703003
3.3339233, -9.297882, 0.20111084
3.344696, -9.318237, 0.2753296
3.3399048, -9.2799225, 0.29089355
3.3638458, -9.321823, 0.31962585
3.3746338, -9.312241, 0.35673523
3.3794098, -9.296692, 0.34477234
3.3375244, -9.284714, 0.33758545
3.3470917, -9.277527, 0.3818817
3.3734283, -9.283524, 0.35554504
3.3578644, -9.302673, 0.3256073
3.3399048, -9.291901, 0.3615265
3.3195648, -9.270355, 0.35075378
3.320755, -9.306259, 0.32800293
3.308792, -9.289505, 0.32800293
3.3040009, -9.2883, 0.3471527
3.3063965, -9.299072, 0.3256073
3.312378, -9.278732, 0.31962585
3.284851, -9.297882, 0.31604004
3.2932281, -9.30986, 0.34117126
3.28125, -9.302673, 0.3244171
3.2992096, -9.301468, 0.35794067
3.288437, -9.312241, 0.34835815
3.2824554, -9.32901, 0.34117126
3.2621002, -9.291901, 0.3256073
3.265686, -9.318237, 0.31962585
3.2716827, -9.30986, 0.34477234
3.2285767, -9.301468, 0.3722992
3.2465363, -9.317032, 0.36392212
3.265686, -9.318237, 0.34596252
3.2561188, -9.313446, 0.34835815
3.2309723, -9.320633, 0.3543396
3.2273865, -9.317032, 0.38426208
3.2249908, -9.323029, 0.41539
3.2082367, -9.334991, 0.40582275
3.2201996, -9.296692, 0.37948608
3.193863, -9.308655, 0.41419983
3.2010498, -9.307465, 0.4333496
3.2082367, -9.320633, 0.4046173
3.2201996, -9.336197, 0.39624023
3.2010498, -9.34697, 0.42138672
3.166336, -9.32901, 0.40701294
3.178299, -9.337387, 0.3902588
3.1735077, -9.339783, 0.4189911
3.1759033, -9.323029, 0.41778564
3.1842957, -9.331406, 0.37948608
3.193863, -9.333801, 0.39863586
3.1854858, -9.324219, 0.42138672
3.1699219, -9.315842, 0.4010315
3.20224, -9.325409, 0.39624023
3.2046356, -9.32901, 0.40701294
3.190277, -9.3302, 0.38546753
3.2154083, -9.32901, 0.3543396
3.229782, -9.325409, 0.3902588
3.2597046, -9.3194275, 0.42736816
3.2668915, -9.314636, 0.36392212
3.2405548, -9.306259, 0.33638
3.2393494, -9.294296, 0.3327942
3.2585144, -9.297882, 0.37348938
3.248932, -9.305069, 0.37469482
3.2836456, -9.314636, 0.375885
3.288437, -9.307465, 0.34477234
3.2621002, -9.301468, 0.29447937
3.3063965, -9.320633, 0.34117126
3.2956238, -9.293091, 0.36032104
3.2992096, -9.305069, 0.35794067
3.324356, -9.297882, 0.292099
3.3003998, -9.295486, 0.30645752
3.3027954, -9.314636, 0.2753296
3.3016052, -9.295486, 0.31604004
3.3063965, -9.299072, 0.28012085
3.2980194, -9.326614, 0.27293396
3.3111877, -9.289505, 0.27653503
3.3016052, -9.299072, 0.29447937
3.2992096, -9.297882, 0.26216125
3.269287, -9.284714, 0.27174377
3.3171692, -9.2883, 0.24899292
3.327942, -9.287109, 0.27174377
3.3147736, -9.290695, 0.25378418
3.2764587, -9.337387, 0.27174377
3.3219604, -9.307465, 0.2346344
3.3303375, -9.302673, 0.24182129
3.3219604, -9.313446, 0.26216125
3.313568, -9.325409, 0.24899292
3.308792, -9.307465, 0.24659729
3.2764587, -9.297882, 0.26934814
3.2920227, -9.299072, 0.24061584
3.3195648, -9.266754, 0.22505188
3.2836456, -9.281128, 0.25498962
3.312378, -9.312241, 0.25138855
3.2908325, -9.290695, 0.2849121
3.320755, -9.281128, 0.2753296
3.3339233, -9.305069, 0.26576233
3.3195648, -9.296692, 0.24899292
3.3255463, -9.303864, 0.252594
3.3375244, -9.307465, 0.2741394
3.3171692, -9.301468, 0.28012085
3.3016052, -9.293091, 0.3148346
3.3111877, -9.278732, 0.32081604
3.2932281, -9.307465, 0.27293396
3.3016052, -9.324219, 0.32800293
3.2776642, -9.299072, 0.28849792
3.2525177, -9.285904, 0.29447937
3.2680817, -9.302673, 0.32920837
3.2740784, -9.297882, 0.26815796
3.2824554, -9.308655, 0.2849121
3.2525177, -9.321823, 0.27174377
3.2369537, -9.30986, 0.2861023
3.2632904, -9.32901, 0.3028717
3.248932, -9.325409, 0.3327942
3.2118225, -9.305069, 0.29447937
3.2537231, -9.321823, 0.32800293
3.2680817, -9.324219, 0.31843567
3.229782, -9.306259, 0.33877563
3.2393494, -9.289505, 0.32321167
3.2393494, -9.345764, 0.3435669
3.2597046, -9.351746, 0.33877563
3.2405548, -9.325409, 0.34477234
3.265686, -9.324219, 0.37109375
3.2668915, -9.336197, 0.39505005
3.2381592, -9.276337, 0.31962585
3.2513275, -9.308655, 0.30526733
3.2190094, -9.326614, 0.35673523
3.2369537, -9.296692, 0.3722992
3.2429504, -9.302673, 0.32081604
3.2561188, -9.306259, 0.32920837
3.2405548, -9.300278, 0.33998108
3.2549133, -9.306259, 0.34954834
3.2585144, -9.296692, 0.31723022
3.2561188, -9.327805, 0.34954834
3.2800598, -9.321823, 0.30645752
3.2561188, -9.302673, 0.32681274
3.272873, -9.300278, 0.32920837
3.2477417, -9.294296, 0.32800293
3.2549133, -9.312241, 0.32800293
3.2632904, -9.302673, 0.3327942
3.2632904, -9.305069, 0.3076477
3.2872314, -9.278732, 0.32920837
3.3063965, -9.327805, 0.33039856
3.296814, -9.315842, 0.32321167
3.312378, -9.324219, 0.32321167
3.2632904, -9.30986, 0.33518982
3.2704773, -9.282318, 0.31124878
3.2836456, -9.312241, 0.331604
3.2932281, -9.287109, 0.29328918
3.3099823, -9.301468, 0.33518982
3.2956238, -9.283524, 0.34835815
3.28125, -9.291901, 0.3136444
3.2836456, -9.308655, 0.31962585
3.2992096, -9.306259, 0.3615265
3.2944183, -9.290695, 0.34477234
3.3195648, -9.284714, 0.33638
3.2704773, -9.285904, 0.3471527
3.2872314, -9.314636, 0.32920837
3.305191, -9.294296, 0.33877563
3.2740784, -9.303864, 0.3244171
3.296814, -9.289505, 0.28970337
3.2944183, -9.302673, 0.3327942
3.3099823, -9.303864, 0.33638
3.2908325, -9.296692, 0.31843567
3.28125, -9.325409, 0.30166626
3.3099823, -9.294296, 0.31843567
3.2764587, -9.302673, 0.32081604
3.308792, -9.277527, 0.32321167
3.3040009, -9.300278, 0.3256073
3.3040009, -9.305069, 0.3423767
3.3111877, -9.303864, 0.29447937
3.3303375, -9.307465, 0.296875
3.3016052, -9.320633, 0.31004333
3.2872314, -9.317032, 0.30047607
3.2621002, -9.31105, 0.28012085
3.2908325, -9.303864, 0.2561798
3.2836456, -9.285904, 0.24780273
3.308792, -9.299072, 0.24182129
3.2992096, -9.287109, 0.2454071
3.28125, -9.306259, 0.26455688
3.2764587, -9.315842, 0.24061584
3.308792, -9.284714, 0.23942566
3.2716827, -9.289505, 0.24899292
3.269287, -9.3194275, 0.23942566
3.250122, -9.324219, 0.25498962
3.2644958, -9.317032, 0.26455688
3.2668915, -9.340973, 0.24420166
3.2740784, -9.333801, 0.2166748
3.2800598, -9.327805, 0.23103333
3.265686, -9.299072, 0.20469666
3.2513275, -9.321823, 0.23822021
3.2309723, -9.337387, 0.2454071
3.2130127, -9.308655, 0.26097107
3.233368, -9.295486, 0.2741394
3.2309723, -9.366119, 0.24182129
3.2465363, -9.349365, 0.26576233
3.2776642, -9.339783, 0.2561798
3.327942, -9.3302, 0.2849121
3.3111877, -9.326614, 0.25019836
3.308792, -9.313446, 0.3148346
3.2621002, -9.307465, 0.27772522
3.250122, -9.305069, 0.25976562
3.2585144, -9.312241, 0.29808044
3.2190094, -9.296692, 0.2753296
3.2908325, -9.318237, 0.32321167
3.2800598, -9.308655, 0.30645752
3.2752686, -9.307465, 0.32321167
3.2800598, -9.324219, 0.3148346
3.272873, -9.314636, 0.331604
3.2668915, -9.320633, 0.296875
3.2860413, -9.360138, 0.3040619
3.2944183, -9.345764, 0.32081604
3.2405548, -9.3302, 0.26934814
3.2561188, -9.337387, 0.252594
3.2441406, -9.326614, 0.2849121
3.221405, -9.337387, 0.29927063
3.2046356, -9.3194275, 0.2849121
3.2154083, -9.320633, 0.26216125
3.1962585, -9.331406, 0.292099
3.1878815, -9.321823, 0.31124878
3.2130127, -9.306259, 0.252594
3.1806946, -9.339783, 0.25498962
3.1735077, -9.3302, 0.26216125
3.1926727, -9.342178, 0.24420166
3.1986542, -9.374496, 0.27293396
3.197464, -9.360138, 0.28251648
3.2010498, -9.337387, 0.26455688
3.178299, -9.336197, 0.28970337
3.1926727, -9.352951, 0.28970337
3.1819, -9.308655, 0.27893066
3.1759033, -9.324219, 0.2633667
3.1711273, -9.325409, 0.2849121
3.1795044, -9.312241, 0.296875
3.1483765, -9.321823, 0.29927063
3.1615448, -9.34816, 0.25378418
3.1363983, -9.327805, 0.2633667
3.20224, -9.345764, 0.32202148
3.1998444, -9.333801, 0.32681274
3.186676, -9.345764, 0.26576233
3.1483765, -9.317032, 0.27893066
3.1914673, -9.34816, 0.31124878
3.1854858, -9.369705, 0.2741394
3.1806946, -9.344574, 0.31004333
3.2166138, -9.314636, 0.2849121
3.1962585, -9.300278, 0.30885315
3.2010498, -9.333801, 0.33039856
3.1986542, -9.293091, 0.32681274
3.2010498, -9.320633, 0.34117126
3.2369537, -9.343369, 0.35194397
3.2309723, -9.3194275, 0.3148346
3.2381592, -9.305069, 0.2753296
3.2154083, -9.300278, 0.30645752
3.2166138, -9.317032, 0.35554504
3.265686, -9.320633, 0.32081604
3.2393494, -9.301468, 0.31723022
3.2585144, -9.306259, 0.35794067
3.250122, -9.318237, 0.37469482
3.2704773, -9.327805, 0.36631775
3.289627, -9.320633, 0.36990356
3.3075867, -9.3194275, 0.3615265
3.2908325, -9.290695, 0.28730774
3.3063965, -9.275131, 0.33398438
3.2716827, -9.289505, 0.36750793
3.2716827, -9.296692, 0.36871338
3.2632904, -9.289505, 0.3531494
3.2752686, -9.276337, 0.37828064
3.3016052, -9.252396, 0.3423767
3.2872314, -9.266754, 0.34117126
3.3255463, -9.277527, 0.35913086
3.324356, -9.283524, 0.34477234
3.3494873, -9.307465, 0.3722992
3.327942, -9.317032, 0.35913086
3.368637, -9.301468, 0.32321167
3.344696, -9.31105, 0.32321167
3.3698425, -9.320633, 0.34477234
3.367447, -9.289505, 0.32321167
3.3303375, -9.302673, 0.3244171
3.367447, -9.2883, 0.32202148
3.3638458, -9.246414, 0.32081604
3.3195648, -9.263168, 0.32081604
3.327942, -9.26915, 0.3028717
3.3650513, -9.25, 0.30526733
3.351883, -9.2883, 0.33758545
3.336319, -9.284714, 0.27653503
3.3638458, -9.26915, 0.23342896
3.4093475, -9.314636, 0.2633667
3.3878021, -9.302673, 0.25976562
3.3961792, -9.282318, 0.23103333
3.4129333, -9.312241, 0.25378418
3.4057465, -9.293091, 0.23703003
3.4045563, -9.278732, 0.20829773
3.3375244, -9.281128, 0.21308899
3.312378, -9.289505, 0.16160583
3.3375244, -9.300278, 0.16041565
3.327942, -9.285904, 0.1879425
3.3566742, -9.265564, 0.1771698
3.3315277, -9.301468, 0.15562439
3.2992096, -9.299072, 0.18554688
3.2956238, -9.323029, 0.16998291
3.3003998, -9.302673, 0.16400146
3.3075867, -9.305069, 0.15441895
3.2860413, -9.312241, 0.17118835
3.2764587, -9.297882, 0.18675232
3.2824554, -9.3302, 0.18315125
3.305191, -9.303864, 0.15681458
3.2836456, -9.314636, 0.18435669
3.241745, -9.317032, 0.1951294
3.2824554, -9.339783, 0.20111084
3.2561188, -9.332596, 0.20948792
3.2321777, -9.315842, 0.22026062
3.2309723, -9.315842, 0.22625732
3.1986542, -9.315842, 0.25138855
3.233368, -9.30986, 0.20350647
3.2225952, -9.314636, 0.20350647
3.2082367, -9.290695, 0.25857544
3.2273865, -9.317032, 0.23942566
3.2082367, -9.333801, 0.2346344
3.2070312, -9.344574, 0.2561798
3.217804, -9.3302, 0.2753296
3.20224, -9.293091, 0.28849792
3.197464, -9.337387, 0.30885315
3.2094269, -9.323029, 0.28849792
3.1842957, -9.299072, 0.31843567
3.2010498, -9.314636, 0.2956848
3.210617, -9.289505, 0.3136444
3.2082367, -9.317032, 0.2813263
3.2094269, -9.297882, 0.36271667
3.2190094, -9.327805, 0.37828064
3.2154083, -9.315842, 0.35913086
3.2249908, -9.327805, 0.34477234
3.2345734, -9.313446, 0.36392212
3.233368, -9.312241, 0.35673523
3.2309723, -9.318237, 0.39624023
3.226181, -9.318237, 0.3615265
3.2561188, -9.2883, 0.37109375
3.2345734, -9.293091, 0.35673523
3.2154083, -9.3302, 0.41299438
3.229782, -9.32901, 0.39144897
3.2118225, -9.318237, 0.34117126
3.2345734, -9.290695, 0.36392212
3.2309723, -9.277527, 0.36631775
3.2549133, -9.285904, 0.37828064
3.2836456, -9.31105, 0.38905334
3.296814, -9.301468, 0.34596252
3.2920227, -9.308655, 0.3327942
3.2537231, -9.294296, 0.35194397
3.2908325, -9.31105, 0.3531494
3.2764587, -9.313446, 0.3543396
3.2908325, -9.253586, 0.36871338
3.2932281, -9.281128, 0.31962585
3.3183594, -9.276337, 0.3148346
3.284851, -9.301468, 0.32800293
3.3159637, -9.2883, 0.3327942
3.3171692, -9.293091, 0.34117126
3.3195648, -9.2883, 0.27293396
3.312378, -9.296692, 0.26576233
3.3171692, -9.290695, 0.2813263
3.3315277, -9.306259, 0.26934814
3.3040009, -9.326614, 0.2633667
3.2824554, -9.323029, 0.2669525
3.3111877, -9.299072, 0.24659729
3.324356, -9.314636, 0.252594
3.3327332, -9.303864, 0.23942566
3.2932281, -9.312241, 0.22625732
3.3219604, -9.301468, 0.22146606
3.3183594, -9.301468, 0.20948792
3.313568, -9.283524, 0.1951294
3.3027954, -9.287109, 0.20111084
3.3147736, -9.299072, 0.18914795
3.2788544, -9.300278, 0.20948792
3.3016052, -9.303864, 0.18914795
3.3063965, -9.308655, 0.2059021
3.2716827, -9.281128, 0.17118835
3.288437, -9.299072, 0.1592102
3.3063965, -9.324219, 0.19871521
3.2680817, -9.306259, 0.21308899
3.3027954, -9.307465, 0.16160583
3.2944183, -9.3302, 0.21188354
3.2920227, -9.314636, 0.20829773
3.2752686, -9.307465, 0.19752502
3.2369537, -9.2799225, 0.21188354
3.26091, -9.291901, 0.23223877
3.2585144, -9.318237, 0.2238617
3.2345734, -9.332596, 0.23582458
3.241745, -9.302673, 0.24780273
3.2932281, -9.317032, 0.2861023
3.257309, -9.30986, 0.2633667
3.2680817, -9.308655, 0.28251648
3.2800598, -9.333801, 0.2753296
3.2632904, -9.336197, 0.252594
3.2716827, -9.337387, 0.31124878
3.2525177, -9.307465, 0.28370667
3.245346, -9.299072, 0.27293396
3.257309, -9.323029, 0.29328918
3.2273865, -9.299072, 0.33877563
3.2393494, -9.303864, 0.29447937
3.272873, -9.32901, 0.31004333
3.2644958, -9.339783, 0.3435669
3.2369537, -9.349365, 0.33638
3.2644958, -9.338577, 0.3471527
3.26091, -9.315842, 0.30645752
3.2070312, -9.320633, 0.2956848
3.2321777, -9.300278, 0.3040619
3.2190094, -9.289505, 0.29328918
3.2237854, -9.305069, 0.32800293
3.2321777, -9.318237, 0.36032104
3.2585144, -9.312241, 0.35673523
3.284851, -9.3589325, 0.3136444
3.3003998, -9.357742, 0.3076477
3.2585144, -9.343369, 0.3148346
3.2273865, -9.327805, 0.32321167
3.2118225, -9.327805, 0.25857544
3.2321777, -9.327805, 0.23942566
3.2321777, -9.295486, 0.25737
3.2405548, -9.314636, 0.31962585
3.2561188, -9.332596, 0.34835815
3.2309723, -9.307465, 0.31243896
3.2237854, -9.300278, 0.28849792
3.20224, -9.302673, 0.31843567
3.2225952, -9.317032, 0.32800293
3.197464, -9.314636, 0.31723022
3.217804, -9.313446, 0.36392212
3.2393494, -9.325409, 0.40582275
3.2465363, -9.325409, 0.3543396
3.2190094, -9.332596, 0.3531494
3.272873, -9.338577, 0.38426208
3.265686, -9.363724, 0.375885
3.1950684, -9.32901, 0.38546753
3.1986542, -9.31105, 0.39624023
3.2166138, -9.295486, 0.43693542
3.2465363, -9.300278, 0.4046173
3.2668915, -9.293091, 0.4046173
3.2585144, -9.303864, 0.4584961
3.2621002, -9.327805, 0.44651794
3.2716827, -9.339783, 0.47525024
3.2704773, -9.340973, 0.4740448
3.2800598, -9.31105, 0.4513092
3.2836456, -9.312241, 0.46687317
3.2537231, -9.306259, 0.46566772
3.2740784, -9.327805, 0.46687317
3.2740784, -9.321823, 0.4584961
3.3075867, -9.32901, 0.46087646
3.2621002, -9.315842, 0.44651794
3.1711273, -9.293091, 0.43095398
3.190277, -9.295486, 0.40821838
3.2190094, -9.302673, 0.39144897
3.245346, -9.344574, 0.3866577
3.2621002, -9.320633, 0.33758545
3.2788544, -9.34697, 0.35794067
3.2034454, -9.356537, 0.38786316
3.1399994, -9.343369, 0.36750793
3.111267, -9.317032, 0.33039856
3.1363983, -9.301468, 0.29927063
3.157959, -9.299072, 0.32081604
3.2225952, -9.302673, 0.28251648
3.1735077, -9.318237, 0.22865295
3.1495667, -9.290695, 0.22625732
3.1519623, -9.324219, 0.21188354
3.1376038, -9.323029, 0.19631958
3.154358, -9.3194275, 0.19631958
3.154358, -9.3194275, 0.17597961
3.1759033, -9.344574, 0.12808228
3.1854858, -9.364914, 0.10534668
3.166336, -9.360138, 0.13287354
3.1591492, -9.372101, 0.084991455
3.1771088, -9.354141, 0.104141235
3.1914673, -9.337387, 0.19752502
3.2357635, -9.333801, 0.113723755
3.2201996, -9.30986, 0.120910645
3.1842957, -9.321823, 0.14245605
3.197464, -9.3194275, 0.12689209
3.1735077, -9.305069, 0.1304779
3.2201996, -9.317032, 0.11253357
3.2429504, -9.324219, 0.13168335
3.2441406, -9.326614, 0.09336853
3.2525177, -9.31105, 0.123306274
3.2345734, -9.2883, 0.09576416
3.186676, -9.305069, 0.082595825
3.2142181, -9.315842, 0.082595825
3.20224, -9.314636, 0.08859253
3.2321777, -9.344574, 0.10055542
3.241745, -9.343369, 0.1149292
3.2130127, -9.325409, 0.1592102
3.2273865, -9.3194275, 0.14964294
3.2513275, -9.314636, 0.14485168
3.2309723, -9.302673, 0.18554688
3.210617, -9.307465, 0.18914795
3.2285767, -9.314636, 0.20948792
3.2285767, -9.327805, 0.19033813
3.241745, -9.314636, 0.23822021
3.3171692, -9.352951, 0.26934814
3.2908325, -9.351746, 0.22265625
3.2644958, -9.340973, 0.23223877
3.245346, -9.366119, 0.28849792
3.2249908, -9.345764, 0.28251648
3.2597046, -9.373306, 0.29927063
3.2704773, -9.364914, 0.29328918
3.2405548, -9.340973, 0.28012085
3.250122, -9.345764, 0.27772522
3.2716827, -9.321823, 0.22265625
3.2381592, -9.307465, 0.27174377
3.2429504, -9.308655, 0.26455688
3.2381592, -9.306259, 0.2741394
3.2237854, -9.287109, 0.2561798
3.2369537, -9.294296, 0.27174377
3.248932, -9.303864, 0.28849792
3.2309723, -9.318237, 0.25378418
3.2561188, -9.321823, 0.2561798
3.2956238, -9.342178, 0.2741394
3.3075867, -9.36731, 0.24659729
3.308792, -9.345764, 0.24780273
3.3231506, -9.331406, 0.2633667
3.2836456, -9.327805, 0.23942566
3.2549133, -9.343369, 0.25498962
3.2273865, -9.306259, 0.28012085
3.217804, -9.293091, 0.27174377
3.2070312, -9.2799225, 0.29927063
3.2309723, -9.299072, 0.26815796
3.2345734, -9.312241, 0.33398438
3.2872314, -9.326614, 0.3327942
3.289627, -9.306259, 0.34117126
3.2632904, -9.340973, 0.33398438
3.272873, -9.372101, 0.3471527
3.2800598, -9.357742, 0.36750793
3.2824554, -9.305069, 0.34117126
3.265686, -9.324219, 0.34477234
3.250122, -9.338577, 0.36271667
3.2525177, -9.320633, 0.37709045
3.2381592, -9.297882, 0.40701294
3.2118225, -9.282318, 0.38546753
3.20224, -9.278732, 0.40582275
3.193863, -9.290695, 0.39505005
3.2010498, -9.252396, 0.42855835
3.1986542, -9.2643585, 0.40342712
3.162735, -9.258377, 0.43215942
3.1986542, -9.266754, 0.45968628
3.2597046, -9.301468, 0.4632721
3.2824554, -9.30986, 0.47644043
3.2764587, -9.318237, 0.5087738
3.3423004, -9.321823, 0.4800415
3.3710327, -9.313446, 0.47883606
3.367447, -9.291901, 0.51475525
3.3830109, -9.305069, 0.5087738
3.3746338, -9.277527, 0.51594543
3.368637, -9.273941, 0.533905
3.3949738, -9.208099, 0.5686188
3.4045563, -9.215286, 0.5398865
3.4332886, -9.212891, 0.56144714
3.4524384, -9.212891, 0.5961609
3.4751892, -9.197327, 0.56144714
3.470398, -9.221268, 0.54707336
3.5122986, -9.234436, 0.5913696
3.5194702, -9.228455, 0.59376526
3.581726, -9.226059, 0.5686188
3.585312, -9.227249, 0.5590515
3.5709534, -9.228455, 0.49440002
3.545807, -9.216476, 0.52194214
3.5398254, -9.199722, 0.5063782
3.5470123, -9.211685, 0.4800415
3.5529938, -9.178177, 0.4908142
3.5984802, -9.205704, 0.45489502
3.6104584, -9.235626, 0.39144897
3.612854, -9.2200775, 0.3938446
3.6403809, -9.227249, 0.3818817
3.5829163, -9.176971, 0.35075378
3.5541992, -9.184158, 0.3136444
3.5446167, -9.184158, 0.25378418
3.5865173, -9.18895, 0.12808228
3.6343994, -9.192535, 0.01914978
3.6379852, -9.218872, -0.05267334
3.5781403, -9.196121, -0.1197052
3.569748, -9.181763, -0.14245605
3.5613708, -9.148239, -0.1663971
3.5278625, -9.136276, -0.16758728
3.5482025, -9.129089, -0.111328125
3.5865173, -9.132675, -0.111328125
3.6463623, -9.155426, -0.14364624
3.6667175, -9.1698, -0.089782715
3.7169952, -9.233246, -0.099365234
3.7349548, -9.252396, -0.116119385
3.7660828, -9.2643585, -0.14485168
3.736145, -9.273941, -0.1304779
3.703827, -9.244019, -0.16160583
3.6511536, -9.205704, -0.16160583
3.5913086, -9.173386, -0.1376648
3.6020813, -9.130295, -0.15203857
3.5362396, -9.165009, -0.21427917
3.51828, -9.17099, -0.2166748
3.4811707, -9.167404, -0.17597961
3.4763794, -9.184158, -0.17597961
3.4823608, -9.214081, -0.116119385
3.5039215, -9.236832, -0.120910645
3.5350342, -9.263168, -0.14964294
3.5063019, -9.282318, -0.12928772
3.4667969, -9.277527, -0.080200195
3.478775, -9.25119, -0.06942749
3.375824, -9.245209, -0.07661438
3.3339233, -9.246414, -0.0035858154
3.2992096, -9.242813, 0.0059814453
3.3183594, -9.228455, 0.0095825195
3.3099823, -9.246414, 0.04548645
3.3267365, -9.258377, 0.09336853
3.3530731, -9.248795, 0.08380127
3.3578644, -9.270355, 0.101760864
3.3459015, -9.293091, 0.096969604
3.3854065, -9.294296, 0.17237854
3.3722382, -9.284714, 0.1951294
3.3782196, -9.282318, 0.18554688
3.368637, -9.276337, 0.22265625
3.3459015, -9.257187, 0.22146606
3.3650513, -9.291901, 0.26097107
3.4356842, -9.287109, 0.32800293
3.4117432, -9.2643585, 0.32321167
3.3770142, -9.30986, 0.31723022
3.4189148, -9.2799225, 0.31604004
3.3878021, -9.313446, 0.34954834
3.3889923, -9.293091, 0.3830719
3.3889923, -9.306259, 0.40222168
3.348297, -9.334991, 0.38786316
3.327942, -9.3302, 0.40940857
3.320755, -9.302673, 0.42018127
3.2920227, -9.339783, 0.4405365
3.2872314, -9.34697, 0.44891357
3.2992096, -9.337387, 0.42736816
3.2908325, -9.345764, 0.48483276
3.3063965, -9.344574, 0.49320984
3.3075867, -9.332596, 0.5279236
3.3063965, -9.340973, 0.54707336
3.2836456, -9.360138, 0.59376526
3.2716827, -9.357742, 0.5817871
3.2357635, -9.376892, 0.57580566
3.2082367, -9.357742, 0.5195465
3.1830902, -9.361328, 0.5506592
3.1519623, -9.36731, 0.5279236
3.1280212, -9.343369, 0.5231323
3.1100616, -9.334991, 0.55426025
3.0980988, -9.380478, 0.5231323
3.0514069, -9.373306, 0.49560547
3.0346527, -9.402023, 0.44293213
3.0765533, -9.394852, 0.43095398
2.9951477, -9.388855, 0.43574524
2.9747925, -9.34697, 0.39624023
2.9664154, -9.368515, 0.42018127
2.9352875, -9.3589325, 0.41299438
2.9472656, -9.333801, 0.40940857
2.9795837, -9.343369, 0.43814087
2.960434, -9.32901, 0.4692688
2.991562, -9.32901, 0.4333496
3.0370483, -9.307465, 0.4920044
3.0059204, -9.325409, 0.48602295
3.0119019, -9.331406, 0.49679565
3.0142975, -9.318237, 0.5051727
3.0418396, -9.314636, 0.4920044
3.0681763, -9.2799225, 0.549469
3.094513, -9.271545, 0.5303192
3.1399994, -9.244019, 0.57580566
3.1699219, -9.25, 0.55545044
3.1651306, -9.253586, 0.58299255
3.1699219, -9.235626, 0.57699585
3.1890717, -9.222458, 0.56503296
3.1914673, -9.203308, 0.60572815
3.2285767, -9.199722, 0.61291504
3.2537231, -9.194931, 0.5961609
3.2788544, -9.199722, 0.6212921
3.3063965, -9.2200775, 0.62249756
3.313568, -9.223663, 0.6201019
3.2836456, -9.218872, 0.58299255
3.3459015, -9.2200775, 0.5793915
3.367447, -9.203308, 0.5901642
3.408142, -9.210495, 0.6081238
3.4608154, -9.212891, 0.57341003
3.4273071, -9.198517, 0.58418274
3.463211, -9.182968, 0.5698242
3.526657, -9.187744, 0.55426025
3.5553894, -9.17218, 0.57221985
3.5709534, -9.18895, 0.53630066
3.604477, -9.174576, 0.5422821
3.6547546, -9.19014, 0.49919128
3.731369, -9.205704, 0.45370483
3.7505188, -9.19014, 0.44293213
3.7493134, -9.167404, 0.42018127
3.791214, -9.1805725, 0.36032104
3.8115692, -9.173386, 0.3543396
3.8594513, -9.136276, 0.2861023
3.8869934, -9.154236, 0.23103333
3.9073334, -9.159012, 0.22265625
3.9157104, -9.130295, 0.1484375
3.9707794, -9.133881, 0.116119385
3.957611, -9.112335, 0.039505005
3.918106, -9.081207, -0.013168335
3.9241028, -9.096771, -0.02154541
3.9624023, -9.149445, -0.06225586
3.9899445, -9.174576, -0.101760864
4.024658, -9.19014, -0.094573975
4.1060486, -9.199722, -0.14364624
4.138382, -9.197327, -0.18315125
4.1335907, -9.1698, -0.2166748
4.1120453, -9.1853485, -0.25138855
4.0773315, -9.17099, -0.23342896
4.0138855, -9.124298, -0.27293396
3.9300842, -9.09198, -0.32321167
3.8486786, -9.11113, -0.32081604
3.7660828, -9.113525, -0.35075378
3.707428, -9.118317, -0.36990356
3.6906586, -9.181763, -0.34596252
3.6391907, -9.241623, -0.36631775
3.557785, -9.23204, -0.38546753
3.509903, -9.276337, -0.3471527
3.454834, -9.300278, -0.3830719
3.3889923, -9.315842, -0.34477234
3.3423004, -9.339783, -0.28251648
3.3003998, -9.3589325, -0.23942566
3.2465363, -9.393646, -0.19392395
3.2154083, -9.362518, -0.14006042
3.20224, -9.354141, -0.12689209
3.178299, -9.374496, -0.06942749
3.166336, -9.370911, -0.0287323
3.1208344, -9.364914, -0.039505005
3.071762, -9.364914, -0.011978149
3.0454254, -9.386475, 0.07182312
3.0573883, -9.42836, 0.120910645
3.0370483, -9.40921, 0.13287354
3.0286713, -9.414001, 0.18075562
3.0119019, -9.4379425, 0.19752502
3.0011292, -9.439133, 0.22026062
3.0214844, -9.449921, 0.21069336
3.02388, -9.429565, 0.23703003
2.999939, -9.414001, 0.24420166
3.0131073, -9.439133, 0.30645752
2.9700012, -9.422379, 0.31843567
3.008316, -9.3984375, 0.34954834
2.9580383, -9.392456, 0.35554504
2.953247, -9.370911, 0.3651123
2.9580383, -9.366119, 0.39505005
2.9723969, -9.375687, 0.4441223
3.0011292, -9.384079, 0.47883606
3.0023346, -9.39006, 0.47525024
3.015503, -9.357742, 0.48362732
3.0370483, -9.343369, 0.5195465
3.02388, -9.363724, 0.52552795
3.0765533, -9.32901, 0.54467773
3.10289, -9.307465, 0.6188965
3.0645752, -9.337387, 0.6177063
3.0933075, -9.314636, 0.6260834
3.111267, -9.282318, 0.65960693
3.1256256, -9.25, 0.6763611
3.1136627, -9.281128, 0.6967163
3.1244354, -9.260773, 0.76135254
3.126831, -9.275131, 0.7733307
3.1639404, -9.293091, 0.76374817
3.2082367, -9.307465, 0.7912903
3.2465363, -9.294296, 0.7948761
3.2465363, -9.291901, 0.79008484
3.2513275, -9.278732, 0.82240295
3.2525177, -9.2404175, 0.86550903
3.2405548, -9.25, 0.88345337
3.2309723, -9.23085, 0.8487396
3.2704773, -9.244019, 0.81762695
3.2824554, -9.228455, 0.86790466
3.3159637, -9.19014, 0.83917236
3.351883, -9.221268, 0.81762695
3.3770142, -9.20929, 0.8092346
3.3961792, -9.204514, 0.8152313
3.4093475, -9.239227, 0.7948761
3.4045563, -9.2595825, 0.77212524
3.4332886, -9.226059, 0.7553711
3.4799652, -9.234436, 0.7445984
3.4751892, -9.242813, 0.6967163
3.5314484, -9.242813, 0.6572113
3.5913086, -9.255981, 0.63327026
3.6176453, -9.270355, 0.5877838
3.628418, -9.26915, 0.5698242
3.609253, -9.227249, 0.4920044
3.6475677, -9.227249, 0.4524994
3.672699, -9.233246, 0.40342712
3.6427765, -9.227249, 0.35673523
3.652359, -9.221268, 0.32800293
3.6691132, -9.215286, 0.2849121
3.7110138, -9.254791, 0.19154358
3.7325592, -9.235626, 0.08140564
3.7864227, -9.206909, 0.0
3.746933, -9.229645, -0.116119385
3.751709, -9.203308, -0.25737
3.743332, -9.221268, -0.32681274
3.743332, -9.186554, -0.47166443
3.683487, -9.165009, -0.61531067
3.633194, -9.1698, -0.7481842
3.628418, -9.176971, -0.87028503
3.6164398, -9.17218, -0.920578
3.5781403, -9.187744, -0.8750763
3.5541992, -9.198517, -0.7158661
3.5829163, -9.255981, -0.5877838
3.585312, -9.238022, -0.37709045
3.566162, -9.26915, -0.25737
3.5446167, -9.261963, -0.15203857
3.4799652, -9.25119, -0.0287323
3.4727936, -9.241623, 0.03352356
3.4344788, -9.241623, 0.06463623
3.4428558, -9.252396, 0.10774231
3.4368744, -9.238022, 0.16281128
3.3961792, -9.265564, 0.22625732
3.3734283, -9.239227, 0.25737
3.3710327, -9.238022, 0.36750793
3.336319, -9.272736, 0.38426208
3.3255463, -9.2799225, 0.38786316
3.3111877, -9.273941, 0.3722992
3.3171692, -9.2595825, 0.4225769
3.2621002, -9.2883, 0.4692688
3.2621002, -9.261963, 0.48362732
3.2668915, -9.254791, 0.46566772
3.2201996, -9.270355, 0.5123596
3.2118225, -9.277527, 0.51116943
3.20224, -9.270355, 0.48960876
3.2142181, -9.271545, 0.5231323
3.2201996, -9.2883, 0.5171509
3.2369537, -9.300278, 0.48721313
3.2285767, -9.290695, 0.48362732
3.233368, -9.325409, 0.48483276
3.241745, -9.299072, 0.49679565
3.2477417, -9.260773, 0.5027771
3.2465363, -9.23085, 0.50038147
3.2046356, -9.2404175, 0.4908142
3.2393494, -9.233246, 0.48602295
3.257309, -9.277527, 0.47644043
3.3111877, -9.281128, 0.48483276
3.3231506, -9.261963, 0.45968628
3.3399048, -9.284714, 0.44293213
3.3470917, -9.277527, 0.43933105
3.3734283, -9.282318, 0.44770813
3.3626556, -9.281128, 0.46087646
3.3506927, -9.263168, 0.45370483
3.3399048, -9.301468, 0.42616272
3.3566742, -9.290695, 0.46566772
3.3578644, -9.289505, 0.46566772
3.3375244, -9.2883, 0.45489502
3.36026, -9.278732, 0.49320984
3.3638458, -9.281128, 0.47644043
3.3159637, -9.26796, 0.4524994
3.327942, -9.283524, 0.44293213
3.3255463, -9.290695, 0.43574524
3.351883, -9.306259, 0.37469482
3.3399048, -9.3302, 0.4297638
3.3351288, -9.312241, 0.40821838
3.3435059, -9.306259, 0.38067627
3.367447, -9.351746, 0.36271667
3.3459015, -9.375687, 0.35673523
3.3219604, -9.325409, 0.31962585
3.3027954, -9.340973, 0.296875
3.2549133, -9.349365, 0.2813263
3.2357635, -9.327805, 0.30166626
3.2369537, -9.321823, 0.27772522
3.2321777, -9.303864, 0.20829773
3.2393494, -9.324219, 0.19033813
3.1830902, -9.331406, 0.18435669
3.2285767, -9.340973, 0.1484375
3.2201996, -9.343369, 0.12808228
3.2154083, -9.336197, 0.120910645
3.2046356, -9.324219, 0.070632935
3.1687317, -9.30986, 0.07901001
3.1806946, -9.303864, 0.07182312
3.1735077, -9.297882, 0.09336853
3.2285767, -9.327805, 0.07901001
3.2309723, -9.338577, 0.080200195
3.289627, -9.307465, 0.070632935
3.308792, -9.32901, 0.10295105
3.2932281, -9.327805, 0.13287354
3.305191, -9.296692, 0.16281128
3.3159637, -9.26796, 0.19033813
3.2980194, -9.23204, 0.2346344
3.3171692, -9.248795, 0.22265625
3.3327332, -9.2595825, 0.29089355
3.3698425, -9.2404175, 0.29447937
3.4141388, -9.282318, 0.27893066
3.423706, -9.273941, 0.3244171
3.4332886, -9.233246, 0.36392212
3.4739838, -9.261963, 0.35194397
3.4931335, -9.293091, 0.39144897
3.530243, -9.295486, 0.3938446
3.526657, -9.303864, 0.40342712
3.5482025, -9.313446, 0.41659546
3.5518036, -9.277527, 0.4297638
3.5829163, -9.223663, 0.41419983
3.59729, -9.217682, 0.40222168
3.5913086, -9.226059, 0.42736816
3.6104584, -9.233246, 0.375885
3.6188354, -9.20929, 0.39144897
3.6296082, -9.210495, 0.41539
3.5913086, -9.18895, 0.4189911
3.588913, -9.211685, 0.39863586
3.5984802, -9.215286, 0.37348938
3.581726, -9.204514, 0.36750793
3.5996857, -9.211685, 0.35673523
3.5781403, -9.235626, 0.36032104
3.5709534, -9.26796, 0.35673523
3.5721436, -9.255981, 0.31004333
3.5206757, -9.247604, 0.296875
3.4919434, -9.277527, 0.296875
3.487152, -9.261963, 0.28370667
3.4440613, -9.233246, 0.2956848
3.423706, -9.247604, 0.25737
3.4296875, -9.260773, 0.2346344
3.408142, -9.2595825, 0.21786499
3.406952, -9.273941, 0.17597961
3.3698425, -9.281128, 0.16998291
3.3255463, -9.321823, 0.14125061
3.3147736, -9.337387, 0.16281128
3.3231506, -9.315842, 0.113723755
3.2872314, -9.3302, 0.104141235
3.2824554, -9.325409, 0.06703186
3.2632904, -9.312241, 0.0143585205
3.2010498, -9.312241, 0.058654785
3.1806946, -9.340973, 0.0059814453
3.1878815, -9.314636, -0.02633667
3.1363983, -9.301468, 0.0071868896
3.126831, -9.301468, -0.039505005
3.1136627, -9.3194275, -0.039505005
3.1280212, -9.324219, -0.0011901855
3.0885162, -9.30986, 0.01675415
3.1292267, -9.308655, -0.02394104
3.087326, -9.303864, -0.02394104
3.10289, -9.325409, 0.008377075
3.094513, -9.331406, 0.022750854
3.0669708, -9.321823, 0.046691895
3.0813446, -9.315842, 0.077804565
3.1100616, -9.313446, 0.077804565
3.1064758, -9.313446, 0.09815979
3.1220398, -9.293091, 0.101760864
3.1483765, -9.333801, 0.12928772
3.118454, -9.320633, 0.17358398
3.1411896, -9.334991, 0.18554688
3.154358, -9.340973, 0.2059021
3.1842957, -9.321823, 0.252594
3.1531677, -9.337387, 0.28730774
3.147171, -9.336197, 0.31962585
3.1699219, -9.320633, 0.29808044
3.1950684, -9.3194275, 0.33758545
3.229782, -9.303864, 0.3136444
3.2154083, -9.314636, 0.37709045
3.250122, -9.307465, 0.39265442
3.2441406, -9.300278, 0.40821838
3.269287, -9.291901, 0.40821838
3.305191, -9.282318, 0.4225769
3.2920227, -9.301468, 0.43933105
3.3183594, -9.276337, 0.43814087
3.324356, -9.241623, 0.45370483
3.3423004, -9.296692, 0.4405365
3.3339233, -9.308655, 0.47644043
3.3650513, -9.299072, 0.48721313
3.3746338, -9.291901, 0.5015869
3.3925781, -9.290695, 0.49440002
3.391388, -9.290695, 0.46566772
3.3854065, -9.305069, 0.46087646
3.4057465, -9.293091, 0.44172668
3.4105377, -9.283524, 0.43933105
3.3830109, -9.266754, 0.43814087
3.415329, -9.239227, 0.4740448
3.4320831, -9.234436, 0.41419983
3.384201, -9.246414, 0.43095398
3.375824, -9.20929, 0.39982605
3.3878021, -9.248795, 0.3818817
3.408142, -9.265564, 0.37948608
3.3662415, -9.284714, 0.36990356
3.4009705, -9.284714, 0.36631775
3.4225159, -9.293091, 0.3543396
3.3961792, -9.323029, 0.3471527
3.368637, -9.339783, 0.34117126
3.320755, -9.337387, 0.32681274
3.344696, -9.326614, 0.3076477
3.3195648, -9.277527, 0.2956848
3.2644958, -9.277527, 0.2633667
3.2716827, -9.290695, 0.2741394
3.2824554, -9.307465, 0.25737
3.245346, -9.325409, 0.26815796
3.2094269, -9.327805, 0.28251648
3.2142181, -9.327805, 0.25378418
3.2130127, -9.364914, 0.25737
3.1950684, -9.3589325, 0.24061584
3.178299, -9.350555, 0.19033813
3.1340027, -9.350555, 0.2238617
3.1076813, -9.321823, 0.24182129
3.1292267, -9.376892, 0.21188354
3.1304169, -9.337387, 0.17118835
3.1352081, -9.343369, 0.21188354
3.1411896, -9.338577, 0.22146606
3.162735, -9.344574, 0.19392395
3.1519623, -9.336197, 0.19392395
3.1352081, -9.334991, 0.18315125
3.0909119, -9.340973, 0.21188354
3.111267, -9.312241, 0.22146606
3.12323, -9.320633, 0.26216125
3.1160583, -9.342178, 0.27174377
3.1495667, -9.32901, 0.25857544
3.1435852, -9.340973, 0.27893066
3.150772, -9.338577, 0.28012085
3.1795044, -9.34816, 0.29927063
3.1747131, -9.340973, 0.32202148
3.1842957, -9.343369, 0.3076477
3.1747131, -9.343369, 0.34835815
3.1819, -9.34816, 0.38905334
3.1747131, -9.320633, 0.38067627
3.1914673, -9.294296, 0.37828064
3.2034454, -9.3302, 0.38786316
3.1759033, -9.294296, 0.39982605
3.1615448, -9.3194275, 0.37828064
3.157959, -9.337387, 0.38067627
3.2070312, -9.306259, 0.40821838
3.2046356, -9.331406, 0.40940857
3.2082367, -9.336197, 0.39982605
3.2441406, -9.355347, 0.41778564
3.257309, -9.3302, 0.3902588
3.2273865, -9.31105, 0.38786316
3.2094269, -9.324219, 0.42018127
3.2381592, -9.334991, 0.43095398
3.2405548, -9.284714, 0.42736816
3.2201996, -9.278732, 0.37709045
3.2477417, -9.285904, 0.375885
3.248932, -9.290695, 0.4046173
3.269287, -9.26915, 0.39982605
3.2824554, -9.284714, 0.38546753
3.284851, -9.302673, 0.39624023
3.2668915, -9.291901, 0.39144897
3.3016052, -9.291901, 0.34596252
3.351883, -9.270355, 0.3938446
3.3111877, -9.275131, 0.3866577
3.3423004, -9.3302, 0.3471527
3.3746338, -9.290695, 0.3256073
3.351883, -9.2643585, 0.3651123
3.3554688, -9.2799225, 0.31124878
3.3638458, -9.291901, 0.32681274
3.3794098, -9.258377, 0.32202148
3.3638458, -9.271545, 0.30885315
3.3878021, -9.303864, 0.30166626
3.391388, -9.26915, 0.28849792
3.3746338, -9.277527, 0.26815796
3.391388, -9.255981, 0.2849121
3.3782196, -9.275131, 0.2454071
3.406952, -9.245209, 0.22265625
3.3506927, -9.272736, 0.17956543
3.3506927, -9.26915, 0.18196106
3.3554688, -9.266754, 0.18435669
3.344696, -9.291901, 0.15562439
3.3267365, -9.297882, 0.1149292
3.3219604, -9.287109, 0.108932495
3.3387146, -9.31105, 0.094573975
3.3459015, -9.30986, 0.077804565
3.3267365, -9.261963, 0.08140564
3.3459015, -9.302673, 0.053863525
3.3339233, -9.283524, 0.046691895
3.3171692, -9.276337, 0.053863525
3.3506927, -9.285904, 0.0861969
3.296814, -9.275131, 0.0861969
3.2872314, -9.2883, 0.10534668
3.3423004, -9.297882, 0.12928772
3.3399048, -9.271545, 0.10055542
3.320755, -9.302673, 0.11253357
3.3590698, -9.303864, 0.18914795
3.3375244, -9.294296, 0.18075562
3.3770142, -9.299072, 0.15681458
3.3590698, -9.30986, 0.22744751
3.3159637, -9.275131, 0.22744751
3.320755, -9.26915, 0.22505188
3.320755, -9.293091, 0.28012085
3.327942, -9.299072, 0.3028717
3.3231506, -9.289505, 0.28251648
3.3016052, -9.308655, 0.31723022
3.3231506, -9.300278, 0.3818817
3.305191, -9.296692, 0.33518982
3.289627, -9.323029, 0.35554504
3.2920227, -9.336197, 0.41659546
3.296814, -9.318237, 0.42138672
3.250122, -9.300278, 0.3830719
3.2597046, -9.297882, 0.39743042
3.2704773, -9.308655, 0.42616272
3.2549133, -9.315842, 0.44172668
3.2249908, -9.305069, 0.41778564
3.2465363, -9.323029, 0.37348938
3.2321777, -9.354141, 0.4010315
3.205841, -9.336197, 0.4010315
3.1926727, -9.3302, 0.40701294
3.2357635, -9.338577, 0.43693542
3.2201996, -9.361328, 0.41539
3.2309723, -9.343369, 0.4046173
3.2201996, -9.3589325, 0.40821838
3.2166138, -9.362518, 0.37109375
3.193863, -9.313446, 0.3471527
3.1495667, -9.3194275, 0.3722992
3.1771088, -9.340973, 0.36990356
3.1735077, -9.368515, 0.37469482
3.1555634, -9.331406, 0.36990356
3.1256256, -9.323029, 0.33518982
3.1352081, -9.305069, 0.36990356
3.1340027, -9.332596, 0.36631775
3.1495667, -9.349365, 0.3818817
3.166336, -9.315842, 0.32800293
3.1172485, -9.345764, 0.35075378
3.1567535, -9.345764, 0.37348938
3.1735077, -9.3194275, 0.35913086
3.1531677, -9.327805, 0.3256073
3.1615448, -9.340973, 0.32321167
3.138794, -9.343369, 0.3615265
3.1519623, -9.302673, 0.3543396
3.1771088, -9.326614, 0.35673523
3.1699219, -9.331406, 0.3615265
3.1962585, -9.338577, 0.34954834
3.178299, -9.340973, 0.35794067
3.1795044, -9.366119, 0.35794067
3.2010498, -9.362518, 0.34117126
3.2094269, -9.342178, 0.38067627
3.2201996, -9.34816, 0.36392212
3.2225952, -9.345764, 0.38905334
3.248932, -9.352951, 0.37828064
3.245346, -9.342178, 0.3615265
3.2405548, -9.338577, 0.3435669
3.2405548, -9.315842, 0.375885
3.226181, -9.315842, 0.32800293
3.233368, -9.302673, 0.38546753
3.241745, -9.295486, 0.33998108
3.2357635, -9.289505, 0.3148346
3.2788544, -9.312241, 0.3471527
3.2956238, -9.336197, 0.3830719
3.2632904, -9.323029, 0.331604
3.2237854, -9.321823, 0.32920837
3.257309, -9.300278, 0.3244171
3.248932, -9.30986, 0.32321167
3.2561188, -9.34816, 0.35673523
3.2621002, -9.317032, 0.29328918
3.2716827, -9.2883, 0.3076477
3.2680817, -9.302673, 0.32081604
3.2585144, -9.299072, 0.3148346
3.241745, -9.272736, 0.33398438
3.26091, -9.287109, 0.29808044
3.2477417, -9.291901, 0.31243896
3.2944183, -9.291901, 0.34835815
3.2920227, -9.339783, 0.35913086
3.2740784, -9.354141, 0.35554504
3.324356, -9.343369, 0.3327942
3.3147736, -9.3194275, 0.3423767
3.284851, -9.3302, 0.33998108
3.305191, -9.2883, 0.36271667
3.3159637, -9.2883, 0.33039856
3.3195648, -9.300278, 0.32920837
3.3255463, -9.260773, 0.33758545
3.3255463, -9.305069, 0.33398438
3.3411102, -9.31105, 0.3471527
3.3327332, -9.303864, 0.375885
3.3171692, -9.308655, 0.36032104
3.296814, -9.331406, 0.3722992
3.3351288, -9.342178, 0.32321167
3.3303375, -9.327805, 0.31962585
3.305191, -9.338577, 0.33039856
3.3255463, -9.343369, 0.3327942
3.3027954, -9.321823, 0.31843567
3.2908325, -9.336197, 0.30885315
3.2477417, -9.334991, 0.292099
3.2309723, -9.314636, 0.23942566
3.226181, -9.320633, 0.26455688
3.197464, -9.339783, 0.2454071
3.2070312, -9.349365, 0.24420166
3.2010498, -9.336197, 0.29328918
3.154358, -9.32901, 0.23822021
3.1914673, -9.326614, 0.20469666
3.1591492, -9.3589325, 0.23342896
3.1842957, -9.381683, 0.26576233
3.1651306, -9.360138, 0.2813263
3.1304169, -9.370911, 0.2633667
3.10289, -9.373306, 0.24659729
3.1160583, -9.356537, 0.22625732
3.0538025, -9.337387, 0.28251648
3.0849304, -9.331406, 0.26576233
3.12323, -9.333801, 0.29447937
3.0897217, -9.354141, 0.3136444
3.0921173, -9.349365, 0.292099
3.1160583, -9.380478, 0.32321167
3.1244354, -9.363724, 0.2753296
3.0921173, -9.345764, 0.29927063
3.12323, -9.363724, 0.3244171
3.1256256, -9.356537, 0.34117126
3.126831, -9.351746, 0.31243896
3.1280212, -9.349365, 0.34117126
3.1363983, -9.303864, 0.34117126
3.1244354, -9.355347, 0.34117126
3.1208344, -9.350555, 0.35075378
3.1292267, -9.307465, 0.38426208
3.1495667, -9.336197, 0.35075378
3.1399994, -9.349365, 0.37828064
3.147171, -9.362518, 0.4010315
3.1495667, -9.331406, 0.39144897
3.1399994, -9.340973, 0.38426208
3.1675262, -9.351746, 0.40821838
3.1735077, -9.379288, 0.42616272
3.1675262, -9.368515, 0.42736816
3.1986542, -9.357742, 0.40342712
3.2285767, -9.336197, 0.41778564
3.217804, -9.340973, 0.4225769
3.1854858, -9.356537, 0.3651123
3.1806946, -9.338577, 0.39265442
3.166336, -9.360138, 0.44770813
3.1687317, -9.34816, 0.39144897
3.2154083, -9.332596, 0.3651123
3.1890717, -9.324219, 0.36271667
3.1591492, -9.338577, 0.37709045
3.1735077, -9.340973, 0.39743042
3.1747131, -9.342178, 0.37469482
3.1806946, -9.3302, 0.36392212
3.178299, -9.323029, 0.34477234
3.1806946, -9.323029, 0.36631775
3.1830902, -9.323029, 0.35554504
3.2010498, -9.315842, 0.35673523
3.186676, -9.350555, 0.39265442
3.1962585, -9.337387, 0.34835815
3.190277, -9.344574, 0.34117126
3.210617, -9.345764, 0.33758545
3.2142181, -9.34697, 0.35194397
3.197464, -9.354141, 0.34117126
3.2070312, -9.352951, 0.36871338
3.2082367, -9.366119, 0.35794067
3.2130127, -9.350555, 0.35075378
3.2034454, -9.342178, 0.30885315
3.190277, -9.345764, 0.31604004
3.1962585, -9.360138, 0.292099
3.2082367, -9.373306, 0.3423767
3.197464, -9.34816, 0.34835815
3.1878815, -9.344574, 0.3651123
3.1711273, -9.354141, 0.33998108
3.2070312, -9.344574, 0.33518982
3.1759033, -9.340973, 0.3028717
3.1411896, -9.332596, 0.31962585
3.1435852, -9.362518, 0.36032104
3.126831, -9.384079, 0.35075378
3.138794, -9.363724, 0.32081604
3.1363983, -9.352951, 0.3136444
3.1555634, -9.379288, 0.3244171
3.1603394, -9.372101, 0.34954834
3.1208344, -9.368515, 0.34835815
3.150772, -9.357742, 0.33398438
3.0897217, -9.375687, 0.31604004
3.1100616, -9.368515, 0.35194397
3.1208344, -9.373306, 0.32202148
3.0849304, -9.36731, 0.3423767
3.0921173, -9.352951, 0.30885315
3.0968933, -9.381683, 0.35794067
3.1172485, -9.372101, 0.32920837
3.1399994, -9.388855, 0.33398438
3.1328125, -9.39006, 0.31843567
3.0801392, -9.375687, 0.36271667
3.0933075, -9.373306, 0.36871338
3.10289, -9.364914, 0.3435669
3.0885162, -9.36731, 0.37348938
3.0909119, -9.357742, 0.35794067
3.0669708, -9.34816, 0.35673523
3.078949, -9.360138, 0.37709045
3.0897217, -9.351746, 0.3830719
3.1136627, -9.355347, 0.3615265
3.1100616, -9.369705, 0.34117126
3.1040802, -9.361328, 0.36750793
3.118454, -9.366119, 0.40342712
3.1088715, -9.364914, 0.3435669
3.1160583, -9.376892, 0.37828064
3.1160583, -9.382874, 0.36871338
3.1124573, -9.380478, 0.37828064
3.1244354, -9.381683, 0.3830719
3.1196442, -9.372101, 0.3866577
3.1483765, -9.361328, 0.39982605
3.1771088, -9.375687, 0.3902588
3.1651306, -9.351746, 0.39863586
3.178299, -9.34697, 0.37948608
3.178299, -9.352951, 0.44172668
3.1615448, -9.355347, 0.4225769
3.197464, -9.361328, 0.38786316
3.2201996, -9.338577, 0.4333496
3.2285767, -9.345764, 0.4333496
3.2034454, -9.357742, 0.40582275
3.2225952, -9.350555, 0.4237671
3.2070312, -9.340973, 0.38786316
3.1878815, -9.34697, 0.35913086
3.1998444, -9.36731, 0.3830719
3.2237854, -9.338577, 0.37348938
3.1962585, -9.3589325, 0.36990356
3.1483765, -9.361328, 0.33398438
3.1830902, -9.326614, 0.3256073
3.190277, -9.361328, 0.34117126
3.1639404, -9.344574, 0.3435669
3.1711273, -9.337387, 0.32800293
3.1555634, -9.3589325, 0.32081604
3.178299, -9.352951, 0.29808044
3.1819, -9.344574, 0.31723022
3.1950684, -9.357742, 0.29927063
3.1531677, -9.355347, 0.29089355
3.1363983, -9.360138, 0.28849792
3.1483765, -9.350555, 0.2753296
3.1016846, -9.373306, 0.28012085
3.0933075, -9.368515, 0.31843567
3.1651306, -9.396042, 0.2633667
3.1316223, -9.381683, 0.3076477
3.114853, -9.315842, 0.3076477
3.1256256, -9.334991, 0.34954834
3.1088715, -9.340973, 0.3327942
3.1208344, -9.326614, 0.33998108
3.1100616, -9.364914, 0.34835815
3.1363983, -9.374496, 0.35075378
3.147171, -9.384079, 0.37109375
3.1854858, -9.344574, 0.36990356
3.154358, -9.366119, 0.35554504
3.1304169, -9.374496, 0.3722992
3.1088715, -9.357742, 0.35075378
3.118454, -9.344574, 0.3435669
3.1495667, -9.349365, 0.3543396
3.1411896, -9.369705, 0.36392212
3.1208344, -9.380478, 0.36032104
3.1244354, -9.376892, 0.33638
3.1172485, -9.392456, 0.35673523
3.0957031, -9.388855, 0.31243896
3.0825348, -9.380478, 0.32081604
3.0968933, -9.399643, 0.3423767
3.0681763, -9.373306, 0.32800293
3.0885162, -9.385269, 0.32920837
3.0921173, -9.385269, 0.31962585
3.0406342, -9.350555, 0.35075378
3.031067, -9.360138, 0.33638
3.0466156, -9.370911, 0.32800293
3.0454254, -9.355347, 0.36750793
3.0765533, -9.374496, 0.32081604
3.063385, -9.374496, 0.31243896
3.1004944, -9.345764, 0.32800293
3.1040802, -9.3589325, 0.30645752
3.0861206, -9.366119, 0.34117126
3.0957031, -9.351746, 0.32202148
3.0729523, -9.368515, 0.33638
3.0729523, -9.370911, 0.3435669
3.071762, -9.362518, 0.33877563
3.0849304, -9.403229, 0.39265442
3.0693665, -9.378082, 0.3830719
3.075348, -9.363724, 0.34835815
3.0801392, -9.388855, 0.33877563
3.0849304, -9.381683, 0.35673523
3.0849304, -9.369705, 0.35194397
3.0777435, -9.364914, 0.3615265
3.0466156, -9.349365, 0.3722992
3.0657806, -9.364914, 0.37948608
3.0621796, -9.374496, 0.35554504
3.0741577, -9.387665, 0.38426208
3.1244354, -9.387665, 0.42138672
3.078949, -9.379288, 0.38905334
3.0538025, -9.374496, 0.3543396
3.0538025, -9.373306, 0.34477234
3.04422, -9.357742, 0.3543396
3.0705566, -9.369705, 0.3531494
3.078949, -9.332596, 0.36392212
3.0980988, -9.369705, 0.33758545
3.1280212, -9.394852, 0.33039856
3.1483765, -9.380478, 0.33039856
3.147171, -9.406815, 0.3327942
3.1352081, -9.374496, 0.2753296
3.1842957, -9.34816, 0.31723022
3.1603394, -9.32901, 0.31843567
3.1555634, -9.343369, 0.28251648
3.1411896, -9.317032, 0.30526733
3.1447906, -9.327805, 0.31843567
3.178299, -9.323029, 0.3244171
3.1699219, -9.3194275, 0.32681274
3.1244354, -9.361328, 0.36032104
3.1842957, -9.351746, 0.36032104
3.2249908, -9.375687, 0.29447937
3.2237854, -9.382874, 0.3615265
3.2273865, -9.3589325, 0.375885
3.1998444, -9.32901, 0.36271667
3.2393494, -9.325409, 0.39863586
3.2118225, -9.30986, 0.44172668
3.250122, -9.31105, 0.42736816
3.2549133, -9.290695, 0.39743042
3.2393494, -9.305069, 0.38786316
3.2525177, -9.368515, 0.4010315
3.245346, -9.3302, 0.39144897
3.2561188, -9.356537, 0.37709045
3.205841, -9.332596, 0.38905334
3.2130127, -9.331406, 0.37948608
3.2369537, -9.3302, 0.35194397
3.2154083, -9.355347, 0.34477234
3.233368, -9.320633, 0.331604
3.2142181, -9.308655, 0.35794067
3.2405548, -9.321823, 0.35075378
3.2668915, -9.324219, 0.375885
3.2381592, -9.351746, 0.37348938
3.2225952, -9.321823, 0.3435669
3.2525177, -9.299072, 0.32321167
3.233368, -9.324219, 0.31124878
3.2381592, -9.291901, 0.33877563
3.2393494, -9.315842, 0.3531494
3.2046356, -9.338577, 0.3256073
3.2034454, -9.31105, 0.32321167
3.2632904, -9.31105, 0.3423767
3.2621002, -9.332596, 0.33758545
3.2537231, -9.338577, 0.36990356
3.257309, -9.334991, 0.33518982
3.2357635, -9.331406, 0.33998108
3.2070312, -9.326614, 0.32920837
3.1986542, -9.318237, 0.30645752
3.2142181, -9.342178, 0.33518982
3.2309723, -9.324219, 0.31004333
3.2273865, -9.308655, 0.3327942
3.2429504, -9.356537, 0.32081604
3.2405548, -9.339783, 0.32681274
3.2369537, -9.327805, 0.2956848
3.2357635, -9.34697, 0.3076477
3.221405, -9.314636, 0.32920837
3.2309723, -9.305069, 0.31124878
3.2549133, -9.313446, 0.3435669
3.2309723, -9.315842, 0.28730774
3.2034454, -9.338577, 0.3423767
3.217804, -9.315842, 0.3615265
3.193863, -9.300278, 0.30166626
3.2237854, -9.31105, 0.3136444
3.1998444, -9.317032, 0.3543396
3.1986542, -9.338577, 0.3651123
3.2070312, -9.318237, 0.34117126
3.2082367, -9.320633, 0.35794067
3.2118225, -9.336197, 0.40582275
3.2130127, -9.315842, 0.4010315
3.2070312, -9.331406, 0.39743042
3.1962585, -9.338577, 0.39265442
3.1962585, -9.349365, 0.39982605
3.210617, -9.336197, 0.38905334
3.233368, -9.345764, 0.36392212
3.2166138, -9.336197, 0.39144897
3.2273865, -9.360138, 0.37109375
3.248932, -9.326614, 0.38905334
3.2166138, -9.312241, 0.40701294
3.197464, -9.349365, 0.4189911
3.2046356, -9.3194275, 0.40701294
3.2166138, -9.327805, 0.43574524
3.2237854, -9.32901, 0.45610046
3.2345734, -9.34697, 0.4405365
3.2082367, -9.366119, 0.43215942
3.2381592, -9.342178, 0.43933105
3.250122, -9.338577, 0.44172668
3.210617, -9.3589325, 0.4237671
3.2321777, -9.343369, 0.4225769
3.245346, -9.31105, 0.45729065
3.2369537, -9.332596, 0.4189911
3.2070312, -9.334991, 0.4297638
3.2237854, -9.265564, 0.41778564
3.2249908, -9.277527, 0.46806335
3.2034454, -9.314636, 0.46447754
3.2273865, -9.31105, 0.39863586
3.2237854, -9.314636, 0.44651794
3.241745, -9.34816, 0.45729065
3.2585144, -9.351746, 0.4237671
3.248932, -9.34697, 0.3818817
3.2309723, -9.343369, 0.38905334
3.2429504, -9.331406, 0.40821838
3.226181, -9.331406, 0.39743042
3.2190094, -9.369705, 0.39743042
3.20224, -9.34816, 0.33758545
3.217804, -9.332596, 0.37348938
3.1806946, -9.327805, 0.39505005
3.1806946, -9.334991, 0.37469482
3.2190094, -9.338577, 0.33638
3.1998444, -9.333801, 0.34596252
3.1890717, -9.302673, 0.35194397
3.1711273, -9.318237, 0.34835815
3.1926727, -9.325409, 0.32920837
3.186676, -9.312241, 0.36392212
3.1842957, -9.308655, 0.36631775
3.229782, -9.320633, 0.34954834
3.2381592, -9.352951, 0.39863586
3.2309723, -9.342178, 0.36271667
3.2537231, -9.324219, 0.3866577
3.217804, -9.326614, 0.35913086
3.2357635, -9.317032, 0.37948608
3.20224, -9.334991, 0.3938446
3.217804, -9.317032, 0.36631775
3.2249908, -9.317032, 0.36392212
3.1926727, -9.324219, 0.37109375
3.1890717, -9.306259, 0.35794067
3.210617, -9.3302, 0.34477234
3.1998444, -9.342178, 0.37348938
3.210617, -9.336197, 0.3722992
3.205841, -9.34816, 0.41299438
3.1795044, -9.325409, 0.37709045
3.1842957, -9.338577, 0.41299438
3.1699219, -9.372101, 0.42736816
3.1699219, -9.351746, 0.41778564
3.1795044, -9.343369, 0.37709045
3.205841, -9.337387, 0.36750793
3.2094269, -9.350555, 0.37828064
3.166336, -9.313446, 0.3830719
3.1771088, -9.312241, 0.3830719
3.162735, -9.312241, 0.44293213
3.1962585, -9.313446, 0.4225769
3.166336, -9.323029, 0.43693542
3.142395, -9.281128, 0.4333496
3.166336, -9.320633, 0.42616272
3.1519623, -9.332596, 0.4620819
3.1771088, -9.337387, 0.41299438
3.2130127, -9.352951, 0.43933105
3.2034454, -9.34816, 0.3866577
3.226181, -9.334991, 0.36032104
3.2321777, -9.349365, 0.39265442
3.1723175, -9.333801, 0.36871338
3.1208344, -9.315842, 0.36631775
3.1555634, -9.300278, 0.33398438
3.1603394, -9.323029, 0.3615265
3.1603394, -9.370911, 0.32800293
3.1483765, -9.340973, 0.33758545
3.1687317, -9.333801, 0.32920837
3.1483765, -9.333801, 0.3327942
3.1555634, -9.340973, 0.32321167
3.1519623, -9.344574, 0.3471527
3.2034454, -9.34697, 0.33039856
3.2465363, -9.357742, 0.36032104
3.2046356, -9.344574, 0.33039856
3.1771088, -9.34697, 0.2956848
3.1878815, -9.34816, 0.32202148
3.1842957, -9.343369, 0.35794067
3.2166138, -9.342178, 0.35673523
3.2321777, -9.356537, 0.3722992
3.229782, -9.34697, 0.3423767
3.217804, -9.350555, 0.3866577
3.1854858, -9.303864, 0.37109375
3.1842957, -9.34697, 0.36631775
3.1771088, -9.350555, 0.3651123
3.2034454, -9.333801, 0.36990356
3.229782, -9.357742, 0.37109375
3.229782, -9.336197, 0.37709045
3.229782, -9.34816, 0.34954834
3.2166138, -9.351746, 0.34954834
3.217804, -9.339783, 0.39624023
3.2034454, -9.307465, 0.3651123
3.2142181, -9.327805, 0.3830719
3.2585144, -9.331406, 0.39743042
3.2130127, -9.34816, 0.40342712
3.250122, -9.331406, 0.3830719
3.2477417, -9.332596, 0.40701294
3.2597046, -9.327805, 0.42736816
3.2956238, -9.3589325, 0.38067627
3.2465363, -9.339783, 0.41419983
3.2525177, -9.3589325, 0.40701294
3.2201996, -9.345764, 0.44770813
3.2357635, -9.354141, 0.45010376
3.2369537, -9.349365, 0.40222168
3.2465363, -9.325409, 0.41059875
3.2477417, -9.334991, 0.41299438
3.2249908, -9.31105, 0.41299438
3.250122, -9.351746, 0.42616272
3.2477417, -9.333801, 0.43933105
3.229782, -9.334991, 0.42138672
3.248932, -9.323029, 0.42855835
3.2525177, -9.323029, 0.4584961
3.221405, -9.338577, 0.47166443
3.2142181, -9.352951, 0.49440002
3.2381592, -9.320633, 0.5315094
3.2118225, -9.350555, 0.5566559
3.2393494, -9.374496, 0.5351105
3.248932, -9.340973, 0.52911377

