x : y : Z 
3.0502167, -9.379288, 0.44172668
3.0538025, -9.387665, 0.45610046
3.0741577, -9.400833, 0.41778564
3.0526123, -9.399643, 0.41299438
3.0095062, -9.373306, 0.45489502
3.0298615, -9.380478, 0.44532776
3.0226746, -9.402023, 0.42855835
3.0131073, -9.393646, 0.41059875
3.0023346, -9.396042, 0.41539
3.02388, -9.412811, 0.40940857
3.0131073, -9.379288, 0.43574524
2.968811, -9.397247, 0.4225769
2.9736023, -9.381683, 0.42138672
2.9676056, -9.382874, 0.41659546
3.0035248, -9.397247, 0.4237671
2.991562, -9.385269, 0.42736816
2.980774, -9.405624, 0.4189911
2.9664154, -9.406815, 0.4297638
2.9975433, -9.372101, 0.39265442
3.0071106, -9.362518, 0.36871338
2.975998, -9.382874, 0.41059875
3.008316, -9.364914, 0.4225769
3.0023346, -9.364914, 0.40701294
3.0071106, -9.380478, 0.42138672
3.015503, -9.384079, 0.43095398
3.0095062, -9.386475, 0.4441223
3.0095062, -9.392456, 0.39982605
3.0346527, -9.412811, 0.42736816
3.0514069, -9.405624, 0.4692688
3.0250702, -9.39006, 0.48602295
3.0346527, -9.400833, 0.4620819
3.0298615, -9.373306, 0.49679565
3.0346527, -9.373306, 0.45968628
3.0286713, -9.387665, 0.4800415
3.0502167, -9.386475, 0.48721313
3.0274658, -9.410416, 0.48721313
3.0059204, -9.384079, 0.4740448
3.0214844, -9.368515, 0.52194214
3.0334473, -9.385269, 0.50038147
3.0705566, -9.380478, 0.4908142
3.078949, -9.379288, 0.5015869
3.0573883, -9.39006, 0.4584961
3.0490112, -9.403229, 0.4812317
3.04422, -9.405624, 0.41539
3.031067, -9.366119, 0.43574524
3.0190887, -9.394852, 0.42497253
3.0454254, -9.402023, 0.37948608
3.094513, -9.403229, 0.38905334
3.0980988, -9.424774, 0.36392212
3.075348, -9.4379425, 0.38786316
3.0729523, -9.464279, 0.37948608
3.078949, -9.417587, 0.32081604
3.0657806, -9.42717, 0.30885315
3.0250702, -9.435547, 0.30047607
2.9951477, -9.418793, 0.31124878
3.0035248, -9.431961, 0.292099
3.0059204, -9.423584, 0.30166626
3.0178986, -9.40921, 0.3028717
2.9939423, -9.430756, 0.31004333
2.992752, -9.442734, 0.33998108
2.9987335, -9.430756, 0.34954834
3.0178986, -9.419983, 0.27893066
3.0214844, -9.443924, 0.26216125
3.0095062, -9.476257, 0.27053833
3.0430298, -9.459488, 0.3148346
3.0370483, -9.46907, 0.32800293
3.0370483, -9.530121, 0.3327942
3.0609894, -9.526535, 0.3148346
3.0669708, -9.510971, 0.32321167
3.0777435, -9.5325165, 0.28970337
3.039444, -9.508575, 0.27893066
3.0047302, -9.454697, 0.26576233
2.9819794, -9.449921, 0.31243896
2.9700012, -9.467865, 0.31604004
2.9101562, -9.417587, 0.24659729
2.9400787, -9.415192, 0.2633667
2.94487, -9.419983, 0.24780273
2.9400787, -9.436752, 0.24301147
2.929306, -9.411606, 0.25737
2.920929, -9.404419, 0.26455688
2.936493, -9.429565, 0.28251648
2.9149475, -9.406815, 0.27893066
2.9460602, -9.465469, 0.2861023
2.9496613, -9.466675, 0.292099
2.9269104, -9.4379425, 0.28970337
2.8993835, -9.449921, 0.32081604
2.8874054, -9.466675, 0.33877563
2.8790283, -9.42836, 0.29447937
2.8383331, -9.3984375, 0.31962585
2.8634644, -9.431961, 0.33758545
2.889801, -9.42717, 0.30047607
2.9795837, -9.440338, 0.30645752
2.9819794, -9.464279, 0.3423767
2.9700012, -9.457092, 0.38546753
2.9352875, -9.467865, 0.35794067
2.9101562, -9.4774475, 0.36990356
2.9352875, -9.473862, 0.43574524
2.9281158, -9.431961, 0.41539
2.9065552, -9.443924, 0.43933105
2.8718414, -9.442734, 0.5015869
2.857483, -9.42598, 0.509964
2.8694458, -9.4379425, 0.5279236
2.8550873, -9.435547, 0.5710144
2.8526917, -9.421188, 0.5602417
2.8694458, -9.433151, 0.57221985
2.8909912, -9.434357, 0.5805969
2.8850098, -9.422379, 0.58418274
2.8886108, -9.419983, 0.6296692
2.8491058, -9.448715, 0.6392517
2.8515015, -9.452301, 0.65600586
2.8467102, -9.418793, 0.6655884
2.8239594, -9.443924, 0.71347046
2.826355, -9.436752, 0.7003021
2.8491058, -9.423584, 0.70988464
2.8646698, -9.40802, 0.7170563
2.8682556, -9.429565, 0.7266388
2.8562775, -9.430756, 0.7649536
2.889801, -9.403229, 0.7745209
2.8838196, -9.394852, 0.76734924
2.9089508, -9.39006, 0.77212524
2.9149475, -9.416397, 0.7565613
2.913742, -9.416397, 0.7410126
2.936493, -9.440338, 0.72784424
2.9185333, -9.42836, 0.7146759
2.956833, -9.410416, 0.7050934
2.9400787, -9.402023, 0.69192505
2.9628296, -9.421188, 0.72784424
2.9245148, -9.417587, 0.6643982
2.9233246, -9.3984375, 0.64523315
2.9281158, -9.385269, 0.6967163
2.956833, -9.388855, 0.6607971
2.9580383, -9.406815, 0.6500244
2.9736023, -9.422379, 0.6404419
3.0011292, -9.403229, 0.6069336
3.0430298, -9.391251, 0.588974
3.0370483, -9.396042, 0.58299255
2.9975433, -9.416397, 0.57341003
2.9855652, -9.392456, 0.52911377
2.991562, -9.36731, 0.5303192
2.9867706, -9.385269, 0.47525024
2.9855652, -9.357742, 0.45968628
3.0454254, -9.356537, 0.41659546
3.0693665, -9.3984375, 0.40582275
3.0968933, -9.394852, 0.37828064
3.0849304, -9.423584, 0.32920837
3.094513, -9.441528, 0.34477234
3.1172485, -9.449921, 0.2956848
3.1088715, -9.430756, 0.2561798
3.0490112, -9.423584, 0.2633667
3.0142975, -9.40921, 0.27293396
3.0131073, -9.39006, 0.25857544
3.063385, -9.416397, 0.2238617
3.0681763, -9.376892, 0.23822021
3.0621796, -9.355347, 0.19273376
3.0861206, -9.370911, 0.20469666
3.150772, -9.400833, 0.27893066
3.126831, -9.397247, 0.22984314
3.0813446, -9.419983, 0.22625732
3.0514069, -9.40921, 0.25138855
3.0131073, -9.404419, 0.23342896
2.9676056, -9.406815, 0.18914795
2.996338, -9.374496, 0.19154358
2.991562, -9.39006, 0.19154358
3.0382385, -9.40802, 0.17237854
3.0645752, -9.412811, 0.2059021
3.0777435, -9.416397, 0.22505188
3.1064758, -9.399643, 0.2059021
3.1447906, -9.412811, 0.20469666
3.0968933, -9.417587, 0.2238617
3.0430298, -9.399643, 0.3028717
3.0274658, -9.403229, 0.3543396
3.0011292, -9.380478, 0.35194397
3.0262756, -9.404419, 0.38905334
3.0346527, -9.400833, 0.41059875
3.0813446, -9.376892, 0.40222168
3.0777435, -9.391251, 0.41778564
3.1399994, -9.382874, 0.3722992
3.1292267, -9.406815, 0.44651794
3.1064758, -9.415192, 0.43455505
3.087326, -9.3984375, 0.42616272
3.0669708, -9.397247, 0.40701294
3.020279, -9.400833, 0.38905334
2.9891663, -9.3984375, 0.39743042
2.9939423, -9.403229, 0.4513092
3.015503, -9.393646, 0.41299438
3.047821, -9.385269, 0.42855835
3.020279, -9.370911, 0.43215942
3.0454254, -9.376892, 0.47166443
3.0621796, -9.369705, 0.4441223
3.0490112, -9.356537, 0.4297638
3.0382385, -9.402023, 0.45729065
3.0621796, -9.422379, 0.45489502
3.0490112, -9.412811, 0.43693542
3.039444, -9.429565, 0.509964
3.0406342, -9.458298, 0.4812317
2.999939, -9.448715, 0.46087646
3.0023346, -9.421188, 0.52433777
2.991562, -9.44632, 0.53271484
2.991562, -9.440338, 0.48960876
2.9903564, -9.400833, 0.53630066
2.952057, -9.39006, 0.5626373
2.9317017, -9.363724, 0.5805969
2.9077606, -9.373306, 0.6751709
2.8921967, -9.373306, 0.7541809
2.9029694, -9.363724, 0.7697296
2.913742, -9.344574, 0.78170776
2.977188, -9.363724, 0.82240295
3.008316, -9.384079, 0.80085754
3.035843, -9.387665, 0.88345337
2.977188, -9.440338, 0.90501404
2.9676056, -9.472656, 0.9540863
2.8957825, -9.484634, 0.90740967
2.9125519, -9.513367, 0.8738861
2.9700012, -9.515747, 0.8427582
3.0705566, -9.494202, 0.77093506
3.0681763, -9.445129, 0.73501587
2.9855652, -9.399643, 0.7553711
2.889801, -9.34697, 0.6967163
2.8598785, -9.344574, 0.72784424
2.8706512, -9.324219, 0.7577667
2.913742, -9.332596, 0.7517853
3.02388, -9.349365, 0.7374115
3.0765533, -9.333801, 0.7757263
3.126831, -9.32901, 0.841568
3.1603394, -9.331406, 0.8547363
3.1555634, -9.361328, 0.8092346
3.1819, -9.337387, 0.846344
3.1950684, -9.324219, 0.8427582
3.142395, -9.324219, 0.8247986
3.1040802, -9.308655, 0.81881714
3.063385, -9.305069, 0.7960663
3.0514069, -9.344574, 0.7661438
3.0645752, -9.374496, 0.6763611
3.0897217, -9.397247, 0.65960693
3.1220398, -9.403229, 0.683548
3.126831, -9.431961, 0.6943207
3.1352081, -9.4379425, 0.6655884
3.1699219, -9.424774, 0.64404297
3.1555634, -9.436752, 0.59495544
3.1651306, -9.384079, 0.57580566
3.1651306, -9.375687, 0.54467773
3.1352081, -9.354141, 0.46566772
3.1220398, -9.32901, 0.4740448
3.063385, -9.317032, 0.44770813
3.0609894, -9.284714, 0.42855835
3.0909119, -9.272736, 0.38067627
3.1411896, -9.299072, 0.3531494
3.2046356, -9.32901, 0.34596252
3.233368, -9.368515, 0.31604004
3.2321777, -9.403229, 0.3148346
3.2070312, -9.410416, 0.22865295
3.166336, -9.40921, 0.21069336
3.1136627, -9.36731, 0.2633667
3.1076813, -9.327805, 0.23223877
3.0885162, -9.343369, 0.24899292
3.1352081, -9.324219, 0.28370667
3.1878815, -9.2883, 0.3076477
3.229782, -9.317032, 0.296875
3.2860413, -9.34816, 0.31124878
3.2836456, -9.351746, 0.32202148
3.1914673, -9.342178, 0.2741394
3.1675262, -9.324219, 0.32202148
3.1615448, -9.343369, 0.31124878
3.1639404, -9.323029, 0.30166626
3.1926727, -9.321823, 0.28849792
3.2525177, -9.340973, 0.25019836
3.3003998, -9.344574, 0.2861023
3.3470917, -9.332596, 0.31843567
3.368637, -9.379288, 0.2861023
3.3650513, -9.382874, 0.28970337
3.305191, -9.342178, 0.25976562
3.2369537, -9.331406, 0.33398438
3.1363983, -9.30986, 0.3423767
3.1399994, -9.265564, 0.34835815
3.1699219, -9.344574, 0.3148346
3.226181, -9.349365, 0.31962585
3.2561188, -9.351746, 0.32681274
3.2668915, -9.396042, 0.33039856
3.2393494, -9.42836, 0.41299438
3.1771088, -9.414001, 0.42616272
3.1615448, -9.363724, 0.46087646
3.1459808, -9.323029, 0.533905
3.1555634, -9.350555, 0.54707336
3.1854858, -9.3589325, 0.5686188
3.1830902, -9.343369, 0.5961609
3.1735077, -9.374496, 0.6033325
3.154358, -9.385269, 0.60572815
3.1352081, -9.378082, 0.7003021
3.150772, -9.402023, 0.6763611
3.147171, -9.42836, 0.68115234
3.138794, -9.412811, 0.72065735
3.1447906, -9.418793, 0.7338257
3.0909119, -9.430756, 0.74220276
3.0011292, -9.39006, 0.78170776
2.984375, -9.403229, 0.7697296
2.9783936, -9.375687, 0.78889465
2.9352875, -9.368515, 0.75057983
2.8886108, -9.376892, 0.7984619
2.889801, -9.361328, 0.806839
2.8886108, -9.375687, 0.7517853
2.936493, -9.372101, 0.83917236
2.9460602, -9.392456, 0.81044006
2.94487, -9.440338, 0.8319855
2.9544525, -9.40802, 0.89424133
2.953247, -9.393646, 0.9325409
2.9281158, -9.388855, 0.9397278
2.9017792, -9.387665, 0.9241638
2.8694458, -9.40802, 0.85832214
2.8670502, -9.381683, 0.8643036
2.8515015, -9.399643, 0.8319855
2.8131866, -9.396042, 0.8559265
2.8862152, -9.410416, 0.82958984
2.8826141, -9.40921, 0.81044006
2.8670502, -9.382874, 0.8247986
2.9161377, -9.385269, 0.8032532
2.9089508, -9.397247, 0.76016235
2.936493, -9.397247, 0.7745209
2.929306, -9.384079, 0.746994
2.9831696, -9.381683, 0.72065735
2.952057, -9.381683, 0.69192505
2.9424744, -9.406815, 0.67396545
2.9640198, -9.411606, 0.6979065
2.9185333, -9.393646, 0.70988464
2.896988, -9.384079, 0.7733307
2.9077606, -9.360138, 0.8343811
2.9508514, -9.399643, 0.9229584
2.996338, -9.424774, 0.9241638
2.9951477, -9.405624, 0.89064026
3.0382385, -9.435547, 0.87028503
3.0777435, -9.431961, 0.841568
3.0418396, -9.3984375, 0.8164215
3.0346527, -9.385269, 0.7852936
3.0334473, -9.440338, 0.7565613
2.9939423, -9.402023, 0.7374115
3.0071106, -9.396042, 0.7086792
3.0178986, -9.400833, 0.70269775
3.0454254, -9.415192, 0.7122803
3.075348, -9.392456, 0.7110748
3.111267, -9.366119, 0.65600586
3.1399994, -9.369705, 0.6392517
3.1795044, -9.411606, 0.6368561
3.1819, -9.406815, 0.57221985
3.162735, -9.379288, 0.5805969
3.1399994, -9.375687, 0.5853882
3.1399994, -9.345764, 0.59376526
3.154358, -9.338577, 0.54467773
3.147171, -9.343369, 0.54348755
3.1675262, -9.355347, 0.49919128
3.1699219, -9.355347, 0.4584961
3.1591492, -9.355347, 0.42736816
3.047821, -9.345764, 0.40582275
2.9903564, -9.397247, 0.40222168
3.0190887, -9.415192, 0.37469482
3.1100616, -9.441528, 0.39863586
3.248932, -9.434357, 0.40222168
3.3219604, -9.465469, 0.40940857
3.3351288, -9.46907, 0.3938446
3.3470917, -9.42836, 0.4010315
3.2704773, -9.356537, 0.39982605
3.2249908, -9.318237, 0.4297638
3.2142181, -9.2883, 0.38426208
3.2094269, -9.293091, 0.3866577
3.1926727, -9.295486, 0.3902588
3.2537231, -9.285904, 0.33638
3.2680817, -9.299072, 0.28730774
3.2561188, -9.331406, 0.24659729
3.2632904, -9.342178, 0.26576233
3.2621002, -9.382874, 0.19631958
3.2381592, -9.400833, 0.18554688
3.2273865, -9.397247, 0.1257019
3.186676, -9.40802, 0.068237305
3.1819, -9.433151, 0.034713745
3.1567535, -9.405624, 0.0047912598
3.1220398, -9.402023, 0.010772705
3.1124573, -9.442734, 0.03591919
3.0861206, -9.403229, 0.008377075
3.1292267, -9.387665, -0.0574646
3.1100616, -9.399643, -0.020355225
3.0968933, -9.366119, -0.053863525
3.094513, -9.387665, -0.01914978
3.0980988, -9.375687, -0.0035858154
3.083725, -9.392456, 0.013168335
3.0933075, -9.44632, 0.020355225
3.10289, -9.42836, 0.096969604
3.1316223, -9.440338, 0.14364624
3.1064758, -9.435547, 0.19154358
3.0681763, -9.440338, 0.23103333
3.0813446, -9.423584, 0.27174377
3.0681763, -9.3984375, 0.27893066
3.0693665, -9.423584, 0.36750793
3.0561981, -9.397247, 0.42736816
3.094513, -9.392456, 0.39743042
3.0968933, -9.412811, 0.43814087
3.099289, -9.399643, 0.47166443
3.0885162, -9.364914, 0.5123596
3.1004944, -9.374496, 0.5279236
3.114853, -9.406815, 0.5901642
3.0813446, -9.415192, 0.58418274
3.099289, -9.429565, 0.60095215
3.1435852, -9.42598, 0.63087463
3.1076813, -9.436752, 0.6979065
3.1100616, -9.443924, 0.7517853
3.12323, -9.423584, 0.79966736
3.078949, -9.414001, 0.81881714
3.0980988, -9.402023, 0.8631134
3.075348, -9.454697, 0.8451538
3.0741577, -9.40921, 0.85113525
3.0681763, -9.410416, 0.8271942
3.020279, -9.411606, 0.8307953
3.0334473, -9.404419, 0.8439636
3.0131073, -9.421188, 0.81163025
2.999939, -9.3984375, 0.786499
2.929306, -9.415192, 0.7577667
2.9580383, -9.424774, 0.7769165
2.9508514, -9.423584, 0.81163025
2.9257202, -9.415192, 0.7852936
2.8993835, -9.431961, 0.7649536
2.9005737, -9.440338, 0.75297546
2.8850098, -9.429565, 0.7649536
2.8909912, -9.421188, 0.72184753
2.86586, -9.44632, 0.69551086
2.8886108, -9.472656, 0.69311523
2.8993835, -9.466675, 0.7050934
2.8479004, -9.471466, 0.68115234
2.8431091, -9.433151, 0.6392517
2.841919, -9.451111, 0.6404419
2.8239594, -9.476257, 0.63327026
2.7988281, -9.405624, 0.63446045
2.7653046, -9.397247, 0.5877838
2.7904358, -9.416397, 0.6141052
2.78685, -9.411606, 0.60214233
2.795227, -9.411606, 0.62368774
2.8239594, -9.421188, 0.63087463
2.8155823, -9.433151, 0.60453796
2.7760773, -9.452301, 0.61650085
2.8323364, -9.466675, 0.5913696
2.8610687, -9.4379425, 0.5817871
2.8622742, -9.471466, 0.5853882
2.8921967, -9.458298, 0.5686188
2.898178, -9.451111, 0.5518646
2.905365, -9.470261, 0.53749084
2.9017792, -9.417587, 0.5686188
2.8993835, -9.430756, 0.5746155
2.9185333, -9.419983, 0.5422821
2.913742, -9.405624, 0.56503296
2.929306, -9.388855, 0.58657837
2.9065552, -9.421188, 0.5913696
2.94487, -9.368515, 0.5602417
2.9628296, -9.361328, 0.58657837
3.0119019, -9.362518, 0.62727356
3.0119019, -9.380478, 0.62368774
3.0286713, -9.373306, 0.63327026
3.0681763, -9.391251, 0.5901642
3.071762, -9.406815, 0.59376526
3.0729523, -9.404419, 0.59376526
3.087326, -9.422379, 0.5961609
3.078949, -9.416397, 0.57341003
3.1124573, -9.3984375, 0.5913696
3.0909119, -9.357742, 0.59495544
3.0933075, -9.385269, 0.57221985
3.1016846, -9.391251, 0.5997467
3.0861206, -9.375687, 0.6093292
3.118454, -9.344574, 0.6260834
3.1040802, -9.34816, 0.6464386
3.1435852, -9.369705, 0.5973511
3.154358, -9.379288, 0.6188965
3.1483765, -9.386475, 0.61172485
3.1328125, -9.394852, 0.62368774
3.150772, -9.404419, 0.6607971
3.1459808, -9.404419, 0.6548157
3.1328125, -9.414001, 0.6404419
3.147171, -9.39006, 0.628479
3.142395, -9.400833, 0.63327026
3.1292267, -9.370911, 0.62249756
3.1459808, -9.386475, 0.56144714
3.1363983, -9.375687, 0.5746155
3.1004944, -9.364914, 0.5782013
3.1304169, -9.34816, 0.5458832
3.1639404, -9.339783, 0.5135498
3.1316223, -9.350555, 0.51594543
3.147171, -9.360138, 0.47644043
3.1555634, -9.368515, 0.43693542
3.1675262, -9.370911, 0.4189911
3.1639404, -9.394852, 0.41059875
3.1747131, -9.352951, 0.39624023
3.1699219, -9.357742, 0.33039856
3.178299, -9.352951, 0.32800293
3.1615448, -9.36731, 0.33398438
3.1435852, -9.402023, 0.26455688
3.1639404, -9.370911, 0.28251648
3.1759033, -9.349365, 0.25498962
3.142395, -9.349365, 0.2166748
3.1531677, -9.343369, 0.21069336
3.1591492, -9.366119, 0.21188354
3.147171, -9.368515, 0.1951294
3.142395, -9.386475, 0.17477417
3.154358, -9.362518, 0.21427917
3.1316223, -9.373306, 0.20829773
3.1136627, -9.386475, 0.16281128
3.099289, -9.356537, 0.18075562
3.0765533, -9.375687, 0.18554688
3.0933075, -9.376892, 0.19871521
3.094513, -9.361328, 0.19033813
3.126831, -9.379288, 0.21786499
3.1220398, -9.40921, 0.21308899
3.1208344, -9.373306, 0.21188354
3.1363983, -9.374496, 0.21188354
3.1483765, -9.378082, 0.2346344
3.126831, -9.406815, 0.20469666
3.1124573, -9.362518, 0.25138855
3.1363983, -9.355347, 0.25857544
3.1555634, -9.356537, 0.22865295
3.1711273, -9.3589325, 0.23942566
3.20224, -9.382874, 0.3040619
3.2070312, -9.392456, 0.31604004
3.1998444, -9.400833, 0.33398438
3.197464, -9.410416, 0.31962585
3.2166138, -9.414001, 0.3651123
3.2034454, -9.384079, 0.3423767
3.2142181, -9.381683, 0.375885
3.1926727, -9.356537, 0.3435669
3.2118225, -9.34697, 0.296875
3.1842957, -9.360138, 0.31843567
3.150772, -9.334991, 0.3076477
3.1567535, -9.323029, 0.3471527
3.114853, -9.363724, 0.37109375
3.1076813, -9.345764, 0.31962585
3.1256256, -9.410416, 0.2561798
3.12323, -9.416397, 0.29328918
3.1088715, -9.405624, 0.25737
3.1016846, -9.441528, 0.26934814
3.0980988, -9.440338, 0.31962585
3.0418396, -9.465469, 0.29927063
3.0370483, -9.42717, 0.2753296
3.0131073, -9.402023, 0.30166626
2.992752, -9.421188, 0.25378418
2.9951477, -9.418793, 0.3076477
2.9795837, -9.424774, 0.32681274
2.9855652, -9.44632, 0.33758545
2.977188, -9.451111, 0.29447937
2.9903564, -9.423584, 0.31723022
2.9891663, -9.417587, 0.30166626
2.9616241, -9.42598, 0.3615265
2.9556427, -9.441528, 0.3902588
2.9221191, -9.418793, 0.4046173
2.94487, -9.439133, 0.40940857
2.9472656, -9.416397, 0.4189911
2.9245148, -9.3984375, 0.44770813
2.952057, -9.439133, 0.43814087
2.9340973, -9.431961, 0.48602295
2.9317017, -9.42717, 0.49919128
2.94487, -9.430756, 0.50756836
2.8909912, -9.443924, 0.53271484
2.953247, -9.42598, 0.5686188
2.9472656, -9.4379425, 0.5710144
2.9197235, -9.439133, 0.5973511
2.9065552, -9.429565, 0.5530548
2.9245148, -9.440338, 0.61291504
2.9185333, -9.4379425, 0.64164734
2.9269104, -9.449921, 0.6033325
2.9233246, -9.418793, 0.6380615
2.9412842, -9.393646, 0.6691742
2.937683, -9.3984375, 0.6536102
2.9328918, -9.386475, 0.73143005
2.9400787, -9.386475, 0.7302246
2.9269104, -9.368515, 0.6907196
2.920929, -9.394852, 0.7589569
2.9340973, -9.379288, 0.7517853
2.917328, -9.349365, 0.74938965
2.9388885, -9.39006, 0.762558
2.9831696, -9.381683, 0.7661438
3.0059204, -9.39006, 0.7481842
3.0346527, -9.414001, 0.77212524
3.0142975, -9.387665, 0.8319855
3.0418396, -9.387665, 0.7841034
3.0490112, -9.388855, 0.7852936
3.0406342, -9.387665, 0.7589569
3.032257, -9.340973, 0.7457886
3.0729523, -9.352951, 0.7302246
3.0909119, -9.370911, 0.7194519
3.0681763, -9.34816, 0.6775665
3.0669708, -9.331406, 0.70150757
3.059784, -9.344574, 0.7122803
3.0957031, -9.336197, 0.6691742
3.0801392, -9.342178, 0.683548
3.114853, -9.342178, 0.66200256
3.118454, -9.334991, 0.6368561
3.083725, -9.336197, 0.6464386
3.1016846, -9.312241, 0.63446045
3.0849304, -9.333801, 0.6188965
3.087326, -9.324219, 0.60572815
3.0968933, -9.331406, 0.5913696
3.1052856, -9.366119, 0.5901642
3.1160583, -9.361328, 0.58657837
3.1567535, -9.349365, 0.5590515
3.1842957, -9.381683, 0.55545044
3.1986542, -9.405624, 0.56144714
3.2225952, -9.382874, 0.51834106
3.229782, -9.373306, 0.5015869
3.2094269, -9.349365, 0.4908142
3.190277, -9.325409, 0.45729065
3.1806946, -9.315842, 0.45968628
3.1771088, -9.291901, 0.44293213
3.2046356, -9.293091, 0.43933105
3.229782, -9.285904, 0.40821838
3.2118225, -9.312241, 0.37828064
3.210617, -9.325409, 0.3938446
3.2537231, -9.338577, 0.3471527
3.2704773, -9.317032, 0.35794067
3.272873, -9.336197, 0.36392212
3.2525177, -9.374496, 0.3435669
3.2680817, -9.370911, 0.30047607
3.2956238, -9.354141, 0.27653503
3.2860413, -9.374496, 0.26097107
3.2477417, -9.357742, 0.23103333
3.250122, -9.340973, 0.2238617
3.248932, -9.366119, 0.18914795
3.2704773, -9.379288, 0.18196106
3.2836456, -9.382874, 0.14724731
3.248932, -9.338577, 0.14964294
3.2704773, -9.306259, 0.13168335
3.241745, -9.287109, 0.09815979
3.2249908, -9.30986, 0.09576416
3.245346, -9.296692, 0.077804565
3.229782, -9.289505, 0.073028564
3.245346, -9.30986, 0.084991455
3.226181, -9.312241, 0.02394104
3.2513275, -9.313446, 0.04548645
3.2632904, -9.294296, 0.068237305
3.2680817, -9.275131, 0.07182312
3.2549133, -9.307465, 0.070632935
3.2130127, -9.305069, 0.104141235
3.2357635, -9.290695, 0.096969604
3.26091, -9.291901, 0.111328125
3.2788544, -9.289505, 0.11730957
3.312378, -9.320633, 0.14006042
3.3003998, -9.323029, 0.14125061
3.2956238, -9.305069, 0.10774231
3.2716827, -9.318237, 0.17118835
3.2788544, -9.324219, 0.18914795
3.296814, -9.314636, 0.17358398
3.3027954, -9.301468, 0.23582458
3.2944183, -9.324219, 0.22146606
3.3435059, -9.321823, 0.26815796
3.269287, -9.3302, 0.2561798
3.2632904, -9.342178, 0.28730774
3.2764587, -9.332596, 0.27893066
3.2549133, -9.321823, 0.2741394
3.2668915, -9.321823, 0.25976562
3.2513275, -9.343369, 0.2753296
3.2381592, -9.354141, 0.24061584
3.2321777, -9.32901, 0.30047607
3.2668915, -9.297882, 0.29089355
3.210617, -9.340973, 0.3028717
3.1890717, -9.3302, 0.30526733
3.2094269, -9.339783, 0.30526733
3.154358, -9.343369, 0.30047607
3.186676, -9.360138, 0.31962585
3.1615448, -9.350555, 0.32081604
3.2118225, -9.364914, 0.35075378
3.2094269, -9.386475, 0.30047607
3.229782, -9.360138, 0.32321167
3.2010498, -9.345764, 0.32920837
3.1711273, -9.340973, 0.35075378
3.1519623, -9.342178, 0.38905334
3.150772, -9.312241, 0.39743042
3.1747131, -9.34816, 0.4010315
3.1328125, -9.318237, 0.40342712
3.166336, -9.3302, 0.42018127
3.1615448, -9.351746, 0.4620819
3.1555634, -9.336197, 0.45010376
3.1435852, -9.31105, 0.47644043
3.1495667, -9.32901, 0.44770813
3.1567535, -9.340973, 0.47764587
3.1651306, -9.333801, 0.5410919
3.178299, -9.327805, 0.5458832
3.186676, -9.331406, 0.5674286
3.1914673, -9.334991, 0.588974
3.221405, -9.308655, 0.5793915
3.2321777, -9.318237, 0.60453796
3.2585144, -9.308655, 0.6476288
3.2597046, -9.313446, 0.67277527
3.2549133, -9.343369, 0.6584015
3.26091, -9.301468, 0.66200256
3.289627, -9.307465, 0.67277527
3.284851, -9.301468, 0.6643982
3.3016052, -9.320633, 0.68473816
3.2788544, -9.289505, 0.7194519
3.3063965, -9.320633, 0.6775665
3.2932281, -9.334991, 0.66319275
3.3063965, -9.339783, 0.6177063
3.3016052, -9.318237, 0.66319275
3.3099823, -9.324219, 0.6188965
3.3411102, -9.349365, 0.57341003
3.3003998, -9.325409, 0.5566559
3.289627, -9.308655, 0.52552795
3.2740784, -9.336197, 0.4800415
3.241745, -9.32901, 0.43455505
3.226181, -9.305069, 0.40582275
3.2130127, -9.300278, 0.36271667
3.1878815, -9.293091, 0.33877563
3.1986542, -9.305069, 0.30645752
3.1806946, -9.339783, 0.28370667
3.1842957, -9.302673, 0.27653503
3.1926727, -9.360138, 0.23103333
3.2166138, -9.344574, 0.22026062
3.2237854, -9.357742, 0.22865295
3.2034454, -9.327805, 0.22625732
3.2010498, -9.334991, 0.23103333
3.1591492, -9.336197, 0.21069336
3.1519623, -9.34816, 0.18196106
3.1735077, -9.318237, 0.18914795
3.157959, -9.318237, 0.24061584
3.1615448, -9.321823, 0.22146606
3.162735, -9.325409, 0.1951294
3.190277, -9.364914, 0.22625732
3.1651306, -9.357742, 0.21907043
3.178299, -9.379288, 0.24301147
3.2046356, -9.379288, 0.25498962
3.178299, -9.380478, 0.21907043
3.1914673, -9.387665, 0.25498962
3.20224, -9.375687, 0.2849121
3.1711273, -9.326614, 0.2813263
3.1603394, -9.323029, 0.27893066
3.1854858, -9.323029, 0.28370667
3.1363983, -9.354141, 0.25019836
3.1519623, -9.327805, 0.28849792
3.1304169, -9.345764, 0.30526733
3.1435852, -9.373306, 0.32081604
3.1483765, -9.368515, 0.31243896
3.138794, -9.399643, 0.31124878
3.157959, -9.421188, 0.31604004
3.1340027, -9.406815, 0.27174377
3.1052856, -9.433151, 0.2956848
3.1040802, -9.42836, 0.30166626
3.078949, -9.433151, 0.28251648
3.0645752, -9.424774, 0.33518982
3.059784, -9.410416, 0.30166626
3.0178986, -9.418793, 0.2813263
3.0274658, -9.421188, 0.3256073
3.0418396, -9.42598, 0.2956848
2.9891663, -9.410416, 0.32321167
2.9891663, -9.40802, 0.30645752
2.975998, -9.417587, 0.28012085
2.9640198, -9.416397, 0.27174377
2.9652252, -9.436752, 0.296875
2.953247, -9.459488, 0.32202148
2.9460602, -9.452301, 0.30645752
2.929306, -9.436752, 0.33638
2.913742, -9.418793, 0.28370667
2.9352875, -9.442734, 0.28970337
2.9269104, -9.434357, 0.3651123
2.905365, -9.431961, 0.36271667
2.9161377, -9.440338, 0.33518982
2.9269104, -9.430756, 0.3651123
2.9304962, -9.412811, 0.331604
2.9400787, -9.394852, 0.3651123
2.9197235, -9.412811, 0.39863586
2.9005737, -9.421188, 0.42018127
2.9077606, -9.42717, 0.40342712
2.9149475, -9.423584, 0.40821838
2.8886108, -9.406815, 0.43574524
2.8826141, -9.42598, 0.46087646
2.8921967, -9.415192, 0.46806335
2.9065552, -9.431961, 0.49919128
2.9197235, -9.419983, 0.5027771
2.9041595, -9.423584, 0.50756836
2.9400787, -9.454697, 0.5051727
2.9233246, -9.463089, 0.5195465
2.9304962, -9.429565, 0.5482788
2.9328918, -9.434357, 0.54707336
2.9101562, -9.434357, 0.5123596
2.8838196, -9.44632, 0.5123596
2.9269104, -9.424774, 0.5566559
2.9065552, -9.410416, 0.5530548
2.9304962, -9.422379, 0.5961609
2.9424744, -9.435547, 0.6177063
2.9245148, -9.404419, 0.55545044
2.9161377, -9.416397, 0.58418274
2.9317017, -9.430756, 0.6105194
2.9233246, -9.414001, 0.6188965
2.9161377, -9.440338, 0.6141052
2.8874054, -9.440338, 0.5817871
2.9149475, -9.40802, 0.5997467
2.9101562, -9.40921, 0.6069336
2.8933868, -9.410416, 0.62249756
2.9029694, -9.397247, 0.58657837
2.8993835, -9.441528, 0.5973511
2.8802185, -9.435547, 0.6069336
2.9197235, -9.461884, 0.58418274
2.8909912, -9.430756, 0.5782013
2.8730469, -9.415192, 0.58418274
2.8754425, -9.376892, 0.5410919
2.896988, -9.3984375, 0.55545044
2.8778229, -9.411606, 0.5518646
2.8646698, -9.405624, 0.54467773
2.8479004, -9.388855, 0.5458832
2.8562775, -9.355347, 0.5315094
2.889801, -9.387665, 0.5063782
2.8874054, -9.39006, 0.5303192
2.8826141, -9.385269, 0.5231323
2.9245148, -9.400833, 0.5351105
2.9328918, -9.417587, 0.5530548
2.9652252, -9.385269, 0.5698242
2.9723969, -9.378082, 0.5422821
2.9640198, -9.368515, 0.5638275
2.9987335, -9.350555, 0.62249756
3.0142975, -9.324219, 0.5913696
3.0382385, -9.34816, 0.5997467
3.078949, -9.351746, 0.6201019
3.0693665, -9.307465, 0.6141052
3.1100616, -9.306259, 0.6500244
3.1591492, -9.314636, 0.6320648
3.1795044, -9.349365, 0.6093292
3.210617, -9.312241, 0.628479
3.2632904, -9.3194275, 0.6799469
3.2932281, -9.323029, 0.6787567
3.3159637, -9.290695, 0.65122986
3.3710327, -9.2883, 0.6320648
3.4129333, -9.278732, 0.6584015
3.4105377, -9.285904, 0.60214233
3.4608154, -9.285904, 0.61172485
3.4847565, -9.261963, 0.61531067
3.533844, -9.277527, 0.60214233
3.5218658, -9.2799225, 0.58657837
3.5051117, -9.276337, 0.5674286
3.5553894, -9.283524, 0.5386963
3.545807, -9.303864, 0.5087738
3.5110931, -9.277527, 0.48243713
3.526657, -9.282318, 0.43095398
3.526657, -9.290695, 0.40582275
3.5242615, -9.308655, 0.33398438
3.4775848, -9.294296, 0.33398438
3.4931335, -9.303864, 0.26455688
3.4644165, -9.283524, 0.22625732
3.4332886, -9.295486, 0.18196106
3.4117432, -9.318237, 0.15562439
3.384201, -9.320633, 0.12210083
3.3459015, -9.291901, 0.063446045
3.3195648, -9.293091, 0.02394104
3.2405548, -9.290695, -0.03112793
3.2142181, -9.333801, -0.03831482
3.210617, -9.331406, -0.049087524
3.166336, -9.357742, -0.104141235
3.193863, -9.351746, -0.14724731
3.162735, -9.379288, -0.14125061
3.1830902, -9.397247, -0.16879272
3.1914673, -9.397247, -0.15203857
3.1675262, -9.399643, -0.15681458
3.1052856, -9.386475, -0.16041565
3.1567535, -9.385269, -0.14724731
3.1531677, -9.372101, -0.14364624
3.1495667, -9.357742, -0.104141235
3.1914673, -9.337387, -0.084991455
3.1878815, -9.302673, -0.053863525
3.2357635, -9.291901, -0.034713745
3.2190094, -9.317032, -0.0011901855
3.2142181, -9.333801, 0.029922485
3.20224, -9.30986, 0.089782715
3.2225952, -9.342178, 0.080200195
3.2549133, -9.326614, 0.10295105
3.2668915, -9.364914, 0.14604187
3.226181, -9.393646, 0.16758728
3.2752686, -9.369705, 0.19033813
3.28125, -9.394852, 0.22984314
3.3040009, -9.384079, 0.21308899
3.2644958, -9.387665, 0.24301147
3.2585144, -9.373306, 0.24301147
3.2537231, -9.372101, 0.28970337
3.217804, -9.388855, 0.31843567
3.1699219, -9.381683, 0.32681274
3.1819, -9.357742, 0.3244171
3.2142181, -9.34697, 0.32920837
3.1878815, -9.3589325, 0.34954834
3.1687317, -9.382874, 0.39624023
3.1531677, -9.378082, 0.36032104
3.1352081, -9.354141, 0.35913086
3.1304169, -9.356537, 0.4237671
3.118454, -9.3589325, 0.42497253
3.1064758, -9.3589325, 0.40582275
3.1256256, -9.364914, 0.4405365
3.0980988, -9.386475, 0.49919128
3.087326, -9.402023, 0.45729065
3.1136627, -9.40802, 0.4920044
3.1016846, -9.385269, 0.50038147
3.0801392, -9.402023, 0.5506592
3.1136627, -9.397247, 0.56144714
3.0980988, -9.414001, 0.5817871
3.0861206, -9.385269, 0.5853882
3.0968933, -9.382874, 0.5985565
3.0909119, -9.374496, 0.62249756
3.1328125, -9.373306, 0.628479
3.1124573, -9.391251, 0.62249756
3.087326, -9.385269, 0.63446045
3.1280212, -9.362518, 0.65600586
3.118454, -9.379288, 0.6404419
3.1040802, -9.382874, 0.66200256
3.1316223, -9.364914, 0.64523315
3.1196442, -9.354141, 0.63446045
3.126831, -9.333801, 0.6584015
3.1016846, -9.337387, 0.6201019
3.0980988, -9.332596, 0.62249756
3.0861206, -9.324219, 0.5901642
3.0933075, -9.339783, 0.6260834
3.0921173, -9.321823, 0.5853882
3.0382385, -9.332596, 0.6069336
3.0418396, -9.340973, 0.5518646
3.0334473, -9.360138, 0.5590515
3.02388, -9.337387, 0.5901642
3.0250702, -9.379288, 0.5674286
3.0418396, -9.363724, 0.5530548
3.0502167, -9.384079, 0.54467773
3.0490112, -9.412811, 0.5303192
3.0274658, -9.40802, 0.5195465
3.0657806, -9.40802, 0.52911377
3.0406342, -9.418793, 0.5087738
3.0909119, -9.404419, 0.5015869
3.1100616, -9.368515, 0.51116943
3.10289, -9.405624, 0.50398254
3.083725, -9.356537, 0.48721313
3.0669708, -9.344574, 0.47883606
3.0957031, -9.355347, 0.45489502
3.0849304, -9.345764, 0.46566772
3.094513, -9.352951, 0.4297638
3.1244354, -9.368515, 0.41059875
3.1220398, -9.370911, 0.4297638
3.1495667, -9.381683, 0.41059875
3.1519623, -9.406815, 0.39982605
3.1459808, -9.400833, 0.40701294
3.12323, -9.423584, 0.36271667
3.1352081, -9.388855, 0.35794067
3.1292267, -9.423584, 0.3148346
3.118454, -9.42598, 0.3076477
3.1040802, -9.388855, 0.28970337
3.0825348, -9.360138, 0.29089355
3.059784, -9.366119, 0.26815796
3.0490112, -9.360138, 0.23342896
3.0466156, -9.345764, 0.25378418
3.035843, -9.340973, 0.2454071
3.0298615, -9.34697, 0.21427917
3.039444, -9.344574, 0.25498962
3.0693665, -9.379288, 0.22744751
3.035843, -9.340973, 0.22625732
3.0346527, -9.370911, 0.26815796
3.0621796, -9.366119, 0.25498962
3.0849304, -9.370911, 0.2633667
3.1088715, -9.380478, 0.2813263
3.0921173, -9.404419, 0.32202148
3.0729523, -9.394852, 0.29089355
3.1088715, -9.399643, 0.31243896
3.1136627, -9.368515, 0.3076477
3.1208344, -9.370911, 0.31243896
3.1328125, -9.356537, 0.34954834
3.1363983, -9.350555, 0.35913086
3.147171, -9.344574, 0.34835815
3.1591492, -9.320633, 0.3543396
3.1711273, -9.3194275, 0.38905334
3.2010498, -9.300278, 0.3818817
3.1854858, -9.295486, 0.35673523
3.2094269, -9.284714, 0.36871338
3.2118225, -9.313446, 0.40582275
3.2237854, -9.296692, 0.42497253
3.2309723, -9.343369, 0.41299438
3.2190094, -9.34816, 0.41659546
3.2393494, -9.3302, 0.40582275
3.221405, -9.340973, 0.4046173
3.2190094, -9.349365, 0.37348938
3.2644958, -9.360138, 0.40222168
3.26091, -9.34697, 0.38546753
3.2321777, -9.343369, 0.3866577
3.2525177, -9.305069, 0.40582275
3.2788544, -9.334991, 0.39505005
3.2537231, -9.339783, 0.39265442
3.2561188, -9.338577, 0.4225769
3.2369537, -9.327805, 0.38786316
3.2309723, -9.349365, 0.4046173
3.2321777, -9.378082, 0.40821838
3.2237854, -9.397247, 0.38786316
3.2285767, -9.400833, 0.3435669
3.2429504, -9.370911, 0.3651123
3.2465363, -9.40921, 0.3244171
3.2142181, -9.3984375, 0.32800293
3.1435852, -9.414001, 0.33998108
3.1304169, -9.403229, 0.3327942
3.1160583, -9.354141, 0.3136444
3.0813446, -9.379288, 0.3028717
3.0705566, -9.405624, 0.2753296
3.0909119, -9.418793, 0.29328918
3.075348, -9.42598, 0.2813263
3.078949, -9.421188, 0.24420166
3.039444, -9.443924, 0.25138855
3.0609894, -9.405624, 0.252594
3.0226746, -9.404419, 0.21188354
3.0071106, -9.436752, 0.21548462
2.9867706, -9.411606, 0.19871521
2.9795837, -9.392456, 0.2454071
2.9783936, -9.392456, 0.2238617
2.9412842, -9.376892, 0.17237854
2.956833, -9.356537, 0.21548462
2.960434, -9.373306, 0.18196106
2.9496613, -9.415192, 0.21308899
2.8886108, -9.388855, 0.19631958
2.9005737, -9.391251, 0.23582458
2.929306, -9.415192, 0.25378418
2.8874054, -9.416397, 0.22984314
2.9077606, -9.410416, 0.27893066
2.9245148, -9.46907, 0.2753296
2.9113464, -9.419983, 0.26216125
2.8886108, -9.399643, 0.2753296
2.9005737, -9.412811, 0.33518982
2.9029694, -9.411606, 0.35194397
2.8909912, -9.404419, 0.37948608
2.9496613, -9.415192, 0.3866577
2.936493, -9.392456, 0.43095398
2.9304962, -9.397247, 0.40701294
2.936493, -9.417587, 0.4441223
2.9436646, -9.406815, 0.43215942
2.9616241, -9.416397, 0.45610046
2.9580383, -9.436752, 0.47644043
2.991562, -9.397247, 0.48721313
3.0071106, -9.400833, 0.509964
3.0011292, -9.411606, 0.52671814
3.016693, -9.385269, 0.5171509
3.0119019, -9.402023, 0.54467773
3.0286713, -9.403229, 0.5566559
3.04422, -9.394852, 0.5351105
3.0645752, -9.362518, 0.5506592
3.055008, -9.3589325, 0.49919128
3.0538025, -9.392456, 0.5015869
3.0214844, -9.410416, 0.55426025
3.0430298, -9.354141, 0.56144714
3.0801392, -9.370911, 0.54707336
3.0645752, -9.380478, 0.55545044
3.083725, -9.374496, 0.54707336
3.138794, -9.394852, 0.509964
3.1328125, -9.384079, 0.4908142
3.0705566, -9.336197, 0.5279236
3.0777435, -9.373306, 0.54348755
3.0909119, -9.36731, 0.5315094
3.0693665, -9.331406, 0.49440002
3.0825348, -9.352951, 0.50756836
3.0585938, -9.343369, 0.5015869
3.063385, -9.3302, 0.5279236
3.1052856, -9.3302, 0.52911377
3.1052856, -9.32901, 0.5746155
3.1352081, -9.327805, 0.5518646
3.1519623, -9.351746, 0.588974
3.1531677, -9.355347, 0.5626373
3.1639404, -9.36731, 0.5566559
3.1819, -9.331406, 0.57699585
3.1806946, -9.338577, 0.5674286
3.1806946, -9.360138, 0.5686188
3.1495667, -9.340973, 0.57699585
3.138794, -9.34697, 0.5913696
3.1699219, -9.369705, 0.549469
3.1699219, -9.325409, 0.5482788
3.226181, -9.271545, 0.5530548
3.2190094, -9.318237, 0.54707336
3.2118225, -9.303864, 0.5782013
3.2190094, -9.294296, 0.5051727
3.2118225, -9.296692, 0.48721313
3.2154083, -9.312241, 0.48483276
3.229782, -9.320633, 0.4812317
3.2357635, -9.336197, 0.4441223
3.2429504, -9.317032, 0.45370483
3.248932, -9.313446, 0.4524994
3.265686, -9.3589325, 0.41539
3.28125, -9.289505, 0.4225769
3.269287, -9.293091, 0.4524994
3.3027954, -9.314636, 0.44770813
3.3219604, -9.2799225, 0.44770813
3.3578644, -9.300278, 0.45968628
3.3530731, -9.291901, 0.41539
3.3470917, -9.281128, 0.42497253
3.3650513, -9.3194275, 0.47764587
3.3387146, -9.326614, 0.48841858
3.3159637, -9.314636, 0.45010376
3.3411102, -9.320633, 0.43693542
3.351883, -9.336197, 0.4800415
3.3339233, -9.340973, 0.46687317
3.3147736, -9.320633, 0.43215942
3.3183594, -9.3302, 0.45370483
3.3255463, -9.314636, 0.45489502
3.3111877, -9.300278, 0.42616272
3.2932281, -9.315842, 0.40821838
3.3267365, -9.2883, 0.3866577
3.3159637, -9.325409, 0.34835815
3.2716827, -9.333801, 0.3028717
3.269287, -9.336197, 0.31962585
3.241745, -9.3302, 0.292099
3.2345734, -9.3194275, 0.24780273
3.2393494, -9.337387, 0.21308899
3.2525177, -9.357742, 0.19392395
3.2632904, -9.334991, 0.17597961
3.2668915, -9.355347, 0.16998291
3.2393494, -9.357742, 0.13526917
3.2465363, -9.355347, 0.1257019
3.1998444, -9.368515, 0.13647461
3.2345734, -9.378082, 0.1304779
3.221405, -9.373306, 0.061050415
3.2046356, -9.3302, 0.03112793
3.162735, -9.336197, 0.063446045
3.1352081, -9.351746, 0.04548645
3.0897217, -9.325409, 0.089782715
3.0621796, -9.323029, 0.116119385
3.0825348, -9.314636, 0.14964294
3.12323, -9.30986, 0.16041565
3.12323, -9.321823, 0.17956543
3.1363983, -9.345764, 0.27053833
3.1316223, -9.388855, 0.31962585
3.1352081, -9.404419, 0.37109375
3.1411896, -9.423584, 0.41778564
3.1447906, -9.412811, 0.48602295
3.1208344, -9.422379, 0.5315094
3.12323, -9.362518, 0.5482788
3.1603394, -9.368515, 0.5997467
3.193863, -9.375687, 0.60453796
3.2357635, -9.342178, 0.67396545
3.2237854, -9.334991, 0.6907196
3.2154083, -9.34697, 0.7254486
3.248932, -9.32901, 0.72184753
3.250122, -9.333801, 0.683548
3.221405, -9.324219, 0.71347046
3.2393494, -9.2799225, 0.7362213
3.2549133, -9.272736, 0.67037964
3.269287, -9.2883, 0.67277527
3.3040009, -9.273941, 0.7338257
3.3171692, -9.327805, 0.66319275
3.3315277, -9.337387, 0.62249756
3.289627, -9.361328, 0.62727356
3.28125, -9.378082, 0.6655884
3.2465363, -9.369705, 0.67396545
3.1914673, -9.3589325, 0.6248932
3.250122, -9.368515, 0.62368774
3.3016052, -9.399643, 0.6404419
3.2836456, -9.366119, 0.63327026
3.2716827, -9.352951, 0.61650085
3.1998444, -9.363724, 0.5590515
3.1854858, -9.325409, 0.533905
3.1986542, -9.337387, 0.52552795
3.150772, -9.333801, 0.533905
3.1687317, -9.320633, 0.49679565
3.162735, -9.320633, 0.45489502
3.1280212, -9.321823, 0.43455505
3.1256256, -9.318237, 0.3866577
3.0968933, -9.34816, 0.3148346
3.1004944, -9.343369, 0.28370667
3.0801392, -9.345764, 0.25737
3.1340027, -9.382874, 0.27293396
3.1076813, -9.392456, 0.24061584
3.1483765, -9.403229, 0.21427917
3.1124573, -9.417587, 0.19273376
3.0861206, -9.369705, 0.16160583
3.0669708, -9.366119, 0.1592102
3.063385, -9.392456, 0.1592102
3.0035248, -9.380478, 0.14724731
3.0178986, -9.337387, 0.111328125
3.0298615, -9.352951, 0.12808228
3.0286713, -9.370911, 0.14245605
3.0286713, -9.361328, 0.16879272
3.075348, -9.386475, 0.22744751
3.0286713, -9.379288, 0.20469666
3.0298615, -9.380478, 0.23942566
3.0298615, -9.357742, 0.23822021
3.071762, -9.374496, 0.23582458
3.0466156, -9.373306, 0.29328918
3.0585938, -9.352951, 0.3722992
3.1160583, -9.386475, 0.41419983
3.1495667, -9.362518, 0.4584961
3.1244354, -9.378082, 0.4225769
3.1447906, -9.368515, 0.4513092
3.12323, -9.375687, 0.4632721
3.150772, -9.366119, 0.5051727
3.1687317, -9.382874, 0.5087738
3.1830902, -9.394852, 0.5351105
3.2237854, -9.372101, 0.5231323
3.2381592, -9.32901, 0.57341003
3.2285767, -9.3302, 0.5925598
3.217804, -9.317032, 0.61650085
3.2321777, -9.263168, 0.6201019
3.2632904, -9.294296, 0.6380615
3.2525177, -9.3194275, 0.64523315
3.2668915, -9.305069, 0.67277527
3.2992096, -9.317032, 0.63327026
3.3195648, -9.356537, 0.55545044
3.2944183, -9.3194275, 0.549469
3.313568, -9.354141, 0.5626373
3.3650513, -9.3589325, 0.5626373
3.3650513, -9.351746, 0.5315094
3.336319, -9.307465, 0.5231323
3.3399048, -9.323029, 0.47166443
3.2908325, -9.282318, 0.4584961
3.3351288, -9.2799225, 0.4800415
3.344696, -9.273941, 0.43693542
3.320755, -9.287109, 0.44532776
3.2944183, -9.30986, 0.38905334
3.313568, -9.314636, 0.31723022
3.3339233, -9.366119, 0.3136444
3.3195648, -9.349365, 0.331604
3.2836456, -9.343369, 0.2861023
3.1878815, -9.342178, 0.2956848
3.1723175, -9.34697, 0.29927063
3.1435852, -9.301468, 0.28012085
3.1495667, -9.281128, 0.22744751
3.1723175, -9.296692, 0.3040619
3.1735077, -9.331406, 0.26934814
3.2225952, -9.339783, 0.25378418
3.2237854, -9.351746, 0.23822021
3.2441406, -9.379288, 0.22625732
3.221405, -9.369705, 0.22984314
3.1735077, -9.356537, 0.19154358
3.1759033, -9.323029, 0.17956543
3.1483765, -9.31105, 0.21427917
3.1495667, -9.312241, 0.19752502
3.2118225, -9.321823, 0.22984314
3.2166138, -9.339783, 0.25857544
3.2716827, -9.360138, 0.23223877
3.2944183, -9.375687, 0.20948792
3.2561188, -9.40802, 0.22026062
3.178299, -9.393646, 0.21427917
3.0897217, -9.360138, 0.24420166
3.0430298, -9.361328, 0.30526733
3.0346527, -9.333801, 0.31962585
3.0813446, -9.339783, 0.331604
3.0980988, -9.314636, 0.35673523
3.1399994, -9.318237, 0.40940857
3.1819, -9.340973, 0.4225769
3.28125, -9.337387, 0.3902588
3.327942, -9.411606, 0.42138672
3.3171692, -9.40802, 0.40222168
3.26091, -9.36731, 0.3830719
3.162735, -9.379288, 0.45489502
3.1483765, -9.357742, 0.47644043
3.0957031, -9.340973, 0.48602295
3.0681763, -9.306259, 0.5135498
3.0382385, -9.3194275, 0.53271484
3.0861206, -9.306259, 0.57221985
3.1316223, -9.312241, 0.6248932
3.1723175, -9.342178, 0.6500244
3.2142181, -9.339783, 0.6488342
3.20224, -9.364914, 0.60214233
3.1735077, -9.331406, 0.58657837
3.1280212, -9.366119, 0.60572815
3.1256256, -9.363724, 0.6368561
3.0621796, -9.363724, 0.65960693
3.047821, -9.332596, 0.6212921
3.0382385, -9.343369, 0.6476288
3.0669708, -9.327805, 0.6799469
3.1196442, -9.337387, 0.65600586
3.1567535, -9.331406, 0.6488342
3.1735077, -9.372101, 0.63446045
3.1878815, -9.369705, 0.6033325
3.1759033, -9.356537, 0.6320648
3.154358, -9.357742, 0.64404297
3.147171, -9.362518, 0.6069336
3.12323, -9.351746, 0.5925598
3.1244354, -9.3302, 0.58657837
3.1316223, -9.3194275, 0.6212921
3.1292267, -9.314636, 0.6033325
3.1399994, -9.337387, 0.5817871
3.1435852, -9.363724, 0.5506592
3.1519623, -9.366119, 0.56503296
3.1363983, -9.360138, 0.60095215
3.1016846, -9.349365, 0.533905
3.099289, -9.3984375, 0.53271484
3.1064758, -9.36731, 0.50038147
3.10289, -9.366119, 0.5027771
3.087326, -9.343369, 0.48362732
3.12323, -9.356537, 0.48483276
3.0921173, -9.355347, 0.48362732
3.0849304, -9.323029, 0.45370483
3.1220398, -9.327805, 0.48602295
3.1100616, -9.318237, 0.4513092
3.0933075, -9.327805, 0.4740448
3.0909119, -9.369705, 0.4513092
3.0777435, -9.382874, 0.47166443
3.111267, -9.374496, 0.42616272
3.1340027, -9.378082, 0.37469482
3.1340027, -9.376892, 0.36032104
3.1531677, -9.388855, 0.3471527
3.154358, -9.361328, 0.31962585
3.1363983, -9.360138, 0.31124878
3.1256256, -9.34697, 0.2849121
3.1328125, -9.356537, 0.29808044
3.162735, -9.344574, 0.30885315
3.1890717, -9.32901, 0.25138855
3.178299, -9.331406, 0.17837524
3.1806946, -9.323029, 0.17956543
3.1842957, -9.363724, 0.19273376
3.1962585, -9.345764, 0.17597961
3.178299, -9.351746, 0.14245605
3.2154083, -9.338577, 0.16758728
3.2285767, -9.363724, 0.16998291
3.2357635, -9.334991, 0.2238617
3.2513275, -9.291901, 0.24780273
3.1998444, -9.323029, 0.2059021
3.210617, -9.325409, 0.20948792
3.2513275, -9.301468, 0.21427917
3.2166138, -9.32901, 0.20111084
3.26091, -9.3302, 0.1771698
3.296814, -9.3194275, 0.16758728
3.2740784, -9.364914, 0.1484375
3.28125, -9.357742, 0.20948792
3.2644958, -9.345764, 0.22744751
3.2309723, -9.3302, 0.21427917
3.2154083, -9.30986, 0.23582458
3.2142181, -9.3302, 0.25378418
3.2477417, -9.373306, 0.24420166
3.28125, -9.334991, 0.25138855
3.2668915, -9.34816, 0.2166748
3.245346, -9.364914, 0.23942566
3.1830902, -9.3302, 0.25138855
3.126831, -9.326614, 0.27653503
3.1340027, -9.312241, 0.28012085
3.1531677, -9.320633, 0.2813263
3.1316223, -9.362518, 0.28730774
3.1292267, -9.355347, 0.2956848
3.1854858, -9.340973, 0.30645752
3.1926727, -9.350555, 0.32920837
3.1830902, -9.372101, 0.33518982
3.1747131, -9.34697, 0.35673523
3.1615448, -9.375687, 0.36271667
3.1435852, -9.370911, 0.35554504
3.1615448, -9.356537, 0.36750793
3.138794, -9.362518, 0.40821838
3.1352081, -9.368515, 0.42138672
3.1435852, -9.350555, 0.46806335
3.1459808, -9.349365, 0.4692688
3.1376038, -9.344574, 0.52671814
3.1447906, -9.349365, 0.5195465
3.142395, -9.354141, 0.56503296
3.1878815, -9.337387, 0.5674286
3.1699219, -9.320633, 0.59376526
3.126831, -9.351746, 0.5961609
3.1735077, -9.321823, 0.5997467
3.178299, -9.332596, 0.61291504
3.1854858, -9.356537, 0.6105194
3.1687317, -9.343369, 0.61172485
3.1998444, -9.337387, 0.58657837
3.226181, -9.32901, 0.5997467
3.1567535, -9.345764, 0.6248932
3.166336, -9.333801, 0.6105194
3.1687317, -9.3302, 0.5817871
3.1555634, -9.337387, 0.5925598
3.193863, -9.350555, 0.5901642
3.1998444, -9.34816, 0.58657837
3.1914673, -9.352951, 0.6081238
3.1711273, -9.34697, 0.62727356
3.1340027, -9.357742, 0.6105194
3.1567535, -9.363724, 0.5746155
3.162735, -9.357742, 0.60572815
3.1567535, -9.36731, 0.5997467
3.1316223, -9.361328, 0.60572815
3.1328125, -9.379288, 0.5746155
3.150772, -9.374496, 0.588974
3.1459808, -9.403229, 0.588974
3.1651306, -9.391251, 0.53630066
3.157959, -9.393646, 0.5386963
3.1100616, -9.40921, 0.509964
3.0980988, -9.393646, 0.52911377
3.1016846, -9.386475, 0.48960876
3.0741577, -9.381683, 0.49679565
3.0538025, -9.400833, 0.4920044
3.0657806, -9.349365, 0.43095398
3.0035248, -9.376892, 0.4620819
3.0190887, -9.402023, 0.43933105
3.0059204, -9.40921, 0.3938446
3.0011292, -9.40802, 0.41778564
2.9867706, -9.405624, 0.40342712
2.980774, -9.424774, 0.35075378
2.984375, -9.406815, 0.36271667
2.9700012, -9.399643, 0.3531494
2.9747925, -9.402023, 0.3244171
2.9939423, -9.406815, 0.3531494
3.032257, -9.399643, 0.3615265
2.9795837, -9.415192, 0.33398438
2.9951477, -9.40802, 0.3471527
3.0131073, -9.394852, 0.3543396
2.9879608, -9.411606, 0.34477234
2.9736023, -9.40921, 0.2861023
2.9795837, -9.42717, 0.3136444
2.9939423, -9.445129, 0.33758545
2.9867706, -9.393646, 0.3136444
3.0035248, -9.39006, 0.292099
3.015503, -9.410416, 0.30526733
3.0131073, -9.433151, 0.28370667
2.996338, -9.399643, 0.3040619
3.0250702, -9.453506, 0.331604
3.047821, -9.406815, 0.3423767
3.0490112, -9.368515, 0.375885
3.0466156, -9.384079, 0.33518982
3.071762, -9.399643, 0.39265442
3.055008, -9.405624, 0.4046173
3.063385, -9.405624, 0.4046173
3.0657806, -9.388855, 0.45010376
3.055008, -9.411606, 0.45370483
3.047821, -9.415192, 0.45729065
3.071762, -9.396042, 0.44172668
3.0849304, -9.422379, 0.45370483
3.1136627, -9.457092, 0.45489502
3.0849304, -9.411606, 0.4189911
3.0777435, -9.440338, 0.45968628
3.1256256, -9.410416, 0.4620819
3.118454, -9.402023, 0.4692688
3.0849304, -9.387665, 0.45370483
3.1136627, -9.355347, 0.4405365
3.087326, -9.368515, 0.4800415
3.0861206, -9.363724, 0.46806335
3.0729523, -9.385269, 0.4441223
3.0921173, -9.384079, 0.42018127
3.114853, -9.396042, 0.4405365
3.10289, -9.394852, 0.40821838
3.0861206, -9.397247, 0.41299438
3.0957031, -9.414001, 0.4046173
3.0921173, -9.403229, 0.38546753
3.0813446, -9.396042, 0.38426208
3.0657806, -9.379288, 0.39144897
3.0777435, -9.379288, 0.39144897
3.0214844, -9.411606, 0.41539
3.031067, -9.386475, 0.40342712
3.0346527, -9.386475, 0.36392212
3.031067, -9.378082, 0.39743042
3.0274658, -9.387665, 0.37828064
3.0095062, -9.414001, 0.35673523
3.015503, -9.411606, 0.375885
3.0286713, -9.399643, 0.3818817
3.0430298, -9.4379425, 0.37348938
3.0490112, -9.393646, 0.36871338
3.0466156, -9.3984375, 0.38426208
3.0286713, -9.414001, 0.3471527
3.0370483, -9.399643, 0.33998108
3.0250702, -9.391251, 0.3651123
2.9951477, -9.376892, 0.38067627
3.0334473, -9.372101, 0.34117126
3.0609894, -9.382874, 0.3531494
3.0526123, -9.364914, 0.38905334
3.0729523, -9.375687, 0.36750793
3.0729523, -9.36731, 0.37348938
3.0538025, -9.384079, 0.39505005
3.078949, -9.386475, 0.4237671
3.047821, -9.402023, 0.40701294
3.055008, -9.392456, 0.42855835
3.1064758, -9.379288, 0.4513092
3.0813446, -9.392456, 0.4620819
3.0801392, -9.374496, 0.42138672
3.1004944, -9.381683, 0.43693542
3.0968933, -9.373306, 0.4524994
3.1040802, -9.362518, 0.4524994
3.111267, -9.36731, 0.5123596
3.1220398, -9.382874, 0.43693542
3.126831, -9.380478, 0.43814087
3.1052856, -9.357742, 0.47045898
3.094513, -9.357742, 0.4405365
3.1160583, -9.364914, 0.46087646
3.1244354, -9.366119, 0.4692688
3.1328125, -9.379288, 0.4524994
3.10289, -9.397247, 0.45010376
3.1136627, -9.378082, 0.47644043
3.1352081, -9.3984375, 0.4225769
3.1208344, -9.391251, 0.43215942
3.1363983, -9.380478, 0.43215942
3.1160583, -9.354141, 0.4225769
3.1196442, -9.360138, 0.45370483
3.12323, -9.366119, 0.41778564
3.1495667, -9.34697, 0.41659546
3.1531677, -9.334991, 0.4297638
3.1292267, -9.342178, 0.4333496
3.1292267, -9.337387, 0.41539
3.1292267, -9.379288, 0.44651794
3.1280212, -9.357742, 0.4632721
3.1411896, -9.324219, 0.4189911
3.142395, -9.344574, 0.39863586
3.1316223, -9.343369, 0.42138672
3.1651306, -9.355347, 0.43455505
3.1328125, -9.345764, 0.40342712
3.1447906, -9.375687, 0.43455505
3.1459808, -9.394852, 0.39624023
3.1172485, -9.381683, 0.40222168
3.1376038, -9.350555, 0.39743042
3.1495667, -9.34816, 0.40940857
3.1435852, -9.34697, 0.44293213
3.1160583, -9.355347, 0.4010315
3.1136627, -9.342178, 0.4297638
3.114853, -9.366119, 0.40222168
3.1316223, -9.386475, 0.40701294
3.1280212, -9.379288, 0.4333496
3.1088715, -9.36731, 0.39144897
3.1220398, -9.361328, 0.38067627
3.138794, -9.362518, 0.33998108
3.1340027, -9.345764, 0.42018127
3.1519623, -9.372101, 0.4118042
3.12323, -9.344574, 0.38786316
3.1208344, -9.340973, 0.41419983
3.1256256, -9.338577, 0.39505005
3.1363983, -9.317032, 0.42855835
3.1292267, -9.34697, 0.38546753
3.1399994, -9.343369, 0.3866577
3.1411896, -9.3302, 0.41539
3.1567535, -9.354141, 0.37109375
3.1998444, -9.332596, 0.4010315
3.1567535, -9.356537, 0.43215942
3.1711273, -9.363724, 0.42497253
3.1854858, -9.320633, 0.40342712
3.1723175, -9.301468, 0.39624023
3.190277, -9.305069, 0.40701294
3.2429504, -9.321823, 0.42616272
3.2082367, -9.333801, 0.38067627
3.2118225, -9.338577, 0.38546753
3.193863, -9.336197, 0.39505005
3.2034454, -9.337387, 0.3531494
3.193863, -9.3302, 0.34477234
3.1890717, -9.313446, 0.31962585
3.2070312, -9.343369, 0.34477234
3.2034454, -9.339783, 0.36631775
3.2285767, -9.313446, 0.32800293
3.2118225, -9.338577, 0.32681274
3.2429504, -9.349365, 0.31723022
3.2321777, -9.327805, 0.31843567
3.2393494, -9.34816, 0.32681274
3.2321777, -9.372101, 0.28730774
3.2321777, -9.352951, 0.296875
3.2309723, -9.376892, 0.32202148
3.26091, -9.370911, 0.31962585
3.233368, -9.36731, 0.30526733
3.2190094, -9.363724, 0.31604004
3.2321777, -9.373306, 0.3028717
3.2345734, -9.34697, 0.29089355
3.2345734, -9.364914, 0.28730774
3.2201996, -9.376892, 0.28730774
3.2357635, -9.351746, 0.29447937
3.2525177, -9.345764, 0.3244171
3.2201996, -9.349365, 0.31243896
3.1854858, -9.349365, 0.2956848
3.154358, -9.34816, 0.28251648
3.1759033, -9.349365, 0.28251648
3.2046356, -9.324219, 0.25019836
3.1962585, -9.339783, 0.27174377
3.1771088, -9.374496, 0.27653503
3.1675262, -9.368515, 0.29447937
3.1806946, -9.357742, 0.30526733
3.1399994, -9.379288, 0.30645752
3.150772, -9.402023, 0.26815796
3.154358, -9.39006, 0.30645752
3.1328125, -9.370911, 0.31004333
3.1160583, -9.364914, 0.28970337
3.142395, -9.344574, 0.29328918
3.1447906, -9.364914, 0.33998108
3.1256256, -9.357742, 0.31843567
3.0897217, -9.34816, 0.31843567
3.1064758, -9.3302, 0.37109375
3.099289, -9.357742, 0.38067627
3.111267, -9.336197, 0.35554504
3.1340027, -9.339783, 0.42138672
3.118454, -9.342178, 0.4692688
3.1208344, -9.355347, 0.4620819
3.1555634, -9.34816, 0.52433777
3.1603394, -9.338577, 0.53271484
3.1735077, -9.325409, 0.5351105
3.1830902, -9.363724, 0.60453796
3.2082367, -9.350555, 0.61172485
3.1699219, -9.360138, 0.61531067
3.2405548, -9.340973, 0.628479
3.1986542, -9.294296, 0.63327026
3.221405, -9.30986, 0.65242004
3.2393494, -9.320633, 0.6655884
3.2393494, -9.302673, 0.70388794
3.2477417, -9.320633, 0.6763611
3.241745, -9.320633, 0.70269775
3.2537231, -9.326614, 0.667984
3.2525177, -9.294296, 0.65600586
3.2632904, -9.332596, 0.6464386
3.248932, -9.338577, 0.6548157
3.2621002, -9.313446, 0.6607971
3.288437, -9.318237, 0.63327026
3.2405548, -9.303864, 0.6476288
3.257309, -9.283524, 0.60214233
3.288437, -9.308655, 0.6033325
3.28125, -9.336197, 0.5674286
3.269287, -9.325409, 0.53749084
3.250122, -9.299072, 0.533905
3.2225952, -9.308655, 0.50398254
3.2621002, -9.321823, 0.49679565
3.2441406, -9.343369, 0.48960876
3.241745, -9.349365, 0.49919128
3.2668915, -9.34816, 0.44770813
3.2357635, -9.345764, 0.4297638
3.2441406, -9.334991, 0.43574524
3.2441406, -9.338577, 0.43455505
3.241745, -9.331406, 0.3651123
3.2561188, -9.3302, 0.34835815
3.248932, -9.342178, 0.3830719
3.2429504, -9.302673, 0.30645752
3.226181, -9.278732, 0.31243896
3.2285767, -9.295486, 0.36032104
3.2166138, -9.2799225, 0.32321167
3.2070312, -9.297882, 0.32321167
3.2345734, -9.287109, 0.30047607
3.2357635, -9.278732, 0.30047607
3.2393494, -9.294296, 0.25498962
3.2740784, -9.314636, 0.2753296
3.2836456, -9.313446, 0.2741394
3.3040009, -9.3194275, 0.24899292
3.3183594, -9.3194275, 0.24899292
3.3111877, -9.307465, 0.2561798
3.3411102, -9.301468, 0.25378418
3.3542786, -9.285904, 0.23103333
3.368637, -9.284714, 0.2238617
3.4033508, -9.31105, 0.19631958
3.3949738, -9.31105, 0.20231628
3.3854065, -9.281128, 0.21188354
3.4225159, -9.2799225, 0.15562439
3.4249115, -9.285904, 0.20829773
3.408142, -9.289505, 0.19631958
3.4189148, -9.278732, 0.18196106
3.4033508, -9.2883, 0.14604187
3.3662415, -9.301468, 0.18435669
3.375824, -9.305069, 0.14485168
3.344696, -9.2595825, 0.116119385
3.3662415, -9.301468, 0.1376648
3.324356, -9.302673, 0.1304779
3.329132, -9.318237, 0.10534668
3.3327332, -9.312241, 0.11730957
3.2956238, -9.314636, 0.14006042
3.2920227, -9.317032, 0.108932495
3.313568, -9.308655, 0.1197052
3.2824554, -9.3194275, 0.15441895
3.2824554, -9.332596, 0.20350647
3.2764587, -9.342178, 0.16041565
3.2166138, -9.343369, 0.12928772
3.20224, -9.321823, 0.14125061
3.2046356, -9.369705, 0.16879272
3.1998444, -9.363724, 0.15562439
3.1890717, -9.317032, 0.1484375
3.1819, -9.339783, 0.17597961
3.1603394, -9.349365, 0.17956543
3.1483765, -9.351746, 0.18914795
3.157959, -9.370911, 0.21907043
3.1591492, -9.36731, 0.24420166
3.1363983, -9.379288, 0.2238617
3.1447906, -9.354141, 0.25737
3.1399994, -9.386475, 0.28970337
3.1483765, -9.366119, 0.32800293
3.138794, -9.3589325, 0.30526733
3.1196442, -9.3589325, 0.31004333
3.111267, -9.36731, 0.36990356
3.1711273, -9.374496, 0.3902588
3.1603394, -9.360138, 0.39863586
3.1328125, -9.364914, 0.43215942
3.1280212, -9.369705, 0.4513092
3.1244354, -9.361328, 0.45610046
3.1256256, -9.362518, 0.48483276
3.142395, -9.345764, 0.49679565
3.126831, -9.351746, 0.5015869
3.1124573, -9.375687, 0.48721313
3.1292267, -9.370911, 0.52671814
3.1004944, -9.325409, 0.5698242
3.1256256, -9.349365, 0.5518646
3.118454, -9.342178, 0.5913696
3.1304169, -9.349365, 0.60214233
3.1316223, -9.360138, 0.5985565
3.1399994, -9.342178, 0.6212921
3.1340027, -9.337387, 0.6105194
3.126831, -9.336197, 0.6260834
3.1352081, -9.321823, 0.667984
3.1208344, -9.361328, 0.63327026
3.126831, -9.34816, 0.6775665
3.138794, -9.344574, 0.6536102
3.138794, -9.374496, 0.6392517
3.147171, -9.370911, 0.6715698
3.142395, -9.32901, 0.6320648
3.1567535, -9.331406, 0.6093292
3.1447906, -9.331406, 0.6404419
3.1352081, -9.32901, 0.63446045
3.126831, -9.3302, 0.6141052
3.118454, -9.334991, 0.62727356
3.126831, -9.31105, 0.64404297
3.118454, -9.3589325, 0.5925598
3.1076813, -9.349365, 0.61531067
3.1196442, -9.350555, 0.6093292
3.1292267, -9.372101, 0.56144714
3.1591492, -9.366119, 0.5506592
3.1435852, -9.366119, 0.5458832
3.114853, -9.360138, 0.5195465
3.1040802, -9.355347, 0.5602417
3.1352081, -9.344574, 0.5422821
3.1244354, -9.362518, 0.5207367
3.1304169, -9.337387, 0.51594543
3.1244354, -9.338577, 0.49320984
3.1328125, -9.349365, 0.47045898
3.1280212, -9.351746, 0.45729065
3.1244354, -9.349365, 0.4189911
3.1136627, -9.384079, 0.43095398
3.1447906, -9.354141, 0.41778564
3.1483765, -9.381683, 0.39265442
3.1292267, -9.421188, 0.40222168
3.1723175, -9.369705, 0.35075378
3.178299, -9.382874, 0.38786316
3.147171, -9.403229, 0.36271667
3.1363983, -9.382874, 0.32081604
3.1292267, -9.369705, 0.31723022
3.1304169, -9.361328, 0.31004333
3.1411896, -9.363724, 0.32202148
3.0933075, -9.356537, 0.30645752
3.0933075, -9.352951, 0.2813263
3.0980988, -9.340973, 0.25976562
3.1304169, -9.372101, 0.28012085
3.1495667, -9.412811, 0.27053833
3.1747131, -9.3984375, 0.24899292
3.1699219, -9.3984375, 0.25019836
3.1411896, -9.403229, 0.2633667
3.1675262, -9.387665, 0.25857544
3.1687317, -9.405624, 0.23223877
3.1447906, -9.334991, 0.2454071
3.138794, -9.362518, 0.24780273
3.12323, -9.34697, 0.24061584
3.114853, -9.314636, 0.23223877
3.1435852, -9.34697, 0.22744751
3.1340027, -9.34697, 0.2166748
3.1244354, -9.369705, 0.24182129
3.1615448, -9.373306, 0.23103333
3.1220398, -9.352951, 0.25378418
3.1531677, -9.39006, 0.24182129
3.1771088, -9.379288, 0.21786499
3.1603394, -9.376892, 0.2238617
3.1519623, -9.363724, 0.22984314
3.138794, -9.356537, 0.24182129
3.1160583, -9.355347, 0.27772522
3.1124573, -9.379288, 0.2861023
3.1316223, -9.342178, 0.26934814
3.1304169, -9.320633, 0.20829773
3.1196442, -9.357742, 0.25378418
3.1483765, -9.362518, 0.2861023
3.147171, -9.339783, 0.29447937
3.1208344, -9.373306, 0.30526733
3.1495667, -9.386475, 0.30166626
3.1711273, -9.363724, 0.3028717
3.1699219, -9.370911, 0.29328918
3.1591492, -9.361328, 0.2956848
3.1447906, -9.342178, 0.35673523
3.1687317, -9.363724, 0.35075378
3.147171, -9.362518, 0.3435669
3.1567535, -9.355347, 0.32681274
3.1411896, -9.360138, 0.3423767
3.111267, -9.337387, 0.3543396
3.1004944, -9.351746, 0.3722992
3.1088715, -9.357742, 0.3531494
3.1004944, -9.385269, 0.34954834
3.1160583, -9.386475, 0.36392212
3.1016846, -9.382874, 0.3830719
3.1064758, -9.405624, 0.3722992
3.114853, -9.381683, 0.37948608
3.1052856, -9.412811, 0.39265442
3.114853, -9.406815, 0.36271667
3.0657806, -9.361328, 0.375885
3.083725, -9.355347, 0.3938446
3.0406342, -9.378082, 0.41419983
3.0765533, -9.342178, 0.36032104
3.0621796, -9.34816, 0.37348938
3.0621796, -9.361328, 0.37709045
3.032257, -9.34697, 0.3938446
3.0765533, -9.361328, 0.40940857
3.0418396, -9.364914, 0.39265442
3.0250702, -9.384079, 0.3830719
3.0825348, -9.402023, 0.3830719
3.0585938, -9.387665, 0.3818817
3.0274658, -9.412811, 0.41419983
3.020279, -9.392456, 0.41419983
3.0119019, -9.381683, 0.41059875
3.016693, -9.414001, 0.43215942
3.0298615, -9.392456, 0.4728546
3.0119019, -9.396042, 0.44770813
3.0095062, -9.381683, 0.4441223
3.0334473, -9.350555, 0.4524994
3.0035248, -9.375687, 0.45370483
3.0418396, -9.361328, 0.5063782
3.0538025, -9.380478, 0.4920044
3.0514069, -9.39006, 0.5015869
3.0514069, -9.349365, 0.5351105
3.0705566, -9.374496, 0.5482788
3.0849304, -9.355347, 0.5674286
3.094513, -9.343369, 0.5686188
3.118454, -9.369705, 0.57341003
3.1399994, -9.352951, 0.5782013
3.1328125, -9.338577, 0.6141052
3.1160583, -9.354141, 0.62727356
3.1806946, -9.3589325, 0.6188965
3.2094269, -9.342178, 0.67396545
3.2381592, -9.295486, 0.6368561
3.248932, -9.300278, 0.6907196
3.2201996, -9.306259, 0.7146759
3.2405548, -9.297882, 0.6787567
3.2525177, -9.285904, 0.6859436
3.284851, -9.291901, 0.6775665
3.288437, -9.323029, 0.69911194
3.2860413, -9.321823, 0.6392517
3.329132, -9.308655, 0.63327026
3.308792, -9.293091, 0.65960693
3.3111877, -9.305069, 0.6033325
3.3339233, -9.31105, 0.5698242
3.3566742, -9.340973, 0.5901642
3.312378, -9.323029, 0.5746155
3.336319, -9.34697, 0.5410919
3.348297, -9.360138, 0.49320984
3.3470917, -9.332596, 0.49320984
3.348297, -9.332596, 0.5027771
3.3315277, -9.315842, 0.41539
3.3075867, -9.334991, 0.4189911
3.2956238, -9.307465, 0.41299438
3.2776642, -9.308655, 0.38905334
3.2752686, -9.332596, 0.3531494
3.2513275, -9.350555, 0.33998108
3.2644958, -9.357742, 0.29089355
3.2680817, -9.349365, 0.3076477
3.2273865, -9.327805, 0.2741394
3.2249908, -9.332596, 0.26097107
3.2561188, -9.376892, 0.25737
3.2441406, -9.3302, 0.24061584
3.229782, -9.331406, 0.19392395
3.2549133, -9.320633, 0.20350647
3.2441406, -9.345764, 0.18435669
3.2034454, -9.337387, 0.19871521
3.2357635, -9.339783, 0.15681458
3.2477417, -9.34697, 0.16160583
3.2321777, -9.331406, 0.18554688
3.2597046, -9.317032, 0.101760864
3.2860413, -9.318237, 0.13647461
3.2788544, -9.327805, 0.15322876
3.2920227, -9.331406, 0.15681458
3.2752686, -9.320633, 0.19273376
3.2716827, -9.314636, 0.19273376
3.2537231, -9.318237, 0.2238617
3.2393494, -9.315842, 0.21308899
3.2249908, -9.317032, 0.21907043
3.2321777, -9.303864, 0.22625732
3.2429504, -9.300278, 0.2633667
3.2154083, -9.295486, 0.31124878
3.2393494, -9.287109, 0.2753296
3.2273865, -9.34697, 0.3028717
3.2357635, -9.3589325, 0.32920837
3.2537231, -9.357742, 0.32920837
3.2549133, -9.364914, 0.3830719
3.2824554, -9.39006, 0.4046173
3.257309, -9.366119, 0.39743042
3.2764587, -9.338577, 0.38905334
3.2704773, -9.356537, 0.45010376
3.2537231, -9.325409, 0.44532776
3.288437, -9.295486, 0.50038147
3.257309, -9.291901, 0.47166443
3.2776642, -9.291901, 0.5063782
3.2980194, -9.290695, 0.52552795
3.3219604, -9.303864, 0.4692688
3.2764587, -9.306259, 0.533905
3.2980194, -9.320633, 0.5398865
3.3171692, -9.313446, 0.533905
3.308792, -9.332596, 0.5386963
3.3470917, -9.334991, 0.52433777
3.3315277, -9.303864, 0.5351105
3.3267365, -9.32901, 0.5566559
3.2908325, -9.323029, 0.5506592
3.2644958, -9.301468, 0.5315094
3.28125, -9.302673, 0.51116943
3.2668915, -9.302673, 0.52433777
3.2621002, -9.324219, 0.48960876
3.2393494, -9.294296, 0.47764587
3.2118225, -9.300278, 0.52433777
3.2094269, -9.332596, 0.4908142
3.1771088, -9.313446, 0.4513092
3.1759033, -9.336197, 0.48602295
3.1926727, -9.366119, 0.42497253
3.2046356, -9.34816, 0.45489502
3.1603394, -9.344574, 0.42138672
3.150772, -9.32901, 0.41659546
3.1854858, -9.324219, 0.4189911
3.147171, -9.332596, 0.41059875
3.1196442, -9.324219, 0.375885
3.1208344, -9.325409, 0.36871338
3.1495667, -9.338577, 0.37469482
3.1459808, -9.31105, 0.3651123
3.1304169, -9.336197, 0.33039856
3.1328125, -9.331406, 0.3148346
3.1363983, -9.355347, 0.37469482
3.147171, -9.333801, 0.34477234
3.1675262, -9.340973, 0.36032104
3.1735077, -9.34697, 0.36271667
3.166336, -9.3589325, 0.375885
3.1651306, -9.355347, 0.375885
3.147171, -9.34816, 0.3722992
3.1651306, -9.3589325, 0.375885
3.1914673, -9.318237, 0.39505005
3.186676, -9.320633, 0.38546753
3.1615448, -9.334991, 0.3938446
3.1675262, -9.321823, 0.37948608
3.2010498, -9.337387, 0.4189911
3.1747131, -9.338577, 0.39265442
3.1914673, -9.315842, 0.42018127
3.1603394, -9.340973, 0.4225769
3.178299, -9.3302, 0.40342712
3.20224, -9.352951, 0.37948608
3.1890717, -9.325409, 0.4225769
3.1759033, -9.360138, 0.41778564
3.1555634, -9.351746, 0.40342712
3.1854858, -9.362518, 0.41778564
3.1651306, -9.362518, 0.40222168
3.162735, -9.352951, 0.39265442
3.1830902, -9.327805, 0.48243713
3.186676, -9.360138, 0.44770813
3.2201996, -9.381683, 0.4225769
3.2154083, -9.373306, 0.42736816
3.2190094, -9.402023, 0.44891357
3.226181, -9.418793, 0.43095398
3.2225952, -9.372101, 0.43095398
3.2082367, -9.382874, 0.40222168
3.2142181, -9.380478, 0.4189911
3.20224, -9.366119, 0.39982605
3.1926727, -9.32901, 0.3938446
3.2046356, -9.3589325, 0.3722992
3.1555634, -9.34816, 0.37828064
3.2309723, -9.344574, 0.3830719
3.197464, -9.334991, 0.36631775
3.205841, -9.340973, 0.32681274
3.1795044, -9.34816, 0.33758545
3.1795044, -9.338577, 0.3136444
3.1699219, -9.321823, 0.3028717
3.126831, -9.350555, 0.26455688
3.162735, -9.369705, 0.3040619
3.1819, -9.364914, 0.296875
3.138794, -9.391251, 0.29447937
3.1220398, -9.381683, 0.27053833
3.142395, -9.386475, 0.24061584
3.1771088, -9.357742, 0.2633667
3.1328125, -9.344574, 0.2669525
3.0813446, -9.342178, 0.2238617
3.0705566, -9.339783, 0.22625732
3.0621796, -9.324219, 0.25138855
3.0514069, -9.332596, 0.24659729
3.0585938, -9.305069, 0.23103333
3.0645752, -9.3302, 0.23582458
3.0502167, -9.354141, 0.24301147
3.0681763, -9.357742, 0.27653503
3.10289, -9.333801, 0.23703003
3.1004944, -9.351746, 0.23223877
3.1447906, -9.363724, 0.25857544
3.150772, -9.369705, 0.25737
3.138794, -9.378082, 0.292099
3.1220398, -9.355347, 0.3148346
3.1483765, -9.354141, 0.30645752
3.162735, -9.357742, 0.3136444
3.1723175, -9.34697, 0.33518982
3.2130127, -9.364914, 0.3722992
3.1986542, -9.387665, 0.3938446
3.2154083, -9.435547, 0.38067627
3.1914673, -9.42717, 0.4010315
3.1914673, -9.435547, 0.44651794
3.2046356, -9.405624, 0.39265442
3.2309723, -9.376892, 0.41539
3.197464, -9.368515, 0.41299438
3.1531677, -9.357742, 0.38905334
3.111267, -9.333801, 0.4632721
3.099289, -9.331406, 0.4632721
3.0813446, -9.340973, 0.4297638
3.0585938, -9.343369, 0.42616272
3.0609894, -9.343369, 0.41299438
3.094513, -9.382874, 0.44532776
3.1124573, -9.422379, 0.43814087
3.0609894, -9.4379425, 0.39265442
3.0705566, -9.451111, 0.37948608
3.0298615, -9.470261, 0.41059875
2.9951477, -9.4379425, 0.42616272
3.016693, -9.431961, 0.39265442
2.991562, -9.449921, 0.38905334
2.9544525, -9.40921, 0.36271667
2.980774, -9.424774, 0.35075378
2.953247, -9.388855, 0.36032104
2.9556427, -9.382874, 0.40582275
2.9304962, -9.3984375, 0.37709045
2.9484558, -9.360138, 0.34835815
2.9676056, -9.356537, 0.37469482
2.9819794, -9.384079, 0.37709045
3.0011292, -9.387665, 0.39265442
3.0190887, -9.3984375, 0.39144897
3.02388, -9.403229, 0.39505005
3.0406342, -9.412811, 0.39144897
3.0693665, -9.445129, 0.37348938
3.114853, -9.421188, 0.37828064
3.083725, -9.418793, 0.42018127
3.04422, -9.403229, 0.48362732
3.031067, -9.3589325, 0.4692688
3.032257, -9.339783, 0.4405365
2.977188, -9.331406, 0.5135498
2.9975433, -9.306259, 0.52911377
3.0262756, -9.342178, 0.51834106
3.0861206, -9.363724, 0.51834106
3.1340027, -9.360138, 0.52433777
3.1292267, -9.385269, 0.55426025
3.04422, -9.380478, 0.52194214
3.0370483, -9.378082, 0.5207367
3.008316, -9.366119, 0.5506592
2.9819794, -9.364914, 0.5590515
3.0047302, -9.380478, 0.5279236
3.0214844, -9.392456, 0.5351105
3.047821, -9.39006, 0.5087738
3.0573883, -9.403229, 0.51475525
3.0681763, -9.404419, 0.5207367
3.0142975, -9.381683, 0.46447754
3.0035248, -9.39006, 0.43095398
3.0466156, -9.396042, 0.4225769
3.0705566, -9.392456, 0.41539
3.0382385, -9.378082, 0.39743042
3.0609894, -9.379288, 0.34477234
3.0777435, -9.357742, 0.35913086
3.0705566, -9.34816, 0.37109375
3.0825348, -9.340973, 0.29447937
3.0765533, -9.349365, 0.29089355
3.0801392, -9.36731, 0.27653503
3.0957031, -9.351746, 0.24659729
3.1088715, -9.343369, 0.24061584
3.126831, -9.3302, 0.23703003
3.126831, -9.361328, 0.22265625
3.126831, -9.345764, 0.22146606
3.147171, -9.297882, 0.2561798
3.1854858, -9.361328, 0.26455688
3.20224, -9.393646, 0.26455688
3.250122, -9.3589325, 0.29089355
3.2740784, -9.378082, 0.34117126
3.2752686, -9.361328, 0.28370667
3.2597046, -9.373306, 0.31604004
3.2309723, -9.379288, 0.3040619
3.2369537, -9.342178, 0.296875
3.2357635, -9.303864, 0.2861023
3.229782, -9.293091, 0.28251648
3.28125, -9.261963, 0.29808044
3.3399048, -9.2883, 0.296875
3.3494873, -9.305069, 0.3040619
3.4249115, -9.332596, 0.3040619
3.423706, -9.344574, 0.3040619
3.4404755, -9.312241, 0.26576233
3.367447, -9.334991, 0.292099
3.3423004, -9.354141, 0.27653503
3.3339233, -9.333801, 0.28970337
3.2956238, -9.32901, 0.30645752
3.2621002, -9.297882, 0.33518982
3.2860413, -9.293091, 0.34835815
3.3016052, -9.3194275, 0.35075378
3.3315277, -9.297882, 0.37709045
3.3662415, -9.291901, 0.33398438
3.4141388, -9.312241, 0.37709045
3.4332886, -9.306259, 0.34596252
3.3698425, -9.295486, 0.38426208
3.3901825, -9.306259, 0.39505005
3.3878021, -9.285904, 0.31004333
3.3423004, -9.293091, 0.3028717
3.3159637, -9.320633, 0.3244171
3.3267365, -9.305069, 0.32920837
3.3435059, -9.331406, 0.31604004
3.367447, -9.333801, 0.29447937
3.324356, -9.324219, 0.3028717
3.305191, -9.32901, 0.26216125
3.313568, -9.332596, 0.24301147
3.284851, -9.338577, 0.24780273
3.272873, -9.323029, 0.26934814
3.2201996, -9.34697, 0.21188354
3.2082367, -9.366119, 0.19273376
3.1735077, -9.333801, 0.21308899
3.1304169, -9.34697, 0.20829773
3.1208344, -9.363724, 0.24301147
3.0957031, -9.366119, 0.22984314
3.0897217, -9.362518, 0.252594
3.0921173, -9.370911, 0.21069336
3.078949, -9.375687, 0.20709229
3.0741577, -9.397247, 0.18315125
3.0621796, -9.39006, 0.1951294
3.0693665, -9.392456, 0.26097107
3.035843, -9.393646, 0.26815796
3.0262756, -9.385269, 0.22146606
3.0298615, -9.391251, 0.24420166
2.9747925, -9.36731, 0.331604
2.9879608, -9.361328, 0.29927063
2.9903564, -9.376892, 0.27174377
2.9795837, -9.397247, 0.3136444
3.015503, -9.384079, 0.3256073
3.0035248, -9.380478, 0.35075378
3.047821, -9.384079, 0.35673523
3.04422, -9.393646, 0.34954834
3.0573883, -9.363724, 0.39624023
3.0490112, -9.381683, 0.41778564
3.0382385, -9.339783, 0.39144897
3.0729523, -9.343369, 0.40582275
3.099289, -9.354141, 0.45489502
3.1196442, -9.375687, 0.42497253
3.1555634, -9.374496, 0.49320984
3.1399994, -9.397247, 0.51594543
3.1340027, -9.388855, 0.5063782
3.1328125, -9.325409, 0.5398865
3.142395, -9.325409, 0.52911377
3.1100616, -9.307465, 0.5482788
3.1016846, -9.315842, 0.57699585
3.1208344, -9.312241, 0.6093292
3.157959, -9.320633, 0.58299255
3.138794, -9.318237, 0.6296692
3.1399994, -9.350555, 0.6081238
3.1555634, -9.340973, 0.63327026
3.1100616, -9.334991, 0.6356659
3.1208344, -9.327805, 0.59495544
3.1363983, -9.3194275, 0.65242004
3.1292267, -9.325409, 0.64523315
3.1531677, -9.337387, 0.6691742
3.1519623, -9.308655, 0.6787567
3.1830902, -9.318237, 0.6536102
3.1567535, -9.317032, 0.6979065
3.178299, -9.305069, 0.683548
3.157959, -9.318237, 0.6584015
3.1292267, -9.366119, 0.683548
3.1759033, -9.357742, 0.6691742
3.2010498, -9.323029, 0.667984
3.197464, -9.320633, 0.6380615
3.1735077, -9.312241, 0.6799469
3.2046356, -9.315842, 0.67396545
3.197464, -9.334991, 0.6907196
3.1854858, -9.340973, 0.6691742
3.157959, -9.343369, 0.6607971
3.1411896, -9.340973, 0.62249756
3.197464, -9.355347, 0.5973511
3.2190094, -9.357742, 0.5782013
3.1555634, -9.343369, 0.5698242
3.178299, -9.366119, 0.5518646
3.1771088, -9.378082, 0.5506592
3.1854858, -9.363724, 0.5171509
3.1651306, -9.361328, 0.5087738
3.126831, -9.344574, 0.47883606
3.1004944, -9.3589325, 0.4297638
3.1256256, -9.343369, 0.42018127
3.12323, -9.339783, 0.44770813
3.0957031, -9.366119, 0.44651794
3.099289, -9.352951, 0.40940857
3.1016846, -9.362518, 0.34477234
3.0909119, -9.39006, 0.41299438
3.1016846, -9.36731, 0.3531494
3.12323, -9.343369, 0.32800293
3.0897217, -9.340973, 0.3028717
3.075348, -9.351746, 0.31004333
3.047821, -9.34697, 0.32081604
3.071762, -9.362518, 0.29328918
3.0681763, -9.34816, 0.26216125
3.055008, -9.372101, 0.3040619
3.0909119, -9.387665, 0.2813263
3.1280212, -9.372101, 0.30047607
3.1076813, -9.363724, 0.30645752
3.118454, -9.369705, 0.2741394
3.0909119, -9.345764, 0.27893066
3.0980988, -9.343369, 0.31723022
3.0957031, -9.363724, 0.29089355
3.1088715, -9.344574, 0.33638
3.099289, -9.343369, 0.3136444
3.1196442, -9.339783, 0.33039856
3.147171, -9.363724, 0.35673523
3.154358, -9.370911, 0.35913086
3.1196442, -9.364914, 0.3543396
3.1495667, -9.338577, 0.36392212
3.205841, -9.352951, 0.34954834
3.178299, -9.34816, 0.37709045
3.1890717, -9.289505, 0.33877563
3.2190094, -9.3194275, 0.37469482
3.226181, -9.327805, 0.35554504
3.2154083, -9.31105, 0.32081604
3.2429504, -9.332596, 0.31604004
3.2429504, -9.313446, 0.34835815
3.226181, -9.333801, 0.33638
3.2585144, -9.364914, 0.30645752
3.2788544, -9.382874, 0.30166626
3.2872314, -9.374496, 0.29447937
3.284851, -9.363724, 0.28251648
3.3003998, -9.376892, 0.28970337
3.2920227, -9.354141, 0.30526733
3.2920227, -9.356537, 0.252594
3.289627, -9.323029, 0.23342896
3.2824554, -9.323029, 0.26216125
3.3027954, -9.293091, 0.252594
3.2836456, -9.282318, 0.25498962
3.289627, -9.308655, 0.25378418
3.2980194, -9.324219, 0.26815796
3.3027954, -9.307465, 0.26216125
3.313568, -9.336197, 0.2561798
3.3494873, -9.32901, 0.26815796
3.3435059, -9.340973, 0.22265625
3.3435059, -9.355347, 0.26576233
3.327942, -9.324219, 0.30885315
3.3327332, -9.317032, 0.31604004
3.3578644, -9.320633, 0.30645752
3.3722382, -9.321823, 0.31723022
3.3794098, -9.332596, 0.3244171
3.344696, -9.331406, 0.36271667
3.3530731, -9.290695, 0.3866577
3.3387146, -9.303864, 0.40222168
3.327942, -9.302673, 0.41659546
3.336319, -9.282318, 0.45610046
3.3387146, -9.290695, 0.47525024
3.3470917, -9.302673, 0.48483276
3.3698425, -9.327805, 0.4728546
3.384201, -9.325409, 0.48841858
3.3327332, -9.349365, 0.43095398
3.320755, -9.334991, 0.45610046
3.3171692, -9.350555, 0.45968628
3.3099823, -9.3302, 0.46566772
3.3267365, -9.345764, 0.4297638
3.3219604, -9.36731, 0.45729065
3.3099823, -9.403229, 0.44293213
3.296814, -9.376892, 0.37709045
3.26091, -9.340973, 0.3866577
3.250122, -9.338577, 0.39982605
3.221405, -9.376892, 0.41539
3.2225952, -9.34697, 0.39144897
3.2154083, -9.384079, 0.40821838
3.2010498, -9.381683, 0.38786316
3.1675262, -9.375687, 0.36392212
3.1292267, -9.336197, 0.40940857
3.1328125, -9.325409, 0.38426208
3.0765533, -9.369705, 0.4010315
3.0561981, -9.376892, 0.4441223
3.1004944, -9.344574, 0.39624023
3.0406342, -9.333801, 0.40342712
3.02388, -9.369705, 0.47166443
2.9879608, -9.379288, 0.48841858
3.0071106, -9.387665, 0.46806335
3.031067, -9.361328, 0.49440002
3.0454254, -9.376892, 0.5087738
3.0262756, -9.404419, 0.53271484
3.0705566, -9.380478, 0.5303192
3.0657806, -9.385269, 0.60095215
3.04422, -9.39006, 0.60095215
3.0214844, -9.39006, 0.56503296
3.032257, -9.399643, 0.6188965
3.0406342, -9.388855, 0.6356659
3.015503, -9.388855, 0.6488342
3.0035248, -9.373306, 0.63446045
3.039444, -9.40802, 0.66319275
3.0526123, -9.406815, 0.6368561
3.0502167, -9.373306, 0.6392517
3.0765533, -9.337387, 0.63446045
3.0645752, -9.366119, 0.62368774
3.0765533, -9.364914, 0.6320648
3.0777435, -9.344574, 0.6476288
3.0621796, -9.344574, 0.6368561
3.0490112, -9.356537, 0.66319275
3.071762, -9.355347, 0.6655884
3.071762, -9.384079, 0.6584015
3.078949, -9.400833, 0.6548157
3.1004944, -9.440338, 0.63327026
3.1220398, -9.392456, 0.58299255
3.099289, -9.40921, 0.6105194
3.0801392, -9.415192, 0.588974
3.0538025, -9.397247, 0.5566559
3.0406342, -9.333801, 0.533905
3.0298615, -9.332596, 0.4920044
3.0382385, -9.324219, 0.51116943
3.032257, -9.3589325, 0.5171509
3.075348, -9.366119, 0.47644043
3.0980988, -9.369705, 0.47525024
3.083725, -9.376892, 0.4513092
3.1124573, -9.361328, 0.39624023
3.1064758, -9.378082, 0.3902588
3.1208344, -9.370911, 0.39505005
3.1124573, -9.36731, 0.34835815
3.0957031, -9.374496, 0.32800293
3.114853, -9.387665, 0.31723022
3.1004944, -9.366119, 0.30645752
3.0801392, -9.34697, 0.30885315
3.0705566, -9.349365, 0.27653503
3.1016846, -9.357742, 0.29808044
3.0885162, -9.3589325, 0.27293396
3.1016846, -9.338577, 0.27053833
3.138794, -9.342178, 0.25498962
3.1483765, -9.325409, 0.2741394
3.162735, -9.34697, 0.26576233
3.1280212, -9.360138, 0.27893066
3.154358, -9.363724, 0.27893066
3.154358, -9.336197, 0.23822021
3.157959, -9.351746, 0.24061584
3.186676, -9.337387, 0.2669525
3.2034454, -9.339783, 0.2849121
3.1771088, -9.325409, 0.2741394
3.20224, -9.312241, 0.2633667
3.2046356, -9.299072, 0.26455688
3.2094269, -9.297882, 0.29447937
3.2118225, -9.2799225, 0.26216125
3.2237854, -9.294296, 0.27893066
3.257309, -9.314636, 0.32321167
3.3027954, -9.294296, 0.27174377
3.2932281, -9.297882, 0.27893066
3.320755, -9.332596, 0.31723022
3.289627, -9.351746, 0.2956848
3.3387146, -9.337387, 0.3148346
3.3423004, -9.351746, 0.31124878
3.3327332, -9.313446, 0.26815796
3.3650513, -9.307465, 0.27772522
3.3303375, -9.325409, 0.2166748
3.3399048, -9.297882, 0.23703003
3.324356, -9.281128, 0.2753296
3.320755, -9.270355, 0.2741394
3.3111877, -9.253586, 0.25976562
3.3435059, -9.293091, 0.2753296
3.351883, -9.276337, 0.2669525
3.3614655, -9.303864, 0.25378418
3.3650513, -9.31105, 0.24780273
3.3351288, -9.303864, 0.21308899
3.3303375, -9.313446, 0.21907043
3.3315277, -9.345764, 0.2454071
3.3255463, -9.361328, 0.24659729
3.313568, -9.326614, 0.22026062
3.289627, -9.326614, 0.22744751
3.2752686, -9.336197, 0.23342896
3.2381592, -9.326614, 0.22865295
3.2273865, -9.301468, 0.26216125
3.2621002, -9.307465, 0.2741394
3.2345734, -9.3194275, 0.26576233
3.233368, -9.340973, 0.29447937
3.1962585, -9.343369, 0.29927063
3.1747131, -9.344574, 0.30166626
3.1986542, -9.349365, 0.3256073
3.2034454, -9.351746, 0.25378418
3.1699219, -9.381683, 0.29328918
3.1555634, -9.363724, 0.28730774
3.1495667, -9.385269, 0.26815796
3.1819, -9.385269, 0.29089355
3.1771088, -9.352951, 0.27293396
3.1531677, -9.370911, 0.31243896
3.126831, -9.338577, 0.29808044
3.1124573, -9.325409, 0.31962585
3.114853, -9.344574, 0.31962585
3.1064758, -9.343369, 0.3148346
3.1088715, -9.351746, 0.32321167
3.0813446, -9.368515, 0.3615265
3.094513, -9.366119, 0.37109375
3.094513, -9.354141, 0.36631775
3.0897217, -9.382874, 0.38905334
3.10289, -9.364914, 0.4333496
3.1244354, -9.369705, 0.45968628
3.1363983, -9.355347, 0.4584961
3.1555634, -9.361328, 0.47883606
3.138794, -9.339783, 0.50756836
3.1316223, -9.308655, 0.55426025
3.12323, -9.321823, 0.5793915
3.126831, -9.326614, 0.5973511
3.2034454, -9.299072, 0.62249756
3.197464, -9.350555, 0.6201019
3.1986542, -9.366119, 0.65242004
3.2118225, -9.400833, 0.6823425
3.2130127, -9.3984375, 0.7338257
3.2070312, -9.355347, 0.6751709
3.226181, -9.376892, 0.6368561
3.190277, -9.362518, 0.67396545
3.1842957, -9.3589325, 0.6715698
3.2130127, -9.360138, 0.683548
3.1926727, -9.342178, 0.65122986
3.1531677, -9.326614, 0.65242004
3.1555634, -9.3302, 0.6404419
3.1771088, -9.343369, 0.6260834
3.1435852, -9.321823, 0.61291504
3.1220398, -9.331406, 0.6464386
3.1411896, -9.376892, 0.6177063
3.138794, -9.379288, 0.5626373
3.1376038, -9.374496, 0.5482788
3.138794, -9.381683, 0.53630066
3.1567535, -9.423584, 0.5315094
3.1411896, -9.419983, 0.5123596
3.1220398, -9.392456, 0.5171509
3.1124573, -9.404419, 0.5231323
3.1124573, -9.384079, 0.50038147
3.0933075, -9.369705, 0.43455505
3.0502167, -9.349365, 0.4405365
3.063385, -9.363724, 0.39743042
3.039444, -9.364914, 0.40582275
3.0609894, -9.339783, 0.3722992
3.0825348, -9.342178, 0.3830719
3.0490112, -9.369705, 0.37709045
3.047821, -9.376892, 0.39265442
3.0538025, -9.385269, 0.39743042
3.0765533, -9.410416, 0.35913086
3.0585938, -9.410416, 0.37348938
3.039444, -9.399643, 0.34596252
3.0023346, -9.379288, 0.32081604
2.9891663, -9.385269, 0.33638
3.0059204, -9.388855, 0.36271667
3.0190887, -9.384079, 0.36631775
3.008316, -9.357742, 0.34477234
3.015503, -9.382874, 0.30047607
3.0538025, -9.405624, 0.36271667
3.0621796, -9.360138, 0.34117126
3.075348, -9.366119, 0.36750793
3.0466156, -9.368515, 0.39743042
3.0825348, -9.351746, 0.37709045
3.063385, -9.354141, 0.35794067
3.063385, -9.360138, 0.38905334
3.1076813, -9.373306, 0.40342712
3.10289, -9.392456, 0.43215942
3.1280212, -9.373306, 0.41778564
3.1411896, -9.352951, 0.42497253
3.1316223, -9.361328, 0.42138672
3.1411896, -9.337387, 0.4620819
3.1615448, -9.370911, 0.4524994
3.1890717, -9.338577, 0.47644043
3.1830902, -9.318237, 0.4800415
3.1950684, -9.321823, 0.4632721
3.1675262, -9.307465, 0.48841858
3.210617, -9.291901, 0.49679565
3.2357635, -9.306259, 0.48243713
3.257309, -9.307465, 0.533905
3.2836456, -9.320633, 0.5051727
3.2992096, -9.305069, 0.53630066
3.3459015, -9.283524, 0.55426025
3.3698425, -9.273941, 0.5231323
3.3698425, -9.283524, 0.5195465
3.4368744, -9.271545, 0.5602417
3.4428558, -9.273941, 0.56144714
3.4799652, -9.258377, 0.5626373
3.4883575, -9.283524, 0.53749084
3.4919434, -9.289505, 0.56144714
3.5398254, -9.278732, 0.51116943
3.5362396, -9.299072, 0.50398254
3.5015259, -9.293091, 0.5135498
3.4919434, -9.3302, 0.43693542
3.4931335, -9.34816, 0.4046173
3.4356842, -9.342178, 0.3818817
3.3973694, -9.314636, 0.3531494
3.3722382, -9.333801, 0.31604004
3.3590698, -9.372101, 0.26097107
3.2716827, -9.360138, 0.24182129
3.257309, -9.350555, 0.2166748
3.193863, -9.331406, 0.19033813
3.197464, -9.337387, 0.16281128
3.1675262, -9.338577, 0.14125061
3.1363983, -9.351746, 0.14604187
3.1076813, -9.364914, 0.099365234
3.1160583, -9.369705, 0.061050415
3.0968933, -9.350555, 0.06703186
3.0897217, -9.39006, 0.041900635
3.1160583, -9.384079, 0.06225586
3.0825348, -9.381683, 0.099365234
3.0561981, -9.385269, 0.077804565
3.0430298, -9.386475, 0.051467896
3.0274658, -9.370911, 0.06942749
3.0514069, -9.373306, 0.08859253
3.031067, -9.379288, 0.12210083
3.0502167, -9.366119, 0.14364624
3.032257, -9.357742, 0.20948792
3.0274658, -9.354141, 0.21188354
3.071762, -9.366119, 0.22146606
3.0466156, -9.372101, 0.25737
3.0071106, -9.39006, 0.28970337
3.04422, -9.415192, 0.31723022
3.063385, -9.403229, 0.3076477
3.0705566, -9.393646, 0.34117126
3.0645752, -9.455902, 0.375885
3.0693665, -9.423584, 0.36392212
3.0585938, -9.439133, 0.37469482
3.0274658, -9.40921, 0.39743042
3.04422, -9.388855, 0.47045898
3.0178986, -9.39006, 0.48602295
3.015503, -9.388855, 0.52194214
3.0334473, -9.357742, 0.54467773
3.0514069, -9.357742, 0.5901642
3.0561981, -9.342178, 0.6188965
3.0669708, -9.351746, 0.64164734
3.0909119, -9.351746, 0.70388794
3.0957031, -9.360138, 0.77212524
3.1399994, -9.373306, 0.7745209
3.1854858, -9.372101, 0.81163025
3.1567535, -9.34816, 0.8571167
3.1304169, -9.372101, 0.8271942
3.1591492, -9.382874, 0.8643036
3.1483765, -9.338577, 0.841568
3.1495667, -9.303864, 0.8535309
3.150772, -9.312241, 0.85832214
3.138794, -9.307465, 0.8714905
3.1567535, -9.312241, 0.8319855
3.1447906, -9.2883, 0.8319855
3.126831, -9.308655, 0.8379669
3.1363983, -9.299072, 0.8319855
3.162735, -9.326614, 0.81163025
3.1447906, -9.313446, 0.7912903
3.138794, -9.321823, 0.7410126
3.154358, -9.344574, 0.6943207
3.1711273, -9.350555, 0.75297546
3.1806946, -9.323029, 0.7122803
3.2046356, -9.326614, 0.6584015
3.20224, -9.331406, 0.66200256
3.1998444, -9.313446, 0.6380615
3.221405, -9.303864, 0.65122986
3.2190094, -9.303864, 0.5901642
3.2190094, -9.321823, 0.5746155
3.2082367, -9.318237, 0.5913696
3.2285767, -9.333801, 0.53630066
3.2249908, -9.315842, 0.5135498
3.2369537, -9.352951, 0.45489502
3.2405548, -9.382874, 0.46806335
3.2249908, -9.363724, 0.45489502
3.2644958, -9.361328, 0.39265442
3.2740784, -9.340973, 0.39743042
3.2561188, -9.334991, 0.37348938
3.2644958, -9.315842, 0.35194397
3.2752686, -9.3194275, 0.3651123
3.2621002, -9.337387, 0.32321167
3.265686, -9.336197, 0.33039856
3.2585144, -9.3302, 0.3148346
3.2190094, -9.3302, 0.292099
3.2513275, -9.323029, 0.2669525
3.3016052, -9.356537, 0.22505188
3.2668915, -9.379288, 0.23103333
3.3147736, -9.40921, 0.20948792
3.2477417, -9.375687, 0.24301147
3.2525177, -9.374496, 0.18554688
3.2680817, -9.381683, 0.16998291
3.245346, -9.391251, 0.17597961
3.2285767, -9.334991, 0.14724731
3.2070312, -9.340973, 0.18554688
3.2118225, -9.345764, 0.17597961
3.20224, -9.318237, 0.1663971
3.2046356, -9.327805, 0.16041565
3.1459808, -9.30986, 0.17837524
3.1459808, -9.333801, 0.18675232
3.1555634, -9.345764, 0.12808228
3.1759033, -9.334991, 0.14485168
3.178299, -9.342178, 0.17358398
3.1687317, -9.397247, 0.1771698
3.1819, -9.400833, 0.20829773
3.1675262, -9.399643, 0.23223877
3.1651306, -9.42836, 0.23703003
3.142395, -9.399643, 0.21907043
3.1340027, -9.406815, 0.2238617
3.1675262, -9.373306, 0.22865295
3.1591492, -9.373306, 0.26934814
3.1160583, -9.336197, 0.24659729
3.1376038, -9.392456, 0.23822021
3.10289, -9.351746, 0.27653503
3.0980988, -9.344574, 0.3028717
3.087326, -9.361328, 0.3076477
3.0909119, -9.380478, 0.30645752
3.111267, -9.402023, 0.3076477
3.0801392, -9.403229, 0.32202148
3.094513, -9.372101, 0.38067627
3.0729523, -9.385269, 0.3543396
3.0980988, -9.402023, 0.3471527
3.0777435, -9.40921, 0.38067627
3.0729523, -9.388855, 0.39505005
3.063385, -9.384079, 0.39505005
3.0669708, -9.415192, 0.40940857
3.0538025, -9.402023, 0.3866577
3.0741577, -9.394852, 0.4237671
3.099289, -9.391251, 0.46087646
3.1208344, -9.385269, 0.4728546
3.1172485, -9.396042, 0.4980011
3.0813446, -9.415192, 0.48362732
3.0621796, -9.411606, 0.55426025
3.055008, -9.404419, 0.5458832
3.0645752, -9.380478, 0.54467773
3.0382385, -9.424774, 0.54348755
3.0561981, -9.416397, 0.5793915
3.04422, -9.412811, 0.59376526
3.0418396, -9.434357, 0.61291504
3.0454254, -9.40802, 0.6177063
3.0262756, -9.404419, 0.5973511
3.0681763, -9.3984375, 0.64404297
3.0561981, -9.406815, 0.67037964
3.0514069, -9.397247, 0.66677856
3.0526123, -9.379288, 0.6823425
3.039444, -9.399643, 0.6979065
3.0514069, -9.374496, 0.73861694
3.0214844, -9.384079, 0.7517853
3.035843, -9.385269, 0.76135254
3.039444, -9.384079, 0.7517853
3.0526123, -9.406815, 0.8236084
3.0418396, -9.396042, 0.7805023
3.0406342, -9.416397, 0.79367065
3.0502167, -9.381683, 0.7757263
3.0178986, -9.380478, 0.7745209
3.0298615, -9.449921, 0.802063
3.0250702, -9.419983, 0.8032532
3.0071106, -9.414001, 0.78889465
3.0071106, -9.384079, 0.81163025
3.0178986, -9.394852, 0.7948761
3.0059204, -9.396042, 0.7457886
3.0334473, -9.388855, 0.7661438
3.0250702, -9.394852, 0.7565613
2.9939423, -9.370911, 0.77093506

