x : y : Z 
3.226181, -9.336197, 0.4980011
3.205841, -9.337387, 0.53749084
3.2405548, -9.336197, 0.5410919
3.2345734, -9.342178, 0.56503296
3.2321777, -9.349365, 0.5458832
3.26091, -9.314636, 0.588974
3.257309, -9.312241, 0.588974
3.2932281, -9.321823, 0.5506592
3.2860413, -9.31105, 0.55784607
3.2597046, -9.320633, 0.55784607
3.2585144, -9.3302, 0.5482788
3.2668915, -9.331406, 0.5590515
3.28125, -9.337387, 0.5458832
3.269287, -9.342178, 0.53271484
3.3040009, -9.343369, 0.5063782
3.2740784, -9.318237, 0.5422821
3.2860413, -9.338577, 0.5674286
3.3111877, -9.344574, 0.50038147
3.3411102, -9.360138, 0.47166443
3.348297, -9.375687, 0.4620819
3.2537231, -9.32901, 0.43455505
3.2046356, -9.31105, 0.42497253
3.193863, -9.299072, 0.48841858
3.1926727, -9.281128, 0.45489502
3.2381592, -9.303864, 0.46687317
3.229782, -9.3194275, 0.42616272
3.2429504, -9.301468, 0.42616272
3.2537231, -9.340973, 0.45489502
3.2309723, -9.344574, 0.42018127
3.2369537, -9.344574, 0.42018127
3.210617, -9.331406, 0.44532776
3.1747131, -9.303864, 0.42138672
3.2046356, -9.333801, 0.42497253
3.190277, -9.332596, 0.43693542
3.1795044, -9.321823, 0.3830719
3.1771088, -9.338577, 0.42138672
3.1962585, -9.345764, 0.40821838
3.1591492, -9.332596, 0.39624023
3.1376038, -9.340973, 0.42855835
3.1711273, -9.342178, 0.43693542
3.1723175, -9.331406, 0.41059875
3.1567535, -9.342178, 0.38786316
3.1555634, -9.362518, 0.39863586
3.1340027, -9.357742, 0.4237671
3.1316223, -9.368515, 0.41778564
3.162735, -9.384079, 0.43814087
3.1615448, -9.338577, 0.41539
3.1615448, -9.34816, 0.37348938
3.1615448, -9.356537, 0.42018127
3.1244354, -9.3302, 0.41419983
3.1435852, -9.300278, 0.42138672
3.1363983, -9.314636, 0.36750793
3.1004944, -9.340973, 0.37709045
3.1040802, -9.3589325, 0.35794067
3.0885162, -9.340973, 0.375885
3.0968933, -9.326614, 0.38786316
3.118454, -9.342178, 0.3722992
3.1316223, -9.345764, 0.3651123
3.1711273, -9.350555, 0.34596252
3.1926727, -9.379288, 0.30885315
3.1651306, -9.363724, 0.28970337
3.1435852, -9.343369, 0.30166626
3.1304169, -9.339783, 0.2813263
3.12323, -9.354141, 0.27893066
3.1328125, -9.332596, 0.2813263
3.142395, -9.331406, 0.25857544
3.1771088, -9.32901, 0.21548462
3.1759033, -9.305069, 0.2669525
3.1723175, -9.317032, 0.23342896
3.2034454, -9.284714, 0.22744751
3.1962585, -9.3194275, 0.27893066
3.1842957, -9.332596, 0.24182129
3.1914673, -9.302673, 0.25378418
3.2357635, -9.277527, 0.25737
3.1962585, -9.300278, 0.26097107
3.257309, -9.293091, 0.27293396
3.2992096, -9.297882, 0.30047607
3.2752686, -9.297882, 0.31962585
3.2920227, -9.323029, 0.32920837
3.313568, -9.2799225, 0.30645752
3.3411102, -9.2799225, 0.3028717
3.324356, -9.295486, 0.33758545
3.3267365, -9.261963, 0.37948608
3.3075867, -9.2883, 0.3531494
3.3183594, -9.303864, 0.38905334
3.3770142, -9.313446, 0.37709045
3.3578644, -9.300278, 0.32202148
3.3770142, -9.300278, 0.40222168
3.4093475, -9.301468, 0.3818817
3.3614655, -9.281128, 0.37828064
3.3770142, -9.303864, 0.39505005
3.368637, -9.291901, 0.43814087
3.3722382, -9.300278, 0.44891357
3.3710327, -9.299072, 0.39624023
3.3411102, -9.278732, 0.38786316
3.336319, -9.312241, 0.3938446
3.3566742, -9.291901, 0.33638
3.3566742, -9.300278, 0.37348938
3.344696, -9.343369, 0.34954834
3.3423004, -9.333801, 0.33518982
3.3016052, -9.302673, 0.28970337
3.2405548, -9.290695, 0.32321167
3.245346, -9.313446, 0.28370667
3.2644958, -9.308655, 0.26815796
3.2597046, -9.297882, 0.27772522
3.2752686, -9.297882, 0.27653503
3.257309, -9.314636, 0.26934814
3.2190094, -9.324219, 0.28012085
3.2249908, -9.323029, 0.25138855
3.1986542, -9.312241, 0.26576233
3.1842957, -9.321823, 0.2669525
3.1926727, -9.317032, 0.2561798
3.2381592, -9.331406, 0.20948792
3.2597046, -9.344574, 0.25498962
3.2716827, -9.307465, 0.23942566
3.2561188, -9.336197, 0.23703003
3.193863, -9.354141, 0.24899292
3.1795044, -9.325409, 0.20111084
3.1675262, -9.301468, 0.23223877
3.1854858, -9.303864, 0.27653503
3.2225952, -9.307465, 0.26455688
3.2237854, -9.336197, 0.27174377
3.20224, -9.327805, 0.28970337
3.248932, -9.34697, 0.22265625
3.2513275, -9.32901, 0.296875
3.2309723, -9.34697, 0.31124878
3.210617, -9.345764, 0.33758545
3.210617, -9.339783, 0.35794067
3.2094269, -9.282318, 0.3615265
3.1950684, -9.296692, 0.36032104
3.1878815, -9.31105, 0.375885
3.2249908, -9.320633, 0.39982605
3.2393494, -9.331406, 0.3866577
3.2201996, -9.339783, 0.38426208
3.2034454, -9.317032, 0.4237671
3.2070312, -9.313446, 0.4118042
3.2082367, -9.360138, 0.3830719
3.2225952, -9.344574, 0.40582275
3.2273865, -9.312241, 0.50038147
3.2190094, -9.318237, 0.43814087
3.2190094, -9.339783, 0.4405365
3.2285767, -9.324219, 0.47045898
3.2429504, -9.302673, 0.49440002
3.248932, -9.324219, 0.47525024
3.2429504, -9.305069, 0.5195465
3.2632904, -9.26915, 0.5207367
3.2597046, -9.293091, 0.50756836
3.248932, -9.315842, 0.5195465
3.324356, -9.331406, 0.4800415
3.3027954, -9.331406, 0.44770813
3.2788544, -9.351746, 0.4908142
3.2932281, -9.318237, 0.47764587
3.2704773, -9.293091, 0.51594543
3.2621002, -9.34697, 0.46806335
3.2764587, -9.354141, 0.42018127
3.2405548, -9.350555, 0.41659546
3.2788544, -9.361328, 0.4513092
3.2549133, -9.336197, 0.4237671
3.2381592, -9.340973, 0.43455505
3.2369537, -9.349365, 0.3902588
3.1914673, -9.325409, 0.36750793
3.1806946, -9.351746, 0.38426208
3.1998444, -9.362518, 0.3256073
3.1675262, -9.361328, 0.28370667
3.157959, -9.3589325, 0.3256073
3.162735, -9.356537, 0.32321167
3.1603394, -9.344574, 0.31962585
3.162735, -9.338577, 0.2813263
3.150772, -9.36731, 0.27893066
3.154358, -9.384079, 0.2669525
3.1280212, -9.343369, 0.2454071
3.1328125, -9.350555, 0.27653503
3.1160583, -9.34697, 0.23942566
3.1447906, -9.355347, 0.24420166
3.1376038, -9.349365, 0.23103333
3.1555634, -9.331406, 0.19273376
3.1220398, -9.318237, 0.20111084
3.138794, -9.363724, 0.20231628
3.1316223, -9.368515, 0.16520691
3.1172485, -9.320633, 0.2166748
3.1639404, -9.321823, 0.23103333
3.1495667, -9.349365, 0.16400146
3.1447906, -9.375687, 0.20709229
3.1376038, -9.366119, 0.19392395
3.138794, -9.333801, 0.18435669
3.1555634, -9.339783, 0.21069336
3.1759033, -9.363724, 0.19992065
3.1842957, -9.336197, 0.19752502
3.1675262, -9.318237, 0.25019836
3.1986542, -9.32901, 0.23342896
3.193863, -9.336197, 0.23822021
3.210617, -9.350555, 0.23582458
3.1890717, -9.334991, 0.26216125
3.210617, -9.315842, 0.2849121
3.2070312, -9.327805, 0.25857544
3.1854858, -9.320633, 0.29089355
3.2046356, -9.307465, 0.27772522
3.229782, -9.306259, 0.296875
3.2321777, -9.326614, 0.32321167
3.2441406, -9.318237, 0.35554504
3.2369537, -9.318237, 0.35673523
3.2525177, -9.338577, 0.34117126
3.28125, -9.32901, 0.3818817
3.272873, -9.305069, 0.39505005
3.2872314, -9.312241, 0.38905334
3.288437, -9.3194275, 0.41299438
3.2788544, -9.340973, 0.39743042
3.2860413, -9.313446, 0.4046173
3.2680817, -9.297882, 0.3830719
3.2704773, -9.314636, 0.39144897
3.26091, -9.314636, 0.41778564
3.2716827, -9.293091, 0.45370483
3.26091, -9.299072, 0.42736816
3.2932281, -9.303864, 0.4189911
3.265686, -9.300278, 0.41539
3.2621002, -9.3194275, 0.44532776
3.2525177, -9.340973, 0.4740448
3.248932, -9.336197, 0.45610046
3.257309, -9.339783, 0.4441223
3.2716827, -9.321823, 0.43693542
3.250122, -9.337387, 0.44532776
3.217804, -9.339783, 0.44891357
3.2513275, -9.3194275, 0.43574524
3.2070312, -9.318237, 0.4297638
3.1759033, -9.317032, 0.46566772
3.2070312, -9.307465, 0.45489502
3.2130127, -9.272736, 0.45370483
3.205841, -9.326614, 0.47525024
3.2309723, -9.326614, 0.45010376
3.1675262, -9.302673, 0.42497253
3.1723175, -9.32901, 0.4513092
3.2034454, -9.340973, 0.4620819
3.1986542, -9.349365, 0.42616272
3.193863, -9.3194275, 0.41539
3.197464, -9.34816, 0.47764587
3.2118225, -9.345764, 0.4046173
3.2237854, -9.337387, 0.43574524
3.257309, -9.339783, 0.46447754
3.2249908, -9.334991, 0.41659546
3.2166138, -9.334991, 0.43693542
3.2680817, -9.343369, 0.43814087
3.2237854, -9.320633, 0.44293213
3.217804, -9.302673, 0.44172668
3.233368, -9.307465, 0.4237671
3.2130127, -9.287109, 0.3866577
3.2166138, -9.272736, 0.39505005
3.2441406, -9.326614, 0.4189911
3.245346, -9.314636, 0.43693542
3.217804, -9.314636, 0.38905334
3.2190094, -9.332596, 0.36750793
3.2477417, -9.343369, 0.37109375
3.2273865, -9.366119, 0.38426208
3.245346, -9.381683, 0.39982605
3.2118225, -9.375687, 0.42736816
3.2465363, -9.340973, 0.4010315
3.245346, -9.342178, 0.36392212
3.2465363, -9.3302, 0.36750793
3.272873, -9.318237, 0.39863586
3.2992096, -9.289505, 0.37709045
3.28125, -9.307465, 0.3435669
3.2704773, -9.289505, 0.3256073
3.3040009, -9.282318, 0.34954834
3.312378, -9.315842, 0.39505005
3.2860413, -9.318237, 0.39743042
3.2932281, -9.325409, 0.35075378
3.3003998, -9.331406, 0.3615265
3.3027954, -9.331406, 0.3615265
3.2992096, -9.314636, 0.3423767
3.3183594, -9.300278, 0.3938446
3.327942, -9.314636, 0.3615265
3.3075867, -9.331406, 0.331604
3.3040009, -9.314636, 0.35554504
3.2956238, -9.327805, 0.33518982
3.2908325, -9.331406, 0.38546753
3.2956238, -9.299072, 0.37948608
3.2908325, -9.314636, 0.3543396
3.2824554, -9.26796, 0.3471527
3.265686, -9.302673, 0.33877563
3.26091, -9.300278, 0.35673523
3.296814, -9.302673, 0.31604004
3.2788544, -9.305069, 0.3423767
3.2680817, -9.302673, 0.36871338
3.250122, -9.302673, 0.3423767
3.250122, -9.295486, 0.34954834
3.2465363, -9.301468, 0.32920837
3.2429504, -9.3194275, 0.3471527
3.28125, -9.315842, 0.34477234
3.2752686, -9.287109, 0.36392212
3.2142181, -9.301468, 0.33398438
3.2752686, -9.291901, 0.32920837
3.2644958, -9.287109, 0.31604004
3.2585144, -9.295486, 0.33398438
3.2836456, -9.2799225, 0.31124878
3.2680817, -9.296692, 0.32681274
3.2561188, -9.325409, 0.31962585
3.257309, -9.332596, 0.30645752
3.2752686, -9.305069, 0.3148346
3.308792, -9.317032, 0.296875
3.3111877, -9.2883, 0.32920837
3.2860413, -9.30986, 0.31843567
3.2549133, -9.308655, 0.26455688
3.2860413, -9.294296, 0.28849792
3.2956238, -9.276337, 0.28970337
3.2800598, -9.305069, 0.2633667
3.2740784, -9.283524, 0.292099
3.2668915, -9.2595825, 0.25019836
3.296814, -9.295486, 0.2238617
3.2932281, -9.32901, 0.252594
3.288437, -9.331406, 0.24301147
3.3003998, -9.303864, 0.18196106
3.2920227, -9.315842, 0.22026062
3.2944183, -9.321823, 0.16400146
3.3027954, -9.307465, 0.15441895
3.2788544, -9.314636, 0.14006042
3.257309, -9.313446, 0.1376648
3.26091, -9.349365, 0.13526917
3.2597046, -9.315842, 0.16520691
3.2597046, -9.334991, 0.10295105
3.269287, -9.325409, 0.113723755
3.2249908, -9.30986, 0.075424194
3.2345734, -9.297882, 0.046691895
3.2237854, -9.312241, 0.06703186
3.2166138, -9.326614, 0.09336853
3.2070312, -9.313446, 0.09576416
3.1759033, -9.32901, 0.08140564
3.166336, -9.336197, 0.094573975
3.1699219, -9.323029, 0.07421875
3.154358, -9.338577, 0.0861969
3.1340027, -9.34816, 0.0861969
3.1759033, -9.351746, 0.075424194
3.1495667, -9.340973, 0.1376648
3.1256256, -9.317032, 0.14125061
3.1519623, -9.325409, 0.17118835
3.1699219, -9.352951, 0.16160583
3.1040802, -9.340973, 0.18315125
3.1208344, -9.370911, 0.15562439
3.1064758, -9.36731, 0.19154358
3.147171, -9.34816, 0.20829773
3.1411896, -9.307465, 0.21188354
3.1399994, -9.338577, 0.22265625
3.1280212, -9.345764, 0.27772522
3.126831, -9.342178, 0.29089355
3.154358, -9.334991, 0.27053833
3.1352081, -9.317032, 0.28251648
3.1687317, -9.345764, 0.31124878
3.1399994, -9.343369, 0.3256073
3.1376038, -9.295486, 0.32081604
3.1747131, -9.344574, 0.3423767
3.1795044, -9.317032, 0.33998108
3.1771088, -9.320633, 0.36871338
3.186676, -9.307465, 0.39624023
3.1914673, -9.312241, 0.39144897
3.2201996, -9.321823, 0.35075378
3.229782, -9.315842, 0.41659546
3.2273865, -9.313446, 0.44172668
3.2537231, -9.32901, 0.4118042
3.284851, -9.285904, 0.41299438
3.28125, -9.289505, 0.41778564
3.2561188, -9.314636, 0.4405365
3.2321777, -9.294296, 0.45010376
3.2597046, -9.2643585, 0.44770813
3.2549133, -9.283524, 0.46566772
3.2764587, -9.289505, 0.44770813
3.2764587, -9.306259, 0.48960876
3.3040009, -9.318237, 0.4692688
3.324356, -9.308655, 0.47045898
3.327942, -9.296692, 0.4584961
3.3327332, -9.300278, 0.44532776
3.327942, -9.289505, 0.4692688
3.3315277, -9.306259, 0.45610046
3.3159637, -9.281128, 0.4441223
3.3339233, -9.272736, 0.4297638
3.336319, -9.290695, 0.4046173
3.3423004, -9.2883, 0.44770813
3.3327332, -9.278732, 0.44651794
3.3806152, -9.278732, 0.3866577
3.3554688, -9.294296, 0.3651123
3.375824, -9.296692, 0.35554504
3.4021606, -9.278732, 0.4010315
3.3770142, -9.260773, 0.4118042
3.375824, -9.285904, 0.35673523
3.384201, -9.296692, 0.3244171
3.408142, -9.281128, 0.34596252
3.4177246, -9.265564, 0.3028717
3.406952, -9.297882, 0.31243896
3.3782196, -9.296692, 0.3040619
3.3746338, -9.302673, 0.27772522
3.3770142, -9.31105, 0.26455688
3.3961792, -9.320633, 0.2669525
3.3530731, -9.324219, 0.27293396
3.3506927, -9.284714, 0.21069336
3.3267365, -9.299072, 0.21069336
3.348297, -9.300278, 0.2238617
3.336319, -9.299072, 0.22026062
3.3016052, -9.299072, 0.20709229
3.3351288, -9.345764, 0.17956543
3.305191, -9.307465, 0.17837524
3.2956238, -9.315842, 0.20709229
3.257309, -9.303864, 0.1304779
3.3040009, -9.338577, 0.17358398
3.2776642, -9.323029, 0.17477417
3.221405, -9.339783, 0.18554688
3.2800598, -9.332596, 0.17956543
3.250122, -9.325409, 0.18675232
3.2237854, -9.350555, 0.18675232
3.2094269, -9.34697, 0.17477417
3.1926727, -9.333801, 0.15562439
3.1962585, -9.343369, 0.18675232
3.2082367, -9.32901, 0.19752502
3.1878815, -9.323029, 0.16281128
3.1962585, -9.349365, 0.19752502
3.1986542, -9.334991, 0.22865295
3.142395, -9.336197, 0.19154358
3.1483765, -9.338577, 0.14964294
3.1639404, -9.337387, 0.21548462
3.1699219, -9.339783, 0.25378418
3.178299, -9.388855, 0.2669525
3.1363983, -9.342178, 0.2633667
3.1687317, -9.337387, 0.28730774
3.1555634, -9.336197, 0.25378418
3.1340027, -9.354141, 0.27772522
3.1244354, -9.313446, 0.3256073
3.1292267, -9.306259, 0.32681274
3.1256256, -9.327805, 0.28970337
3.150772, -9.338577, 0.28251648
3.111267, -9.340973, 0.3615265
3.087326, -9.325409, 0.3435669
3.1495667, -9.352951, 0.3543396
3.1459808, -9.344574, 0.33758545
3.1603394, -9.3589325, 0.37469482
3.166336, -9.354141, 0.4118042
3.1531677, -9.342178, 0.39982605
3.1531677, -9.307465, 0.38786316
3.1615448, -9.318237, 0.4513092
3.157959, -9.314636, 0.43814087
3.150772, -9.312241, 0.36750793
3.157959, -9.275131, 0.4010315
3.1687317, -9.285904, 0.4333496
3.2082367, -9.318237, 0.40940857
3.210617, -9.320633, 0.4584961
3.2429504, -9.325409, 0.44293213
3.2668915, -9.317032, 0.45370483
3.2740784, -9.303864, 0.4620819
3.2872314, -9.327805, 0.46447754
3.3195648, -9.324219, 0.4632721
3.2752686, -9.300278, 0.44532776
3.2716827, -9.284714, 0.42138672
3.2597046, -9.285904, 0.47644043
3.3063965, -9.315842, 0.4692688
3.3435059, -9.294296, 0.46566772
3.3387146, -9.287109, 0.43933105
3.3231506, -9.276337, 0.4010315
3.344696, -9.301468, 0.3902588
3.320755, -9.321823, 0.38067627
3.2836456, -9.315842, 0.3818817
3.284851, -9.321823, 0.37948608
3.3327332, -9.337387, 0.36871338
3.3099823, -9.340973, 0.3902588
3.3171692, -9.299072, 0.38426208
3.3040009, -9.326614, 0.37469482
3.3075867, -9.3194275, 0.2956848
3.336319, -9.297882, 0.31962585
3.320755, -9.287109, 0.32202148
3.3171692, -9.307465, 0.28012085
3.3159637, -9.313446, 0.2633667
3.3195648, -9.297882, 0.2633667
3.3255463, -9.300278, 0.25498962
3.2908325, -9.283524, 0.27653503
3.3063965, -9.297882, 0.25138855
3.312378, -9.291901, 0.20350647
3.3003998, -9.305069, 0.21786499
3.2860413, -9.31105, 0.252594
3.320755, -9.296692, 0.2238617
3.312378, -9.277527, 0.20231628
3.3111877, -9.30986, 0.1951294
3.3099823, -9.300278, 0.19871521
3.3075867, -9.308655, 0.17237854
3.2860413, -9.296692, 0.22026062
3.2740784, -9.301468, 0.19273376
3.288437, -9.287109, 0.21308899
3.3027954, -9.297882, 0.2238617
3.3375244, -9.318237, 0.23942566
3.2956238, -9.308655, 0.22505188
3.2860413, -9.324219, 0.26216125
3.257309, -9.302673, 0.2454071
3.289627, -9.3194275, 0.22265625
3.2932281, -9.299072, 0.21308899
3.2836456, -9.299072, 0.24659729
3.2740784, -9.3194275, 0.2454071
3.2585144, -9.302673, 0.31604004
3.2716827, -9.293091, 0.3256073
3.2441406, -9.295486, 0.28849792
3.2680817, -9.334991, 0.30047607
3.2321777, -9.313446, 0.27293396
3.2381592, -9.307465, 0.34477234
3.2285767, -9.299072, 0.33998108
3.250122, -9.3302, 0.3028717
3.248932, -9.34816, 0.33039856
3.241745, -9.289505, 0.33998108
3.233368, -9.317032, 0.33877563
3.2034454, -9.339783, 0.34835815
3.2201996, -9.295486, 0.2956848
3.1962585, -9.289505, 0.33039856
3.205841, -9.343369, 0.36032104
3.2046356, -9.34697, 0.35673523
3.2130127, -9.303864, 0.3136444
3.2070312, -9.287109, 0.33638
3.2010498, -9.314636, 0.35673523
3.2190094, -9.342178, 0.33877563
3.2225952, -9.301468, 0.36990356
3.2381592, -9.31105, 0.37469482
3.2585144, -9.301468, 0.3435669
3.2369537, -9.289505, 0.3651123
3.229782, -9.307465, 0.3818817
3.2393494, -9.308655, 0.37469482
3.26091, -9.307465, 0.3615265
3.2381592, -9.276337, 0.38426208
3.2357635, -9.300278, 0.35554504
3.2824554, -9.317032, 0.35673523
3.272873, -9.305069, 0.4046173
3.2429504, -9.299072, 0.39265442
3.2824554, -9.296692, 0.36032104
3.2800598, -9.315842, 0.35075378
3.2920227, -9.32901, 0.38426208
3.2920227, -9.315842, 0.40821838
3.2908325, -9.318237, 0.4046173
3.2764587, -9.334991, 0.3651123
3.2944183, -9.320633, 0.36392212
3.2920227, -9.302673, 0.375885
3.305191, -9.290695, 0.3902588
3.3075867, -9.317032, 0.39982605
3.3195648, -9.321823, 0.37348938
3.3387146, -9.332596, 0.3830719
3.3099823, -9.3302, 0.35794067
3.3040009, -9.281128, 0.33758545
3.324356, -9.276337, 0.35913086
3.308792, -9.314636, 0.3722992
3.3063965, -9.317032, 0.35554504
3.3351288, -9.299072, 0.37469482
3.308792, -9.295486, 0.36032104
3.313568, -9.305069, 0.3543396
3.3219604, -9.2883, 0.3244171
3.3027954, -9.305069, 0.33758545
3.3027954, -9.299072, 0.33638
3.3063965, -9.325409, 0.29808044
3.3255463, -9.297882, 0.32081604
3.3003998, -9.294296, 0.31962585
3.3171692, -9.317032, 0.33877563
3.2920227, -9.297882, 0.292099
3.3147736, -9.324219, 0.2956848
3.3147736, -9.302673, 0.28370667
3.3195648, -9.323029, 0.2813263
3.2908325, -9.327805, 0.28251648
3.2644958, -9.307465, 0.27772522
3.2716827, -9.296692, 0.24899292
3.269287, -9.302673, 0.25019836
3.2537231, -9.293091, 0.26216125
3.2357635, -9.317032, 0.24659729
3.2537231, -9.307465, 0.23223877
3.2154083, -9.299072, 0.24659729
3.2154083, -9.320633, 0.21069336
3.190277, -9.3194275, 0.25498962
3.1962585, -9.2799225, 0.24659729
3.1998444, -9.283524, 0.21069336
3.2070312, -9.326614, 0.23822021
3.2309723, -9.302673, 0.23342896
3.26091, -9.294296, 0.23103333
3.2429504, -9.302673, 0.26815796
3.2309723, -9.314636, 0.27772522
3.226181, -9.287109, 0.26815796
3.2369537, -9.297882, 0.31843567
3.2549133, -9.265564, 0.2956848
3.241745, -9.290695, 0.3040619
3.28125, -9.291901, 0.31124878
3.2908325, -9.30986, 0.3028717
3.324356, -9.301468, 0.33758545
3.3016052, -9.2799225, 0.3244171
3.3351288, -9.307465, 0.3040619
3.3147736, -9.287109, 0.28251648
3.2824554, -9.294296, 0.3028717
3.3016052, -9.296692, 0.31604004
3.3171692, -9.272736, 0.34477234
3.3375244, -9.271545, 0.33998108
3.3003998, -9.281128, 0.26455688
3.320755, -9.26796, 0.3076477
3.3494873, -9.270355, 0.29328918
3.3339233, -9.31105, 0.31243896
3.3470917, -9.299072, 0.33398438
3.3566742, -9.306259, 0.30645752
3.3722382, -9.324219, 0.27653503
3.3494873, -9.303864, 0.30166626
3.336319, -9.312241, 0.32081604
3.3159637, -9.339783, 0.292099
3.284851, -9.313446, 0.3040619
3.305191, -9.277527, 0.28012085
3.2992096, -9.2799225, 0.26576233
3.2872314, -9.283524, 0.25019836
3.2668915, -9.2883, 0.25378418
3.3003998, -9.290695, 0.22865295
3.2644958, -9.3194275, 0.25378418
3.2561188, -9.334991, 0.25019836
3.265686, -9.356537, 0.26815796
3.2525177, -9.360138, 0.21069336
3.2381592, -9.354141, 0.21786499
3.2752686, -9.356537, 0.2346344
3.2405548, -9.317032, 0.21427917
3.2249908, -9.294296, 0.22505188
3.2273865, -9.295486, 0.2059021
3.2094269, -9.293091, 0.21427917
3.1830902, -9.273941, 0.19154358
3.190277, -9.283524, 0.20709229
3.1830902, -9.2799225, 0.25498962
3.1687317, -9.287109, 0.2059021
3.217804, -9.295486, 0.22625732
3.2118225, -9.317032, 0.18554688
3.2154083, -9.321823, 0.16520691
3.2525177, -9.325409, 0.22026062
3.2357635, -9.323029, 0.25498962
3.205841, -9.291901, 0.2166748
3.1998444, -9.333801, 0.21069336
3.162735, -9.331406, 0.22026062
3.1723175, -9.307465, 0.22505188
3.2166138, -9.299072, 0.26576233
3.2130127, -9.294296, 0.23103333
3.2190094, -9.281128, 0.24899292
3.2369537, -9.285904, 0.25019836
3.2525177, -9.265564, 0.2861023
3.2680817, -9.236832, 0.30526733
3.2644958, -9.222458, 0.31843567
3.229782, -9.218872, 0.296875
3.2477417, -9.226059, 0.296875
3.2704773, -9.200912, 0.31004333
3.2716827, -9.196121, 0.34117126
3.284851, -9.226059, 0.3543396
3.3327332, -9.241623, 0.33758545
3.3470917, -9.266754, 0.3722992
3.368637, -9.285904, 0.39624023
3.3650513, -9.276337, 0.37828064
3.3806152, -9.285904, 0.40222168
3.4093475, -9.31105, 0.39982605
3.4261017, -9.303864, 0.43574524
3.4440613, -9.248795, 0.4189911
3.463211, -9.2248535, 0.4333496
3.4344788, -9.217682, 0.4513092
3.4560242, -9.228455, 0.42497253
3.4165192, -9.193741, 0.45610046
3.4584198, -9.187744, 0.4333496
3.487152, -9.217682, 0.47525024
3.4715881, -9.223663, 0.44172668
3.5158844, -9.221268, 0.4405365
3.4847565, -9.202118, 0.4405365
3.5039215, -9.19014, 0.45610046
3.5242615, -9.233246, 0.44891357
3.51828, -9.204514, 0.45729065
3.5362396, -9.212891, 0.41539
3.545807, -9.228455, 0.4189911
3.5505981, -9.266754, 0.3902588
3.5565796, -9.252396, 0.39265442
3.5637665, -9.208099, 0.41059875
3.5601807, -9.221268, 0.38905334
3.5757446, -9.245209, 0.33638
3.569748, -9.257187, 0.34596252
3.5541992, -9.253586, 0.30166626
3.5505981, -9.263168, 0.29089355
3.573349, -9.289505, 0.3040619
3.5637665, -9.244019, 0.23942566
3.5565796, -9.212891, 0.25378418
3.5386353, -9.199722, 0.24301147
3.5110931, -9.208099, 0.19631958
3.5015259, -9.192535, 0.2238617
3.51828, -9.17099, 0.19273376
3.4883575, -9.126694, 0.15802002
3.4811707, -9.136276, 0.12928772
3.4715881, -9.137466, 0.13526917
3.463211, -9.143463, 0.12449646
3.4979248, -9.127899, 0.09576416
3.526657, -9.161407, 0.07421875
3.5446167, -9.1698, 0.061050415
3.5446167, -9.1698, 0.053863525
3.581726, -9.198517, 0.051467896
3.5960846, -9.254791, 0.05027771
3.581726, -9.244019, 0.025146484
3.5625763, -9.233246, -0.039505005
3.5434113, -9.25119, -0.0023956299
3.526657, -9.258377, 0.0047912598
3.5518036, -9.265564, -0.05027771
3.5134888, -9.271545, -0.06703186
3.5170898, -9.282318, -0.044296265
3.4979248, -9.302673, -0.02154541
3.487152, -9.294296, -0.03352356
3.4883575, -9.323029, -0.058654785
3.485962, -9.355347, -0.03591919
3.4907532, -9.369705, -0.017959595
3.4691925, -9.39006, -0.011978149
3.4667969, -9.378082, 0.0059814453
3.4584198, -9.357742, 0.010772705
3.415329, -9.372101, 0.020355225
3.4021606, -9.362518, 0.04309082
3.4189148, -9.361328, 0.07421875
3.4249115, -9.332596, 0.082595825
3.3961792, -9.336197, 0.044296265
3.3459015, -9.393646, 0.049087524
3.344696, -9.343369, 0.077804565
3.3099823, -9.290695, 0.08140564
3.2860413, -9.278732, 0.10534668
3.2513275, -9.287109, 0.11013794
3.2142181, -9.287109, 0.106536865
3.205841, -9.265564, 0.14485168
3.1759033, -9.265564, 0.15681458
3.162735, -9.2883, 0.10774231
3.1806946, -9.284714, 0.12928772
3.1914673, -9.300278, 0.12928772
3.1280212, -9.323029, 0.15322876
3.1340027, -9.344574, 0.20111084
3.1376038, -9.382874, 0.16758728
3.1519623, -9.404419, 0.20948792
3.150772, -9.376892, 0.2059021
3.1292267, -9.391251, 0.2166748
3.1363983, -9.393646, 0.23942566
3.12323, -9.369705, 0.26934814
3.0897217, -9.374496, 0.27053833
3.0741577, -9.357742, 0.28012085
3.111267, -9.352951, 0.28849792
3.0980988, -9.339783, 0.31243896
3.083725, -9.324219, 0.31604004
3.0825348, -9.299072, 0.36631775
3.0705566, -9.314636, 0.37948608
3.071762, -9.297882, 0.32920837
3.0693665, -9.303864, 0.33877563
3.0825348, -9.305069, 0.39624023
3.0849304, -9.3194275, 0.40701294
3.1040802, -9.302673, 0.38546753
3.0801392, -9.303864, 0.39863586
3.1399994, -9.326614, 0.4297638
3.1292267, -9.313446, 0.42497253
3.1639404, -9.313446, 0.43095398
3.154358, -9.296692, 0.44651794
3.1842957, -9.301468, 0.4812317
3.190277, -9.323029, 0.47166443
3.1651306, -9.277527, 0.49560547
3.1819, -9.253586, 0.51475525
3.2237854, -9.26796, 0.45370483
3.2321777, -9.2643585, 0.44651794
3.265686, -9.26915, 0.4740448
3.2776642, -9.287109, 0.4728546
3.2920227, -9.285904, 0.509964
3.324356, -9.290695, 0.5027771
3.3506927, -9.255981, 0.49440002
3.3411102, -9.263168, 0.48602295
3.3734283, -9.257187, 0.48960876
3.4105377, -9.25, 0.4620819
3.4273071, -9.25, 0.42736816
3.4404755, -9.245209, 0.43095398
3.4524384, -9.23085, 0.4728546
3.4488525, -9.2404175, 0.45489502
3.4835663, -9.252396, 0.39982605
3.5015259, -9.193741, 0.3818817
3.5051117, -9.20929, 0.375885
3.4967346, -9.203308, 0.36631775
3.5134888, -9.178177, 0.3423767
3.5170898, -9.192535, 0.34596252
3.5589752, -9.205704, 0.32920837
3.5829163, -9.200912, 0.2861023
3.585312, -9.214081, 0.31004333
3.5793304, -9.223663, 0.23582458
3.5913086, -9.211685, 0.19033813
3.6068573, -9.2200775, 0.16758728
3.605667, -9.223663, 0.14964294
3.59729, -9.239227, 0.0861969
3.6140442, -9.26915, 0.063446045
3.585312, -9.236832, 0.032318115
3.604477, -9.260773, -0.011978149
3.5913086, -9.221268, -0.0035858154
3.5757446, -9.226059, -0.051467896
3.5901031, -9.246414, -0.08380127
3.5553894, -9.228455, -0.104141235
3.542221, -9.226059, -0.12689209
3.5194702, -9.205704, -0.1592102
3.541031, -9.212891, -0.17477417
3.5003204, -9.223663, -0.19273376
3.5075073, -9.216476, -0.18315125
3.5015259, -9.223663, -0.20709229
3.4991302, -9.216476, -0.20231628
3.478775, -9.247604, -0.22265625
3.4895477, -9.212891, -0.18914795
3.4536285, -9.23204, -0.22146606
3.4560242, -9.223663, -0.20829773
3.4608154, -9.221268, -0.15562439
3.4428558, -9.23204, -0.14485168
3.4608154, -9.229645, -0.13887024
3.408142, -9.197327, -0.08380127
3.446457, -9.204514, -0.092178345
3.4524384, -9.2200775, -0.04788208
3.4512482, -9.202118, -0.03591919
3.4296875, -9.235626, 0.020355225
3.4452515, -9.261963, 0.046691895
3.4727936, -9.228455, 0.05506897
3.478775, -9.226059, 0.089782715
3.4907532, -9.266754, 0.13887024
3.4368744, -9.252396, 0.14485168
3.4261017, -9.229645, 0.18914795
3.4416656, -9.2200775, 0.22146606
3.3985748, -9.205704, 0.23822021
3.3782196, -9.236832, 0.2166748
3.4021606, -9.26915, 0.25737
3.4093475, -9.253586, 0.29447937
3.3794098, -9.26796, 0.3028717
3.4189148, -9.2883, 0.28730774
3.4009705, -9.248795, 0.34477234
3.368637, -9.26915, 0.3615265
3.3542786, -9.248795, 0.3651123
3.3865967, -9.294296, 0.3543396
3.3530731, -9.338577, 0.36032104
3.3698425, -9.290695, 0.34117126
3.3494873, -9.293091, 0.36631775
3.36026, -9.291901, 0.38786316
3.3566742, -9.3194275, 0.37709045
3.3698425, -9.326614, 0.37828064
3.375824, -9.32901, 0.39505005
3.351883, -9.3302, 0.39265442
3.3530731, -9.318237, 0.37948608
3.3040009, -9.293091, 0.3866577
3.2860413, -9.277527, 0.37109375
3.2716827, -9.284714, 0.39505005
3.26091, -9.277527, 0.36392212
3.248932, -9.265564, 0.37828064
3.2118225, -9.290695, 0.38546753
3.2513275, -9.285904, 0.37709045
3.2166138, -9.3194275, 0.3423767
3.2190094, -9.320633, 0.37109375
3.2190094, -9.317032, 0.34835815
3.205841, -9.337387, 0.331604
3.2094269, -9.331406, 0.31723022
3.1447906, -9.314636, 0.31243896
3.162735, -9.291901, 0.3244171
3.1854858, -9.317032, 0.3136444
3.166336, -9.32901, 0.28012085
3.1675262, -9.34816, 0.30166626
3.1567535, -9.339783, 0.2956848
3.150772, -9.30986, 0.3028717
3.162735, -9.318237, 0.26815796
3.1483765, -9.307465, 0.23822021
3.1352081, -9.3302, 0.32202148
3.1316223, -9.325409, 0.29089355
3.1328125, -9.333801, 0.2861023
3.1328125, -9.300278, 0.26815796
3.1244354, -9.32901, 0.2956848
3.1280212, -9.30986, 0.30166626
3.1459808, -9.297882, 0.29808044
3.147171, -9.320633, 0.24420166
3.1352081, -9.31105, 0.26216125
3.1771088, -9.302673, 0.2741394
3.1675262, -9.3302, 0.26934814
3.1531677, -9.307465, 0.27053833
3.1699219, -9.308655, 0.27053833
3.1555634, -9.314636, 0.26216125
3.186676, -9.312241, 0.26455688
3.2034454, -9.318237, 0.26097107
3.2309723, -9.296692, 0.2454071
3.2429504, -9.300278, 0.23822021
3.2537231, -9.294296, 0.21786499
3.2429504, -9.283524, 0.23342896
3.2860413, -9.295486, 0.21069336
3.3267365, -9.271545, 0.22744751
3.3183594, -9.2883, 0.23223877
3.351883, -9.273941, 0.23103333
3.3806152, -9.303864, 0.20350647
3.4165192, -9.321823, 0.24061584
3.4320831, -9.273941, 0.22026062
3.3973694, -9.266754, 0.21427917
3.4296875, -9.260773, 0.20469666
3.4273071, -9.25, 0.19154358
3.391388, -9.246414, 0.23223877
3.3973694, -9.234436, 0.2166748
3.4129333, -9.276337, 0.15083313
3.4739838, -9.26796, 0.14485168
3.4584198, -9.26915, 0.17837524
3.4751892, -9.26915, 0.12210083
3.4835663, -9.273941, 0.15441895
3.4799652, -9.265564, 0.116119385
3.470398, -9.271545, 0.08380127
3.4596252, -9.26796, 0.12808228
3.4691925, -9.284714, 0.0909729
3.4656067, -9.245209, 0.087387085
3.463211, -9.242813, 0.07421875
3.4835663, -9.245209, 0.06703186
3.4608154, -9.206909, 0.046691895
3.4895477, -9.211685, 0.041900635
3.4644165, -9.226059, 0.029922485
3.454834, -9.238022, 0.03591919
3.4907532, -9.253586, 0.049087524
3.4931335, -9.246414, 0.046691895
3.4895477, -9.2404175, 0.058654785
3.4991302, -9.246414, 0.084991455
3.4835663, -9.272736, 0.12210083
3.4667969, -9.26915, 0.108932495
3.4320831, -9.276337, 0.12689209
3.43927, -9.278732, 0.111328125
3.4356842, -9.26796, 0.1257019
3.4225159, -9.244019, 0.12689209
3.4105377, -9.277527, 0.11253357
3.4057465, -9.270355, 0.1304779
3.3626556, -9.265564, 0.1879425
3.3889923, -9.270355, 0.13168335
3.3459015, -9.246414, 0.19154358
3.313568, -9.2883, 0.16758728
3.329132, -9.271545, 0.14485168
3.3411102, -9.284714, 0.18075562
3.329132, -9.263168, 0.17837524
3.3111877, -9.282318, 0.1951294
3.3003998, -9.306259, 0.18554688
3.2441406, -9.289505, 0.23582458
3.2944183, -9.294296, 0.27772522
3.2776642, -9.296692, 0.24301147
3.2621002, -9.321823, 0.2238617
3.248932, -9.31105, 0.28730774
3.2920227, -9.300278, 0.296875
3.2381592, -9.2799225, 0.2861023
3.2393494, -9.283524, 0.31004333
3.2537231, -9.283524, 0.33998108
3.2201996, -9.282318, 0.3435669
3.2249908, -9.315842, 0.3531494
3.2393494, -9.30986, 0.36750793
3.221405, -9.308655, 0.35194397
3.217804, -9.294296, 0.36990356
3.2321777, -9.295486, 0.40222168
3.229782, -9.297882, 0.4046173
3.2441406, -9.320633, 0.40342712
3.226181, -9.282318, 0.41419983
3.221405, -9.293091, 0.39144897
3.190277, -9.315842, 0.42497253
3.229782, -9.296692, 0.40701294
3.217804, -9.312241, 0.43215942
3.229782, -9.291901, 0.4225769
3.217804, -9.294296, 0.41299438
3.265686, -9.293091, 0.4333496
3.2908325, -9.296692, 0.44532776
3.2824554, -9.270355, 0.44532776
3.229782, -9.273941, 0.4441223
3.269287, -9.26796, 0.4513092
3.272873, -9.271545, 0.44172668
3.2680817, -9.26915, 0.47525024
3.320755, -9.252396, 0.4189911
3.36026, -9.284714, 0.39144897
3.3506927, -9.294296, 0.40940857
3.3710327, -9.307465, 0.40821838
3.3566742, -9.2883, 0.40222168
3.3734283, -9.302673, 0.3902588
3.3638458, -9.265564, 0.36990356
3.3770142, -9.273941, 0.33877563
3.3746338, -9.2883, 0.32800293
3.4057465, -9.270355, 0.30047607
3.3973694, -9.265564, 0.26455688
3.3734283, -9.257187, 0.23822021
3.329132, -9.212891, 0.2454071
3.3267365, -9.221268, 0.21427917
3.3003998, -9.235626, 0.18914795
3.3554688, -9.255981, 0.20111084
3.3770142, -9.221268, 0.20350647
3.3710327, -9.242813, 0.19154358
3.3590698, -9.2595825, 0.1951294
3.3698425, -9.244019, 0.24301147
3.3638458, -9.294296, 0.19033813
3.3351288, -9.30986, 0.17358398
3.3578644, -9.287109, 0.17477417
3.3925781, -9.255981, 0.19033813
3.3662415, -9.3302, 0.20829773
3.3878021, -9.3194275, 0.19631958
3.3878021, -9.301468, 0.20111084
3.368637, -9.26915, 0.14964294
3.3327332, -9.236832, 0.17477417
3.2860413, -9.228455, 0.20231628
3.28125, -9.160217, 0.20350647
3.265686, -9.174576, 0.20111084
3.2704773, -9.1805725, 0.18914795
3.2752686, -9.187744, 0.18196106
3.2992096, -9.216476, 0.18196106
3.329132, -9.2248535, 0.19273376
3.3267365, -9.254791, 0.14245605
3.3159637, -9.26796, 0.17837524
3.3530731, -9.282318, 0.20469666
3.3195648, -9.282318, 0.20231628
3.3530731, -9.301468, 0.20231628
3.3375244, -9.299072, 0.20948792
3.3267365, -9.291901, 0.21188354
3.3375244, -9.276337, 0.25737
3.2980194, -9.273941, 0.2861023
3.3159637, -9.285904, 0.25498962
3.36026, -9.283524, 0.2753296
3.3506927, -9.285904, 0.25378418
3.3231506, -9.296692, 0.2813263
3.284851, -9.305069, 0.296875
3.312378, -9.315842, 0.31124878
3.2764587, -9.31105, 0.31004333
3.265686, -9.301468, 0.28970337
3.257309, -9.305069, 0.3471527
3.257309, -9.320633, 0.32321167
3.2477417, -9.34816, 0.29089355
3.2429504, -9.3302, 0.31124878
3.2357635, -9.336197, 0.32681274
3.2525177, -9.355347, 0.296875
3.2824554, -9.345764, 0.32800293
3.320755, -9.344574, 0.3244171
3.296814, -9.364914, 0.35075378
3.3027954, -9.327805, 0.34954834
3.3099823, -9.30986, 0.3136444
3.2465363, -9.2883, 0.3028717
3.2477417, -9.242813, 0.30645752
3.2034454, -9.215286, 0.32800293
3.1699219, -9.206909, 0.28849792
3.1615448, -9.216476, 0.2813263
3.1304169, -9.233246, 0.29927063
3.1376038, -9.239227, 0.2849121
3.1495667, -9.281128, 0.26455688
3.1795044, -9.314636, 0.2741394
3.1878815, -9.327805, 0.28251648
3.241745, -9.340973, 0.29808044
3.2788544, -9.339783, 0.26455688
3.2465363, -9.327805, 0.2561798
3.2429504, -9.349365, 0.26097107
3.257309, -9.31105, 0.26216125
3.2752686, -9.317032, 0.30645752
3.28125, -9.317032, 0.296875
3.269287, -9.308655, 0.26934814
3.2369537, -9.282318, 0.26934814
3.2345734, -9.265564, 0.2956848
3.2764587, -9.283524, 0.3136444
3.3003998, -9.321823, 0.3040619
3.2764587, -9.340973, 0.28730774
3.2465363, -9.340973, 0.2561798
3.3003998, -9.342178, 0.26576233
3.3111877, -9.366119, 0.28251648
3.313568, -9.40921, 0.25737
3.313568, -9.373306, 0.28730774
3.3315277, -9.345764, 0.26815796
3.3423004, -9.34816, 0.2633667
3.3351288, -9.317032, 0.2633667
3.313568, -9.312241, 0.27293396
3.2980194, -9.315842, 0.24420166
3.288437, -9.266754, 0.2813263
3.3387146, -9.23204, 0.2849121
3.3435059, -9.252396, 0.2861023
3.3614655, -9.252396, 0.31004333
3.3878021, -9.248795, 0.31004333
3.415329, -9.2643585, 0.30526733
3.4261017, -9.273941, 0.32321167
3.4045563, -9.265564, 0.3818817
3.4452515, -9.226059, 0.36392212
3.399765, -9.244019, 0.37469482
3.4189148, -9.239227, 0.40940857
3.4404755, -9.265564, 0.39265442
3.4440613, -9.283524, 0.44293213
3.4261017, -9.297882, 0.42855835
3.4656067, -9.278732, 0.39505005
3.463211, -9.281128, 0.41419983
3.4715881, -9.277527, 0.40940857
3.4380798, -9.217682, 0.40701294
3.3530731, -9.131485, 0.39863586
3.2285767, -8.930374, 0.4225769
3.1411896, -8.799881, 0.41419983
3.0861206, -8.792709, 0.41059875
3.157959, -8.990234, 0.40940857
3.2704773, -9.271545, 0.43693542
3.3794098, -9.544479, 0.43455505
3.5314484, -9.767151, 0.39863586
3.6415863, -9.906006, 0.40821838
3.7289734, -9.888046, 0.30166626
3.7636871, -9.773132, 0.30645752
3.7780457, -9.5564575, 0.2956848
3.7696686, -9.253586, 0.27293396
3.7253723, -8.990234, 0.28012085
3.6667175, -8.789108, 0.25498962
3.6786957, -8.655045, 0.25976562
3.6906586, -8.567657, 0.1879425
3.707428, -8.607162, 0.14604187
3.75531, -8.698135, 0.1197052
3.8235474, -8.904037, 0.04069519
3.8822021, -9.143463, 0.02154541
3.925293, -9.331406, 0.0059814453
3.9899445, -9.513367, -0.077804565
3.9863434, -9.628281, -0.16160583
4.0234528, -9.698914, -0.21188354
3.949234, -9.652222, -0.28370667
3.8259277, -9.56842, -0.31843567
3.6942596, -9.4379425, -0.3327942
3.557785, -9.307465, -0.36392212
3.4009705, -9.161407, -0.33039856
3.2776642, -9.130295, -0.25378418
3.241745, -9.106354, -0.25019836
3.150772, -9.103958, -0.20231628
3.1196442, -9.125504, -0.099365234
3.147171, -9.149445, -0.09576416
3.150772, -9.193741, -0.06942749
3.1830902, -9.271545, -0.027526855
3.2010498, -9.375687, -0.03591919
3.1795044, -9.42598, -0.0071868896
3.178299, -9.467865, 0.03112793
3.1220398, -9.479843, -0.049087524
3.0502167, -9.458298, -0.01675415
2.9712067, -9.441528, 0.0
2.9077606, -9.418793, -0.020355225
2.8826141, -9.411606, -0.013168335
2.8550873, -9.362518, 0.0047912598
2.8096008, -9.323029, 0.0011901855
2.8000183, -9.294296, 0.061050415
2.8275452, -9.25, 0.18554688
2.8371277, -9.266754, 0.22984314
2.8467102, -9.294296, 0.27893066
2.8802185, -9.307465, 0.28370667
2.9077606, -9.323029, 0.30645752
2.9472656, -9.323029, 0.36631775
2.9652252, -9.338577, 0.38786316
2.956833, -9.337387, 0.39144897
2.9723969, -9.320633, 0.39863586
2.9723969, -9.339783, 0.42616272
2.9819794, -9.362518, 0.44651794
2.991562, -9.366119, 0.47644043
3.0274658, -9.356537, 0.4620819
3.0406342, -9.360138, 0.4740448
3.0131073, -9.350555, 0.51594543
3.0382385, -9.343369, 0.56503296
3.032257, -9.36731, 0.5410919
2.9987335, -9.321823, 0.5482788
3.0370483, -9.276337, 0.61291504
3.039444, -9.278732, 0.5961609
3.0071106, -9.242813, 0.5746155
3.0430298, -9.226059, 0.62368774
3.032257, -9.2595825, 0.62727356
3.0406342, -9.289505, 0.67037964
3.0657806, -9.25, 0.6584015
3.0466156, -9.283524, 0.6751709
3.0693665, -9.302673, 0.6979065
3.0729523, -9.355347, 0.73143005
3.0885162, -9.345764, 0.70150757
3.0909119, -9.352951, 0.6943207
3.0107117, -9.361328, 0.7158661
3.032257, -9.369705, 0.65242004
3.0142975, -9.3589325, 0.65242004
2.9939423, -9.374496, 0.6392517
3.020279, -9.393646, 0.683548
3.0406342, -9.381683, 0.65960693
3.0466156, -9.343369, 0.65600586
3.0609894, -9.360138, 0.68833923
3.0765533, -9.334991, 0.72424316
3.0897217, -9.324219, 0.72424316
3.162735, -9.34697, 0.72784424
3.1699219, -9.305069, 0.77212524
3.2429504, -9.299072, 0.76016235
3.296814, -9.318237, 0.81762695
3.3650513, -9.307465, 0.90859985
3.4225159, -9.3194275, 0.8666992
3.4775848, -9.323029, 0.8666992
3.5589752, -9.373306, 0.86790466
3.605667, -9.361328, 0.8954315
3.628418, -9.405624, 0.89064026
3.6810913, -9.366119, 0.88705444
3.6846771, -9.379288, 0.90979004
3.7098083, -9.36731, 0.87268066
3.727768, -9.332596, 0.85832214
3.7241821, -9.317032, 0.8343811
3.6846771, -9.294296, 0.841568
3.6990356, -9.278732, 0.86190796
3.7110138, -9.300278, 0.7876892
3.7014313, -9.385269, 0.76374817
3.7241821, -9.518143, 0.72184753
3.715805, -9.606735, 0.65122986
3.700241, -9.519348, 0.60095215
3.7385406, -9.291901, 0.533905
3.6894684, -9.088394, 0.47764587
3.683487, -8.966278, 0.43455505
3.6571503, -8.902832, 0.32681274
3.5901031, -8.886078, 0.25976562
3.5398254, -8.918396, 0.17956543
3.5051117, -9.051285, 0.12808228
3.4799652, -9.165009, 0.099365234
3.4404755, -9.296692, 0.09576416
3.5374298, -9.433151, 0.022750854
3.569748, -9.539703, 0.0035858154
3.6379852, -9.595963, -0.080200195
3.6667175, -9.623489, -0.15203857
3.6822815, -9.62709, -0.2059021
3.6188354, -9.534912, -0.20231628
3.5051117, -9.399643, -0.23822021
3.3949738, -9.270355, -0.2059021
3.272873, -9.218872, -0.17837524
3.142395, -9.096771, -0.2166748
3.083725, -9.051285, -0.21308899
3.0585938, -9.050079, -0.19392395
3.035843, -9.096771, -0.15802002
3.031067, -9.155426, -0.14125061
3.1160583, -9.23085, -0.13407898
3.1495667, -9.301468, -0.082595825
3.142395, -9.364914, -0.020355225
3.1926727, -9.396042, 0.011978149
3.2345734, -9.40802, 0.049087524
3.2094269, -9.460693, 0.12689209
3.162735, -9.430756, 0.15203857
3.1591492, -9.412811, 0.22984314
3.178299, -9.403229, 0.2849121
3.1483765, -9.396042, 0.3256073
3.1854858, -9.36731, 0.36871338
3.1459808, -9.343369, 0.43814087
3.166336, -9.391251, 0.43933105
3.226181, -9.392456, 0.4333496
3.2644958, -9.368515, 0.4297638
3.2704773, -9.370911, 0.45610046
3.2668915, -9.400833, 0.47764587
3.2285767, -9.423584, 0.44532776
3.2477417, -9.424774, 0.4620819
3.2561188, -9.471466, 0.48243713
3.2010498, -9.470261, 0.4908142
3.178299, -9.451111, 0.4632721
3.1914673, -9.475052, 0.46687317
3.1555634, -9.519348, 0.4441223
3.1531677, -9.563644, 0.41539
3.138794, -9.555252, 0.4524994
3.138794, -9.551666, 0.4740448
3.1196442, -9.550476, 0.50756836
3.055008, -9.546875, 0.46687317
3.015503, -9.508575, 0.4740448
2.9855652, -9.453506, 0.4692688
2.9065552, -9.439133, 0.46447754
2.8155823, -9.357742, 0.45610046
2.7772675, -9.344574, 0.51834106
2.7222137, -9.327805, 0.533905
2.699463, -9.248795, 0.49919128
2.6874847, -9.227249, 0.4728546
2.6623535, -9.200912, 0.5087738
2.6707306, -9.18895, 0.5422821
2.6910858, -9.17218, 0.5626373
2.723404, -9.229645, 0.55426025
2.7461548, -9.253586, 0.63087463
2.747345, -9.263168, 0.68473816
2.7904358, -9.245209, 0.6691742
2.8335419, -9.277527, 0.72784424
2.8550873, -9.271545, 0.78289795
2.8646698, -9.2883, 0.77212524
2.917328, -9.276337, 0.802063
2.9005737, -9.2643585, 0.8738861
2.929306, -9.253586, 0.90859985
2.952057, -9.265564, 0.9181824
2.9795837, -9.223663, 0.94929504
3.0107117, -9.200912, 0.9636688
3.035843, -9.198517, 0.96006775
3.0585938, -9.179367, 1.0115509
3.1376038, -9.192535, 0.9720459
3.1830902, -9.1698, 0.98880005
3.2321777, -9.168594, 0.9732361
3.3195648, -9.149445, 0.98402405
3.3626556, -9.144653, 0.9864044
3.3650513, -9.119507, 0.9217682
3.4021606, -9.09079, 0.91937256
3.4320831, -9.036911, 0.841568
3.4093475, -8.95311, 0.7553711
3.43927, -8.881287, 0.68115234
3.5039215, -8.838196, 0.64404297
3.5637665, -8.805878, 0.61531067
3.7026367, -8.77475, 0.5805969
3.8486786, -8.813049, 0.60214233
3.9899445, -8.868118, 0.64164734
4.0773315, -8.923187, 0.7050934
4.107254, -8.960297, 0.762558
4.100067, -8.935165, 0.7302246
3.9863434, -8.902832, 0.73262024
3.9516296, -8.844177, 0.7170563
3.9504395, -8.783127, 0.6607971
3.9516296, -8.724472, 0.62727356
3.9779663, -8.702927, 0.53630066
4.0928802, -8.6909485, 0.44172668
4.2113953, -8.67659, 0.3136444
4.34787, -8.692154, 0.18554688
4.510681, -8.724472, 0.058654785
4.6986237, -8.767563, -0.051467896
4.905716, -8.823837, -0.02633667
5.0589447, -8.884888, 0.03112793
5.1295776, -8.925583, 0.11730957
5.154709, -8.912415, 0.20231628
5.1846466, -8.881287, 0.36392212
5.190628, -8.811859, 0.41659546
5.1223907, -8.71489, 0.4920044
5.099655, -8.621521, 0.6081238
5.134369, -8.53653, 0.5973511
5.146332, -8.489838, 0.51116943
5.183441, -8.467087, 0.40582275
5.2600555, -8.49942, 0.296875
5.331894, -8.577225, 0.24420166
5.400116, -8.659821, 0.24061584
5.4922943, -8.75679, 0.23822021
5.5473633, -8.859741, 0.2861023
5.5126495, -8.966278, 0.36032104
5.4575806, -9.045288, 0.4524994
5.3749847, -9.147049, 0.5817871
5.2552795, -9.263168, 0.66200256
5.110428, -9.321823, 0.7445984
4.938034, -9.324219, 0.79248047
4.7740326, -9.3194275, 0.82958984
4.596863, -9.296692, 0.8343811
4.4807434, -9.261963, 0.8643036
4.3670197, -9.227249, 0.964859
4.2916107, -9.178177, 1.0845795
4.222168, -9.1853485, 1.1671753
4.138382, -9.129089, 1.2258301
4.027054, -9.070435, 1.2761078
3.9193115, -9.03093, 1.3144226
3.8809967, -9.038116, 1.3072357
3.818756, -9.036911, 1.3299866
3.791214, -9.080017, 1.3503265
3.815155, -9.132675, 1.3778687
3.7660828, -9.18895, 1.3946228
3.7852325, -9.20929, 1.3347626
3.8091736, -9.2799225, 1.3431396
3.8534698, -9.30986, 1.3215942
3.925293, -9.344574, 1.296463
3.949234, -9.324219, 1.3156128
3.9815521, -9.342178, 1.3215942
4.019867, -9.332596, 1.3168182
4.0222626, -9.323029, 1.2988586
4.0414124, -9.2595825, 1.3132172
4.060562, -9.229645, 1.2749176
4.0497894, -9.178177, 1.2066803
3.973175, -9.081207, 1.0510559
3.8881836, -8.977066, 0.86190796
3.815155, -8.900452, 0.6392517
3.8163605, -8.840591, 0.39505005
3.8690338, -8.803482, 0.029922485
4.01268, -8.819046, -0.31723022
4.174286, -8.889664, -0.69311523
4.3347015, -8.896851, -0.9145813
4.4532166, -8.968674, -0.9720459
4.478348, -8.973465, -0.89782715
4.5202484, -8.8489685, -0.79008484
4.4532166, -8.821442, -0.6368561
4.352661, -8.732849, -0.39982605
4.2389374, -8.626312, -0.21069336
4.059372, -8.547302, 0.03591919
3.8798065, -8.450333, 0.26455688
3.7217865, -8.35936, 0.5051727
3.564972, -8.28154, 0.6572113
3.4296875, -8.252808, 0.81044006
3.3111877, -8.279144, 0.9421234
3.2154083, -8.289917, 1.0247192
3.1292267, -8.348587, 1.1671753
3.0047302, -8.415619, 1.3060303
2.9317017, -8.408432, 1.406601
2.8491058, -8.455124, 1.5598297
2.779663, -8.511383, 1.7010803
2.774887, -8.601166, 1.8040314
2.810791, -8.712494, 1.8758545
2.8622742, -8.8094635, 2.0458527
2.9819794, -8.906433, 2.0745697
3.0681763, -8.999802, 2.1164703
3.1687317, -9.059662, 2.1416168
3.2309723, -9.096771, 2.1487885
3.2740784, -9.130295, 2.158371
3.3195648, -9.102753, 2.1811218
3.3147736, -9.044098, 2.1356354
3.3399048, -9.0225525, 2.0961304
3.3423004, -8.959106, 2.0458527
3.3937836, -8.91481, 1.9536743
3.3722382, -8.871719, 1.8435364
3.375824, -8.810669, 1.7214355
3.3794098, -8.757996, 1.6388245
3.3722382, -8.743622, 1.5358734
3.4225159, -8.693344, 1.4053955
3.509903, -8.73764, 1.3012543
3.573349, -8.765167, 1.217453
3.6475677, -8.792709, 1.1132965
3.731369, -8.857346, 1.0091553
3.770874, -8.938751, 0.95887756
3.810379, -8.969879, 0.8894501
3.894165, -9.051285, 0.87628174
3.909729, -9.103958, 0.8523407
3.9827576, -9.181763, 0.86790466
4.1048584, -9.30986, 0.7852936
4.1718903, -9.42717, 0.73262024
4.2473145, -9.485825, 0.7146759
4.261673, -9.478638, 0.6572113
4.356247, -9.419983, 0.5877838
4.418503, -9.355347, 0.58657837
4.491516, -9.234436, 0.51116943
4.6112366, -9.168594, 0.5626373
4.739319, -9.082397, 0.5315094
4.890152, -9.028534, 0.48841858
5.0338135, -9.003403, 0.45489502
5.206192, -9.020157, 0.35194397
5.4492035, -9.0225525, 0.24182129
5.693405, -9.016571, 0.14604187
5.89093, -9.026138, 0.041900635
6.0549316, -9.041702, -0.02633667
6.2273254, -9.026138, -0.15203857
6.3266754, -8.9674835, -0.17837524
6.4176636, -8.889664, -0.25857544
6.4056854, -8.722076, -0.33638
6.30632, -8.553284, -0.32800293
6.1734467, -8.407242, -0.30645752
5.905304, -8.2599945, -0.15802002
5.6622925, -8.146271, 0.01914978
5.431244, -8.092407, 0.19871521
5.2600555, -8.080429, 0.35673523
5.0888824, -8.087616, 0.56503296
4.9404297, -8.152252, 0.72184753
4.7860107, -8.245636, 0.7841034
4.6435547, -8.370132, 0.8307953
4.5202484, -8.489838, 0.9684601
4.395752, -8.566452, 1.0474701
4.256897, -8.637085, 1.1911163
4.194641, -8.768768, 1.3215942
4.1204224, -8.820236, 1.4760284
4.009094, -8.833405, 1.6555939
3.9073334, -8.846573, 1.7741089
3.8247375, -8.863342, 1.9153595
3.727768, -8.823837, 1.9979553
3.6822815, -8.789108, 2.063797
3.6343994, -8.708908, 2.1236572
3.581726, -8.634689, 2.1715393
3.6116486, -8.621521, 2.190689
3.643982, -8.603561, 2.252945
3.6296082, -8.576035, 2.276886
3.7050323, -8.603561, 2.2002716
3.7205963, -8.65744, 2.1392212
3.743332, -8.67659, 2.0207062
3.7636871, -8.702927, 1.8866272
3.7505188, -8.763977, 1.821991
3.7900238, -8.822632, 1.727417
3.7984009, -8.869324, 1.632843
3.8043823, -8.925583, 1.5550385
3.8355103, -8.944733, 1.4915924
3.858261, -8.963898, 1.4437103
3.8283234, -8.917206, 1.4293365
3.8678284, -8.865723, 1.4245453
3.85466, -8.807068, 1.3431396
3.8822021, -8.790314, 1.2976532
3.902542, -8.791504, 1.2689209
3.9815521, -8.826218, 1.256958
4.021057, -8.828613, 1.2617493
4.102463, -8.890869, 1.1456299
4.218582, -8.900452, 1.1240845
4.282028, -8.985443, 1.0738068
4.418503, -9.096771, 1.0654144
4.491516, -9.162613, 1.0366821
4.5561676, -9.283524, 0.99479675
4.68425, -9.397247, 0.95887756
4.768051, -9.475052, 0.9540863
4.8219147, -9.52533, 0.9397278
4.8638153, -9.569626, 0.9468994
4.8327026, -9.581589, 0.9133911
4.7895966, -9.5325165, 0.9169769
4.7177734, -9.447525, 0.8451538
4.6220093, -9.34816, 0.7541809
4.526245, -9.248795, 0.7733307
4.4208984, -9.17218, 0.76374817
4.3574524, -9.103958, 0.7086792
4.2832336, -9.03212, 0.683548
4.2545013, -9.003403, 0.63327026
4.201828, -8.920792, 0.6380615
4.2149963, -8.87291, 0.57580566
4.253296, -8.85495, 0.549469
4.320343, -8.795105, 0.4800415
4.3586426, -8.759186, 0.4297638
4.378998, -8.713699, 0.3543396
4.450821, -8.653839, 0.26455688
4.4448395, -8.644272, 0.15322876
4.4699707, -8.611938, 0.09815979
4.4687805, -8.593994, 0.015563965
4.478348, -8.621521, -0.010772705
4.474762, -8.576035, 0.020355225
4.438843, -8.553284, -0.01675415
4.4089203, -8.577225, 0.03831482
4.3538513, -8.577225, 0.13647461
4.299988, -8.61554, 0.25138855
4.2473145, -8.646652, 0.3028717
4.2245636, -8.668213, 0.38905334
4.205414, -8.719681, 0.48362732
4.1671143, -8.777145, 0.5901642
4.1276093, -8.832214, 0.64404297
4.0821075, -8.860947, 0.79367065
4.084503, -8.908829, 0.87986755
4.0725403, -8.950729, 1.043869
4.0545807, -8.984238, 1.1875305
4.086899, -9.01297, 1.3156128
4.114441, -9.078812, 1.4437103
4.1527405, -9.133881, 1.6053162
4.1802826, -9.163803, 1.6974945
4.165909, -9.19014, 1.7681122
4.1647186, -9.2200775, 1.8554993
4.1491547, -9.217682, 1.8531189
4.1443634, -9.228455, 1.8195953
4.162323, -9.248795, 1.8195953
4.16951, -9.233246, 1.7369995
4.165909, -9.206909, 1.6711578
4.162323, -9.199722, 1.5969391
4.1515503, -9.15303, 1.4927826
4.155136, -9.085999, 1.395813
4.1683044, -9.064453, 1.3419495
4.139572, -9.01178, 1.2473755
4.138382, -8.956711, 1.233017
4.1323853, -8.907623, 1.1791382
4.1204224, -8.832214, 1.1025238
4.114441, -8.801086, 1.1085205
4.114441, -8.763977, 1.0941467
4.1096497, -8.743622, 1.0007782
4.1132355, -8.711304, 0.9468994
4.1168365, -8.762772, 0.91578674
4.084503, -8.760391, 0.9217682
4.0857086, -8.779541, 0.91218567
4.068939, -8.766373, 0.9313507
4.0905, -8.790314, 0.9744415
4.1060486, -8.791504, 0.9935913
4.1012726, -8.784332, 1.0582428
4.0857086, -8.790314, 1.0785828
4.0928802, -8.799881, 1.154007
4.0881042, -8.768768, 1.2641449
4.0785217, -8.759186, 1.256958
4.0545807, -8.749603, 1.3467407
3.9875488, -8.717285, 1.3850403
3.997116, -8.723267, 1.4173737
3.9863434, -8.688553, 1.5322876
3.9767761, -8.656235, 1.5454559
3.9480438, -8.640671, 1.5478516
3.9624023, -8.623917, 1.5765839
3.9707794, -8.5915985, 1.5969391
3.949234, -8.535324, 1.6412201
3.9217072, -8.51738, 1.6831207
3.940857, -8.550888, 1.6974945
3.9468384, -8.544907, 1.6771393
4.027054, -8.574829, 1.6974945
4.064163, -8.582016, 1.6771393
4.1276093, -8.617935, 1.6531982
4.1766815, -8.701721, 1.6531982
4.2197876, -8.754395, 1.6220703
4.2365417, -8.8094635, 1.5957336
4.244919, -8.846573, 1.5047607
4.2545013, -8.910019, 1.4484863
4.2509003, -8.918396, 1.454483
4.284424, -8.938751, 1.3862457
4.3143463, -8.960297, 1.3610992
4.337097, -8.987839, 1.3287811
4.3658295, -8.962692, 1.3084259
4.447235, -8.942337, 1.2773132
4.4568024, -8.963898, 1.280899
4.491516, -8.917206, 1.2090759
4.574127, -8.874115, 1.1599884
4.593277, -8.85495, 1.1707611
4.649536, -8.87291, 1.0498505
4.7165833, -8.87291, 0.9720459
4.7692566, -8.898056, 0.9421234
4.7800293, -8.880096, 0.87028503
4.82312, -8.892059, 0.8247986
4.815933, -8.884888, 0.76374817
4.7776337, -8.911224, 0.70988464
4.7333374, -8.887283, 0.70988464
4.7165833, -8.889664, 0.6775665
4.649536, -8.874115, 0.61650085
4.5920715, -8.85495, 0.58418274
4.529831, -8.857346, 0.57580566
4.4615936, -8.815445, 0.5686188
4.4364624, -8.802277, 0.64164734
4.3861847, -8.792709, 0.68833923
4.3849792, -8.810669, 0.7110748
4.3430786, -8.840591, 0.8152313
4.3191376, -8.870514, 0.9313507
4.339493, -8.889664, 1.06781
4.3335114, -8.911224, 1.2114716
4.337097, -8.900452, 1.2940674
4.3275146, -8.910019, 1.4209595
4.3454742, -8.938751, 1.4808197
4.34787, -8.935165, 1.5466614
4.371811, -8.939957, 1.6101074
4.4568024, -8.91481, 1.6436157
4.481949, -8.87291, 1.6519928
4.5166626, -8.863342, 1.6316528
4.552582, -8.839386, 1.5993195
4.5681305, -8.808273, 1.5682068
4.596863, -8.757996, 1.5598297
4.610031, -8.719681, 1.498764
4.6627045, -8.702927, 1.4652557
4.6902466, -8.661026, 1.4341278
4.689041, -8.646652, 1.4377136
4.7105865, -8.649048, 1.4042053
4.7417145, -8.629898, 1.3431396
4.7417145, -8.634689, 1.3682861
4.759674, -8.620331, 1.3694763
4.7812195, -8.639481, 1.3479309
4.82312, -8.656235, 1.327591
4.8291016, -8.689758, 1.335968
4.8243103, -8.719681, 1.3311768
4.826706, -8.718491, 1.3180084
4.818329, -8.746017, 1.3180084
4.8255157, -8.798691, 1.2928619
4.811142, -8.811859, 1.3419495
4.7931976, -8.791504, 1.3108215
4.7812195, -8.796295, 1.2856903
4.7560883, -8.808273, 1.3108215
4.718979, -8.790314, 1.3383636
4.711792, -8.778336, 1.375473
4.672287, -8.754395, 1.3048401
4.6375732, -8.743622, 1.3227997
4.625595, -8.705322, 1.3850403
4.608841, -8.684967, 1.367096
4.5956726, -8.638275, 1.3694763
4.5669403, -8.634689, 1.3850403
4.5956726, -8.626312, 1.4101868
4.617218, -8.590393, 1.4089813
4.6387634, -8.589203, 1.454483
4.6423645, -8.526947, 1.493988
4.6112366, -8.508987, 1.4640503
4.624405, -8.464706, 1.4975739
4.6663055, -8.443146, 1.5071564
4.687851, -8.429977, 1.5083466
4.6902466, -8.389282, 1.5442657
4.708191, -8.406036, 1.577774
4.687851, -8.410828, 1.624466
4.7249603, -8.40126, 1.6364441
4.727356, -8.416809, 1.6651611
4.7345276, -8.446747, 1.6938934
4.7297516, -8.455124, 1.7310028
4.736923, -8.45752, 1.7597351
4.696228, -8.508987, 1.8004456
4.7105865, -8.480255, 1.8399506
4.6902466, -8.498215, 1.8818359
4.712982, -8.501816, 1.8674774
4.6854553, -8.492233, 1.8734589
4.6674957, -8.494629, 1.940506
4.639969, -8.463501, 1.9177551
4.6710815, -8.43837, 1.9033966
4.6830597, -8.441956, 1.8986053
4.653137, -8.453934, 1.8578949
4.6950226, -8.431183, 1.8722687
4.68425, -8.410828, 1.8626862
4.704605, -8.449142, 1.8171997
4.770447, -8.4335785, 1.8160095
4.7931976, -8.455124, 1.7489624
4.831497, -8.4730835, 1.7142487
4.835083, -8.495819, 1.6938934
4.874588, -8.487442, 1.624466
4.912903, -8.49942, 1.608902
4.910507, -8.511383, 1.5706024
4.9224854, -8.53772, 1.5478516
4.909317, -8.547302, 1.474823
4.90213, -8.504211, 1.4820099
4.9272614, -8.53653, 1.435318
4.893753, -8.538925, 1.411377
4.8614197, -8.540115, 1.4042053
4.849457, -8.526947, 1.3287811
4.7692566, -8.516174, 1.3742676
4.7536926, -8.538925, 1.375473
4.7165833, -8.523361, 1.395813
4.7058105, -8.51976, 1.3826447
4.7261505, -8.528152, 1.3838501
4.718979, -8.561661, 1.3647003
4.718979, -8.573639, 1.3994141
4.6950226, -8.565262, 1.4233551
4.66391, -8.613144, 1.4209595
4.687851, -8.601166, 1.3814545
4.6770782, -8.625107, 1.3443451
4.68425, -8.652649, 1.3922272
4.6471405, -8.629898, 1.4449005
4.6196136, -8.590393, 1.4365234
4.636368, -8.59877, 1.4568787
4.613632, -8.599976, 1.4772186
4.6064453, -8.566452, 1.4616547
4.5908813, -8.558075, 1.470047
4.6040497, -8.541321, 1.4664459
4.600464, -8.558075, 1.450882
4.632782, -8.564056, 1.4341278
4.653137, -8.586807, 1.4652557
4.689041, -8.587997, 1.4808197
4.708191, -8.601166, 1.5274963
4.7213593, -8.592789, 1.553833
4.754883, -8.639481, 1.5861511
4.723755, -8.61673, 1.5622101
4.7489014, -8.571243, 1.5502472
4.708191, -8.570038, 1.6017151
4.704605, -8.566452, 1.6388245
4.7022095, -8.528152, 1.6340485
4.718979, -8.495819, 1.6831207
4.711792, -8.50061, 1.6340485
4.711792, -8.474274, 1.6340485
4.7500916, -8.45752, 1.6017151
4.728546, -8.468292, 1.593338
4.7560883, -8.4730835, 1.5957336
4.7860107, -8.45752, 1.6005249
4.76326, -8.464706, 1.6112976
4.759674, -8.465897, 1.5741882
4.799179, -8.538925, 1.5765839
4.782425, -8.574829, 1.5945435
4.7979736, -8.535324, 1.6017151
4.847061, -8.543701, 1.6220703
4.8482513, -8.577225, 1.6376343
4.874588, -8.543701, 1.6124878
4.8614197, -8.508987, 1.6077118
4.854248, -8.477875, 1.5885468
4.845871, -8.470688, 1.6412201
4.8638153, -8.485046, 1.6280518
4.8793793, -8.469482, 1.6759338
4.8925476, -8.446747, 1.6472168
4.9045258, -8.444351, 1.6220703
4.888962, -8.451538, 1.617279
4.914093, -8.476669, 1.5753784
4.9009247, -8.497025, 1.572998
4.873398, -8.470688, 1.5801697
4.826706, -8.459915, 1.6017151
4.833893, -8.493423, 1.6005249
4.8171387, -8.479065, 1.6448212
4.8171387, -8.45752, 1.6687622
4.8039703, -8.470688, 1.6663666
4.783615, -8.482651, 1.6783295
4.790802, -8.43956, 1.7393951
4.76326, -8.388092, 1.742981
4.778824, -8.400055, 1.7609406
4.770447, -8.382095, 1.751358
4.8410797, -8.404846, 1.7453766
4.871002, -8.419205, 1.7800903
4.854248, -8.388092, 1.7549438
4.8650208, -8.383301, 1.7657166
4.8243103, -8.402451, 1.7393951
4.871002, -8.404846, 1.7381897
4.8638153, -8.419205, 1.7489624
4.866211, -8.440765, 1.727417
4.850647, -8.451538, 1.7046661
4.8255157, -8.4335785, 1.6962891
4.818329, -8.402451, 1.6783295
4.8123474, -8.455124, 1.6843262
4.799179, -8.453934, 1.7190399
4.791992, -8.467087, 1.6938934
4.815933, -8.444351, 1.7357941
4.7967834, -8.425201, 1.7884674
4.766861, -8.445541, 1.7765045
4.7800293, -8.42041, 1.7645264
4.7848053, -8.467087, 1.8112183
4.8362885, -8.477875, 1.806427
4.869812, -8.487442, 1.7992401
4.8638153, -8.45871, 1.7717133
4.8638153, -8.440765, 1.7381897
4.890152, -8.447937, 1.7094574
4.90213, -8.444351, 1.7226257
4.952408, -8.4216, 1.7106628
4.9799347, -8.422806, 1.7441711
4.9224854, -8.403641, 1.7848816
4.9152985, -8.388092, 1.751358
4.9009247, -8.382095, 1.7202301
4.881775, -8.419205, 1.7046661
4.82312, -8.435974, 1.6412201
4.838684, -8.43837, 1.5801697
4.8135376, -8.434769, 1.572998
4.807556, -8.451538, 1.5634155
4.7979736, -8.477875, 1.553833
4.8279114, -8.492233, 1.5550385
4.809952, -8.481461, 1.5466614
4.818329, -8.497025, 1.5406647
4.8051605, -8.492233, 1.5646057
4.776428, -8.480255, 1.5215149
4.7776337, -8.468292, 1.4868011
4.7644653, -8.482651, 1.490387
4.732147, -8.465897, 1.5215149
4.6902466, -8.465897, 1.4712372
4.679474, -8.491043, 1.4640503
4.696228, -8.493423, 1.4760284
4.680664, -8.498215, 1.5155334
4.7776337, -8.498215, 1.5047607
4.7608643, -8.505402, 1.5131378
4.759674, -8.5125885, 1.493988
4.7931976, -8.5520935, 1.4125824
4.751297, -8.526947, 1.3072357
4.7345276, -8.505402, 1.2737122
4.708191, -8.498215, 1.2473755
4.754883, -8.50061, 1.2749176
4.7405243, -8.513779, 1.3227997
4.7177734, -8.514984, 1.4221497
4.7105865, -8.5125885, 1.5287018
4.736923, -8.522156, 1.5310974
4.7297516, -8.592789, 1.5717926
4.7010193, -8.587997, 1.572998
4.736923, -8.593994, 1.5993195
4.7225647, -8.601166, 1.593338
4.708191, -8.554489, 1.5466614
4.6698914, -8.564056, 1.5239105
4.6627045, -8.568848, 1.4664459
4.6770782, -8.571243, 1.4556732
4.6782684, -8.558075, 1.4269409
4.708191, -8.566452, 1.4173737
4.732147, -8.538925, 1.411377
4.6591187, -8.523361, 1.4293365
4.625595, -8.528152, 1.4472961
4.6746826, -8.525757, 1.4664459
4.6770782, -8.561661, 1.419754
4.692642, -8.550888, 1.4269409
4.730942, -8.510193, 1.4425049
4.680664, -8.538925, 1.4963837
4.6902466, -8.53653, 1.4868011
4.697418, -8.525757, 1.4808197
4.6986237, -8.529343, 1.4568787
4.7417145, -8.532928, 1.4317322
4.7405243, -8.530548, 1.3742676
4.7608643, -8.540115, 1.3886414
4.8015747, -8.555679, 1.3575134
4.831497, -8.567657, 1.3503265
4.835083, -8.538925, 1.3168182
4.8051605, -8.51976, 1.2796936
4.7967834, -8.535324, 1.2701263
4.8003693, -8.501816, 1.2761078
4.7848053, -8.486252, 1.3658905
4.776428, -8.503006, 1.3575134
4.7381287, -8.543701, 1.3347626
4.776428, -8.546097, 1.3922272
4.7608643, -8.562866, 1.3946228
4.7656555, -8.57843, 1.3934326
4.7465057, -8.576035, 1.3850403
4.7656555, -8.572433, 1.3539276
4.7728424, -8.587997, 1.2952576
4.7584686, -8.614334, 1.3395538
4.7297516, -8.580826, 1.3084259
4.766861, -8.585602, 1.2952576
4.768051, -8.572433, 1.3263855
4.7728424, -8.574829, 1.3503265
4.7740326, -8.561661, 1.3191986
4.7489014, -8.560471, 1.3000488
4.7405243, -8.5520935, 1.2976532
4.7249603, -8.526947, 1.2761078
4.7105865, -8.511383, 1.2785034
4.7070007, -8.540115, 1.2892761
4.699814, -8.548492, 1.2294159
4.7213593, -8.514984, 1.1767426
4.759674, -8.535324, 1.2150574
4.7740326, -8.5568695, 1.2210388
4.8087616, -8.553284, 1.1899109
4.82312, -8.555679, 1.1827393
4.8374786, -8.541321, 1.2354126
4.835083, -8.544907, 1.2713165
4.8171387, -8.564056, 1.3311768
4.815933, -8.548492, 1.3610992
4.7848053, -8.558075, 1.3814545
4.778824, -8.568848, 1.4161682
4.7572784, -8.590393, 1.4844055
4.7931976, -8.582016, 1.454483
4.783615, -8.561661, 1.4018097
4.7453003, -8.57962, 1.3934326
4.7560883, -8.564056, 1.3994141
4.7500916, -8.571243, 1.3706818
4.7489014, -8.530548, 1.3802643
4.692642, -8.542511, 1.3551178
4.697418, -8.544907, 1.3778687
4.7070007, -8.53653, 1.4233551
4.691437, -8.524551, 1.4472961
4.6315765, -8.550888, 1.4401093
4.641159, -8.576035, 1.4185638
4.648346, -8.534134, 1.5119324
4.697418, -8.534134, 1.5861511
4.680664, -8.542511, 1.6017151
4.720169, -8.535324, 1.6687622
4.6818542, -8.489838, 1.6543884
4.6471405, -8.455124, 1.6364441
4.6543274, -8.440765, 1.5969391
4.715378, -8.449142, 1.5514374
4.776428, -8.469482, 1.5442657
4.8015747, -8.483856, 1.553833
4.7979736, -8.488647, 1.5550385
4.8638153, -8.479065, 1.470047
4.885376, -8.464706, 1.4628601
4.9404297, -8.447937, 1.4772186
4.9356537, -8.425201, 1.4329224
4.9248657, -8.416809, 1.3838501
4.9033203, -8.407242, 1.3826447
4.9081116, -8.412033, 1.4089813
4.8913574, -8.392868, 1.4365234
4.878189, -8.425201, 1.4221497
4.8925476, -8.407242, 1.3826447
4.8961487, -8.423996, 1.359909
4.897339, -8.419205, 1.4101868
4.866211, -8.42041, 1.4101868
4.871002, -8.455124, 1.3922272
4.878189, -8.451538, 1.3539276
4.9248657, -8.471878, 1.3634949
4.9248657, -8.452728, 1.3647003
4.9512024, -8.434769, 1.3191986
4.969162, -8.467087, 1.296463
4.941635, -8.479065, 1.3000488
4.9715576, -8.456314, 1.2629395
4.9236755, -8.476669, 1.2258301
4.9428253, -8.493423, 1.2557526
4.983536, -8.488647, 1.2318115
4.945221, -8.494629, 1.2282257
4.967972, -8.471878, 1.2389984
4.9978943, -8.463501, 1.2102661
5.008667, -8.470688, 1.1815338
5.005081, -8.491043, 1.1444244
4.969162, -8.479065, 1.1468201
4.967972, -8.449142, 1.114502
4.983536, -8.491043, 1.1013336
4.9715576, -8.494629, 1.1312561
4.9248657, -8.50061, 1.1492157
4.8997345, -8.5568695, 1.1707611
4.909317, -8.522156, 1.2030792
4.898529, -8.523361, 1.2054749
4.8614197, -8.535324, 1.193512
4.8207245, -8.513779, 1.2402039
4.807556, -8.508987, 1.2270355
4.770447, -8.526947, 1.1707611
4.771637, -8.514984, 1.1970978
4.76326, -8.530548, 1.1983032
4.7608643, -8.525757, 1.2354126
4.7560883, -8.529343, 1.2641449
4.759674, -8.540115, 1.201889
4.775238, -8.554489, 1.233017
4.787201, -8.524551, 1.2102661
4.8039703, -8.535324, 1.2629395
4.8003693, -8.508987, 1.2246399
4.8015747, -8.504211, 1.241394
4.8279114, -8.51738, 1.2904816
4.8614197, -8.482651, 1.2820892
4.857834, -8.483856, 1.2677307
4.869812, -8.474274, 1.2605438
4.8650208, -8.471878, 1.2952576
4.9081116, -8.459915, 1.3299866
4.9152985, -8.452728, 1.3072357
4.8961487, -8.4335785, 1.3132172
4.905716, -8.449142, 1.3191986
4.909317, -8.428787, 1.3072357
4.8877563, -8.406036, 1.3000488
4.8997345, -8.432373, 1.2928619
4.92128, -8.446747, 1.2653351
4.9236755, -8.415619, 1.2677307
4.9224854, -8.43956, 1.280899
4.9069214, -8.4335785, 1.296463
4.9081116, -8.422806, 1.3036499
4.9152985, -8.409637, 1.2880859
4.941635, -8.409637, 1.2940674
4.957199, -8.396469, 1.3239899
4.928467, -8.376114, 1.3239899
4.9236755, -8.389282, 1.2785034
4.945221, -8.406036, 1.3000488
4.9715576, -8.392868, 1.2557526
4.977539, -8.374924, 1.2820892
5.0026855, -8.371323, 1.3060303
4.9954987, -8.373718, 1.2988586
4.983536, -8.367737, 1.332367
5.0098724, -8.3785095, 1.327591
4.991913, -8.408432, 1.3658905
5.007477, -8.390472, 1.3634949
5.007477, -8.403641, 1.3647003
4.967972, -8.441956, 1.3527222
4.957199, -8.414429, 1.3191986
4.945221, -8.376114, 1.2856903
4.9200897, -8.389282, 1.3227997
4.989517, -8.383301, 1.3180084
5.0218353, -8.413223, 1.3096313
5.048172, -8.402451, 1.3610992
4.9990997, -8.35936, 1.3335724
4.965576, -8.358154, 1.3180084
4.952408, -8.431183, 1.3180084
4.9344482, -8.415619, 1.3706818
4.969162, -8.4335785, 1.3407593
5.00148, -8.4335785, 1.375473
4.969162, -8.451538, 1.4018097
4.9667664, -8.435974, 1.3814545
5.0062714, -8.414429, 1.3551178
5.0266266, -8.395264, 1.3371582
5.040985, -8.390472, 1.3575134
5.0110626, -8.355759, 1.312027
4.988312, -8.331818, 1.312027
4.9715576, -8.336609, 1.3012543
4.9512024, -8.306686, 1.2665253
4.9045258, -8.293518, 1.3096313
4.9164886, -8.323441, 1.2976532
4.948822, -8.343796, 1.3024445
4.976349, -8.336609, 1.3287811
4.960785, -8.366531, 1.312027
5.024231, -8.3797, 1.2940674
5.048172, -8.376114, 1.3239899
5.0780945, -8.368927, 1.2976532
5.0984497, -8.348587, 1.3036499
5.127182, -8.36055, 1.2761078
5.1175995, -8.335419, 1.2533722
5.094864, -8.348587, 1.2473755
5.0780945, -8.352173, 1.2928619
5.0900726, -8.327026, 1.3060303
5.099655, -8.336609, 1.3239899
5.1092224, -8.349777, 1.327591
5.0793, -8.329422, 1.335968
5.0433807, -8.347382, 1.3479309
5.068527, -8.372528, 1.3610992
5.0541534, -8.364151, 1.3335724
5.0793, -8.337814, 1.2928619
5.0373993, -8.334213, 1.3084259
5.0745087, -8.352173, 1.2557526
5.111618, -8.336609, 1.2150574
5.110428, -8.336609, 1.2006989
5.0972595, -8.310272, 1.1755524
5.0769043, -8.323441, 1.1695709
5.0529633, -8.35936, 1.2509766
5.06015, -8.312668, 1.2270355
5.0505676, -8.303085, 1.1791382
5.0386047, -8.370132, 1.2162476
5.056549, -8.380905, 1.241394
5.070923, -8.376114, 1.2138672
5.0338135, -8.395264, 1.2006989
5.0386047, -8.416809, 1.256958
5.044586, -8.407242, 1.1875305
5.039795, -8.414429, 1.177948
5.0194397, -8.432373, 1.1671753
5.0182495, -8.392868, 1.1803436
5.0266266, -8.386887, 1.154007
5.008667, -8.395264, 1.154007
5.027817, -8.418015, 1.1683655
4.9990997, -8.372528, 1.1396332
5.0098724, -8.358154, 1.1635895
5.040985, -8.386887, 1.1551971
5.008667, -8.35936, 1.1564026
4.9978943, -8.340195, 1.1216888
5.0026855, -8.349777, 1.114502
5.0026855, -8.346191, 1.0941467
5.048172, -8.3785095, 1.1192932
5.020645, -8.374924, 1.1551971
5.039795, -8.377319, 1.122879
5.0098724, -8.3785095, 1.1456299
5.039795, -8.370132, 1.1456299
5.0793, -8.376114, 1.1456299
5.064926, -8.3785095, 1.154007
5.0661316, -8.333023, 1.1611938
5.1008453, -8.3785095, 1.1863251
5.087677, -8.377319, 1.1432343
5.0924683, -8.388092, 1.1468201
5.0924683, -8.372528, 1.1551971
5.070923, -8.372528, 1.2054749
5.063736, -8.374924, 1.162384
5.055359, -8.36055, 1.1468201
5.068527, -8.370132, 1.1911163
5.086487, -8.3414, 1.2114716
5.051773, -8.36055, 1.1731567
5.0433807, -8.372528, 1.1815338
5.0421906, -8.346191, 1.1683655
5.048172, -8.372528, 1.1994934
5.056549, -8.371323, 1.217453
5.039795, -8.36055, 1.2761078
5.072113, -8.361755, 1.2102661
5.075714, -8.368927, 1.2042847
5.067322, -8.368927, 1.2054749
5.0745087, -8.35936, 1.1839294
5.056549, -8.3545685, 1.1731567
5.0769043, -8.352173, 1.1911163
5.055359, -8.350983, 1.1899109
5.044586, -8.344986, 1.1827393
5.0661316, -8.337814, 1.2389984
5.0529633, -8.329422, 1.2354126
5.0350037, -8.315063, 1.272522
5.0505676, -8.330627, 1.2354126
5.064926, -8.336609, 1.2246399
5.0433807, -8.324646, 1.2102661
5.0302124, -8.34259, 1.1767426
5.0302124, -8.348587, 1.2042847
5.029022, -8.352173, 1.2318115
5.048172, -8.3785095, 1.2198486
5.044586, -8.365341, 1.1947021
5.0541534, -8.340195, 1.1994934
5.106827, -8.364151, 1.2186432
5.103241, -8.364151, 1.2485809
5.086487, -8.3545685, 1.2126617
5.0936584, -8.35936, 1.1983032
5.0972595, -8.34259, 1.2054749
5.1128235, -8.325836, 1.1707611
5.111618, -8.3390045, 1.1516113
5.119995, -8.34259, 1.1504211
5.118805, -8.3545685, 1.1408386
5.104431, -8.309082, 1.1336517
5.1379547, -8.3390045, 1.1611938
5.130768, -8.343796, 1.162384
5.130768, -8.3545685, 1.138443
5.0984497, -8.346191, 1.1528015
5.103241, -8.35936, 1.1791382
5.1379547, -8.3545685, 1.1647797
5.1295776, -8.337814, 1.1288605
5.135559, -8.334213, 1.1528015
5.099655, -8.333023, 1.1611938
5.0972595, -8.323441, 1.154007
5.102051, -8.311478, 1.138443
5.102051, -8.340195, 1.1575928
5.0745087, -8.328232, 1.1300659
5.0816956, -8.310272, 1.1719666
5.0816956, -8.291122, 1.1791382
5.068527, -8.2994995, 1.1671753
5.0780945, -8.283936, 1.2114716
5.0936584, -8.234863, 1.1851349
5.0733185, -8.234863, 1.1994934
5.086487, -8.231262, 1.2210388
5.099655, -8.252808, 1.2162476
5.1008453, -8.216904, 1.2545624
5.118805, -8.225281, 1.2485809
5.099655, -8.256409, 1.3024445
5.134369, -8.285141, 1.3132172
5.1954193, -8.286331, 1.2581482
5.1535187, -8.340195, 1.2796936
5.1726685, -8.349777, 1.2749176
5.2014008, -8.367737, 1.272522
5.190628, -8.392868, 1.2641449
5.182251, -8.398865, 1.2952576
5.183441, -8.396469, 1.2581482
5.1595, -8.373718, 1.2832947
5.1283875, -8.373718, 1.2940674
5.086487, -8.336609, 1.2581482
5.0828857, -8.340195, 1.2856903
5.118805, -8.343796, 1.3072357
5.0900726, -8.3545685, 1.2904816
5.0780945, -8.331818, 1.2976532
5.0350037, -8.3414, 1.2581482
5.0338135, -8.352173, 1.2761078
5.0457764, -8.368927, 1.2868805
5.046982, -8.408432, 1.2761078
5.024231, -8.388092, 1.2641449
5.0218353, -8.415619, 1.2713165
5.0218353, -8.416809, 1.2402039
5.031418, -8.3785095, 1.2162476
5.00148, -8.390472, 1.2282257
4.996704, -8.358154, 1.2198486
5.0026855, -8.30069, 1.1528015
4.9559937, -8.323441, 1.1468201
4.941635, -8.347382, 1.1336517
4.991913, -8.329422, 1.1671753
4.9954987, -8.315063, 1.1575928
5.023041, -8.306686, 1.1276703
5.0433807, -8.331818, 1.1516113
5.06015, -8.337814, 1.1899109
5.086487, -8.380905, 1.1731567
5.0697174, -8.361755, 1.1551971
5.1175995, -8.361755, 1.1707611
5.110428, -8.34259, 1.1671753
5.119995, -8.382095, 1.1372528
5.119995, -8.368927, 1.1348572
5.106827, -8.373718, 1.1587982
5.0936584, -8.371323, 1.1839294
5.115219, -8.36055, 1.1528015
5.0984497, -8.346191, 1.1599884
5.056549, -8.35936, 1.162384
5.0254364, -8.368927, 1.1743622
5.0972595, -8.367737, 1.1983032
5.064926, -8.384491, 1.2186432
5.063736, -8.366531, 1.2318115
5.075714, -8.373718, 1.2246399
5.0745087, -8.36055, 1.2030792
5.1056366, -8.331818, 1.2186432
5.067322, -8.336609, 1.2378082
5.0888824, -8.303085, 1.2162476
5.103241, -8.30069, 1.193512
5.103241, -8.306686, 1.1875305
5.1212006, -8.276749, 1.1815338
5.1331635, -8.303085, 1.1815338
5.1415405, -8.282745, 1.2306213
5.1247864, -8.256409, 1.2402039
5.1175995, -8.282745, 1.2258301
5.118805, -8.316254, 1.2306213
5.142746, -8.309082, 1.2796936
5.135559, -8.321045, 1.2737122
5.170273, -8.344986, 1.2773132
5.1774597, -8.373718, 1.2270355
5.143936, -8.365341, 1.2366028
5.135559, -8.407242, 1.2282257
5.163101, -8.389282, 1.2282257
5.127182, -8.385696, 1.2270355
5.118805, -8.3797, 1.2078705
5.0780945, -8.344986, 1.1815338
5.0924683, -8.3390045, 1.1959076
5.0780945, -8.319855, 1.2126617
5.08049, -8.335419, 1.2078705
5.063736, -8.361755, 1.2090759
5.056549, -8.304291, 1.1947021
5.056549, -8.28035, 1.1994934
5.070923, -8.313858, 1.2425842
5.0493774, -8.309082, 1.2593536
5.051773, -8.344986, 1.1970978
5.051773, -8.319855, 1.2126617
5.06015, -8.331818, 1.1911163
5.0888824, -8.335419, 1.2066803
5.0828857, -8.330627, 1.177948
5.091263, -8.334213, 1.1947021
5.123596, -8.340195, 1.1743622
5.1367645, -8.36055, 1.1743622
5.1128235, -8.3414, 1.1635895
5.111618, -8.34259, 1.2090759
5.0984497, -8.348587, 1.1791382
5.064926, -8.346191, 1.1767426
5.0888824, -8.382095, 1.1875305
5.063736, -8.340195, 1.1528015
5.0433807, -8.35936, 1.1923065
5.0457764, -8.329422, 1.1827393
5.046982, -8.347382, 1.1863251
5.046982, -8.373718, 1.1743622
5.036209, -8.356964, 1.154007
5.056549, -8.344986, 1.1731567
5.032608, -8.3414, 1.1911163
5.046982, -8.350983, 1.1635895
5.086487, -8.386887, 1.1947021
5.0457764, -8.374924, 1.193512
5.0266266, -8.344986, 1.1803436
5.048172, -8.343796, 1.193512
5.072113, -8.350983, 1.1755524
5.0793, -8.310272, 1.193512
5.0828857, -8.307877, 1.2042847
5.115219, -8.286331, 1.2102661
5.1223907, -8.251617, 1.1815338
5.134369, -8.239639, 1.1731567
5.143936, -8.219299, 1.1707611
5.149933, -8.246826, 1.1755524
5.1595, -8.214508, 1.1755524
5.182251, -8.20253, 1.2186432
5.2085876, -8.228867, 1.2258301
5.221756, -8.239639, 1.2162476
5.2157745, -8.275558, 1.1970978
5.2085876, -8.270767, 1.2186432
5.1918335, -8.285141, 1.2306213
5.1966095, -8.333023, 1.2701263
5.1726685, -8.330627, 1.2198486
5.178665, -8.334213, 1.2150574
5.1918335, -8.32225, 1.2162476
5.1762695, -8.349777, 1.2354126
5.166687, -8.333023, 1.2378082
5.1810455, -8.303085, 1.2102661
5.1487274, -8.327026, 1.2246399
5.1283875, -8.313858, 1.2162476
5.1283875, -8.337814, 1.2210388
5.118805, -8.349777, 1.2066803
5.13916, -8.383301, 1.2258301
5.125992, -8.40126, 1.2210388
5.096054, -8.389282, 1.2437897
5.0613403, -8.400055, 1.2078705
5.0769043, -8.400055, 1.1923065
5.039795, -8.427597, 1.2186432
5.036209, -8.419205, 1.2114716
5.012268, -8.389282, 1.1731567
4.9559937, -8.392868, 1.1564026
4.952408, -8.392868, 1.1923065
4.960785, -8.376114, 1.1432343
4.950012, -8.340195, 1.1025238
4.9272614, -8.3797, 1.0893555
4.910507, -8.348587, 1.0977478
4.936844, -8.344986, 1.098938
4.952408, -8.355759, 1.0941467
4.960785, -8.358154, 1.1192932
4.9559937, -8.356964, 1.0953522
4.9787445, -8.3545685, 1.1085205
4.989517, -8.35936, 1.0845795
4.9978943, -8.368927, 1.0773926
5.0194397, -8.3545685, 1.098938
5.0026855, -8.392868, 1.0726013
5.005081, -8.402451, 1.0055695
4.9739532, -8.435974, 1.0259094
4.9943085, -8.431183, 1.0474701
5.00029, -8.434769, 1.0510559
5.0338135, -8.476669, 1.0378876
5.0182495, -8.489838, 1.0366821
5.044586, -8.492233, 1.0761871
5.0529633, -8.462311, 1.0630188
5.0098724, -8.461105, 1.0953522
5.027817, -8.4335785, 1.083374
5.020645, -8.425201, 1.0247192
5.007477, -8.422806, 1.0343018
5.0098724, -8.390472, 1.0618286
5.024231, -8.348587, 1.0390778
5.0026855, -8.388092, 1.0630188
4.9799347, -8.355759, 1.0702057
4.9907074, -8.382095, 1.0558472
4.9667664, -8.397659, 1.083374
4.977539, -8.397659, 1.1192932
5.0038757, -8.408432, 1.1324615
5.007477, -8.4216, 1.1408386
5.0254364, -8.414429, 1.1264648
5.0386047, -8.418015, 1.1444244
5.0254364, -8.404846, 1.1360474
5.0110626, -8.403641, 1.1516113
5.0110626, -8.392868, 1.1707611
5.0026855, -8.373718, 1.1875305
5.0110626, -8.374924, 1.1731567
5.020645, -8.346191, 1.1516113
5.040985, -8.321045, 1.1264648
5.0613403, -8.311478, 1.1372528
5.0373993, -8.311478, 1.1647797
5.0888824, -8.306686, 1.1767426
5.1092224, -8.32225, 1.2126617
5.110428, -8.292313, 1.217453
5.115219, -8.348587, 1.2114716
5.1618958, -8.317459, 1.2378082
5.143936, -8.34259, 1.2306213
5.197815, -8.329422, 1.233017
5.2193604, -8.28154, 1.2533722
5.187042, -8.319855, 1.2186432
5.190628, -8.291122, 1.2557526
5.2109833, -8.2612, 1.2378082
5.213379, -8.275558, 1.2078705
5.2169647, -8.246826, 1.2306213
5.2121735, -8.24324, 1.2234344
5.2085876, -8.254013, 1.2665253
5.2037964, -8.252808, 1.2533722
5.2037964, -8.2612, 1.2785034
5.2109833, -8.269577, 1.2773132
5.2002106, -8.276749, 1.2701263
5.209778, -8.273163, 1.256958
5.183441, -8.288727, 1.2940674
5.1451416, -8.268372, 1.2737122
5.1559143, -8.265976, 1.2880859
5.163101, -8.269577, 1.280899
5.173874, -8.276749, 1.3191986
5.1690826, -8.233658, 1.2928619
5.1487274, -8.227676, 1.2437897
5.1607056, -8.264786, 1.2521667
5.187042, -8.245636, 1.2701263
5.1774597, -8.239639, 1.2701263
5.1774597, -8.2612, 1.2773132
5.221756, -8.306686, 1.2653351
5.199005, -8.304291, 1.2701263
5.205002, -8.311478, 1.2785034
5.2109833, -8.287537, 1.272522
5.207382, -8.316254, 1.2521667
5.1966095, -8.334213, 1.2497711
5.183441, -8.317459, 1.2545624
5.1212006, -8.32225, 1.2473755
5.1212006, -8.293518, 1.233017
5.115219, -8.279144, 1.2234344
5.1056366, -8.271973, 1.233017
5.1175995, -8.26358, 1.2006989
5.1331635, -8.244431, 1.2030792
5.119995, -8.251617, 1.2378082
5.1283875, -8.291122, 1.2222443
5.135559, -8.252808, 1.2066803
5.167877, -8.24324, 1.2306213
5.13916, -8.291122, 1.2258301
5.1571045, -8.309082, 1.2521667
5.1607056, -8.328232, 1.2354126
5.127182, -8.32225, 1.2306213
5.1403503, -8.325836, 1.2270355
5.1295776, -8.325836, 1.1827393
5.127182, -8.358154, 1.2126617
5.1008453, -8.348587, 1.217453
5.0984497, -8.370132, 1.1611938
5.08049, -8.3390045, 1.1456299
5.064926, -8.353363, 1.1635895
5.068527, -8.343796, 1.1300659
5.0457764, -8.337814, 1.1252747
5.0529633, -8.355759, 1.1396332
5.048172, -8.330627, 1.1180878
5.029022, -8.329422, 1.1192932
5.024231, -8.336609, 1.1180878
5.015854, -8.358154, 1.1085205
5.029022, -8.333023, 1.1276703
5.015854, -8.349777, 1.1599884
5.032608, -8.34259, 1.1456299
5.0146484, -8.346191, 1.1192932
5.0457764, -8.355759, 1.1204834
5.0541534, -8.325836, 1.0965424
5.064926, -8.355759, 1.0977478
5.032608, -8.353363, 1.1085205
5.0589447, -8.36055, 1.0869751
5.0852814, -8.364151, 1.0630188
5.1056366, -8.372528, 1.1061249
5.0936584, -8.358154, 1.0654144
5.091263, -8.3797, 1.0642242
5.0816956, -8.431183, 1.1168976
5.0505676, -8.412033, 1.0343018
5.1092224, -8.42041, 1.0905609
5.0972595, -8.452728, 1.0809784
5.0661316, -8.452728, 1.0785828
5.070923, -8.446747, 1.0690155
5.032608, -8.455124, 1.0474701
5.0254364, -8.462311, 1.074997
5.020645, -8.463501, 1.0761871
5.0182495, -8.4730835, 1.0330963
4.9954987, -8.480255, 1.0414734
4.9548035, -8.4730835, 1.0343018
4.926071, -8.476669, 1.0474701
4.9033203, -8.463501, 1.0462646
4.8841705, -8.4730835, 1.0546417
4.8925476, -8.485046, 1.0666199
4.873398, -8.45871, 1.0271149
4.8518524, -8.443146, 1.0953522
4.84227, -8.474274, 1.0582428
4.849457, -8.469482, 1.019928
4.869812, -8.4335785, 1.0474701
4.874588, -8.456314, 1.1073151
4.886566, -8.431183, 1.0809784
4.8925476, -8.445541, 1.0211334
4.8805847, -8.437164, 1.0702057
4.9188843, -8.43837, 1.0510559
4.910507, -8.431183, 1.0821838
4.8925476, -8.422806, 1.0905609
4.9308624, -8.416809, 1.083374
4.9045258, -8.418015, 1.1013336
4.9236755, -8.445541, 1.0809784
4.9248657, -8.43837, 1.1025238
4.936844, -8.434769, 1.1049194
4.9464264, -8.440765, 1.1611938
4.9715576, -8.423996, 1.1132965
4.952408, -8.445541, 1.0738068
4.9990997, -8.432373, 1.1240845
5.0266266, -8.348587, 1.1408386
5.0302124, -8.36055, 1.1300659
5.051773, -8.390472, 1.138443
5.0780945, -8.365341, 1.0941467
5.0613403, -8.364151, 1.1216888
5.103241, -8.36055, 1.1504211
5.1451416, -8.32225, 1.1300659
5.2014008, -8.334213, 1.1611938
5.149933, -8.3414, 1.1947021
5.1487274, -8.313858, 1.1719666
5.15831, -8.324646, 1.1899109
5.1523285, -8.317459, 1.2030792
5.15831, -8.264786, 1.2102661
5.1487274, -8.287537, 1.1875305
5.1618958, -8.287537, 1.2102661
5.13916, -8.276749, 1.1970978
5.1403503, -8.310272, 1.2366028
5.1379547, -8.270767, 1.2593536
5.165497, -8.271973, 1.193512
5.1618958, -8.2994995, 1.2234344
5.146332, -8.318649, 1.2581482
5.1535187, -8.330627, 1.201889
5.1559143, -8.343796, 1.256958
5.1714783, -8.306686, 1.2653351
5.2265472, -8.312668, 1.2342072
5.197815, -8.298309, 1.2389984
5.2002106, -8.273163, 1.2749176
5.2014008, -8.311478, 1.2497711
5.1930237, -8.242035, 1.2737122
5.2205505, -8.204926, 1.2485809
5.190628, -8.191757, 1.2509766
5.1726685, -8.190567, 1.2473755
5.178665, -8.191757, 1.2366028
5.1726685, -8.194153, 1.2593536
5.199005, -8.196548, 1.2844849
5.1954193, -8.207321, 1.2665253
5.221756, -8.224075, 1.272522
5.2552795, -8.257599, 1.272522
5.214569, -8.230072, 1.2761078
5.2564697, -8.275558, 1.2665253
5.254074, -8.277954, 1.2557526
5.278015, -8.237244, 1.2641449
5.286392, -8.238449, 1.2629395
5.2708282, -8.234863, 1.2677307
5.2983704, -8.250412, 1.2557526
5.2636566, -8.219299, 1.2246399
5.2552795, -8.213303, 1.2294159
5.2708282, -8.219299, 1.2150574
5.2516785, -8.213303, 1.2318115
5.240906, -8.231262, 1.2186432
5.240906, -8.250412, 1.2162476
5.2636566, -8.248032, 1.2030792
5.2313232, -8.254013, 1.2162476
5.2121735, -8.238449, 1.1839294
5.213379, -8.256409, 1.1635895
5.221756, -8.269577, 1.1564026
5.2085876, -8.301895, 1.1300659
5.190628, -8.291122, 1.1564026
5.1642914, -8.301895, 1.1336517
5.134369, -8.3390045, 1.1168976
5.167877, -8.313858, 1.1288605
5.125992, -8.323441, 1.1551971
5.0984497, -8.371323, 1.1192932
5.127182, -8.370132, 1.0953522
5.1212006, -8.376114, 1.1396332
5.130768, -8.371323, 1.1396332
5.149933, -8.348587, 1.0690155
5.1618958, -8.36055, 1.1324615
5.1331635, -8.397659, 1.1324615
5.154709, -8.384491, 1.1109161
5.1487274, -8.371323, 1.0773926
5.1559143, -8.371323, 1.1468201
5.1092224, -8.365341, 1.0809784
5.0745087, -8.358154, 1.0738068
5.08049, -8.336609, 1.0474701
5.068527, -8.34259, 1.1001282
5.0218353, -8.32225, 1.0330963
4.9907074, -8.331818, 1.0474701
4.98114, -8.312668, 1.0534515
4.9667664, -8.311478, 1.0510559
4.983536, -8.307877, 1.0474701
4.952408, -8.329422, 1.043869
4.9631805, -8.343796, 1.043869
4.9715576, -8.3414, 1.0534515
4.967972, -8.335419, 1.0402832
5.0098724, -8.312668, 1.0642242
4.991913, -8.331818, 1.0654144
5.017044, -8.353363, 1.0211334
5.031418, -8.335419, 1.028305
5.0529633, -8.358154, 1.0390778
5.0924683, -8.356964, 1.0546417
5.125992, -8.358154, 1.0510559
5.1451416, -8.377319, 1.0630188
5.175064, -8.362946, 1.0905609
5.1571045, -8.383301, 1.0510559
5.2109833, -8.361755, 1.0390778
5.202606, -8.362946, 1.083374
5.2265472, -8.349777, 1.0821838
5.230133, -8.32225, 1.0785828
5.233719, -8.331818, 1.0857697
5.221756, -8.335419, 1.1061249
5.199005, -8.304291, 1.0761871
5.1966095, -8.309082, 1.1073151
5.2349243, -8.316254, 1.1204834
5.214569, -8.310272, 1.1240845
5.1930237, -8.311478, 1.1109161
5.1882324, -8.310272, 1.1372528
5.213379, -8.277954, 1.1444244
5.1930237, -8.285141, 1.1587982
5.199005, -8.291122, 1.1611938
5.202606, -8.270767, 1.0977478
5.1918335, -8.250412, 1.1516113
5.175064, -8.245636, 1.1994934
5.1690826, -8.224075, 1.1468201
5.175064, -8.219299, 1.1683655
5.2014008, -8.228867, 1.2198486
5.2085876, -8.222885, 1.2342072
5.199005, -8.214508, 1.2294159
5.185837, -8.214508, 1.2425842
5.187042, -8.213303, 1.233017
5.183441, -8.230072, 1.2210388
5.205002, -8.228867, 1.2306213
5.1774597, -8.206131, 1.2366028
5.1714783, -8.198944, 1.2258301
5.1918335, -8.177399, 1.2425842
5.2325287, -8.238449, 1.2509766
5.2085876, -8.245636, 1.2473755
5.245697, -8.233658, 1.2545624
5.2349243, -8.245636, 1.2473755
5.2085876, -8.256409, 1.2629395
5.225342, -8.24324, 1.2222443
5.230133, -8.246826, 1.2916718
5.252884, -8.270767, 1.2378082
5.269638, -8.250412, 1.2497711
5.261261, -8.287537, 1.241394
5.2444916, -8.282745, 1.2665253
5.2325287, -8.264786, 1.2593536
5.2636566, -8.279144, 1.2653351
5.273224, -8.269577, 1.2102661
5.2313232, -8.249222, 1.1994934
5.2504883, -8.242035, 1.2366028
5.246887, -8.221695, 1.2294159
5.23851, -8.20253, 1.2138672
5.228943, -8.20253, 1.1923065
5.2241516, -8.179794, 1.1839294
5.2313232, -8.169022, 1.1863251
5.2157745, -8.178589, 1.1707611
5.214569, -8.203735, 1.1659698
5.2037964, -8.195358, 1.1599884
5.2444916, -8.197754, 1.1947021
5.230133, -8.191757, 1.2054749
5.2265472, -8.227676, 1.1528015
5.240906, -8.165421, 1.1288605
5.261261, -8.206131, 1.162384
5.276825, -8.219299, 1.1528015
5.312729, -8.2612, 1.1516113
5.278015, -8.248032, 1.1420288
5.276825, -8.276749, 1.1372528
5.2899933, -8.271973, 1.1803436
5.2875977, -8.256409, 1.1599884
5.261261, -8.267181, 1.1743622
5.2660522, -8.265976, 1.1683655
5.230133, -8.287537, 1.1635895
5.252884, -8.2612, 1.1611938
5.23732, -8.244431, 1.2102661
5.21817, -8.246826, 1.177948
5.2313232, -8.248032, 1.1887207
5.213379, -8.210922, 1.1803436
5.2193604, -8.226471, 1.1635895
5.2444916, -8.270767, 1.2030792
5.245697, -8.283936, 1.1959076
5.249283, -8.286331, 1.2114716
5.2480927, -8.2612, 1.2030792
5.2564697, -8.286331, 1.2150574
5.2636566, -8.293518, 1.2006989
5.2588654, -8.275558, 1.1635895
5.228943, -8.240845, 1.1731567
5.2361145, -8.239639, 1.1863251
5.252884, -8.237244, 1.177948
5.252884, -8.194153, 1.2102661
5.2552795, -8.160629, 1.1635895
5.23851, -8.139084, 1.1815338
5.254074, -8.119934, 1.2258301
5.242111, -8.142685, 1.2078705
5.273224, -8.143875, 1.1719666
5.2600555, -8.130707, 1.1863251
5.273224, -8.129517, 1.1695709
5.288788, -8.140289, 1.1755524

