x : y : Z 
3.4344788, -9.396042, 0.35075378
3.4452515, -9.386475, 0.31962585
3.4332886, -9.339783, 0.25138855
3.4739838, -9.343369, 0.25378418
3.4416656, -9.352951, 0.22026062
3.4584198, -9.326614, 0.14724731
3.4751892, -9.308655, 0.09576416
3.4811707, -9.327805, 0.053863525
3.5398254, -9.30986, 0.015563965
3.5470123, -9.32901, -0.010772705
3.5505981, -9.324219, -0.05986023
3.5529938, -9.32901, -0.051467896
3.569748, -9.336197, -0.082595825
3.5781403, -9.332596, -0.1257019
3.5745392, -9.305069, -0.12210083
3.557785, -9.275131, -0.12210083
3.5565796, -9.278732, -0.16160583
3.502716, -9.216476, -0.2238617
3.502716, -9.228455, -0.2346344
3.4979248, -9.203308, -0.23342896
3.4691925, -9.196121, -0.22026062
3.4823608, -9.184158, -0.22865295
3.4847565, -9.197327, -0.24420166
3.4895477, -9.197327, -0.2454071
3.4799652, -9.221268, -0.21907043
3.43927, -9.255981, -0.21548462
3.43927, -9.283524, -0.21907043
3.384201, -9.331406, -0.21548462
3.3901825, -9.368515, -0.16879272
3.3435059, -9.429565, -0.1376648
3.305191, -9.447525, -0.15322876
3.257309, -9.472656, -0.11730957
3.250122, -9.50737, -0.1376648
3.2201996, -9.512161, -0.056259155
3.1806946, -9.504974, -0.034713745
3.1256256, -9.500198, -0.0071868896
3.0825348, -9.508575, -0.0095825195
3.032257, -9.484634, 0.020355225
2.9819794, -9.476257, 0.07182312
2.9245148, -9.481033, 0.09815979
2.889801, -9.440338, 0.17118835
2.8467102, -9.464279, 0.17837524
2.8443146, -9.489426, 0.21069336
2.841919, -9.483429, 0.26455688
2.8083954, -9.498993, 0.30526733
2.8059998, -9.502594, 0.31124878
2.8323364, -9.522934, 0.34954834
2.810791, -9.518143, 0.39265442
2.7808685, -9.5169525, 0.4118042
2.7449493, -9.491806, 0.44770813
2.7640991, -9.478638, 0.4920044
2.7461548, -9.44632, 0.49560547
2.7485504, -9.460693, 0.4908142
2.7545319, -9.436752, 0.5602417
2.774887, -9.4379425, 0.6248932
2.7653046, -9.42836, 0.6500244
2.7976227, -9.422379, 0.66677856
2.7772675, -9.34816, 0.6859436
2.8072052, -9.375687, 0.7158661
2.8155823, -9.39006, 0.76374817
2.7916412, -9.393646, 0.7445984
2.8311462, -9.373306, 0.72184753
2.8598785, -9.388855, 0.73861694
2.898178, -9.418793, 0.7445984
2.9029694, -9.42717, 0.77931213
2.9352875, -9.40802, 0.7577667
2.9472656, -9.410416, 0.762558
2.9664154, -9.42717, 0.7745209
2.991562, -9.434357, 0.77812195
2.9855652, -9.430756, 0.8128357
2.996338, -9.419983, 0.83917236
2.9855652, -9.368515, 0.826004
3.0119019, -9.354141, 0.841568
2.9891663, -9.362518, 0.86550903
2.977188, -9.366119, 0.86790466
2.9664154, -9.3194275, 0.8894501
3.015503, -9.326614, 0.8559265
3.032257, -9.307465, 0.86909485
3.0250702, -9.32901, 0.8918457
3.055008, -9.305069, 0.9133911
3.02388, -9.290695, 0.87986755
3.0190887, -9.315842, 0.8954315
3.0274658, -9.313446, 0.8822632
3.032257, -9.307465, 0.9002228
3.02388, -9.285904, 0.84994507
3.0370483, -9.327805, 0.8547363
3.0813446, -9.342178, 0.8571167
3.0980988, -9.331406, 0.86190796
3.1076813, -9.338577, 0.8355713
3.118454, -9.349365, 0.80804443
3.1555634, -9.369705, 0.78889465
3.1723175, -9.392456, 0.77212524
3.1795044, -9.382874, 0.76016235
3.1819, -9.339783, 0.7517853
3.2201996, -9.34697, 0.70628357
3.226181, -9.337387, 0.72784424
3.2429504, -9.315842, 0.7086792
3.217804, -9.351746, 0.6201019
3.2094269, -9.321823, 0.63327026
3.2441406, -9.337387, 0.6548157
3.197464, -9.372101, 0.6069336
3.221405, -9.393646, 0.5746155
3.205841, -9.386475, 0.5710144
3.1711273, -9.406815, 0.54467773
3.2034454, -9.448715, 0.52911377
3.1495667, -9.463089, 0.45968628
3.1795044, -9.460693, 0.40940857
3.1603394, -9.464279, 0.3866577
3.126831, -9.445129, 0.4010315
3.1064758, -9.431961, 0.36032104
3.1136627, -9.42717, 0.30885315
3.0968933, -9.3984375, 0.22984314
3.0801392, -9.3589325, 0.26097107
3.0777435, -9.378082, 0.20350647
3.0526123, -9.362518, 0.18554688
3.1124573, -9.349365, 0.16879272
3.1304169, -9.344574, 0.1376648
3.1208344, -9.344574, 0.11013794
3.0980988, -9.369705, 0.08380127
3.12323, -9.386475, 0.075424194
3.1172485, -9.410416, 0.073028564
3.1076813, -9.368515, 0.0287323
3.0921173, -9.352951, 0.04069519
3.0514069, -9.372101, 0.0287323
3.0765533, -9.336197, 0.049087524
3.0909119, -9.332596, 0.068237305
3.059784, -9.323029, 0.082595825
3.0777435, -9.308655, 0.11730957
3.071762, -9.314636, 0.12689209
3.083725, -9.3194275, 0.19033813
3.1004944, -9.270355, 0.18914795
3.0968933, -9.2799225, 0.24780273
3.1411896, -9.284714, 0.296875
3.1435852, -9.300278, 0.2861023
3.1447906, -9.339783, 0.31604004
3.205841, -9.376892, 0.31604004
3.2130127, -9.372101, 0.3531494
3.2201996, -9.414001, 0.36871338
3.2166138, -9.403229, 0.41778564
3.2285767, -9.385269, 0.4297638
3.2632904, -9.411606, 0.44172668
3.2525177, -9.417587, 0.4632721
3.2561188, -9.382874, 0.48483276
3.2273865, -9.384079, 0.5195465
3.2118225, -9.36731, 0.49320984
3.186676, -9.355347, 0.51834106
3.1711273, -9.351746, 0.5710144
3.1806946, -9.339783, 0.54348755
3.1567535, -9.361328, 0.55545044
3.245346, -9.352951, 0.58418274
3.2513275, -9.366119, 0.59495544
3.269287, -9.36731, 0.57699585
3.2309723, -9.361328, 0.5985565
3.2561188, -9.350555, 0.5985565
3.2477417, -9.36731, 0.60214233
3.2585144, -9.343369, 0.60572815
3.2920227, -9.336197, 0.6141052
3.257309, -9.34697, 0.6188965
3.272873, -9.339783, 0.5901642
3.2836456, -9.337387, 0.5973511
3.296814, -9.370911, 0.5746155
3.2956238, -9.363724, 0.5506592
3.2776642, -9.331406, 0.5817871
3.2680817, -9.3589325, 0.5805969
3.3003998, -9.376892, 0.5590515
3.3159637, -9.376892, 0.5566559
3.250122, -9.418793, 0.55545044
3.2585144, -9.44632, 0.5482788
3.2441406, -9.433151, 0.5051727
3.2513275, -9.467865, 0.49919128
3.2285767, -9.470261, 0.49320984
3.1819, -9.470261, 0.52552795
3.1795044, -9.512161, 0.4812317
3.1328125, -9.502594, 0.48721313
3.10289, -9.502594, 0.40582275
3.1052856, -9.471466, 0.42138672
3.0526123, -9.482239, 0.44293213
2.984375, -9.410416, 0.41299438
2.9831696, -9.430756, 0.38426208
2.953247, -9.400833, 0.40701294
2.9400787, -9.373306, 0.39505005
2.9197235, -9.384079, 0.35794067
2.8957825, -9.363724, 0.37469482
2.9005737, -9.378082, 0.3471527
2.8838196, -9.34697, 0.36871338
2.8622742, -9.372101, 0.37709045
2.874237, -9.411606, 0.34596252
2.8467102, -9.392456, 0.36392212
2.8850098, -9.378082, 0.38786316
2.8993835, -9.392456, 0.3543396
2.9388885, -9.39006, 0.39743042
2.9352875, -9.387665, 0.43095398
2.8945923, -9.375687, 0.43215942
2.920929, -9.340973, 0.45968628
2.977188, -9.342178, 0.49440002
2.953247, -9.3302, 0.48602295
2.9783936, -9.3194275, 0.5351105
3.020279, -9.325409, 0.56144714
3.016693, -9.3194275, 0.5746155
3.0214844, -9.3302, 0.61531067
3.0669708, -9.323029, 0.5638275
3.0921173, -9.340973, 0.5805969
3.1340027, -9.366119, 0.6320648
3.1340027, -9.340973, 0.6607971
3.1723175, -9.354141, 0.6548157
3.20224, -9.372101, 0.66200256
3.2201996, -9.370911, 0.6907196
3.2668915, -9.369705, 0.6655884
3.2130127, -9.354141, 0.6823425
3.2549133, -9.3589325, 0.69551086
3.2465363, -9.345764, 0.73262024
3.1998444, -9.3302, 0.72065735
3.1699219, -9.301468, 0.6907196
3.2142181, -9.307465, 0.70628357
3.2130127, -9.294296, 0.7457886
3.2166138, -9.320633, 0.71347046
3.2309723, -9.34697, 0.70988464
3.2321777, -9.372101, 0.63087463
3.1962585, -9.357742, 0.6584015
3.2225952, -9.350555, 0.66677856
3.2345734, -9.402023, 0.6428375
3.2465363, -9.374496, 0.6476288
3.2249908, -9.369705, 0.6643982
3.2118225, -9.34816, 0.6428375
3.1759033, -9.324219, 0.6691742
3.1651306, -9.314636, 0.67037964
3.193863, -9.324219, 0.7003021
3.226181, -9.340973, 0.6967163
3.190277, -9.342178, 0.6859436
3.1651306, -9.306259, 0.6464386
3.1591492, -9.32901, 0.66677856
3.154358, -9.31105, 0.6715698
3.111267, -9.32901, 0.66677856
3.1363983, -9.355347, 0.62727356
3.1603394, -9.350555, 0.61650085
3.217804, -9.34697, 0.5710144
3.20224, -9.366119, 0.55784607
3.1914673, -9.3589325, 0.5410919
3.154358, -9.34697, 0.52671814
3.154358, -9.3302, 0.533905
3.190277, -9.336197, 0.5087738
3.1615448, -9.3194275, 0.4980011
3.1735077, -9.31105, 0.47525024
3.1914673, -9.308655, 0.4980011
3.2130127, -9.306259, 0.46806335
3.197464, -9.296692, 0.4728546
3.1962585, -9.290695, 0.4237671
3.1890717, -9.295486, 0.45729065
3.1687317, -9.321823, 0.43933105
3.1723175, -9.325409, 0.40582275
3.233368, -9.3194275, 0.3818817
3.2836456, -9.327805, 0.32202148
3.3075867, -9.345764, 0.27293396
3.3075867, -9.324219, 0.23103333
3.2980194, -9.321823, 0.24061584
3.284851, -9.324219, 0.25138855
3.284851, -9.317032, 0.24301147
3.296814, -9.300278, 0.23223877
3.3411102, -9.323029, 0.17477417
3.329132, -9.294296, 0.17237854
3.3387146, -9.2883, 0.21188354
3.3530731, -9.321823, 0.1879425
3.3722382, -9.299072, 0.16281128
3.3470917, -9.296692, 0.120910645
3.3794098, -9.314636, 0.1304779
3.3949738, -9.324219, 0.15681458
3.3925781, -9.295486, 0.13287354
3.4105377, -9.293091, 0.1663971
3.4715881, -9.306259, 0.15322876
3.4524384, -9.30986, 0.20829773
3.4727936, -9.305069, 0.21548462
3.4344788, -9.313446, 0.23822021
3.415329, -9.263168, 0.28012085
3.4117432, -9.248795, 0.3136444
3.3698425, -9.26796, 0.32321167
3.3566742, -9.296692, 0.35913086
3.308792, -9.285904, 0.4189911
3.3027954, -9.255981, 0.42616272
3.3016052, -9.284714, 0.49440002
3.3255463, -9.314636, 0.56622314
3.3171692, -9.302673, 0.6069336
3.313568, -9.308655, 0.57580566
3.2980194, -9.360138, 0.6141052
3.2537231, -9.337387, 0.67037964
3.2716827, -9.34816, 0.66200256
3.248932, -9.333801, 0.69911194
3.1830902, -9.284714, 0.746994
3.147171, -9.242813, 0.8164215
3.114853, -9.285904, 0.84754944
3.0933075, -9.273941, 0.8643036
3.0621796, -9.254791, 0.881073
3.0621796, -9.25119, 0.9026184
3.0897217, -9.247604, 0.91218567
3.0933075, -9.260773, 0.9349365
3.1399994, -9.302673, 0.90859985
3.1160583, -9.340973, 0.94810486
3.1854858, -9.369705, 0.94810486
3.2477417, -9.381683, 0.9505005
3.2405548, -9.366119, 0.9540863
3.2249908, -9.342178, 0.95529175
3.229782, -9.317032, 0.9433136
3.1890717, -9.317032, 0.94810486
3.1806946, -9.265564, 0.964859
3.1890717, -9.257187, 0.92655945
3.2070312, -9.246414, 0.95529175
3.20224, -9.25119, 0.94451904
3.2249908, -9.254791, 0.93852234
3.1962585, -9.282318, 0.9505005
3.1699219, -9.3194275, 0.9457092
3.186676, -9.3194275, 0.90859985
3.1986542, -9.325409, 0.87867737
3.1699219, -9.360138, 0.8966217
3.1914673, -9.391251, 0.8882446
3.1675262, -9.430756, 0.8738861
3.190277, -9.42598, 0.83317566
3.2321777, -9.442734, 0.79008484
3.2082367, -9.4379425, 0.8092346
3.2082367, -9.403229, 0.78170776
3.1795044, -9.351746, 0.76374817
3.1771088, -9.342178, 0.70988464
3.1399994, -9.308655, 0.6799469
3.1100616, -9.266754, 0.6859436
3.071762, -9.258377, 0.6895294
3.0705566, -9.238022, 0.61291504
3.0765533, -9.275131, 0.6188965
3.0705566, -9.308655, 0.60095215
3.0921173, -9.3302, 0.5710144
3.1160583, -9.393646, 0.5195465
3.0980988, -9.42836, 0.52194214
3.1411896, -9.436752, 0.5195465
3.1759033, -9.464279, 0.50756836
3.1759033, -9.461884, 0.45968628
3.1591492, -9.473862, 0.46087646
3.1759033, -9.436752, 0.44532776
3.154358, -9.4379425, 0.44770813
3.1136627, -9.393646, 0.44172668
3.1040802, -9.332596, 0.4010315
3.1399994, -9.300278, 0.4118042
3.1208344, -9.25119, 0.41419983
3.1363983, -9.198517, 0.44891357
3.0933075, -9.168594, 0.43814087
3.0861206, -9.154236, 0.44891357
3.12323, -9.157822, 0.43095398
3.1196442, -9.184158, 0.44293213
3.1220398, -9.184158, 0.47045898
3.1830902, -9.229645, 0.48602295
3.2010498, -9.297882, 0.48841858
3.1819, -9.349365, 0.4908142
3.2201996, -9.32901, 0.4692688
3.26091, -9.382874, 0.4740448
3.2597046, -9.397247, 0.48960876
3.305191, -9.424774, 0.4632721
3.2764587, -9.424774, 0.47764587
3.2860413, -9.422379, 0.5087738
3.305191, -9.402023, 0.47525024
3.2932281, -9.388855, 0.46687317
3.3159637, -9.379288, 0.4800415
3.320755, -9.381683, 0.47883606
3.324356, -9.387665, 0.47764587
3.3231506, -9.344574, 0.4237671
3.3614655, -9.314636, 0.44293213
3.36026, -9.31105, 0.44651794
3.308792, -9.278732, 0.4441223
3.3159637, -9.282318, 0.45010376
3.3231506, -9.276337, 0.44293213
3.3375244, -9.260773, 0.4632721
3.368637, -9.275131, 0.43215942
3.3710327, -9.307465, 0.3818817
3.408142, -9.317032, 0.3902588
3.4452515, -9.327805, 0.4632721
3.4440613, -9.313446, 0.41059875
3.4129333, -9.315842, 0.41539
3.3949738, -9.300278, 0.4620819
3.3961792, -9.2643585, 0.41539
3.3578644, -9.23204, 0.46566772
3.305191, -9.25, 0.48721313
3.3255463, -9.228455, 0.4920044
3.3327332, -9.263168, 0.5015869
3.4320831, -9.273941, 0.5279236
3.4620209, -9.314636, 0.54707336
3.4955292, -9.321823, 0.52433777
3.4811707, -9.352951, 0.46447754
3.4799652, -9.369705, 0.43814087
3.5158844, -9.364914, 0.44172668
3.4715881, -9.364914, 0.4513092
3.470398, -9.363724, 0.44293213
3.4620209, -9.374496, 0.41539
3.4141388, -9.387665, 0.36750793
3.3710327, -9.373306, 0.36990356
3.348297, -9.372101, 0.30526733
3.2956238, -9.397247, 0.32681274
3.2513275, -9.416397, 0.3040619
3.2201996, -9.42717, 0.3136444
3.20224, -9.441528, 0.31962585
3.1280212, -9.451111, 0.2861023
3.094513, -9.448715, 0.27653503
3.0609894, -9.455902, 0.29328918
3.0226746, -9.414001, 0.29447937
2.996338, -9.452301, 0.28849792
2.992752, -9.453506, 0.26934814
2.937683, -9.387665, 0.24899292
2.8802185, -9.354141, 0.2813263
2.86586, -9.325409, 0.3136444
2.8251648, -9.337387, 0.3040619
2.8299408, -9.323029, 0.31843567
2.8275452, -9.321823, 0.32321167
2.8096008, -9.320633, 0.3435669
2.8407135, -9.340973, 0.3327942
2.8562775, -9.336197, 0.3531494
2.8766327, -9.326614, 0.48243713
2.8802185, -9.349365, 0.46566772
2.889801, -9.343369, 0.5051727
2.9400787, -9.373306, 0.49679565
2.9987335, -9.402023, 0.5279236
3.0059204, -9.378082, 0.58418274
2.999939, -9.402023, 0.5746155
2.9975433, -9.423584, 0.6033325
2.999939, -9.419983, 0.62727356
3.008316, -9.39006, 0.63446045
3.071762, -9.350555, 0.6859436
3.078949, -9.372101, 0.7182617
3.0693665, -9.366119, 0.7158661
3.0609894, -9.312241, 0.74938965
3.04422, -9.308655, 0.76374817
3.035843, -9.272736, 0.74220276
3.0382385, -9.270355, 0.7254486
3.0370483, -9.281128, 0.70988464
3.015503, -9.273941, 0.70988464
3.0502167, -9.276337, 0.7374115
3.04422, -9.270355, 0.7374115
3.0418396, -9.321823, 0.73501587
3.0909119, -9.340973, 0.7254486
3.12323, -9.384079, 0.75297546
3.1819, -9.381683, 0.7649536
3.2142181, -9.421188, 0.7841034
3.26091, -9.39006, 0.7984619
3.2644958, -9.366119, 0.7733307
3.284851, -9.342178, 0.7876892
3.3159637, -9.30986, 0.7661438
3.3040009, -9.277527, 0.7194519
3.3016052, -9.2643585, 0.723053
3.3255463, -9.239227, 0.73861694
3.3459015, -9.241623, 0.7194519
3.3698425, -9.228455, 0.7398071
3.3506927, -9.23085, 0.70988464
3.4009705, -9.246414, 0.6907196
3.4368744, -9.248795, 0.683548
3.423706, -9.275131, 0.70150757
3.4620209, -9.289505, 0.6548157
3.4524384, -9.294296, 0.65600586
3.4680023, -9.337387, 0.63327026
3.5015259, -9.320633, 0.60453796
3.4835663, -9.339783, 0.64404297
3.494339, -9.308655, 0.6320648
3.485962, -9.296692, 0.6093292
3.4488525, -9.265564, 0.5782013
3.463211, -9.255981, 0.57221985
3.4536285, -9.2595825, 0.5351105
3.4045563, -9.214081, 0.53271484
3.3901825, -9.233246, 0.5027771
3.4225159, -9.2200775, 0.5051727
3.3937836, -9.229645, 0.44293213
3.399765, -9.25, 0.43455505
3.408142, -9.233246, 0.41659546
3.4249115, -9.25119, 0.42736816
3.3901825, -9.26915, 0.37828064
3.4021606, -9.234436, 0.33998108
3.3734283, -9.2200775, 0.31962585
3.3830109, -9.23085, 0.3244171
3.3925781, -9.215286, 0.3435669
3.3830109, -9.208099, 0.31962585
3.3650513, -9.227249, 0.26455688
3.4021606, -9.244019, 0.30885315
3.3865967, -9.238022, 0.30047607
3.3878021, -9.233246, 0.25976562
3.3961792, -9.248795, 0.28370667
3.399765, -9.221268, 0.29927063
3.4201202, -9.235626, 0.27893066
3.4296875, -9.2248535, 0.28012085
3.4488525, -9.204514, 0.29808044
3.4500427, -9.2248535, 0.3040619
3.4225159, -9.23204, 0.2813263
3.4249115, -9.1853485, 0.3148346
3.4117432, -9.181763, 0.27653503
3.4225159, -9.19014, 0.2861023
3.4344788, -9.227249, 0.30526733
3.4536285, -9.23085, 0.25857544
3.4811707, -9.234436, 0.26097107
3.4991302, -9.247604, 0.29328918
3.51828, -9.246414, 0.31604004
3.4967346, -9.2643585, 0.31243896
3.525467, -9.270355, 0.31843567
3.5470123, -9.2799225, 0.3244171
3.541031, -9.278732, 0.34477234
3.5134888, -9.2595825, 0.34596252
3.5158844, -9.293091, 0.32202148
3.5541992, -9.275131, 0.33518982
3.541031, -9.242813, 0.32920837
3.5242615, -9.253586, 0.37948608
3.5326385, -9.278732, 0.37109375
3.5565796, -9.299072, 0.3830719
3.566162, -9.26796, 0.32321167
3.5829163, -9.306259, 0.37469482
3.5518036, -9.324219, 0.35794067
3.5685577, -9.281128, 0.34954834
3.5134888, -9.276337, 0.38905334
3.5110931, -9.305069, 0.38546753
3.5326385, -9.297882, 0.2956848
3.5110931, -9.314636, 0.28370667
3.4763794, -9.31105, 0.2956848
3.454834, -9.305069, 0.31962585
3.4584198, -9.30986, 0.30526733
3.454834, -9.325409, 0.30645752
3.4273071, -9.337387, 0.33518982
3.399765, -9.307465, 0.32202148
3.3722382, -9.320633, 0.33638
3.3746338, -9.334991, 0.32681274
3.3494873, -9.317032, 0.296875
3.3231506, -9.324219, 0.31004333
3.3435059, -9.313446, 0.3136444
3.3459015, -9.352951, 0.3256073
3.3063965, -9.349365, 0.31004333
3.2632904, -9.326614, 0.34596252
3.2932281, -9.326614, 0.32081604
3.289627, -9.360138, 0.32920837
3.2824554, -9.354141, 0.32920837
3.257309, -9.361328, 0.3327942
3.2285767, -9.360138, 0.3423767
3.269287, -9.357742, 0.33998108
3.2190094, -9.338577, 0.33877563
3.205841, -9.32901, 0.34954834
3.1639404, -9.338577, 0.36871338
3.157959, -9.350555, 0.37828064
3.1399994, -9.294296, 0.37348938
3.1615448, -9.320633, 0.39743042
3.1292267, -9.315842, 0.43095398
3.099289, -9.3194275, 0.41419983
3.1340027, -9.31105, 0.40940857
3.126831, -9.327805, 0.4237671
3.1172485, -9.334991, 0.43933105
3.12323, -9.338577, 0.45729065
3.0968933, -9.334991, 0.48602295
3.1340027, -9.350555, 0.4980011
3.1376038, -9.355347, 0.51594543
3.1244354, -9.349365, 0.54348755
3.1363983, -9.338577, 0.5279236
3.118454, -9.337387, 0.5351105
3.0885162, -9.338577, 0.58657837
3.1052856, -9.354141, 0.60453796
3.1172485, -9.325409, 0.6105194
3.1124573, -9.315842, 0.6368561
3.1256256, -9.30986, 0.6201019
3.142395, -9.305069, 0.6548157
3.126831, -9.324219, 0.65242004
3.1435852, -9.306259, 0.7122803
3.1842957, -9.314636, 0.6967163
3.1615448, -9.31105, 0.70150757
3.1651306, -9.302673, 0.6895294
3.1747131, -9.337387, 0.667984
3.1747131, -9.314636, 0.73143005
3.2201996, -9.295486, 0.707489
3.2513275, -9.314636, 0.70628357
3.2142181, -9.302673, 0.73861694
3.210617, -9.273941, 0.70628357
3.2142181, -9.277527, 0.6655884
3.2309723, -9.273941, 0.70988464
3.2597046, -9.2799225, 0.7266388
3.2668915, -9.307465, 0.6476288
3.3111877, -9.315842, 0.6536102
3.2920227, -9.323029, 0.65600586
3.2788544, -9.327805, 0.6392517
3.3303375, -9.332596, 0.6260834
3.348297, -9.333801, 0.6404419
3.3219604, -9.325409, 0.5805969
3.3159637, -9.3194275, 0.6033325
3.3075867, -9.314636, 0.57221985
3.2956238, -9.31105, 0.5231323
3.2716827, -9.317032, 0.51594543
3.2920227, -9.334991, 0.47764587
3.2525177, -9.32901, 0.42736816
3.2740784, -9.336197, 0.40821838
3.2764587, -9.326614, 0.39144897
3.2740784, -9.34697, 0.3651123
3.2872314, -9.372101, 0.27653503
3.272873, -9.369705, 0.22146606
3.233368, -9.336197, 0.21308899
3.2237854, -9.337387, 0.1771698
3.1998444, -9.340973, 0.13407898
3.1759033, -9.334991, 0.11253357
3.2142181, -9.317032, 0.06225586
3.1986542, -9.315842, -0.008377075
3.197464, -9.314636, -0.04069519
3.193863, -9.299072, -0.046691895
3.229782, -9.318237, -0.06225586
3.2357635, -9.314636, -0.092178345
3.205841, -9.326614, -0.14006042
3.217804, -9.321823, -0.1304779
3.210617, -9.320633, -0.18675232
3.250122, -9.321823, -0.16758728
3.257309, -9.354141, -0.13647461
3.2549133, -9.3302, -0.1592102
3.2680817, -9.313446, -0.13526917
3.2345734, -9.308655, -0.14006042
3.2381592, -9.300278, -0.0909729
3.217804, -9.32901, -0.06463623
3.2405548, -9.315842, -0.02394104
3.2441406, -9.32901, -0.027526855
3.2166138, -9.332596, 0.0143585205
3.1986542, -9.305069, 0.02154541
3.2010498, -9.283524, 0.065841675
3.2429504, -9.290695, 0.12689209
3.217804, -9.25, 0.16879272
3.226181, -9.294296, 0.16400146
3.197464, -9.277527, 0.18196106
3.2154083, -9.266754, 0.23342896
3.217804, -9.287109, 0.26576233
3.2154083, -9.252396, 0.296875
3.245346, -9.275131, 0.3028717
3.248932, -9.285904, 0.33039856
3.2704773, -9.307465, 0.36990356
3.2800598, -9.275131, 0.3866577
3.2992096, -9.284714, 0.39863586
3.3255463, -9.271545, 0.39265442
3.3339233, -9.260773, 0.3651123
3.3387146, -9.283524, 0.42616272
3.3638458, -9.238022, 0.46566772
3.3650513, -9.235626, 0.45968628
3.3794098, -9.25119, 0.4908142
3.3638458, -9.261963, 0.4812317
3.36026, -9.25, 0.4740448
3.3985748, -9.2404175, 0.4740448
3.423706, -9.260773, 0.5195465
3.406952, -9.242813, 0.53271484
3.3949738, -9.20929, 0.5422821
3.4249115, -9.211685, 0.5123596
3.3985748, -9.234436, 0.49919128
3.408142, -9.226059, 0.5171509
3.4368744, -9.248795, 0.5351105
3.4512482, -9.307465, 0.48483276
3.454834, -9.2643585, 0.5087738
3.4763794, -9.273941, 0.5123596
3.4404755, -9.282318, 0.5051727
3.4596252, -9.263168, 0.47644043
3.4428558, -9.2595825, 0.5063782
3.4775848, -9.26796, 0.45010376
3.4488525, -9.275131, 0.43095398
3.4225159, -9.287109, 0.48243713
3.4177246, -9.30986, 0.46687317
3.4404755, -9.2799225, 0.41778564
3.423706, -9.291901, 0.4237671
3.4261017, -9.31105, 0.3722992
3.4141388, -9.289505, 0.37948608
3.3794098, -9.308655, 0.36392212
3.36026, -9.325409, 0.35794067
3.336319, -9.321823, 0.3148346
3.3195648, -9.302673, 0.36032104
3.2980194, -9.287109, 0.36990356
3.2621002, -9.283524, 0.32920837
3.2381592, -9.317032, 0.31604004
3.2429504, -9.334991, 0.30526733
3.2477417, -9.3302, 0.26934814
3.1998444, -9.34697, 0.25019836
3.1986542, -9.342178, 0.27653503
3.1998444, -9.32901, 0.29328918
3.186676, -9.373306, 0.2861023
3.1914673, -9.392456, 0.296875
3.193863, -9.372101, 0.31124878
3.166336, -9.354141, 0.30526733
3.1639404, -9.356537, 0.252594
3.1328125, -9.336197, 0.27772522
3.1280212, -9.356537, 0.28730774
3.1172485, -9.352951, 0.30645752
3.0897217, -9.34816, 0.30526733
3.094513, -9.352951, 0.3076477
3.1459808, -9.345764, 0.331604
3.1304169, -9.344574, 0.33518982
3.1651306, -9.369705, 0.34596252
3.1699219, -9.379288, 0.34596252
3.1376038, -9.357742, 0.37948608
3.114853, -9.363724, 0.32920837
3.1256256, -9.361328, 0.37709045
3.114853, -9.351746, 0.37828064
3.087326, -9.378082, 0.36990356
3.1016846, -9.349365, 0.3830719
3.0909119, -9.345764, 0.4237671
3.142395, -9.36731, 0.42855835
3.1411896, -9.3194275, 0.4225769
3.1399994, -9.344574, 0.4524994
3.1363983, -9.3589325, 0.44770813
3.1328125, -9.360138, 0.42497253
3.138794, -9.352951, 0.47764587
3.1160583, -9.333801, 0.48602295
3.111267, -9.325409, 0.41778564
3.1160583, -9.337387, 0.45370483
3.1304169, -9.336197, 0.50038147
3.150772, -9.34697, 0.4800415
3.1723175, -9.363724, 0.5195465
3.190277, -9.351746, 0.5123596
3.210617, -9.361328, 0.51116943
3.1819, -9.3302, 0.53271484
3.2010498, -9.324219, 0.5063782
3.197464, -9.331406, 0.51834106
3.2034454, -9.337387, 0.56622314
3.1747131, -9.34697, 0.533905
3.1962585, -9.350555, 0.5195465
3.1878815, -9.350555, 0.54348755
3.2118225, -9.302673, 0.5638275
3.1926727, -9.336197, 0.5398865
3.2130127, -9.3302, 0.5590515
3.1926727, -9.327805, 0.5171509
3.2190094, -9.314636, 0.50038147
3.2273865, -9.302673, 0.47045898
3.2381592, -9.306259, 0.54707336
3.245346, -9.308655, 0.52433777
3.284851, -9.343369, 0.50756836
3.2632904, -9.337387, 0.5303192
3.257309, -9.339783, 0.5279236
3.2405548, -9.295486, 0.5123596
3.2537231, -9.340973, 0.509964
3.2764587, -9.349365, 0.48362732
3.2405548, -9.351746, 0.47883606
3.289627, -9.338577, 0.4441223
3.265686, -9.296692, 0.4740448
3.2465363, -9.32901, 0.43095398
3.250122, -9.331406, 0.41299438
3.2525177, -9.327805, 0.3938446
3.2525177, -9.321823, 0.36750793
3.2405548, -9.290695, 0.37348938
3.2429504, -9.271545, 0.36750793
3.2273865, -9.287109, 0.36392212
3.210617, -9.287109, 0.3866577
3.2393494, -9.272736, 0.34596252
3.205841, -9.276337, 0.32800293
3.2273865, -9.285904, 0.27893066
3.2381592, -9.307465, 0.28849792
3.2166138, -9.3194275, 0.28730774
3.2142181, -9.312241, 0.28370667
3.2357635, -9.344574, 0.2561798
3.2549133, -9.343369, 0.22625732
3.2561188, -9.325409, 0.25498962
3.257309, -9.333801, 0.25737
3.2644958, -9.331406, 0.24420166
3.26091, -9.315842, 0.25498962
3.2680817, -9.299072, 0.22146606
3.2860413, -9.263168, 0.20231628
3.2944183, -9.285904, 0.24420166
3.2668915, -9.299072, 0.22865295
3.2776642, -9.285904, 0.19752502
3.2824554, -9.276337, 0.21548462
3.320755, -9.2643585, 0.22865295
3.3255463, -9.26796, 0.22984314
3.2932281, -9.300278, 0.25378418
3.320755, -9.301468, 0.24301147
3.3303375, -9.325409, 0.2346344
3.3387146, -9.320633, 0.22744751
3.3470917, -9.332596, 0.27053833
3.3099823, -9.308655, 0.2454071
3.3111877, -9.313446, 0.2454071
3.3159637, -9.32901, 0.28849792
3.2752686, -9.299072, 0.25976562
3.257309, -9.283524, 0.25498962
3.2561188, -9.26796, 0.252594
3.250122, -9.296692, 0.27174377
3.2920227, -9.300278, 0.2813263
3.28125, -9.299072, 0.26216125
3.2561188, -9.325409, 0.2753296
3.2740784, -9.314636, 0.28849792
3.2549133, -9.321823, 0.26097107
3.2644958, -9.334991, 0.29447937
3.269287, -9.349365, 0.296875
3.2393494, -9.312241, 0.29808044
3.2549133, -9.34697, 0.3028717
3.2836456, -9.350555, 0.292099
3.2285767, -9.306259, 0.32321167
3.2034454, -9.302673, 0.34596252
3.1735077, -9.293091, 0.33398438
3.2118225, -9.305069, 0.36032104
3.1962585, -9.299072, 0.3531494
3.1926727, -9.294296, 0.31604004
3.205841, -9.305069, 0.33638
3.2094269, -9.321823, 0.36631775
3.186676, -9.345764, 0.3531494
3.1854858, -9.372101, 0.32681274
3.1675262, -9.375687, 0.36750793
3.1711273, -9.356537, 0.38786316
3.1962585, -9.3589325, 0.34596252
3.2118225, -9.3589325, 0.3902588
3.1567535, -9.345764, 0.39505005
3.1304169, -9.302673, 0.3435669
3.1914673, -9.342178, 0.3818817
3.1615448, -9.25119, 0.38546753
3.1136627, -9.242813, 0.39505005
3.1088715, -9.273941, 0.38905334
3.1208344, -9.287109, 0.41539
3.1208344, -9.293091, 0.39505005
3.150772, -9.307465, 0.39863586
3.1567535, -9.305069, 0.375885
3.1723175, -9.317032, 0.4297638
3.193863, -9.302673, 0.4333496
3.2166138, -9.276337, 0.4237671
3.1926727, -9.252396, 0.4513092
3.186676, -9.247604, 0.45610046
3.2010498, -9.258377, 0.42616272
3.1986542, -9.236832, 0.44293213
3.2034454, -9.263168, 0.4513092
3.250122, -9.242813, 0.49679565
3.2800598, -9.254791, 0.46447754
3.308792, -9.299072, 0.43814087
3.3339233, -9.306259, 0.4513092
3.3782196, -9.314636, 0.4405365
3.3806152, -9.337387, 0.4297638
3.384201, -9.34816, 0.43215942
3.4189148, -9.314636, 0.43814087
3.4057465, -9.343369, 0.43693542
3.4201202, -9.299072, 0.4297638
3.4296875, -9.296692, 0.38905334
3.4380798, -9.257187, 0.39863586
3.406952, -9.241623, 0.4010315
3.3949738, -9.248795, 0.34596252
3.3770142, -9.246414, 0.33398438
3.3889923, -9.255981, 0.34477234
3.4105377, -9.255981, 0.3327942
3.4165192, -9.275131, 0.33039856
3.368637, -9.295486, 0.31723022
3.4009705, -9.314636, 0.29927063
3.4380798, -9.305069, 0.30885315
3.4273071, -9.307465, 0.252594
3.4189148, -9.323029, 0.22744751
3.4057465, -9.307465, 0.20469666
3.3889923, -9.306259, 0.15203857
3.3195648, -9.297882, 0.16520691
3.308792, -9.2799225, 0.17237854
3.2956238, -9.275131, 0.16281128
3.2668915, -9.281128, 0.111328125
3.2704773, -9.26915, 0.14125061
3.2872314, -9.285904, 0.111328125
3.269287, -9.336197, 0.058654785
3.2632904, -9.334991, 0.04309082
3.2824554, -9.312241, 0.077804565
3.245346, -9.318237, 0.04309082
3.2381592, -9.362518, 0.03352356
3.2405548, -9.350555, 0.061050415
3.1962585, -9.324219, 0.089782715
3.1699219, -9.289505, 0.07421875
3.1711273, -9.282318, 0.08859253
3.1495667, -9.285904, 0.12808228
3.1699219, -9.291901, 0.1197052
3.1687317, -9.285904, 0.1484375
3.1363983, -9.263168, 0.18675232
3.178299, -9.25119, 0.24182129
3.2118225, -9.277527, 0.2346344
3.1854858, -9.314636, 0.2166748
3.205841, -9.320633, 0.21548462
3.2285767, -9.308655, 0.25737
3.2237854, -9.323029, 0.30526733
3.229782, -9.323029, 0.3543396
3.2357635, -9.332596, 0.32202148
3.265686, -9.336197, 0.34477234
3.2704773, -9.339783, 0.39144897
3.2872314, -9.306259, 0.42736816
3.2944183, -9.3194275, 0.43814087
3.320755, -9.339783, 0.45010376
3.2992096, -9.34697, 0.45010376
3.3303375, -9.312241, 0.49679565
3.329132, -9.296692, 0.5135498
3.3506927, -9.291901, 0.51834106
3.3878021, -9.284714, 0.54467773
3.3662415, -9.289505, 0.55545044
3.3506927, -9.295486, 0.5626373
3.3794098, -9.3194275, 0.5674286
3.3399048, -9.312241, 0.5015869
3.384201, -9.345764, 0.5530548
3.406952, -9.32901, 0.5674286
3.4009705, -9.31105, 0.56622314
3.3985748, -9.324219, 0.5674286
3.3662415, -9.327805, 0.5674286
3.3973694, -9.321823, 0.56622314
3.375824, -9.299072, 0.5638275
3.3375244, -9.31105, 0.5853882
3.3016052, -9.305069, 0.5566559
3.313568, -9.271545, 0.533905
3.2872314, -9.275131, 0.49679565
3.2944183, -9.285904, 0.4920044
3.3231506, -9.320633, 0.5195465
3.2908325, -9.327805, 0.48602295
3.272873, -9.321823, 0.46806335
3.2597046, -9.320633, 0.43693542
3.226181, -9.357742, 0.46087646
3.221405, -9.331406, 0.4189911
3.2309723, -9.339783, 0.40821838
3.193863, -9.352951, 0.38067627
3.2082367, -9.378082, 0.3471527
3.193863, -9.339783, 0.3435669
3.1771088, -9.362518, 0.36631775
3.1352081, -9.366119, 0.35913086
3.1376038, -9.356537, 0.32920837
3.111267, -9.363724, 0.30166626
3.1100616, -9.350555, 0.3256073
3.1064758, -9.334991, 0.33039856
3.0885162, -9.340973, 0.30047607
3.0909119, -9.355347, 0.29089355
3.0466156, -9.3194275, 0.27053833
3.0573883, -9.345764, 0.28730774
3.0657806, -9.380478, 0.30885315
3.0801392, -9.372101, 0.25138855
3.0741577, -9.355347, 0.27653503
3.0849304, -9.366119, 0.24780273
3.0765533, -9.368515, 0.292099
3.0645752, -9.350555, 0.32800293
3.1040802, -9.370911, 0.31723022
3.1040802, -9.34697, 0.33398438
3.1052856, -9.343369, 0.34954834
3.0885162, -9.366119, 0.3818817
3.0849304, -9.334991, 0.37948608
3.1004944, -9.342178, 0.38067627
3.1292267, -9.343369, 0.41299438
3.1160583, -9.339783, 0.41659546
3.1399994, -9.342178, 0.42616272
3.1567535, -9.343369, 0.45729065
3.1723175, -9.333801, 0.4118042
3.178299, -9.339783, 0.43574524
3.1699219, -9.333801, 0.45370483
3.186676, -9.356537, 0.45370483
3.2034454, -9.32901, 0.48362732
3.1962585, -9.34697, 0.48362732
3.1854858, -9.356537, 0.47883606
3.233368, -9.337387, 0.49560547
3.2369537, -9.337387, 0.5051727
3.233368, -9.370911, 0.4920044
3.2166138, -9.323029, 0.5015869
3.2034454, -9.314636, 0.54348755
3.2249908, -9.344574, 0.5171509
3.2513275, -9.333801, 0.48602295
3.2465363, -9.31105, 0.5518646
3.2357635, -9.338577, 0.5123596
3.2668915, -9.342178, 0.50038147
3.2621002, -9.362518, 0.51834106
3.2393494, -9.34697, 0.50398254
3.2046356, -9.333801, 0.47166443
3.2249908, -9.320633, 0.509964
3.2357635, -9.320633, 0.5015869
3.2285767, -9.360138, 0.4800415
3.2309723, -9.340973, 0.47166443
3.2321777, -9.313446, 0.42855835
3.2597046, -9.349365, 0.45010376
3.265686, -9.34697, 0.43095398
3.229782, -9.305069, 0.42616272
3.245346, -9.306259, 0.45370483
3.250122, -9.3302, 0.39863586
3.2166138, -9.32901, 0.3830719
3.20224, -9.327805, 0.38426208
3.241745, -9.3589325, 0.39982605
3.217804, -9.363724, 0.3818817
3.2094269, -9.3302, 0.37348938
3.2201996, -9.332596, 0.3543396
3.2644958, -9.30986, 0.35794067
3.2273865, -9.336197, 0.36631775
3.2237854, -9.326614, 0.33758545
3.2465363, -9.305069, 0.3471527
3.205841, -9.305069, 0.30645752
3.217804, -9.299072, 0.30047607
3.2249908, -9.30986, 0.3028717
3.2010498, -9.320633, 0.29808044
3.2513275, -9.338577, 0.32081604
3.2166138, -9.333801, 0.31243896
3.2477417, -9.314636, 0.25976562
3.2154083, -9.315842, 0.26216125
3.205841, -9.302673, 0.2813263
3.229782, -9.334991, 0.31004333
3.2477417, -9.32901, 0.29808044
3.20224, -9.294296, 0.25498962
3.2046356, -9.31105, 0.2861023
3.2237854, -9.317032, 0.29808044
3.2752686, -9.321823, 0.31723022
3.2513275, -9.32901, 0.331604
3.2537231, -9.345764, 0.32681274
3.2680817, -9.324219, 0.31604004
3.2525177, -9.334991, 0.33638
3.2561188, -9.324219, 0.4010315
3.2393494, -9.324219, 0.39265442
3.2273865, -9.321823, 0.34954834
3.2561188, -9.290695, 0.36392212
3.2537231, -9.337387, 0.3938446
3.2872314, -9.315842, 0.39505005
3.2668915, -9.291901, 0.3902588
3.2537231, -9.307465, 0.37109375
3.2872314, -9.314636, 0.3938446
3.2597046, -9.32901, 0.39863586
3.2465363, -9.308655, 0.42138672
3.226181, -9.334991, 0.40701294
3.2393494, -9.315842, 0.43693542
3.2465363, -9.338577, 0.43814087
3.2285767, -9.339783, 0.43455505
3.217804, -9.345764, 0.40940857
3.1962585, -9.294296, 0.43933105
3.2142181, -9.344574, 0.45010376
3.2142181, -9.342178, 0.47045898
3.2309723, -9.307465, 0.43095398
3.2237854, -9.350555, 0.4728546
3.2070312, -9.362518, 0.4692688
3.2118225, -9.343369, 0.41659546
3.197464, -9.3589325, 0.41419983
3.20224, -9.333801, 0.42497253
3.166336, -9.326614, 0.44293213
3.1747131, -9.374496, 0.4524994
3.1483765, -9.361328, 0.46087646
3.162735, -9.338577, 0.44891357
3.1830902, -9.326614, 0.45968628
3.1759033, -9.324219, 0.44770813
3.1711273, -9.360138, 0.4584961
3.1806946, -9.374496, 0.4692688
3.162735, -9.333801, 0.4405365
3.157959, -9.333801, 0.43933105
3.1723175, -9.344574, 0.4620819
3.154358, -9.340973, 0.43574524
3.142395, -9.334991, 0.4333496
3.1735077, -9.327805, 0.509964
3.1759033, -9.334991, 0.48960876
3.1220398, -9.357742, 0.4908142
3.150772, -9.315842, 0.49560547
3.1806946, -9.307465, 0.48243713
3.1675262, -9.338577, 0.4908142
3.1567535, -9.345764, 0.48721313
3.1615448, -9.324219, 0.48362732
3.1854858, -9.338577, 0.47166443
3.1854858, -9.325409, 0.44770813
3.1735077, -9.332596, 0.48243713
3.1986542, -9.337387, 0.4980011
3.2130127, -9.331406, 0.5195465
3.2393494, -9.325409, 0.49320984
3.250122, -9.315842, 0.50038147
3.245346, -9.308655, 0.5123596
3.2273865, -9.308655, 0.46447754
3.233368, -9.327805, 0.4920044
3.2716827, -9.324219, 0.5015869
3.2680817, -9.295486, 0.52433777
3.2644958, -9.300278, 0.5195465
3.2836456, -9.297882, 0.47644043
3.296814, -9.315842, 0.50038147
3.2836456, -9.303864, 0.4980011
3.3027954, -9.295486, 0.4812317
3.3195648, -9.297882, 0.4692688
3.305191, -9.297882, 0.48841858
3.296814, -9.289505, 0.48960876
3.312378, -9.295486, 0.4297638
3.3040009, -9.305069, 0.43693542
3.3231506, -9.31105, 0.4405365
3.329132, -9.323029, 0.45010376
3.3411102, -9.299072, 0.42736816
3.348297, -9.324219, 0.4297638
3.3590698, -9.294296, 0.44172668
3.3387146, -9.284714, 0.41299438
3.3435059, -9.308655, 0.39505005
3.3315277, -9.301468, 0.35554504
3.3267365, -9.271545, 0.3722992
3.3411102, -9.299072, 0.37828064
3.3231506, -9.282318, 0.3327942
3.3315277, -9.299072, 0.30885315
3.348297, -9.2883, 0.2956848
3.3327332, -9.265564, 0.31843567
3.344696, -9.273941, 0.28730774
3.305191, -9.300278, 0.28970337
3.3016052, -9.291901, 0.2956848
3.2992096, -9.301468, 0.25857544
3.351883, -9.30986, 0.2741394
3.3147736, -9.271545, 0.22625732
3.3171692, -9.313446, 0.24061584
3.3111877, -9.323029, 0.26815796
3.3231506, -9.303864, 0.23582458
3.3183594, -9.312241, 0.24659729
3.3195648, -9.296692, 0.24659729
3.3027954, -9.30986, 0.2454071
3.3159637, -9.327805, 0.25019836
3.3183594, -9.273941, 0.21069336
3.3016052, -9.290695, 0.24301147
3.2860413, -9.301468, 0.2633667
3.2920227, -9.285904, 0.26216125
3.2860413, -9.287109, 0.24899292
3.2597046, -9.3194275, 0.24301147
3.2357635, -9.293091, 0.23223877
3.248932, -9.31105, 0.2753296
3.2465363, -9.315842, 0.29447937
3.2405548, -9.306259, 0.29808044
3.2513275, -9.357742, 0.2633667
3.2154083, -9.357742, 0.296875
3.2381592, -9.321823, 0.30526733
3.2154083, -9.324219, 0.32202148
3.2381592, -9.331406, 0.35554504
3.2273865, -9.313446, 0.35913086
3.2357635, -9.325409, 0.36392212
3.2237854, -9.336197, 0.36392212
3.150772, -9.307465, 0.36750793
3.1926727, -9.317032, 0.38426208
3.2034454, -9.315842, 0.36990356
3.1998444, -9.342178, 0.41419983
3.1795044, -9.320633, 0.4010315
3.166336, -9.332596, 0.38905334
3.186676, -9.317032, 0.41778564
3.1699219, -9.332596, 0.38067627
3.1795044, -9.336197, 0.38905334
3.1830902, -9.336197, 0.41539
3.1962585, -9.334991, 0.43693542
3.2034454, -9.344574, 0.4405365
3.1591492, -9.342178, 0.44770813
3.1854858, -9.324219, 0.4405365
3.1723175, -9.339783, 0.4405365
3.154358, -9.325409, 0.43814087
3.190277, -9.323029, 0.43574524
3.1591492, -9.332596, 0.4405365
3.1280212, -9.360138, 0.44891357
3.1064758, -9.355347, 0.46087646
3.1555634, -9.344574, 0.45968628
3.1495667, -9.326614, 0.4740448
3.099289, -9.320633, 0.47045898
3.154358, -9.351746, 0.47644043
3.1795044, -9.369705, 0.45968628
3.1531677, -9.34697, 0.4980011
3.118454, -9.351746, 0.45729065
3.1531677, -9.343369, 0.45729065
3.1639404, -9.336197, 0.49320984
3.1483765, -9.338577, 0.50038147
3.1723175, -9.323029, 0.4800415
3.154358, -9.336197, 0.4584961
3.1531677, -9.351746, 0.4980011
3.154358, -9.340973, 0.5087738
3.147171, -9.342178, 0.47764587
3.157959, -9.360138, 0.42497253
3.1615448, -9.296692, 0.44891357
3.1435852, -9.324219, 0.44293213
3.126831, -9.361328, 0.4812317
3.1639404, -9.356537, 0.4692688
3.1795044, -9.368515, 0.46087646
3.1531677, -9.349365, 0.40940857
3.1603394, -9.350555, 0.41059875
3.1675262, -9.325409, 0.44293213
3.1819, -9.314636, 0.44651794
3.1890717, -9.339783, 0.4297638
3.157959, -9.291901, 0.41419983
3.1830902, -9.301468, 0.44172668
3.197464, -9.3194275, 0.41778564
3.2070312, -9.352951, 0.40940857
3.2154083, -9.333801, 0.44651794
3.2034454, -9.303864, 0.42018127
3.1890717, -9.354141, 0.43814087
3.229782, -9.332596, 0.42855835
3.2393494, -9.315842, 0.4513092
3.2249908, -9.325409, 0.4118042
3.26091, -9.324219, 0.3938446
3.2441406, -9.321823, 0.4189911
3.2764587, -9.315842, 0.40222168
3.257309, -9.340973, 0.3902588
3.2513275, -9.336197, 0.38786316
3.2441406, -9.315842, 0.42736816
3.2621002, -9.303864, 0.40940857
3.3016052, -9.30986, 0.37828064
3.2704773, -9.302673, 0.37709045
3.265686, -9.302673, 0.39624023
3.2429504, -9.294296, 0.35794067
3.2752686, -9.299072, 0.37709045
3.2632904, -9.30986, 0.4297638
3.2668915, -9.336197, 0.39144897
3.3147736, -9.315842, 0.3722992
3.2992096, -9.30986, 0.34596252
3.320755, -9.313446, 0.35075378
3.3159637, -9.324219, 0.36990356
3.324356, -9.327805, 0.33877563
3.3159637, -9.3194275, 0.39144897
3.3183594, -9.320633, 0.375885
3.3183594, -9.32901, 0.38426208
3.2992096, -9.314636, 0.33638
3.3147736, -9.2883, 0.36750793
3.3195648, -9.30986, 0.37469482
3.313568, -9.303864, 0.33398438
3.3003998, -9.282318, 0.30047607
3.3075867, -9.302673, 0.31843567
3.2800598, -9.324219, 0.31004333
3.2836456, -9.308655, 0.32081604
3.2537231, -9.340973, 0.3244171
3.226181, -9.351746, 0.30047607
3.2621002, -9.363724, 0.3028717
3.2405548, -9.364914, 0.296875
3.217804, -9.336197, 0.28730774
3.2369537, -9.32901, 0.3040619
3.2285767, -9.313446, 0.30047607
3.2094269, -9.300278, 0.252594
3.20224, -9.281128, 0.28370667
3.1986542, -9.293091, 0.3423767
3.1795044, -9.317032, 0.32321167
3.1926727, -9.296692, 0.3148346
3.2010498, -9.315842, 0.292099
3.1819, -9.308655, 0.29927063
3.1735077, -9.338577, 0.33998108
3.1795044, -9.339783, 0.33398438
3.1795044, -9.349365, 0.3076477
3.2225952, -9.34816, 0.35194397
3.1926727, -9.355347, 0.3435669
3.2034454, -9.376892, 0.36750793
3.1723175, -9.338577, 0.3818817
3.1962585, -9.333801, 0.38786316
3.1759033, -9.339783, 0.39863586
3.1603394, -9.327805, 0.39982605
3.1340027, -9.324219, 0.43455505
3.1483765, -9.307465, 0.42736816
3.1819, -9.31105, 0.43693542
3.162735, -9.327805, 0.43455505
3.1519623, -9.366119, 0.4297638
3.1495667, -9.338577, 0.4297638
3.1220398, -9.318237, 0.43215942
3.1495667, -9.343369, 0.40940857
3.1639404, -9.410416, 0.44172668
3.150772, -9.412811, 0.43693542
3.1555634, -9.402023, 0.45968628
3.1914673, -9.417587, 0.44770813
3.1806946, -9.416397, 0.46687317
3.147171, -9.385269, 0.46806335
3.1435852, -9.343369, 0.47883606
3.1328125, -9.31105, 0.48960876
3.1483765, -9.284714, 0.4800415
3.1292267, -9.30986, 0.51594543
3.12323, -9.297882, 0.48721313
3.1316223, -9.333801, 0.48483276
3.1639404, -9.360138, 0.5063782
3.1830902, -9.369705, 0.49440002
3.1914673, -9.397247, 0.49919128
3.1615448, -9.375687, 0.5063782
3.1795044, -9.375687, 0.47764587
3.166336, -9.42717, 0.42616272
3.1567535, -9.416397, 0.47883606
3.1639404, -9.403229, 0.48721313
3.1244354, -9.418793, 0.4740448
3.1651306, -9.406815, 0.44891357
3.150772, -9.355347, 0.43455505
3.126831, -9.375687, 0.41299438
3.1256256, -9.378082, 0.4118042
3.1160583, -9.374496, 0.4010315
3.10289, -9.360138, 0.4118042
3.0825348, -9.380478, 0.3866577
3.055008, -9.402023, 0.34117126
3.0921173, -9.419983, 0.37469482
3.1208344, -9.429565, 0.3830719
3.083725, -9.445129, 0.36990356
3.1244354, -9.471466, 0.36631775
3.1172485, -9.472656, 0.3471527
3.111267, -9.471466, 0.33998108
3.0980988, -9.478638, 0.34477234
3.094513, -9.430756, 0.3423767
3.0609894, -9.419983, 0.33518982
3.0346527, -9.370911, 0.33638
3.0334473, -9.314636, 0.34477234
3.0119019, -9.313446, 0.35554504
2.996338, -9.318237, 0.3423767
2.980774, -9.31105, 0.35194397
2.9903564, -9.303864, 0.3435669
2.9939423, -9.312241, 0.3136444
2.9855652, -9.32901, 0.37828064
3.0119019, -9.385269, 0.34954834
3.0142975, -9.3984375, 0.34596252
3.0609894, -9.459488, 0.3531494
3.0897217, -9.44632, 0.37469482
3.0968933, -9.461884, 0.39863586
3.1016846, -9.452301, 0.40342712
3.083725, -9.423584, 0.40940857
3.0526123, -9.396042, 0.40582275
3.0047302, -9.34816, 0.4632721
3.0047302, -9.293091, 0.5303192
3.0119019, -9.272736, 0.5015869
3.008316, -9.212891, 0.46566772
3.031067, -9.228455, 0.5135498
3.0346527, -9.246414, 0.54707336
3.0609894, -9.276337, 0.5195465
3.0741577, -9.293091, 0.5674286
3.1052856, -9.338577, 0.56622314
3.1519623, -9.333801, 0.55784607
3.1591492, -9.362518, 0.5698242
3.1950684, -9.410416, 0.5123596
3.2381592, -9.418793, 0.57341003
3.245346, -9.423584, 0.59495544
3.3099823, -9.417587, 0.58657837
3.3219604, -9.399643, 0.62249756
3.313568, -9.391251, 0.6177063
3.3027954, -9.332596, 0.5710144
3.2644958, -9.331406, 0.62368774
3.2345734, -9.290695, 0.58418274
3.2465363, -9.271545, 0.5590515
3.2190094, -9.239227, 0.58657837
3.190277, -9.26915, 0.56503296
3.1950684, -9.258377, 0.51475525
3.2094269, -9.287109, 0.52433777
3.2034454, -9.306259, 0.5398865
3.248932, -9.351746, 0.5315094
3.3003998, -9.406815, 0.49919128
3.3375244, -9.449921, 0.48602295
3.336319, -9.466675, 0.53749084
3.368637, -9.44632, 0.47764587
3.3506927, -9.431961, 0.4632721
3.3111877, -9.40802, 0.49679565
3.26091, -9.34697, 0.45489502
3.2273865, -9.260773, 0.46806335
3.1591492, -9.235626, 0.43693542
3.1483765, -9.229645, 0.44293213
3.1675262, -9.270355, 0.41539
3.1280212, -9.26796, 0.40821838
3.1651306, -9.2799225, 0.39982605
3.1795044, -9.313446, 0.4237671
3.2285767, -9.32901, 0.39743042
3.193863, -9.355347, 0.39624023
3.229782, -9.3589325, 0.3531494
3.1926727, -9.354141, 0.35554504
3.1819, -9.370911, 0.375885
3.1459808, -9.355347, 0.37948608
3.1555634, -9.326614, 0.35794067
3.1352081, -9.300278, 0.4118042
3.1280212, -9.312241, 0.46087646
3.1004944, -9.320633, 0.42018127
3.1040802, -9.293091, 0.40821838
3.099289, -9.317032, 0.39505005
3.1052856, -9.357742, 0.47764587
3.1136627, -9.337387, 0.43574524
3.150772, -9.352951, 0.43693542
3.1363983, -9.378082, 0.45010376
3.1615448, -9.375687, 0.44770813
3.1447906, -9.403229, 0.47764587
3.154358, -9.379288, 0.4620819
3.1747131, -9.396042, 0.4740448
3.193863, -9.39006, 0.48960876
3.2201996, -9.320633, 0.48362732
3.1830902, -9.314636, 0.48483276
3.193863, -9.301468, 0.4620819
3.1771088, -9.299072, 0.4632721
3.1878815, -9.331406, 0.4333496
3.2082367, -9.314636, 0.4513092
3.2118225, -9.338577, 0.4405365
3.2237854, -9.370911, 0.4513092
3.2273865, -9.392456, 0.43215942
3.210617, -9.391251, 0.4297638
3.1914673, -9.378082, 0.39863586
3.1411896, -9.402023, 0.4010315
3.1100616, -9.42836, 0.37469482
3.059784, -9.406815, 0.35075378
3.0274658, -9.440338, 0.30645752
2.999939, -9.42836, 0.2956848
2.968811, -9.466675, 0.30166626
2.9628296, -9.431961, 0.24182129
2.905365, -9.422379, 0.23822021
2.9185333, -9.423584, 0.21548462
2.8802185, -9.40802, 0.22265625
2.8359375, -9.411606, 0.25378418
2.8227692, -9.415192, 0.23582458
2.8335419, -9.376892, 0.2454071
2.8000183, -9.378082, 0.3327942
2.8694458, -9.404419, 0.33638
2.8730469, -9.379288, 0.3902588
2.9077606, -9.387665, 0.35794067
2.9257202, -9.416397, 0.41778564
2.9221191, -9.418793, 0.4297638
2.9496613, -9.421188, 0.4225769
2.9197235, -9.463089, 0.4920044
2.8850098, -9.471466, 0.4728546
2.8933868, -9.453506, 0.47883606
2.8479004, -9.471466, 0.5171509
2.810791, -9.457092, 0.5303192
2.7880554, -9.458298, 0.5602417
2.7569275, -9.457092, 0.54707336
2.7832642, -9.463089, 0.59376526
2.7545319, -9.496597, 0.6188965
2.7545319, -9.489426, 0.6380615
2.7677002, -9.481033, 0.6141052
2.795227, -9.509766, 0.6715698
2.8275452, -9.544479, 0.6584015
2.7940369, -9.56842, 0.6572113
2.7688904, -9.554062, 0.6859436
2.7257996, -9.543289, 0.73262024
2.771286, -9.562439, 0.70269775
2.7820587, -9.538498, 0.7805023
2.802414, -9.513367, 0.73861694
2.7916412, -9.476257, 0.75297546
2.8227692, -9.42598, 0.80804443
2.8538818, -9.327805, 0.8164215
2.8395233, -9.303864, 0.79248047
2.8299408, -9.257187, 0.81044006
2.850296, -9.217682, 0.85832214
2.913742, -9.2248535, 0.8738861
2.9783936, -9.239227, 0.8930359
3.0346527, -9.257187, 0.94091797
3.0909119, -9.285904, 0.9516907
3.1723175, -9.361328, 0.9636688
3.2668915, -9.406815, 0.97802734
3.3255463, -9.42598, 0.98880005
3.4177246, -9.435547, 0.98880005
3.4955292, -9.442734, 0.9421234
3.5051117, -9.419983, 0.94810486
3.5482025, -9.396042, 0.95529175
3.5398254, -9.356537, 0.9325409
3.5685577, -9.300278, 0.94929504
3.5673676, -9.270355, 0.9816284
3.5877075, -9.234436, 0.9421234
3.5948944, -9.194931, 0.98521423
3.6308136, -9.193741, 0.9900055
3.6427765, -9.17218, 0.9433136
3.6655273, -9.178177, 0.9708557
3.703827, -9.193741, 0.9732361
3.7421417, -9.204514, 0.93014526
3.739746, -9.216476, 0.9349365
3.7098083, -9.2643585, 0.9217682
3.7505188, -9.30986, 0.89782715
3.7648773, -9.369705, 0.8427582
3.7541046, -9.354141, 0.8247986
3.751709, -9.396042, 0.73143005
3.7182007, -9.381683, 0.70150757
3.6631317, -9.338577, 0.6476288
3.59729, -9.300278, 0.60095215
3.526657, -9.293091, 0.57221985
3.4105377, -9.303864, 0.51834106
3.3566742, -9.299072, 0.4524994
3.3040009, -9.287109, 0.40342712
3.2525177, -9.302673, 0.36750793
3.2070312, -9.351746, 0.28970337
3.1998444, -9.423584, 0.23822021
3.1998444, -9.439133, 0.20231628
3.1651306, -9.466675, 0.15681458
3.1208344, -9.503784, 0.065841675
3.0645752, -9.515747, 0.020355225
3.0298615, -9.476257, -0.020355225
2.9712067, -9.459488, -0.0143585205
2.9113464, -9.42717, -0.046691895
2.8718414, -9.410416, -0.06942749
2.8383331, -9.39006, -0.056259155
2.8012085, -9.388855, -0.04069519
2.7688904, -9.397247, 0.0023956299
2.8036041, -9.443924, -0.027526855
2.8215637, -9.423584, 0.010772705
2.7976227, -9.44632, 0.056259155
2.7844543, -9.489426, 0.101760864
2.7581177, -9.542084, 0.1197052
2.7700958, -9.528915, 0.14006042
2.7772675, -9.521744, 0.16041565
2.7533264, -9.508575, 0.23822021
2.7425537, -9.470261, 0.26455688
2.7174225, -9.48822, 0.2861023
2.7150269, -9.519348, 0.29447937
2.6886902, -9.465469, 0.3531494
2.6659393, -9.441528, 0.39624023
2.6731262, -9.459488, 0.41539
2.620453, -9.447525, 0.41059875
2.6647491, -9.455902, 0.4728546
2.7138214, -9.48822, 0.50398254
2.7593231, -9.483429, 0.50038147
2.7724915, -9.491806, 0.51475525
2.7688904, -9.46907, 0.5710144
2.7808685, -9.451111, 0.55784607
2.7305908, -9.396042, 0.5973511
2.7509308, -9.415192, 0.60572815
2.7569275, -9.382874, 0.6177063
2.762909, -9.3589325, 0.6584015
2.7664948, -9.379288, 0.66319275
2.779663, -9.373306, 0.7050934
2.8335419, -9.429565, 0.707489
2.9161377, -9.457092, 0.73143005
2.9795837, -9.489426, 0.77931213
2.9700012, -9.448715, 0.8140259
3.0334473, -9.46907, 0.8236084
3.0334473, -9.451111, 0.83677673
3.0585938, -9.415192, 0.83317566
3.10289, -9.393646, 0.81163025
3.1304169, -9.382874, 0.8379669
3.1723175, -9.337387, 0.8643036
3.1986542, -9.349365, 0.8343811
3.2154083, -9.336197, 0.79008484
3.2716827, -9.336197, 0.7745209
3.2597046, -9.338577, 0.786499
3.2800598, -9.294296, 0.786499
3.296814, -9.308655, 0.7410126
3.344696, -9.295486, 0.76374817
3.3746338, -9.26796, 0.723053
3.3267365, -9.254791, 0.6967163
3.3231506, -9.25119, 0.66200256
3.384201, -9.25119, 0.6476288
3.3530731, -9.254791, 0.6536102
3.3854065, -9.261963, 0.6572113
3.384201, -9.254791, 0.6643982
3.4189148, -9.247604, 0.59495544
3.43927, -9.261963, 0.57221985
3.4177246, -9.271545, 0.5793915
3.4404755, -9.26796, 0.509964
3.4799652, -9.300278, 0.47525024
3.5051117, -9.315842, 0.47644043
3.4715881, -9.303864, 0.4118042
3.4332886, -9.3194275, 0.38905334
3.4105377, -9.315842, 0.36032104
3.4093475, -9.297882, 0.33398438
3.4213104, -9.289505, 0.3076477
3.4201202, -9.273941, 0.2741394
3.3722382, -9.235626, 0.22744751
3.3435059, -9.275131, 0.22865295
3.3303375, -9.282318, 0.2454071
3.2944183, -9.266754, 0.16879272
3.3303375, -9.308655, 0.14125061
3.2920227, -9.338577, 0.113723755
3.2776642, -9.342178, 0.1376648
3.26091, -9.342178, 0.07661438
3.190277, -9.352951, 0.06942749
3.2082367, -9.372101, 0.077804565
3.1830902, -9.349365, 0.06225586
3.1495667, -9.363724, 0.04309082
3.1316223, -9.379288, 0.073028564
3.126831, -9.355347, 0.07182312
3.1328125, -9.39006, 0.068237305
3.1124573, -9.370911, 0.04309082
3.0861206, -9.376892, 0.0909729
3.0933075, -9.399643, 0.13407898
3.094513, -9.415192, 0.13407898
3.0538025, -9.399643, 0.15322876
3.039444, -9.42717, 0.18435669
3.0047302, -9.40921, 0.19033813
3.02388, -9.379288, 0.22984314
2.9951477, -9.405624, 0.26097107
2.996338, -9.417587, 0.2813263
2.9783936, -9.39006, 0.29927063
2.9783936, -9.396042, 0.296875
2.996338, -9.417587, 0.31962585
2.9855652, -9.435547, 0.3423767
2.9831696, -9.430756, 0.3471527
2.975998, -9.416397, 0.35673523
2.999939, -9.405624, 0.35673523
2.9879608, -9.42836, 0.3471527
2.9855652, -9.394852, 0.35913086
2.9580383, -9.385269, 0.40940857
2.980774, -9.400833, 0.4225769
2.960434, -9.412811, 0.44293213
2.9400787, -9.386475, 0.4728546
2.9736023, -9.418793, 0.4812317
2.9712067, -9.434357, 0.52671814
2.9388885, -9.433151, 0.5398865
2.952057, -9.452301, 0.5351105
2.984375, -9.453506, 0.5506592
2.9616241, -9.476257, 0.57221985
2.9747925, -9.508575, 0.5638275
2.992752, -9.514557, 0.57699585
2.960434, -9.513367, 0.5985565
2.9664154, -9.490616, 0.6081238
2.9616241, -9.48822, 0.62727356
2.9783936, -9.461884, 0.6643982
2.9819794, -9.460693, 0.7194519
2.9700012, -9.455902, 0.762558
2.9340973, -9.424774, 0.7697296
2.9304962, -9.397247, 0.7948761
2.937683, -9.370911, 0.82121277
2.9269104, -9.378082, 0.84036255
2.9233246, -9.354141, 0.86550903
2.9544525, -9.34816, 0.8894501
2.9544525, -9.361328, 0.8966217
2.9544525, -9.362518, 0.91218567
3.0370483, -9.404419, 0.92774963
3.031067, -9.381683, 0.95887756
3.0430298, -9.419983, 0.9349365
3.055008, -9.405624, 0.93733215
3.0454254, -9.370911, 0.98880005
3.0609894, -9.386475, 0.980423
3.055008, -9.327805, 0.9792328
3.0585938, -9.331406, 1.0115509
3.0741577, -9.327805, 1.0115509
3.071762, -9.294296, 1.0223236
3.1172485, -9.271545, 1.1001282
3.1136627, -9.281128, 1.0702057
3.1244354, -9.283524, 1.0845795
3.1363983, -9.258377, 1.0857697
3.1447906, -9.263168, 1.0893555
3.1495667, -9.276337, 1.0582428
3.1603394, -9.272736, 1.0666199
3.1830902, -9.283524, 1.0378876
3.20224, -9.295486, 1.0319061
3.2046356, -9.297882, 1.0319061
3.248932, -9.320633, 0.9924011
3.2621002, -9.317032, 0.9744415
3.2872314, -9.327805, 0.97683716
3.2932281, -9.352951, 0.9756317
3.320755, -9.375687, 0.9468994
3.2680817, -9.360138, 0.95648193
3.3003998, -9.338577, 0.98521423
3.3147736, -9.363724, 0.9145813
3.296814, -9.352951, 0.9217682
3.272873, -9.336197, 0.89782715
3.2752686, -9.339783, 0.86790466
3.2764587, -9.320633, 0.82240295
3.2836456, -9.323029, 0.806839
3.2872314, -9.350555, 0.78889465
3.272873, -9.344574, 0.70388794
3.2788544, -9.373306, 0.6536102
3.2920227, -9.386475, 0.58657837
3.3003998, -9.382874, 0.5793915
3.2920227, -9.405624, 0.5602417
3.2944183, -9.40921, 0.5063782
3.2668915, -9.415192, 0.40821838
3.26091, -9.376892, 0.33998108
3.2357635, -9.36731, 0.28849792
3.2130127, -9.417587, 0.22744751
3.2369537, -9.410416, 0.16281128
3.2118225, -9.410416, 0.073028564
3.2130127, -9.411606, 0.04069519
3.1890717, -9.400833, -0.065841675
3.1878815, -9.411606, -0.15562439
3.1962585, -9.414001, -0.27174377
3.1830902, -9.372101, -0.31843567
3.1687317, -9.327805, -0.3938446
3.1986542, -9.308655, -0.42736816
3.1950684, -9.296692, -0.50038147
3.1411896, -9.285904, -0.51834106
3.1435852, -9.261963, -0.5458832
3.1591492, -9.2643585, -0.55784607
3.1795044, -9.287109, -0.5566559
3.2632904, -9.2799225, -0.54348755
3.3063965, -9.30986, -0.48362732
3.3459015, -9.290695, -0.4118042
3.351883, -9.296692, -0.3866577
3.3315277, -9.277527, -0.33398438
3.344696, -9.216476, -0.20829773
3.3267365, -9.186554, -0.12210083
3.3040009, -9.193741, -0.08140564
3.2632904, -9.193741, 0.0
3.3327332, -9.197327, 0.05506897
3.3470917, -9.212891, 0.12449646
3.3710327, -9.218872, 0.20469666
3.3973694, -9.226059, 0.24899292
3.423706, -9.25119, 0.33758545
3.4608154, -9.2883, 0.42855835
3.4596252, -9.320633, 0.41059875
3.4979248, -9.312241, 0.46687317
3.5146942, -9.300278, 0.5506592
3.4691925, -9.315842, 0.6141052
3.463211, -9.299072, 0.6643982
3.485962, -9.323029, 0.7565613
3.470398, -9.343369, 0.74220276
3.4919434, -9.321823, 0.7685394
3.4847565, -9.293091, 0.8092346
3.4620209, -9.299072, 0.8487396
3.4440613, -9.313446, 0.88345337
3.4775848, -9.26796, 0.8607178
3.4620209, -9.258377, 0.86909485
3.4931335, -9.276337, 0.9516907
3.4536285, -9.271545, 0.9109955
3.4596252, -9.275131, 0.8930359
3.4608154, -9.244019, 0.9181824
3.4416656, -9.235626, 0.8894501
3.4344788, -9.248795, 0.8846588
3.4440613, -9.252396, 0.9468994
3.4356842, -9.266754, 0.91937256
3.4320831, -9.273941, 0.881073
3.4117432, -9.266754, 0.85832214
3.4201202, -9.285904, 0.81163025
3.4560242, -9.278732, 0.7948761
3.4344788, -9.258377, 0.7852936
3.4165192, -9.295486, 0.7445984
3.3961792, -9.2643585, 0.7194519
3.3722382, -9.252396, 0.6967163
3.3889923, -9.2404175, 0.6536102
3.3566742, -9.239227, 0.61650085
3.3614655, -9.2643585, 0.58418274
3.3590698, -9.2643585, 0.56622314
3.3435059, -9.278732, 0.5231323
3.3387146, -9.313446, 0.4800415
3.351883, -9.314636, 0.48960876
3.336319, -9.285904, 0.4118042
3.2764587, -9.289505, 0.41659546
3.289627, -9.278732, 0.4046173
3.2752686, -9.271545, 0.34596252
3.2632904, -9.313446, 0.36631775
3.2405548, -9.290695, 0.31843567
3.2381592, -9.297882, 0.28012085
3.2046356, -9.337387, 0.24182129
3.2130127, -9.334991, 0.22505188
3.2237854, -9.345764, 0.21308899
3.2357635, -9.361328, 0.18435669
3.205841, -9.370911, 0.15322876
3.1878815, -9.356537, 0.15562439
3.150772, -9.324219, 0.14125061
3.1998444, -9.324219, 0.12808228
3.1675262, -9.312241, 0.118515015
3.150772, -9.337387, 0.13647461
3.1244354, -9.30986, 0.14964294
3.099289, -9.299072, 0.14724731
3.075348, -9.326614, 0.15441895
3.126831, -9.313446, 0.14604187
3.1076813, -9.321823, 0.17477417
3.1124573, -9.332596, 0.14364624
3.1699219, -9.34697, 0.22146606
3.1328125, -9.374496, 0.19154358
3.1076813, -9.331406, 0.21308899
3.1639404, -9.318237, 0.2633667
3.1771088, -9.323029, 0.292099
3.1711273, -9.307465, 0.28370667
3.1854858, -9.300278, 0.30526733
3.20224, -9.283524, 0.37709045
3.2130127, -9.247604, 0.34477234
3.1759033, -9.239227, 0.38426208
3.2034454, -9.255981, 0.45610046
3.2237854, -9.277527, 0.4620819
3.233368, -9.276337, 0.4908142
3.2800598, -9.3194275, 0.5135498
3.284851, -9.321823, 0.5530548
3.3375244, -9.324219, 0.5386963
3.336319, -9.275131, 0.5303192
3.3530731, -9.308655, 0.58657837
3.3782196, -9.32901, 0.56503296
3.3554688, -9.30986, 0.5638275
3.368637, -9.312241, 0.59495544
3.3746338, -9.258377, 0.588974
3.3985748, -9.255981, 0.5901642
3.4273071, -9.278732, 0.57221985
3.4296875, -9.26796, 0.5638275
3.3949738, -9.246414, 0.5710144
3.4045563, -9.244019, 0.5746155
3.406952, -9.2643585, 0.52911377
3.43927, -9.272736, 0.5746155
3.4273071, -9.253586, 0.5518646
3.43927, -9.236832, 0.5063782
3.4320831, -9.223663, 0.5386963
3.4560242, -9.23204, 0.55784607
3.4512482, -9.2404175, 0.549469
3.4596252, -9.20929, 0.51475525
3.4452515, -9.216476, 0.4812317
3.4500427, -9.215286, 0.43215942
3.4572296, -9.212891, 0.43814087
3.4739838, -9.236832, 0.4118042
3.4596252, -9.214081, 0.40701294
3.4416656, -9.241623, 0.37948608
3.4596252, -9.23085, 0.35673523
3.4608154, -9.233246, 0.33877563
3.4931335, -9.242813, 0.31004333
3.5398254, -9.247604, 0.26097107
3.502716, -9.247604, 0.24301147
3.5110931, -9.241623, 0.22265625
3.5350342, -9.25119, 0.19752502
3.5063019, -9.233246, 0.14604187
3.5063019, -9.226059, 0.1197052
3.4979248, -9.239227, 0.111328125
3.494339, -9.2248535, 0.113723755
3.4739838, -9.216476, 0.02154541
3.4751892, -9.204514, 0.03352356
3.4524384, -9.25, -0.02154541
3.454834, -9.252396, -0.020355225
3.4811707, -9.276337, -0.037109375
3.4667969, -9.296692, -0.061050415
3.4368744, -9.342178, -0.06703186
3.4356842, -9.326614, -0.082595825
3.4428558, -9.290695, -0.07661438
3.4213104, -9.300278, -0.075424194
3.4225159, -9.277527, -0.070632935
3.406952, -9.272736, -0.0095825195
3.3530731, -9.25119, 0.0011901855
3.3985748, -9.265564, -0.013168335
3.3961792, -9.306259, 0.010772705
3.3734283, -9.294296, 0.05027771
3.391388, -9.323029, 0.075424194
3.3985748, -9.300278, 0.07661438
3.3638458, -9.2643585, 0.12210083
3.3746338, -9.285904, 0.17358398
3.3949738, -9.287109, 0.21907043
3.408142, -9.297882, 0.23103333
3.4165192, -9.26915, 0.30166626
3.3865967, -9.241623, 0.31243896
3.408142, -9.239227, 0.29927063
3.406952, -9.25119, 0.3531494
3.4033508, -9.255981, 0.34596252
3.3985748, -9.255981, 0.34596252
3.406952, -9.241623, 0.32800293
3.415329, -9.241623, 0.3830719
3.4296875, -9.272736, 0.40940857
3.4129333, -9.270355, 0.43215942
3.4344788, -9.275131, 0.40940857
3.3865967, -9.293091, 0.4237671
3.368637, -9.285904, 0.39505005
3.3638458, -9.258377, 0.39863586
3.3494873, -9.285904, 0.41059875
3.312378, -9.294296, 0.3830719
3.3171692, -9.277527, 0.37348938
3.324356, -9.307465, 0.4118042
3.2824554, -9.272736, 0.40940857
3.3040009, -9.2883, 0.41419983
3.2944183, -9.318237, 0.4010315
3.265686, -9.2883, 0.3830719
3.2740784, -9.285904, 0.3902588
3.2944183, -9.2799225, 0.37828064
3.2788544, -9.287109, 0.31962585
3.28125, -9.253586, 0.3435669
3.2752686, -9.266754, 0.33398438
3.2764587, -9.2799225, 0.36631775
3.2824554, -9.291901, 0.3423767
3.2716827, -9.252396, 0.34954834
3.2561188, -9.266754, 0.31124878
3.2644958, -9.270355, 0.27174377
3.2872314, -9.277527, 0.25976562
3.3255463, -9.266754, 0.30166626
3.3075867, -9.265564, 0.31124878
3.3315277, -9.287109, 0.2669525
3.3099823, -9.293091, 0.25378418
3.320755, -9.248795, 0.2813263
3.312378, -9.242813, 0.252594
3.3159637, -9.244019, 0.23342896
3.3147736, -9.244019, 0.24420166
3.3016052, -9.241623, 0.23103333
3.3099823, -9.253586, 0.21907043
3.336319, -9.253586, 0.2238617
3.3375244, -9.2595825, 0.22984314
3.3255463, -9.273941, 0.23822021
3.3351288, -9.295486, 0.21786499
3.3554688, -9.285904, 0.22865295
3.3854065, -9.2799225, 0.17358398
3.3794098, -9.295486, 0.2166748
3.3794098, -9.296692, 0.19273376
3.4356842, -9.307465, 0.22625732
3.4296875, -9.254791, 0.23942566
3.463211, -9.265564, 0.23342896
3.4440613, -9.253586, 0.22146606
3.4452515, -9.23085, 0.252594
3.4332886, -9.226059, 0.25138855
3.4512482, -9.198517, 0.22146606
3.4584198, -9.229645, 0.22865295
3.4991302, -9.2248535, 0.23223877
3.5086975, -9.25119, 0.23103333
3.4691925, -9.246414, 0.24061584
3.4811707, -9.258377, 0.22505188
3.509903, -9.276337, 0.25019836
3.4739838, -9.25119, 0.2561798
3.4644165, -9.236832, 0.22265625
3.4536285, -9.2595825, 0.25498962
3.4380798, -9.247604, 0.24301147
3.478775, -9.242813, 0.2669525
3.4608154, -9.23085, 0.23942566
3.4404755, -9.227249, 0.27893066
3.4416656, -9.246414, 0.25498962
3.430893, -9.235626, 0.27293396
3.4033508, -9.235626, 0.27293396
3.4033508, -9.2799225, 0.25737
3.4225159, -9.266754, 0.2813263
3.4296875, -9.247604, 0.27174377
3.4189148, -9.2643585, 0.31723022
3.4416656, -9.234436, 0.292099
3.4165192, -9.261963, 0.25019836
3.3973694, -9.258377, 0.26815796
3.4009705, -9.236832, 0.26934814
3.4225159, -9.252396, 0.26216125
3.399765, -9.218872, 0.23223877
3.4033508, -9.215286, 0.25857544
3.4009705, -9.242813, 0.28370667
3.3710327, -9.223663, 0.2669525
3.4033508, -9.242813, 0.28970337
3.415329, -9.239227, 0.26815796
3.4213104, -9.235626, 0.2741394
3.4165192, -9.236832, 0.30166626
3.368637, -9.257187, 0.30645752
3.3794098, -9.2643585, 0.252594
3.4009705, -9.257187, 0.26455688
3.3985748, -9.275131, 0.2669525
3.391388, -9.2643585, 0.2741394
3.391388, -9.285904, 0.2861023
3.4177246, -9.281128, 0.29089355
3.4273071, -9.2799225, 0.29089355
3.3854065, -9.255981, 0.29089355
3.4201202, -9.260773, 0.292099
3.4213104, -9.25, 0.29447937
3.384201, -9.227249, 0.29808044
3.3806152, -9.223663, 0.31124878
3.4129333, -9.23204, 0.30526733
3.4284973, -9.233246, 0.30526733
3.4524384, -9.2404175, 0.31962585
3.4201202, -9.257187, 0.30526733
3.4572296, -9.239227, 0.32800293
3.4500427, -9.252396, 0.30526733
3.4512482, -9.247604, 0.30047607
3.4404755, -9.25119, 0.28370667
3.4225159, -9.260773, 0.2849121
3.4512482, -9.239227, 0.331604
3.4273071, -9.238022, 0.33998108
3.3925781, -9.244019, 0.29447937
3.4416656, -9.2248535, 0.30526733
3.4033508, -9.215286, 0.35075378
3.406952, -9.239227, 0.3256073
3.4045563, -9.214081, 0.28849792
3.3626556, -9.235626, 0.30885315
3.384201, -9.223663, 0.2813263
3.4284973, -9.233246, 0.2753296
3.4536285, -9.282318, 0.2753296
3.4691925, -9.295486, 0.28970337
3.4572296, -9.295486, 0.2669525
3.4680023, -9.3194275, 0.29927063
3.463211, -9.277527, 0.25976562
3.4596252, -9.266754, 0.28012085
3.4177246, -9.25, 0.33398438
3.4189148, -9.25, 0.3040619
3.4045563, -9.221268, 0.25498962
3.3854065, -9.194931, 0.26934814
3.3710327, -9.187744, 0.30166626
3.3722382, -9.173386, 0.27174377
3.3782196, -9.239227, 0.27772522
3.3638458, -9.255981, 0.2956848
3.3578644, -9.260773, 0.3028717
3.3710327, -9.296692, 0.32202148
3.3267365, -9.30986, 0.31723022
3.3339233, -9.307465, 0.26097107
3.3387146, -9.313446, 0.22865295
3.3111877, -9.30986, 0.27053833
3.288437, -9.313446, 0.29808044
3.257309, -9.312241, 0.28730774
3.2668915, -9.294296, 0.2741394
3.217804, -9.327805, 0.27772522
3.245346, -9.337387, 0.26576233
3.2525177, -9.321823, 0.29808044
3.2668915, -9.305069, 0.30885315
3.229782, -9.361328, 0.28251648
3.233368, -9.320633, 0.27893066
3.2249908, -9.351746, 0.2813263
3.1651306, -9.355347, 0.31004333
3.1998444, -9.32901, 0.29447937
3.1962585, -9.349365, 0.296875
3.154358, -9.3302, 0.33398438
3.162735, -9.325409, 0.33398438
3.1519623, -9.295486, 0.33877563
3.1531677, -9.323029, 0.30166626
3.1771088, -9.2883, 0.32321167
3.1555634, -9.337387, 0.30166626
3.1735077, -9.362518, 0.3148346
3.1699219, -9.363724, 0.32800293
3.1842957, -9.356537, 0.2813263
3.178299, -9.376892, 0.26934814
3.1591492, -9.351746, 0.2849121
3.1747131, -9.374496, 0.24780273
3.1531677, -9.352951, 0.25498962
3.1483765, -9.305069, 0.2753296
3.1340027, -9.299072, 0.24182129
3.1399994, -9.308655, 0.27893066
3.157959, -9.324219, 0.296875
3.1651306, -9.314636, 0.2956848
3.1639404, -9.321823, 0.26576233
3.1806946, -9.340973, 0.2956848
3.2082367, -9.356537, 0.27293396
3.2142181, -9.362518, 0.26815796
3.1830902, -9.320633, 0.3040619
3.217804, -9.302673, 0.30047607
3.2070312, -9.321823, 0.3076477
3.2094269, -9.303864, 0.3076477
3.2082367, -9.290695, 0.33638
3.1998444, -9.297882, 0.34596252
3.2118225, -9.273941, 0.35794067
3.1890717, -9.273941, 0.3830719
3.226181, -9.273941, 0.36392212
3.2321777, -9.291901, 0.38786316
3.2285767, -9.253586, 0.39265442
3.272873, -9.2883, 0.42138672
3.2860413, -9.317032, 0.42138672
3.284851, -9.306259, 0.4189911
3.3147736, -9.296692, 0.39624023
3.2860413, -9.297882, 0.43095398
3.2836456, -9.278732, 0.46447754
3.305191, -9.281128, 0.4632721
3.3040009, -9.291901, 0.46447754
3.3255463, -9.271545, 0.4620819
3.308792, -9.255981, 0.46447754
3.3040009, -9.2595825, 0.48483276
3.3075867, -9.263168, 0.47166443
3.344696, -9.25119, 0.47166443
3.3494873, -9.284714, 0.4728546
3.3542786, -9.324219, 0.43574524
3.3865967, -9.291901, 0.4908142
3.3806152, -9.290695, 0.44651794
3.3901825, -9.2799225, 0.4620819
3.3830109, -9.282318, 0.44293213
3.3830109, -9.263168, 0.44172668
3.3961792, -9.2799225, 0.44651794
3.3901825, -9.278732, 0.4297638
3.3614655, -9.294296, 0.40342712
3.3818054, -9.290695, 0.4189911
3.3937836, -9.305069, 0.40821838
3.4356842, -9.313446, 0.41539
3.4344788, -9.3302, 0.3615265
3.3782196, -9.351746, 0.38067627
3.3411102, -9.323029, 0.39743042
3.3889923, -9.34697, 0.40821838
3.3889923, -9.343369, 0.37469482
3.3327332, -9.356537, 0.36392212
3.3494873, -9.354141, 0.3256073
3.3650513, -9.373306, 0.33518982
3.3099823, -9.362518, 0.33518982
3.289627, -9.334991, 0.3722992
3.2740784, -9.355347, 0.34117126
3.2632904, -9.355347, 0.31124878
3.197464, -9.326614, 0.3423767
3.1555634, -9.342178, 0.31124878
3.138794, -9.332596, 0.3148346
3.10289, -9.336197, 0.2849121
3.0825348, -9.34697, 0.2633667
3.0406342, -9.363724, 0.30166626
3.0298615, -9.380478, 0.24780273
3.02388, -9.36731, 0.26576233
3.015503, -9.372101, 0.23223877
2.9903564, -9.402023, 0.21308899
2.952057, -9.421188, 0.25857544
2.9544525, -9.406815, 0.27653503
2.9281158, -9.39006, 0.26934814
2.8766327, -9.419983, 0.26216125
2.8802185, -9.375687, 0.2741394
2.9197235, -9.379288, 0.30526733
2.917328, -9.386475, 0.31004333
2.9269104, -9.400833, 0.33039856
2.9101562, -9.400833, 0.3136444
2.9424744, -9.386475, 0.33758545
2.975998, -9.410416, 0.35673523
2.956833, -9.424774, 0.36871338
2.9388885, -9.40802, 0.39982605
2.9352875, -9.42598, 0.4441223
2.9221191, -9.386475, 0.42018127
2.8850098, -9.391251, 0.41299438
2.834732, -9.387665, 0.4513092
2.8251648, -9.399643, 0.44770813
2.8455048, -9.400833, 0.45968628
2.8538818, -9.39006, 0.4441223
2.8371277, -9.430756, 0.46447754
2.8766327, -9.451111, 0.4620819
2.9257202, -9.470261, 0.48602295
2.8957825, -9.476257, 0.50038147
2.952057, -9.483429, 0.51834106
3.0059204, -9.519348, 0.49679565
3.0095062, -9.50737, 0.533905
3.0454254, -9.512161, 0.5590515
3.020279, -9.44632, 0.55426025
3.0609894, -9.402023, 0.6248932
3.0693665, -9.362518, 0.62249756
3.0645752, -9.351746, 0.6572113
3.0609894, -9.323029, 0.6907196
3.114853, -9.266754, 0.70988464
3.0933075, -9.277527, 0.6943207
3.1004944, -9.2595825, 0.723053
3.1735077, -9.307465, 0.75297546
3.2190094, -9.352951, 0.7410126
3.2716827, -9.399643, 0.7290344
3.348297, -9.441528, 0.7649536
3.4045563, -9.458298, 0.73262024
3.4596252, -9.449921, 0.7852936
3.447647, -9.44632, 0.7697296
3.4416656, -9.42598, 0.7697296
3.446457, -9.379288, 0.7302246
3.4213104, -9.338577, 0.7457886
3.415329, -9.290695, 0.7517853
3.3411102, -9.215286, 0.70150757
3.3650513, -9.173386, 0.7146759
3.3614655, -9.142258, 0.7182617
3.3626556, -9.094376, 0.683548
3.4117432, -9.097961, 0.70388794
3.4440613, -9.160217, 0.66200256
3.447647, -9.205704, 0.6871338
3.51828, -9.25119, 0.683548
3.5685577, -9.331406, 0.6584015
3.5637665, -9.352951, 0.63087463
3.605667, -9.368515, 0.6356659
3.636795, -9.3589325, 0.58657837
3.6511536, -9.351746, 0.5602417
3.672699, -9.296692, 0.52671814
3.6355896, -9.238022, 0.5231323
3.6379852, -9.149445, 0.47764587
3.6188354, -9.105148, 0.45010376
3.6080627, -9.039307, 0.40342712
3.5913086, -9.024948, 0.36392212
3.5960846, -9.044098, 0.36392212
3.6343994, -9.07402, 0.34117126
3.6320038, -9.123108, 0.24780273
3.7050323, -9.174576, 0.20709229
3.7337646, -9.23204, 0.22146606
3.7660828, -9.308655, 0.1771698
3.7696686, -9.345764, 0.09576416
3.7684784, -9.388855, 0.06703186
3.7565002, -9.419983, 0.027526855
3.7385406, -9.40802, -0.0287323
3.6870728, -9.40802, -0.089782715
3.6343994, -9.380478, -0.1257019
3.541031, -9.379288, -0.15562439
3.4368744, -9.352951, -0.20829773
3.3231506, -9.34816, -0.252594
3.2597046, -9.363724, -0.27653503
3.2225952, -9.404419, -0.2753296
3.1735077, -9.397247, -0.31962585
3.1555634, -9.40921, -0.3256073
3.0933075, -9.465469, -0.34477234
3.0286713, -9.453506, -0.35913086
2.9867706, -9.430756, -0.33877563
2.9544525, -9.447525, -0.30885315
2.9125519, -9.478638, -0.27053833
2.8634644, -9.424774, -0.24780273
2.8275452, -9.415192, -0.22744751
2.8083954, -9.424774, -0.17837524
2.779663, -9.418793, -0.16998291
2.7341766, -9.423584, -0.108932495
2.6970673, -9.405624, -0.049087524
2.6851044, -9.422379, 0.0095825195
2.699463, -9.392456, 0.11013794
2.7150269, -9.415192, 0.16998291
2.7640991, -9.447525, 0.23703003
2.826355, -9.449921, 0.31843567
2.8886108, -9.464279, 0.32800293
2.9101562, -9.470261, 0.3866577
2.9005737, -9.459488, 0.4405365
2.8730469, -9.464279, 0.49560547
2.8886108, -9.44632, 0.5207367
2.8670502, -9.416397, 0.5482788
2.8431091, -9.394852, 0.6368561
2.8646698, -9.34816, 0.6476288
2.857483, -9.336197, 0.6392517
2.8622742, -9.30986, 0.667984
2.8538818, -9.312241, 0.65960693
2.8526917, -9.333801, 0.6607971
2.8287506, -9.334991, 0.64164734
2.8275452, -9.326614, 0.6823425
2.8730469, -9.374496, 0.7338257
2.9340973, -9.406815, 0.762558
2.9831696, -9.411606, 0.80804443
2.977188, -9.40802, 0.8307953
2.9795837, -9.396042, 0.8056488
2.9628296, -9.376892, 0.82839966
2.9616241, -9.397247, 0.8140259
2.9580383, -9.376892, 0.8487396
2.9484558, -9.31105, 0.86909485
2.9424744, -9.317032, 0.8631134
2.9891663, -9.26796, 0.8822632
3.0226746, -9.278732, 0.8738861
3.0418396, -9.2799225, 0.8954315
3.0538025, -9.284714, 0.89901733
3.099289, -9.2799225, 0.91218567
3.166336, -9.252396, 0.93733215
3.1854858, -9.276337, 0.980423
3.2225952, -9.284714, 0.98521423
3.248932, -9.273941, 1.0319061
3.2357635, -9.278732, 1.083374
3.241745, -9.26915, 1.0893555
3.3075867, -9.317032, 1.059433
3.3854065, -9.325409, 1.0163422
3.415329, -9.299072, 0.980423
3.4356842, -9.332596, 0.980423
3.4811707, -9.2799225, 0.980423
3.4739838, -9.2643585, 0.9816284
3.4835663, -9.242813, 0.96725464
3.5278625, -9.217682, 0.9421234
3.5158844, -9.197327, 0.9361267
3.5122986, -9.208099, 0.9145813
3.5350342, -9.173386, 0.90141296
3.569748, -9.166199, 0.8822632
3.5877075, -9.162613, 0.9026184
3.5937042, -9.197327, 0.8631134
3.604477, -9.244019, 0.8319855
3.6272125, -9.244019, 0.8128357
3.628418, -9.26915, 0.8044586
3.5984802, -9.253586, 0.7685394
3.580536, -9.241623, 0.723053
3.557785, -9.244019, 0.6775665
3.5541992, -9.23085, 0.6260834
3.5745392, -9.260773, 0.5566559
3.5757446, -9.2799225, 0.48841858
3.585312, -9.290695, 0.3866577
3.5757446, -9.2883, 0.34596252
3.5924988, -9.266754, 0.30645752
3.633194, -9.295486, 0.23942566
3.6080627, -9.3194275, 0.14245605
3.59729, -9.291901, 0.09815979
3.5529938, -9.323029, 0.011978149
3.5709534, -9.318237, -0.1484375
3.5374298, -9.317032, -0.23103333
3.509903, -9.284714, -0.36392212
3.5063019, -9.2799225, -0.45010376
3.4991302, -9.275131, -0.56503296
3.5086975, -9.244019, -0.6787567
3.51828, -9.255981, -0.7565613
3.5170898, -9.283524, -0.841568
3.4883575, -9.234436, -0.885849
3.4488525, -9.2200775, -0.93733215
3.4249115, -9.210495, -0.96606445
3.3794098, -9.2595825, -0.90501404
3.3782196, -9.253586, -0.84994507
3.3734283, -9.296692, -0.74220276
3.3542786, -9.314636, -0.64164734
3.308792, -9.303864, -0.5506592
3.2704773, -9.339783, -0.48721313
3.269287, -9.327805, -0.36631775
3.26091, -9.32901, -0.32800293
3.205841, -9.320633, -0.2813263
3.1735077, -9.302673, -0.18315125
3.142395, -9.321823, -0.13526917
3.10289, -9.344574, -0.044296265
3.099289, -9.340973, 0.034713745
3.10289, -9.356537, 0.082595825
3.1340027, -9.373306, 0.14125061
3.1483765, -9.362518, 0.2238617
3.1603394, -9.397247, 0.24182129
3.1411896, -9.400833, 0.2813263
3.1603394, -9.418793, 0.35194397
3.178299, -9.410416, 0.36871338
3.1806946, -9.416397, 0.41659546
3.1376038, -9.393646, 0.42018127
3.1363983, -9.364914, 0.46687317
3.1555634, -9.372101, 0.4728546
3.1352081, -9.34816, 0.47644043
3.1196442, -9.334991, 0.51475525
3.1363983, -9.349365, 0.52671814
3.1435852, -9.3302, 0.5315094
3.1675262, -9.320633, 0.55545044
3.1819, -9.338577, 0.51475525
3.1962585, -9.355347, 0.50756836
3.1495667, -9.338577, 0.52671814
3.1759033, -9.342178, 0.4812317
3.1435852, -9.379288, 0.44891357
3.1435852, -9.375687, 0.4728546
3.1411896, -9.404419, 0.5207367
3.1567535, -9.364914, 0.5506592
3.1483765, -9.393646, 0.55784607
3.162735, -9.373306, 0.58299255
3.1830902, -9.357742, 0.5351105
3.1591492, -9.326614, 0.52433777
3.1687317, -9.306259, 0.5506592
3.1615448, -9.306259, 0.5746155
3.1435852, -9.2799225, 0.56503296
3.1328125, -9.275131, 0.58657837
3.1567535, -9.306259, 0.61172485
3.1651306, -9.284714, 0.5913696
3.1842957, -9.297882, 0.5901642
3.1699219, -9.287109, 0.6188965
3.1878815, -9.289505, 0.61291504
3.1806946, -9.339783, 0.63087463
3.2225952, -9.36731, 0.61531067
3.2369537, -9.381683, 0.65122986
3.272873, -9.336197, 0.6392517
3.2597046, -9.324219, 0.6320648
3.2142181, -9.291901, 0.65960693
3.210617, -9.295486, 0.65242004
3.1986542, -9.275131, 0.6248932
3.1854858, -9.248795, 0.6105194
3.2082367, -9.239227, 0.5805969
3.2118225, -9.245209, 0.588974
3.229782, -9.273941, 0.6081238
3.2465363, -9.271545, 0.63087463
3.2788544, -9.26915, 0.5961609
3.288437, -9.293091, 0.6033325
3.2704773, -9.30986, 0.5973511
3.2249908, -9.317032, 0.5877838
3.2393494, -9.340973, 0.6081238
3.2740784, -9.32901, 0.57699585
3.2632904, -9.343369, 0.5817871
3.2537231, -9.332596, 0.54707336
3.2800598, -9.3194275, 0.5805969
3.3016052, -9.295486, 0.5626373
3.305191, -9.285904, 0.49320984
3.2800598, -9.284714, 0.5303192
3.2860413, -9.273941, 0.51475525
3.2920227, -9.255981, 0.48483276
3.3267365, -9.266754, 0.48602295
3.368637, -9.260773, 0.49919128
3.384201, -9.242813, 0.44770813
3.447647, -9.276337, 0.41778564
3.4763794, -9.302673, 0.4225769
3.4368744, -9.287109, 0.3651123
3.4428558, -9.325409, 0.34835815
3.3806152, -9.325409, 0.3423767
3.3626556, -9.285904, 0.30645752
3.4033508, -9.291901, 0.26815796
3.4356842, -9.289505, 0.2346344
3.4715881, -9.278732, 0.1879425
3.4608154, -9.26915, 0.15322876
3.4512482, -9.283524, 0.08859253
3.4656067, -9.2883, 0.053863525
3.4727936, -9.25, 0.051467896
3.4500427, -9.2595825, 0.02154541
3.423706, -9.25119, -0.06463623
3.408142, -9.246414, -0.104141235
3.4141388, -9.265564, -0.13168335
3.4249115, -9.276337, -0.2166748
3.4249115, -9.278732, -0.22265625
3.4165192, -9.257187, -0.2633667
3.4177246, -9.278732, -0.3076477
3.3973694, -9.285904, -0.32920837
3.3734283, -9.283524, -0.33877563
3.3303375, -9.276337, -0.31723022
3.2860413, -9.272736, -0.3136444
3.2992096, -9.253586, -0.29328918
3.2597046, -9.239227, -0.29328918
3.272873, -9.257187, -0.28730774
3.2716827, -9.2883, -0.22625732
3.2944183, -9.293091, -0.1771698
3.2716827, -9.308655, -0.1257019
3.2824554, -9.300278, -0.07661438
3.313568, -9.293091, -0.046691895
3.3195648, -9.3194275, -0.034713745
3.2680817, -9.314636, 0.020355225
3.2740784, -9.289505, 0.073028564
3.248932, -9.306259, 0.111328125
3.2465363, -9.324219, 0.15441895
3.248932, -9.277527, 0.15802002
3.2644958, -9.273941, 0.20350647
3.2764587, -9.291901, 0.24659729
3.2632904, -9.302673, 0.2849121
3.3075867, -9.3302, 0.31243896
3.3111877, -9.305069, 0.31243896
3.3327332, -9.32901, 0.32202148
3.336319, -9.308655, 0.37948608
3.327942, -9.294296, 0.35794067
3.327942, -9.284714, 0.36271667
3.2764587, -9.275131, 0.3938446
3.2525177, -9.293091, 0.4046173
3.233368, -9.282318, 0.3938446
3.2537231, -9.293091, 0.37709045
3.269287, -9.30986, 0.39743042
3.308792, -9.313446, 0.41059875
3.320755, -9.327805, 0.43574524
3.3339233, -9.354141, 0.41539
3.3159637, -9.323029, 0.44172668
3.2776642, -9.354141, 0.4189911
3.2465363, -9.366119, 0.49440002
3.2632904, -9.296692, 0.4980011
3.26091, -9.282318, 0.4800415
3.28125, -9.290695, 0.48960876
3.2944183, -9.297882, 0.4728546
3.3063965, -9.307465, 0.48841858
3.3111877, -9.297882, 0.5063782
3.272873, -9.30986, 0.509964
3.3040009, -9.3194275, 0.4920044
3.3040009, -9.331406, 0.48960876
3.2920227, -9.318237, 0.4908142
3.3063965, -9.31105, 0.46566772
3.3183594, -9.31105, 0.52433777
3.2860413, -9.315842, 0.5051727
3.2465363, -9.317032, 0.50038147
3.257309, -9.296692, 0.5015869
3.2405548, -9.306259, 0.53271484
3.250122, -9.306259, 0.52552795
3.226181, -9.272736, 0.52194214
3.217804, -9.315842, 0.56144714
3.226181, -9.306259, 0.5410919
3.2597046, -9.26796, 0.53749084
3.2585144, -9.317032, 0.5674286
3.241745, -9.315842, 0.57699585
3.2644958, -9.300278, 0.53630066
3.3075867, -9.314636, 0.60572815
3.284851, -9.294296, 0.57341003
3.2764587, -9.308655, 0.6380615
3.2836456, -9.299072, 0.61650085
3.269287, -9.30986, 0.5877838
3.2944183, -9.287109, 0.6464386
3.3171692, -9.315842, 0.64523315
3.3003998, -9.293091, 0.6536102
3.313568, -9.290695, 0.6201019
3.3530731, -9.308655, 0.59376526
3.3638458, -9.303864, 0.5853882
3.3554688, -9.272736, 0.5877838
3.3231506, -9.283524, 0.61650085
3.3459015, -9.301468, 0.5985565
3.3506927, -9.284714, 0.588974
3.327942, -9.284714, 0.5793915
3.320755, -9.31105, 0.5626373
3.3506927, -9.314636, 0.5410919
3.3219604, -9.283524, 0.5410919
3.367447, -9.300278, 0.5566559
3.3961792, -9.2883, 0.5410919
3.4009705, -9.312241, 0.52911377
3.4033508, -9.297882, 0.5015869
3.3865967, -9.290695, 0.48841858
3.3722382, -9.263168, 0.45370483
3.3459015, -9.25119, 0.42736816
3.384201, -9.252396, 0.43574524
3.3746338, -9.2595825, 0.37109375
3.3506927, -9.2799225, 0.36392212
3.3506927, -9.299072, 0.2813263
3.3710327, -9.290695, 0.29447937
3.3387146, -9.300278, 0.3148346
3.3375244, -9.272736, 0.29328918
3.3494873, -9.291901, 0.2753296
3.2920227, -9.281128, 0.24659729
3.2992096, -9.2883, 0.22625732
3.288437, -9.270355, 0.22744751
3.2716827, -9.284714, 0.18315125
3.2824554, -9.307465, 0.19871521
3.265686, -9.291901, 0.20709229
3.2249908, -9.276337, 0.20350647
3.2154083, -9.305069, 0.20829773
3.2477417, -9.317032, 0.19871521
3.233368, -9.272736, 0.18075562
3.2369537, -9.299072, 0.14964294
3.3040009, -9.312241, 0.18554688
3.2752686, -9.299072, 0.106536865
3.2944183, -9.302673, 0.15083313
3.2680817, -9.301468, 0.1951294
3.2525177, -9.306259, 0.14364624
3.250122, -9.293091, 0.15802002
3.2429504, -9.307465, 0.20469666
3.2357635, -9.290695, 0.20709229
3.2932281, -9.31105, 0.26455688
3.2956238, -9.318237, 0.26934814
3.2992096, -9.312241, 0.2633667
3.3399048, -9.323029, 0.2813263
3.3662415, -9.313446, 0.31004333
3.348297, -9.283524, 0.3256073
3.3554688, -9.283524, 0.34477234
3.344696, -9.25119, 0.3902588
3.3375244, -9.242813, 0.38067627
3.3231506, -9.265564, 0.37469482
3.3423004, -9.258377, 0.3938446
3.3794098, -9.283524, 0.4118042
3.3949738, -9.306259, 0.39624023
3.3746338, -9.277527, 0.4118042
3.3865967, -9.2799225, 0.40940857
3.348297, -9.275131, 0.41778564
3.3698425, -9.278732, 0.45370483
3.3303375, -9.26915, 0.4728546
3.3722382, -9.302673, 0.4333496
3.3554688, -9.296692, 0.42736816
3.3470917, -9.285904, 0.38905334
3.3399048, -9.300278, 0.41659546
3.3423004, -9.257187, 0.4524994
3.320755, -9.293091, 0.41419983
3.3219604, -9.2883, 0.41059875
3.324356, -9.271545, 0.49440002
3.3423004, -9.255981, 0.47525024
3.329132, -9.2883, 0.4441223
3.3075867, -9.300278, 0.4513092
3.3267365, -9.2799225, 0.46806335
3.3147736, -9.31105, 0.50756836
3.3099823, -9.284714, 0.4237671
3.3183594, -9.253586, 0.4513092
3.3399048, -9.293091, 0.46087646
3.3016052, -9.305069, 0.45489502
3.296814, -9.284714, 0.44172668
3.2920227, -9.295486, 0.41659546
3.3171692, -9.293091, 0.47525024
3.329132, -9.289505, 0.46806335
3.3027954, -9.291901, 0.47764587
3.2776642, -9.285904, 0.49440002
3.3016052, -9.31105, 0.46447754
3.289627, -9.308655, 0.46566772
3.3027954, -9.281128, 0.4297638
3.296814, -9.281128, 0.4692688
3.3147736, -9.291901, 0.4740448
3.3075867, -9.282318, 0.4920044
3.305191, -9.290695, 0.46566772
3.2752686, -9.281128, 0.47644043
3.305191, -9.299072, 0.47045898
3.320755, -9.26915, 0.46447754
3.329132, -9.263168, 0.44532776
3.2956238, -9.281128, 0.47525024
3.3063965, -9.283524, 0.46566772
3.3003998, -9.2883, 0.51834106
3.3040009, -9.296692, 0.47525024
3.320755, -9.308655, 0.4800415
3.3267365, -9.295486, 0.51475525
3.3303375, -9.300278, 0.5171509
3.3459015, -9.270355, 0.52433777
3.3614655, -9.257187, 0.52552795
3.3638458, -9.301468, 0.48483276
3.36026, -9.284714, 0.5171509
3.313568, -9.295486, 0.51594543
3.3494873, -9.299072, 0.51594543
3.3794098, -9.271545, 0.5015869
3.351883, -9.30986, 0.49440002
3.3542786, -9.302673, 0.48602295
3.3865967, -9.297882, 0.48483276
3.3925781, -9.294296, 0.4920044
3.4021606, -9.273941, 0.5195465
3.4177246, -9.289505, 0.53630066
3.4320831, -9.272736, 0.5231323
3.4225159, -9.283524, 0.48602295
3.4105377, -9.26915, 0.5063782
3.4296875, -9.235626, 0.4920044
3.4225159, -9.247604, 0.5015869
3.4189148, -9.258377, 0.5063782
3.4033508, -9.266754, 0.49919128
3.4105377, -9.2799225, 0.4524994
3.4356842, -9.265564, 0.5027771
3.4332886, -9.2595825, 0.5027771
3.4273071, -9.275131, 0.49440002
3.4428558, -9.282318, 0.4800415
3.415329, -9.263168, 0.47525024
3.4344788, -9.273941, 0.4513092
3.399765, -9.273941, 0.4441223
3.3818054, -9.2799225, 0.45968628
3.4129333, -9.276337, 0.44770813
3.3937836, -9.293091, 0.4441223
3.3590698, -9.282318, 0.4225769
3.375824, -9.26915, 0.4333496
3.3937836, -9.285904, 0.4118042
3.3650513, -9.299072, 0.41059875
3.327942, -9.285904, 0.37709045
3.3339233, -9.285904, 0.4046173
3.3195648, -9.278732, 0.40582275
3.3171692, -9.299072, 0.37709045
3.2980194, -9.294296, 0.37109375
3.3171692, -9.26915, 0.40342712
3.3016052, -9.312241, 0.3902588
3.284851, -9.301468, 0.34835815
3.3003998, -9.282318, 0.32920837
3.2992096, -9.291901, 0.32321167
3.2704773, -9.2799225, 0.32202148
3.26091, -9.287109, 0.32202148
3.2597046, -9.313446, 0.32202148
3.2944183, -9.313446, 0.36392212
3.2932281, -9.313446, 0.3028717
3.296814, -9.307465, 0.3148346
3.272873, -9.302673, 0.28012085
3.2405548, -9.289505, 0.26576233
3.233368, -9.326614, 0.27053833
3.2345734, -9.303864, 0.292099
3.229782, -9.297882, 0.30526733
3.2632904, -9.281128, 0.31843567
3.2393494, -9.299072, 0.32202148
3.248932, -9.306259, 0.27893066
3.2525177, -9.294296, 0.292099
3.2010498, -9.296692, 0.3423767
3.1962585, -9.325409, 0.33518982
3.1819, -9.312241, 0.3651123
3.2190094, -9.337387, 0.37348938
3.1842957, -9.3194275, 0.35913086
3.1950684, -9.315842, 0.4046173
3.221405, -9.332596, 0.34954834
3.2513275, -9.327805, 0.35075378
3.1986542, -9.320633, 0.38067627
3.2285767, -9.320633, 0.4118042
3.2369537, -9.318237, 0.34954834
3.2118225, -9.31105, 0.42497253
3.217804, -9.336197, 0.4620819
3.233368, -9.320633, 0.4118042
3.2046356, -9.301468, 0.41539
3.233368, -9.30986, 0.43933105
3.2632904, -9.332596, 0.45370483
3.2716827, -9.323029, 0.43814087
3.2704773, -9.321823, 0.46687317
3.2513275, -9.302673, 0.44891357
3.2441406, -9.333801, 0.49679565
3.2836456, -9.296692, 0.4632721
3.272873, -9.290695, 0.4297638
3.2561188, -9.313446, 0.44293213
3.284851, -9.327805, 0.45610046
3.272873, -9.323029, 0.43455505
3.2932281, -9.308655, 0.47525024
3.2836456, -9.331406, 0.43215942
3.2237854, -9.277527, 0.42138672
3.241745, -9.281128, 0.42018127
3.2836456, -9.284714, 0.40701294
3.2309723, -9.302673, 0.39505005
3.2381592, -9.300278, 0.4225769
3.265686, -9.327805, 0.3722992
3.265686, -9.31105, 0.3722992
3.2381592, -9.315842, 0.4010315
3.210617, -9.337387, 0.38786316
3.1998444, -9.315842, 0.4010315
3.2190094, -9.315842, 0.39982605
3.2249908, -9.301468, 0.4225769
3.2477417, -9.340973, 0.3902588
3.2561188, -9.332596, 0.3543396
3.2345734, -9.315842, 0.35673523
3.2441406, -9.31105, 0.39624023
3.2441406, -9.32901, 0.38546753
3.2357635, -9.334991, 0.34117126
3.250122, -9.307465, 0.38067627
3.2513275, -9.263168, 0.39982605
3.2381592, -9.255981, 0.36392212
3.265686, -9.294296, 0.3722992
3.2549133, -9.289505, 0.36871338
3.2632904, -9.307465, 0.38067627
3.2932281, -9.295486, 0.3543396
3.3183594, -9.278732, 0.35075378
3.2956238, -9.295486, 0.37828064
3.324356, -9.339783, 0.38905334
3.3099823, -9.295486, 0.39505005
3.3566742, -9.291901, 0.38426208
3.3375244, -9.307465, 0.36631775
3.3231506, -9.296692, 0.32920837
3.344696, -9.300278, 0.37709045
3.3794098, -9.285904, 0.34835815
3.3315277, -9.242813, 0.35075378
3.3698425, -9.285904, 0.37109375
3.3494873, -9.277527, 0.39982605
3.3578644, -9.275131, 0.375885
3.3722382, -9.283524, 0.37828064
3.3830109, -9.276337, 0.3531494
3.3638458, -9.261963, 0.35194397
3.36026, -9.239227, 0.37109375
3.336319, -9.287109, 0.34835815
3.3554688, -9.266754, 0.35194397
3.3854065, -9.261963, 0.36392212
3.3818054, -9.277527, 0.3435669
3.3794098, -9.305069, 0.331604
3.4189148, -9.306259, 0.3148346

