x : y : Z 
3.4165192, -9.277527, 0.4333496
3.4033508, -9.25119, 0.46087646
3.4261017, -9.23085, 0.4908142
3.4021606, -9.266754, 0.4513092
3.399765, -9.25119, 0.47883606
3.375824, -9.258377, 0.45370483
3.3746338, -9.2595825, 0.4225769
3.3255463, -9.252396, 0.45489502
3.3255463, -9.275131, 0.48602295
3.3219604, -9.291901, 0.45010376
3.3219604, -9.283524, 0.44770813
3.351883, -9.277527, 0.40940857
3.3351288, -9.261963, 0.4046173
3.324356, -9.276337, 0.40940857
3.3411102, -9.294296, 0.3615265
3.3722382, -9.290695, 0.34596252
3.3435059, -9.281128, 0.32202148
3.3626556, -9.257187, 0.31723022
3.3530731, -9.276337, 0.32321167
3.3303375, -9.272736, 0.28012085
3.3459015, -9.282318, 0.28251648
3.329132, -9.293091, 0.21907043
3.3375244, -9.281128, 0.2633667
3.3387146, -9.273941, 0.25378418
3.3159637, -9.296692, 0.21907043
3.3578644, -9.290695, 0.22744751
3.3662415, -9.320633, 0.22026062
3.406952, -9.308655, 0.16998291
3.3794098, -9.2799225, 0.14485168
3.3614655, -9.285904, 0.17597961
3.351883, -9.273941, 0.17477417
3.3734283, -9.261963, 0.16998291
3.3530731, -9.284714, 0.16998291
3.336319, -9.277527, 0.13526917
3.3219604, -9.272736, 0.12808228
3.3470917, -9.284714, 0.15681458
3.3614655, -9.276337, 0.13287354
3.3267365, -9.289505, 0.1149292
3.3351288, -9.295486, 0.1484375
3.329132, -9.278732, 0.14724731
3.3411102, -9.273941, 0.1197052
3.351883, -9.287109, 0.16041565
3.3459015, -9.302673, 0.14364624
3.3578644, -9.302673, 0.17597961
3.3387146, -9.302673, 0.21907043
3.313568, -9.26915, 0.2059021
3.3578644, -9.255981, 0.23703003
3.3399048, -9.252396, 0.25019836
3.375824, -9.270355, 0.25857544
3.3794098, -9.285904, 0.28251648
3.3614655, -9.245209, 0.28370667
3.3662415, -9.299072, 0.31004333
3.3566742, -9.313446, 0.2753296
3.3901825, -9.273941, 0.2861023
3.384201, -9.295486, 0.30526733
3.375824, -9.2643585, 0.31723022
3.3889923, -9.258377, 0.31962585
3.3435059, -9.289505, 0.3244171
3.3626556, -9.283524, 0.32681274
3.3985748, -9.261963, 0.32681274
3.3818054, -9.2595825, 0.3818817
3.4009705, -9.294296, 0.34477234
3.399765, -9.305069, 0.3531494
3.4105377, -9.295486, 0.36871338
3.4404755, -9.299072, 0.37348938
3.408142, -9.247604, 0.32081604
3.3830109, -9.258377, 0.3651123
3.3554688, -9.287109, 0.37709045
3.3626556, -9.255981, 0.38067627
3.3506927, -9.25119, 0.38067627
3.4057465, -9.275131, 0.3722992
3.375824, -9.275131, 0.37469482
3.3530731, -9.275131, 0.3722992
3.3961792, -9.291901, 0.36271667
3.3710327, -9.308655, 0.3471527
3.3470917, -9.308655, 0.3327942
3.3219604, -9.272736, 0.3435669
3.2932281, -9.287109, 0.3423767
3.288437, -9.273941, 0.3040619
3.2680817, -9.301468, 0.3136444
3.2752686, -9.283524, 0.26934814
3.2908325, -9.296692, 0.24182129
3.272873, -9.296692, 0.24899292
3.2764587, -9.301468, 0.2561798
3.245346, -9.257187, 0.25857544
3.1998444, -9.26915, 0.22865295
3.2273865, -9.272736, 0.25019836
3.2345734, -9.305069, 0.23942566
3.2118225, -9.302673, 0.24659729
3.2429504, -9.308655, 0.27174377
3.2537231, -9.291901, 0.28012085
3.2537231, -9.297882, 0.24301147
3.257309, -9.290695, 0.25976562
3.233368, -9.299072, 0.26097107
3.217804, -9.303864, 0.25976562
3.2046356, -9.291901, 0.28012085
3.2094269, -9.295486, 0.29328918
3.2357635, -9.277527, 0.3615265
3.233368, -9.293091, 0.3423767
3.2465363, -9.326614, 0.36392212
3.265686, -9.336197, 0.35554504
3.226181, -9.326614, 0.3902588
3.245346, -9.306259, 0.38905334
3.257309, -9.301468, 0.37109375
3.2632904, -9.299072, 0.40821838
3.2429504, -9.318237, 0.4189911
3.265686, -9.2799225, 0.39144897
3.2237854, -9.26796, 0.36271667
3.2046356, -9.272736, 0.331604
3.2237854, -9.265564, 0.34477234
3.2441406, -9.281128, 0.36750793
3.193863, -9.289505, 0.40701294
3.2369537, -9.294296, 0.40222168
3.2525177, -9.287109, 0.3830719
3.2405548, -9.315842, 0.36871338
3.2944183, -9.338577, 0.34954834
3.3040009, -9.368515, 0.3830719
3.284851, -9.303864, 0.3938446
3.2764587, -9.306259, 0.3866577
3.2704773, -9.294296, 0.40940857
3.2249908, -9.26915, 0.4405365
3.2321777, -9.242813, 0.39144897
3.248932, -9.25, 0.4237671
3.250122, -9.25119, 0.40701294
3.2477417, -9.2404175, 0.40940857
3.265686, -9.2799225, 0.42736816
3.2944183, -9.306259, 0.38786316
3.3183594, -9.32901, 0.38786316
3.3111877, -9.297882, 0.41778564
3.3470917, -9.30986, 0.41778564
3.3542786, -9.32901, 0.4189911
3.3267365, -9.308655, 0.4333496
3.305191, -9.263168, 0.35194397
3.320755, -9.2883, 0.38546753
3.3016052, -9.272736, 0.38905334
3.336319, -9.275131, 0.36631775
3.3219604, -9.26796, 0.39743042
3.3770142, -9.272736, 0.34596252
3.3423004, -9.306259, 0.38786316
3.3470917, -9.308655, 0.35673523
3.3614655, -9.283524, 0.33518982
3.3614655, -9.293091, 0.33518982
3.3183594, -9.306259, 0.33877563
3.3423004, -9.25119, 0.3902588
3.3003998, -9.26796, 0.3651123
3.3171692, -9.26915, 0.33998108
3.3063965, -9.272736, 0.32920837
3.3255463, -9.275131, 0.375885
3.3889923, -9.303864, 0.3818817
3.3878021, -9.314636, 0.37109375
3.3734283, -9.313446, 0.36271667
3.336319, -9.300278, 0.32681274
3.3147736, -9.302673, 0.33998108
3.3578644, -9.273941, 0.3327942
3.3614655, -9.290695, 0.31243896
3.3470917, -9.290695, 0.2861023
3.368637, -9.287109, 0.28730774
3.3219604, -9.270355, 0.28730774
3.3003998, -9.254791, 0.25138855
3.2872314, -9.258377, 0.21308899
3.3099823, -9.273941, 0.26455688
3.305191, -9.278732, 0.22026062
3.2932281, -9.26796, 0.20350647
3.2920227, -9.296692, 0.19871521
3.2872314, -9.301468, 0.21786499
3.2716827, -9.317032, 0.2741394
3.2429504, -9.314636, 0.27893066
3.2477417, -9.305069, 0.28970337
3.2357635, -9.324219, 0.3136444
3.2621002, -9.3302, 0.3543396
3.2788544, -9.324219, 0.36871338
3.2621002, -9.315842, 0.37709045
3.2429504, -9.276337, 0.41539
3.205841, -9.273941, 0.41659546
3.2345734, -9.257187, 0.44293213
3.2273865, -9.272736, 0.45610046
3.2357635, -9.277527, 0.46806335
3.2142181, -9.26915, 0.44293213
3.2034454, -9.278732, 0.43693542
3.2166138, -9.320633, 0.45729065
3.2154083, -9.299072, 0.47525024
3.2465363, -9.281128, 0.48721313
3.2740784, -9.3302, 0.49679565
3.250122, -9.331406, 0.54467773
3.272873, -9.333801, 0.5398865
3.2932281, -9.302673, 0.52671814
3.3183594, -9.273941, 0.5351105
3.348297, -9.285904, 0.54467773
3.3435059, -9.291901, 0.5782013
3.3423004, -9.285904, 0.5674286
3.36026, -9.297882, 0.509964
3.3459015, -9.260773, 0.56144714
3.3351288, -9.2799225, 0.5817871
3.3327332, -9.283524, 0.5686188
3.3063965, -9.289505, 0.56503296
3.305191, -9.299072, 0.5805969
3.3351288, -9.320633, 0.5482788
3.336319, -9.332596, 0.5123596
3.324356, -9.321823, 0.5051727
3.3734283, -9.354141, 0.56144714
3.3626556, -9.325409, 0.5231323
3.3375244, -9.303864, 0.5123596
3.3267365, -9.313446, 0.4980011
3.3231506, -9.332596, 0.4728546
3.3219604, -9.306259, 0.42018127
3.3147736, -9.2883, 0.40821838
3.3195648, -9.282318, 0.44651794
3.305191, -9.317032, 0.42616272
3.305191, -9.334991, 0.3722992
3.3219604, -9.327805, 0.36271667
3.3016052, -9.305069, 0.38786316
3.2920227, -9.305069, 0.40582275
3.2944183, -9.338577, 0.3615265
3.2776642, -9.320633, 0.296875
3.2477417, -9.339783, 0.3327942
3.2118225, -9.336197, 0.33638
3.229782, -9.34697, 0.32681274
3.2393494, -9.356537, 0.3423767
3.233368, -9.350555, 0.3148346
3.2249908, -9.368515, 0.3327942
3.2034454, -9.372101, 0.30645752
3.197464, -9.3589325, 0.30885315
3.1747131, -9.354141, 0.2741394
3.1890717, -9.34816, 0.30166626
3.1854858, -9.355347, 0.31004333
3.150772, -9.340973, 0.2813263
3.1459808, -9.344574, 0.26815796
3.1435852, -9.344574, 0.29808044
3.1016846, -9.320633, 0.28251648
3.0801392, -9.315842, 0.27893066
3.083725, -9.342178, 0.3040619
3.0980988, -9.301468, 0.30166626
3.1088715, -9.315842, 0.31843567
3.111267, -9.339783, 0.36392212
3.1244354, -9.356537, 0.38067627
3.1292267, -9.336197, 0.39265442
3.1399994, -9.313446, 0.43693542
3.1328125, -9.343369, 0.44651794
3.1328125, -9.337387, 0.4812317
3.126831, -9.31105, 0.50038147
3.1352081, -9.2883, 0.5195465
3.1411896, -9.302673, 0.56503296
3.193863, -9.334991, 0.5590515
3.2369537, -9.315842, 0.57341003
3.217804, -9.331406, 0.54467773
3.2249908, -9.314636, 0.5877838
3.2585144, -9.31105, 0.5961609
3.26091, -9.318237, 0.5602417
3.289627, -9.303864, 0.5422821
3.3063965, -9.308655, 0.5674286
3.2704773, -9.300278, 0.5386963
3.3003998, -9.315842, 0.51834106
3.3159637, -9.305069, 0.5279236
3.3315277, -9.283524, 0.49560547
3.3506927, -9.307465, 0.48960876
3.3662415, -9.30986, 0.46687317
3.344696, -9.278732, 0.4908142
3.3698425, -9.308655, 0.5135498
3.375824, -9.325409, 0.4812317
3.3830109, -9.333801, 0.4513092
3.3734283, -9.327805, 0.42497253
3.368637, -9.313446, 0.40821838
3.3459015, -9.313446, 0.40940857
3.3411102, -9.32901, 0.39505005
3.3075867, -9.352951, 0.41419983
3.312378, -9.333801, 0.35673523
3.2956238, -9.3194275, 0.33998108
3.26091, -9.317032, 0.31004333
3.233368, -9.351746, 0.27293396
3.2309723, -9.394852, 0.2849121
3.1926727, -9.416397, 0.2861023
3.1447906, -9.387665, 0.2669525
3.1256256, -9.393646, 0.24420166
3.0968933, -9.375687, 0.24301147
3.059784, -9.412811, 0.24659729
3.0645752, -9.418793, 0.23703003
3.016693, -9.379288, 0.21907043
2.9676056, -9.360138, 0.22505188
2.9544525, -9.3302, 0.21069336
2.952057, -9.363724, 0.19871521
2.9460602, -9.385269, 0.24420166
2.9556427, -9.403229, 0.19631958
2.9352875, -9.406815, 0.1951294
2.917328, -9.445129, 0.22505188
2.8802185, -9.448715, 0.28730774
2.8670502, -9.457092, 0.26097107
2.86586, -9.464279, 0.28012085
2.8311462, -9.412811, 0.34477234
2.8287506, -9.412811, 0.2849121
2.8455048, -9.422379, 0.29447937
2.8802185, -9.405624, 0.36032104
2.8802185, -9.391251, 0.39743042
2.896988, -9.405624, 0.4297638
2.8526917, -9.42598, 0.48362732
2.86586, -9.439133, 0.5015869
2.960434, -9.421188, 0.47644043
2.952057, -9.439133, 0.4980011
2.9281158, -9.423584, 0.52194214
2.9460602, -9.412811, 0.5398865
2.9723969, -9.384079, 0.5351105
2.9304962, -9.366119, 0.52911377
2.9424744, -9.357742, 0.53271484
2.9736023, -9.362518, 0.5746155
3.016693, -9.337387, 0.549469
3.0777435, -9.349365, 0.53271484
3.0968933, -9.361328, 0.5518646
3.1124573, -9.36731, 0.52552795
3.1483765, -9.3589325, 0.46687317
3.1280212, -9.350555, 0.47045898
3.0968933, -9.34816, 0.48243713
3.0561981, -9.342178, 0.47525024
3.0573883, -9.325409, 0.42018127
3.0346527, -9.337387, 0.43574524
3.0765533, -9.36731, 0.43095398
3.1076813, -9.36731, 0.41059875
3.118454, -9.356537, 0.4513092
3.1244354, -9.39006, 0.41539
3.1411896, -9.403229, 0.47644043
3.1363983, -9.412811, 0.4441223
3.138794, -9.392456, 0.39982605
3.1555634, -9.366119, 0.42616272
3.1256256, -9.342178, 0.4524994
3.1064758, -9.374496, 0.45729065
3.0621796, -9.362518, 0.48362732
3.1100616, -9.375687, 0.46447754
3.1447906, -9.381683, 0.47166443
3.1747131, -9.397247, 0.46447754
3.20224, -9.429565, 0.4908142
3.2118225, -9.419983, 0.5303192
3.1830902, -9.433151, 0.52433777
3.1890717, -9.397247, 0.5015869
3.1914673, -9.372101, 0.50398254
3.1196442, -9.315842, 0.5506592
3.1076813, -9.291901, 0.5231323
3.0980988, -9.283524, 0.4812317
3.055008, -9.255981, 0.47525024
3.0142975, -9.255981, 0.4524994
3.0250702, -9.275131, 0.4441223
3.0418396, -9.327805, 0.45610046
3.0801392, -9.386475, 0.48483276
3.1399994, -9.454697, 0.45968628
3.1567535, -9.546875, 0.48602295
3.2070312, -9.588776, 0.4620819
3.2285767, -9.606735, 0.45968628
3.221405, -9.62709, 0.44532776
3.197464, -9.545685, 0.43095398
3.1555634, -9.424774, 0.46087646
3.1292267, -9.334991, 0.48721313
3.118454, -9.2883, 0.5015869
3.1376038, -9.242813, 0.47525024
3.1854858, -9.242813, 0.5123596
3.2034454, -9.218872, 0.5638275
3.3195648, -9.242813, 0.5195465
3.3578644, -9.289505, 0.5015869
3.391388, -9.323029, 0.5231323
3.3830109, -9.332596, 0.45010376
3.3925781, -9.355347, 0.4980011
3.3542786, -9.385269, 0.44172668
3.3387146, -9.386475, 0.4333496
3.3075867, -9.336197, 0.4118042
3.3171692, -9.2883, 0.3938446
3.2585144, -9.281128, 0.38426208
3.2860413, -9.301468, 0.37828064
3.3255463, -9.315842, 0.34117126
3.2441406, -9.300278, 0.30645752
3.245346, -9.305069, 0.27653503
3.2237854, -9.312241, 0.28370667
3.190277, -9.327805, 0.22625732
3.1806946, -9.357742, 0.15203857
3.1651306, -9.354141, 0.16758728
3.1292267, -9.374496, 0.17837524
3.1986542, -9.379288, 0.15083313
3.1998444, -9.356537, 0.1376648
3.1914673, -9.357742, 0.13168335
3.1842957, -9.356537, 0.123306274
3.2237854, -9.397247, 0.10055542
3.154358, -9.393646, 0.094573975
3.1136627, -9.342178, 0.15441895
3.1076813, -9.331406, 0.1304779
3.0980988, -9.336197, 0.1663971
3.0813446, -9.320633, 0.18075562
3.0621796, -9.318237, 0.20111084
3.0609894, -9.351746, 0.22505188
3.0514069, -9.384079, 0.252594
3.0729523, -9.402023, 0.2849121
3.071762, -9.415192, 0.23342896
3.0430298, -9.439133, 0.23223877
3.0011292, -9.42598, 0.2753296
2.9879608, -9.411606, 0.29808044
2.977188, -9.397247, 0.30047607
2.9700012, -9.394852, 0.31843567
2.9436646, -9.380478, 0.32800293
2.937683, -9.364914, 0.31962585
2.9340973, -9.355347, 0.37828064
2.9496613, -9.338577, 0.3722992
2.9328918, -9.357742, 0.38786316
2.9317017, -9.363724, 0.43814087
2.9747925, -9.355347, 0.46566772
2.9676056, -9.376892, 0.4920044
2.9628296, -9.351746, 0.5135498
3.0047302, -9.391251, 0.53630066
3.02388, -9.402023, 0.57221985
3.04422, -9.415192, 0.5985565
3.0561981, -9.410416, 0.60214233
3.0693665, -9.396042, 0.5746155
3.0693665, -9.399643, 0.63327026
3.0705566, -9.368515, 0.6715698
3.0538025, -9.379288, 0.6691742
3.031067, -9.354141, 0.6500244
3.0669708, -9.340973, 0.6763611
3.0849304, -9.354141, 0.6691742
3.0968933, -9.340973, 0.667984
3.1040802, -9.374496, 0.69911194
3.1208344, -9.419983, 0.7182617
3.1567535, -9.40921, 0.67396545
3.1447906, -9.415192, 0.6691742
3.1160583, -9.402023, 0.65960693
3.1076813, -9.412811, 0.64164734
3.1208344, -9.39006, 0.62727356
3.1292267, -9.366119, 0.6607971
3.1244354, -9.363724, 0.628479
3.10289, -9.363724, 0.64164734
3.1088715, -9.318237, 0.6201019
3.071762, -9.306259, 0.6081238
3.0669708, -9.278732, 0.64164734
3.0681763, -9.294296, 0.5985565
3.0885162, -9.302673, 0.6081238
3.094513, -9.289505, 0.61531067
3.094513, -9.34697, 0.61650085
3.1196442, -9.376892, 0.63087463
3.1723175, -9.386475, 0.60453796
3.1376038, -9.412811, 0.6081238
3.1699219, -9.406815, 0.60214233
3.1591492, -9.378082, 0.5817871
3.1639404, -9.414001, 0.5913696
3.1615448, -9.411606, 0.5686188
3.1459808, -9.39006, 0.56144714
3.1483765, -9.381683, 0.5746155
3.1447906, -9.361328, 0.48602295
3.1711273, -9.344574, 0.49560547
3.186676, -9.326614, 0.51475525
3.1495667, -9.30986, 0.49679565
3.1591492, -9.318237, 0.44651794
3.1615448, -9.324219, 0.45729065
3.1603394, -9.307465, 0.43574524
3.1771088, -9.31105, 0.40821838
3.1926727, -9.327805, 0.3615265
3.178299, -9.360138, 0.3830719
3.186676, -9.352951, 0.37109375
3.1878815, -9.363724, 0.31962585
3.2034454, -9.36731, 0.3327942
3.193863, -9.376892, 0.35673523
3.1567535, -9.364914, 0.33518982
3.1687317, -9.374496, 0.3148346
3.1459808, -9.396042, 0.3327942
3.1591492, -9.421188, 0.31004333
3.147171, -9.404419, 0.27174377
3.1555634, -9.386475, 0.29447937
3.0897217, -9.368515, 0.30047607
3.0933075, -9.356537, 0.28370667
3.1076813, -9.352951, 0.27053833
3.094513, -9.343369, 0.29808044
3.0741577, -9.34816, 0.27893066
3.0454254, -9.327805, 0.28012085
3.0609894, -9.326614, 0.30526733
3.0777435, -9.344574, 0.3327942
3.10289, -9.349365, 0.32081604
3.1136627, -9.364914, 0.3423767
3.111267, -9.361328, 0.38426208
3.1244354, -9.375687, 0.3651123
3.1172485, -9.36731, 0.3471527
3.1675262, -9.374496, 0.33039856
3.138794, -9.378082, 0.39624023
3.111267, -9.374496, 0.37709045
3.1340027, -9.349365, 0.36871338
3.12323, -9.343369, 0.33877563
3.099289, -9.385269, 0.34596252
3.1447906, -9.376892, 0.4118042
3.1495667, -9.382874, 0.3830719
3.1160583, -9.366119, 0.36871338
3.10289, -9.345764, 0.40222168
3.1399994, -9.380478, 0.3902588
3.1567535, -9.350555, 0.38546753
3.111267, -9.340973, 0.3938446
3.118454, -9.363724, 0.39624023
3.1411896, -9.382874, 0.43215942
3.0909119, -9.373306, 0.44532776
3.1399994, -9.324219, 0.45968628
3.1004944, -9.342178, 0.48362732
3.1459808, -9.32901, 0.50398254
3.1531677, -9.30986, 0.5171509
3.150772, -9.3194275, 0.51834106
3.1591492, -9.297882, 0.5626373
3.1603394, -9.294296, 0.52552795
3.1890717, -9.30986, 0.5087738
3.2130127, -9.317032, 0.5207367
3.2190094, -9.32901, 0.53630066
3.26091, -9.323029, 0.5303192
3.2680817, -9.339783, 0.51116943
3.272873, -9.344574, 0.52671814
3.2752686, -9.369705, 0.48960876
3.2920227, -9.339783, 0.47644043
3.3027954, -9.339783, 0.45610046
3.2788544, -9.317032, 0.39743042
3.2836456, -9.337387, 0.42018127
3.2680817, -9.349365, 0.3830719
3.3063965, -9.301468, 0.35913086
3.3159637, -9.333801, 0.36271667
3.324356, -9.3194275, 0.3028717
3.2932281, -9.308655, 0.3327942
3.28125, -9.308655, 0.31243896
3.2752686, -9.334991, 0.28970337
3.2441406, -9.31105, 0.2753296
3.2668915, -9.323029, 0.21427917
3.2980194, -9.303864, 0.22744751
3.2872314, -9.331406, 0.26815796
3.269287, -9.317032, 0.22984314
3.2788544, -9.354141, 0.23703003
3.2585144, -9.351746, 0.22265625
3.250122, -9.31105, 0.23582458
3.250122, -9.349365, 0.19033813
3.26091, -9.313446, 0.24659729
3.2597046, -9.307465, 0.26815796
3.2465363, -9.305069, 0.24899292
3.2393494, -9.323029, 0.21427917
3.2154083, -9.312241, 0.2561798
3.2345734, -9.325409, 0.25976562
3.2237854, -9.332596, 0.24899292
3.2142181, -9.308655, 0.2454071
3.2082367, -9.340973, 0.2669525
3.2118225, -9.323029, 0.25498962
3.2094269, -9.327805, 0.24899292
3.2046356, -9.349365, 0.31962585
3.1962585, -9.343369, 0.2849121
3.1926727, -9.354141, 0.2861023
3.2249908, -9.351746, 0.31723022
3.1926727, -9.344574, 0.33758545
3.1759033, -9.373306, 0.31843567
3.1639404, -9.360138, 0.33398438
3.1639404, -9.340973, 0.35075378
3.1615448, -9.355347, 0.33877563
3.1376038, -9.326614, 0.3818817
3.1926727, -9.357742, 0.35554504
3.1735077, -9.360138, 0.37828064
3.147171, -9.349365, 0.40701294
3.190277, -9.337387, 0.38067627
3.1591492, -9.34697, 0.37948608
3.1399994, -9.36731, 0.43933105
3.1447906, -9.339783, 0.42018127
3.1771088, -9.336197, 0.4046173
3.1340027, -9.331406, 0.4237671
3.1459808, -9.344574, 0.4010315
3.150772, -9.340973, 0.43215942
3.1591492, -9.368515, 0.42616272
3.1435852, -9.362518, 0.42018127
3.1483765, -9.331406, 0.42736816
3.162735, -9.3589325, 0.4225769
3.1675262, -9.368515, 0.4333496
3.1220398, -9.3589325, 0.42736816
3.1483765, -9.417587, 0.45489502
3.157959, -9.387665, 0.42018127
3.1376038, -9.411606, 0.42138672
3.157959, -9.351746, 0.43574524
3.1483765, -9.333801, 0.41659546
3.1340027, -9.333801, 0.40342712
3.1064758, -9.296692, 0.38786316
3.0801392, -9.315842, 0.40940857
3.0609894, -9.303864, 0.38905334
3.1088715, -9.296692, 0.40582275
3.12323, -9.318237, 0.4046173
3.1352081, -9.339783, 0.39265442
3.1256256, -9.362518, 0.38786316
3.1316223, -9.354141, 0.39265442
3.142395, -9.36731, 0.41419983
3.138794, -9.396042, 0.4010315
3.1399994, -9.369705, 0.3866577
3.1411896, -9.372101, 0.36631775
3.1244354, -9.370911, 0.3830719
3.1124573, -9.331406, 0.40582275
3.0957031, -9.334991, 0.40940857
3.1196442, -9.345764, 0.3938446
3.1208344, -9.326614, 0.4046173
3.1376038, -9.343369, 0.40342712
3.1352081, -9.313446, 0.39863586
3.1459808, -9.352951, 0.36392212
3.1340027, -9.360138, 0.36871338
3.1567535, -9.344574, 0.36032104
3.150772, -9.331406, 0.36631775
3.1411896, -9.337387, 0.38426208
3.1819, -9.3194275, 0.34477234
3.1711273, -9.315842, 0.36990356
3.154358, -9.3302, 0.38426208
3.154358, -9.300278, 0.3543396
3.1735077, -9.261963, 0.3327942
3.154358, -9.290695, 0.32920837
3.1735077, -9.2595825, 0.33638
3.1340027, -9.2404175, 0.3435669
3.138794, -9.18895, 0.38786316
3.138794, -9.130295, 0.37109375
3.1363983, -9.05368, 0.32800293
3.154358, -9.089584, 0.34596252
3.1962585, -9.235626, 0.34477234
3.229782, -9.3984375, 0.34596252
3.2944183, -9.5564575, 0.32202148
3.3865967, -9.704895, 0.36631775
3.4919434, -9.733627, 0.38786316
3.525467, -9.715668, 0.37828064
3.573349, -9.657013, 0.4118042
3.5601807, -9.513367, 0.42855835
3.494339, -9.379288, 0.37469482
3.4284973, -9.302673, 0.4010315
3.327942, -9.226059, 0.42616272
3.3147736, -9.194931, 0.4010315
3.2788544, -9.186554, 0.38546753
3.2585144, -9.167404, 0.33877563
3.3470917, -9.19014, 0.33877563
3.4225159, -9.23204, 0.29328918
3.4512482, -9.258377, 0.2633667
3.4727936, -9.283524, 0.28730774
3.4093475, -9.284714, 0.26455688
3.3267365, -9.273941, 0.22146606
3.221405, -9.239227, 0.22984314
3.1076813, -9.218872, 0.18435669
3.0585938, -9.257187, 0.108932495
3.0382385, -9.303864, 0.120910645
3.111267, -9.375687, 0.15322876
3.1711273, -9.435547, 0.14724731
3.2321777, -9.52533, 0.15322876
3.313568, -9.5720215, 0.16520691
3.368637, -9.581589, 0.14006042
3.3494873, -9.533707, 0.113723755
3.2680817, -9.463089, 0.15083313
3.1603394, -9.34697, 0.15441895
3.0526123, -9.229645, 0.15681458
2.9101562, -9.148239, 0.17837524
2.8143768, -9.124298, 0.1951294
2.7174225, -9.07402, 0.13407898
2.7257996, -9.149445, 0.13526917
2.762909, -9.255981, 0.13887024
2.8467102, -9.300278, 0.09336853
2.9113464, -9.416397, 0.077804565
2.9903564, -9.5169525, 0.106536865
3.020279, -9.533707, 0.12928772
3.0466156, -9.536102, 0.1663971
3.047821, -9.540894, 0.19752502
3.063385, -9.454697, 0.25378418
3.0214844, -9.419983, 0.2633667
2.977188, -9.354141, 0.30885315
2.936493, -9.325409, 0.31843567
2.9269104, -9.306259, 0.33398438
2.8921967, -9.321823, 0.33638
2.9077606, -9.34697, 0.35075378
2.9867706, -9.39006, 0.3531494
3.0047302, -9.391251, 0.39863586
3.0406342, -9.445129, 0.4620819
3.0825348, -9.454697, 0.4692688
3.0957031, -9.473862, 0.45729065
3.0813446, -9.46907, 0.45370483
3.094513, -9.48822, 0.49560547
3.0801392, -9.443924, 0.50038147
3.047821, -9.402023, 0.5195465
3.0645752, -9.384079, 0.549469
3.0406342, -9.388855, 0.5686188
2.996338, -9.387665, 0.5805969
3.04422, -9.370911, 0.6380615
3.0885162, -9.376892, 0.6033325
3.1136627, -9.374496, 0.63446045
3.1172485, -9.357742, 0.60572815
3.1208344, -9.34816, 0.6177063
3.1208344, -9.351746, 0.60095215
3.1555634, -9.356537, 0.5985565
3.1376038, -9.342178, 0.6392517
3.157959, -9.326614, 0.628479
3.1483765, -9.293091, 0.61650085
3.1639404, -9.284714, 0.6823425
3.162735, -9.277527, 0.72065735
3.162735, -9.246414, 0.6943207
3.1914673, -9.282318, 0.6572113
3.1651306, -9.26796, 0.69911194
3.20224, -9.299072, 0.7457886
3.245346, -9.324219, 0.67396545
3.2561188, -9.305069, 0.6691742
3.289627, -9.307465, 0.6320648
3.26091, -9.336197, 0.65242004
3.2932281, -9.381683, 0.6607971
3.308792, -9.375687, 0.6069336
3.28125, -9.361328, 0.5985565
3.324356, -9.363724, 0.5530548
3.3111877, -9.381683, 0.54467773
3.3195648, -9.386475, 0.5482788
3.3327332, -9.354141, 0.5015869
3.312378, -9.331406, 0.47644043
3.2788544, -9.360138, 0.4908142
3.3542786, -9.3589325, 0.43455505
3.3554688, -9.364914, 0.41299438
3.36026, -9.345764, 0.3938446
3.3614655, -9.336197, 0.37828064
3.3818054, -9.349365, 0.36271667
3.3435059, -9.317032, 0.35554504
3.3159637, -9.334991, 0.32202148
3.3147736, -9.3302, 0.27293396
3.3219604, -9.299072, 0.27772522
3.3075867, -9.363724, 0.26455688
3.3590698, -9.382874, 0.2166748
3.3399048, -9.361328, 0.23103333
3.3315277, -9.356537, 0.21786499
3.329132, -9.3589325, 0.20350647
3.3614655, -9.39006, 0.16998291
3.3734283, -9.394852, 0.14125061
3.329132, -9.351746, 0.116119385
3.296814, -9.345764, 0.089782715
3.2920227, -9.320633, 0.0861969
3.28125, -9.291901, 0.082595825
3.2716827, -9.313446, 0.046691895
3.2621002, -9.282318, -0.03112793
3.2345734, -9.239227, 0.010772705
3.2465363, -9.2595825, 0.051467896
3.2094269, -9.315842, 0.032318115
3.205841, -9.340973, 0.0909729
3.2285767, -9.352951, 0.1197052
3.2082367, -9.356537, 0.13526917
3.217804, -9.344574, 0.18675232
3.2130127, -9.3589325, 0.2238617
3.2369537, -9.382874, 0.2669525
3.2357635, -9.417587, 0.28730774
3.2166138, -9.448715, 0.30166626
3.210617, -9.435547, 0.3076477
3.1711273, -9.440338, 0.34954834
3.1723175, -9.424774, 0.31604004
3.1160583, -9.431961, 0.33518982
3.047821, -9.412811, 0.34477234
3.0071106, -9.39006, 0.35673523
3.008316, -9.410416, 0.3818817
2.9891663, -9.40921, 0.4118042
3.031067, -9.430756, 0.4237671
3.0526123, -9.422379, 0.42616272
3.0777435, -9.379288, 0.49320984
3.0334473, -9.356537, 0.5590515
3.047821, -9.375687, 0.5698242
3.04422, -9.355347, 0.5506592
3.0334473, -9.366119, 0.55784607
3.0142975, -9.384079, 0.55545044
2.9831696, -9.394852, 0.5410919
2.9831696, -9.373306, 0.5482788
2.9939423, -9.368515, 0.58657837
2.960434, -9.388855, 0.5782013
2.9640198, -9.391251, 0.5506592
2.9987335, -9.370911, 0.54707336
2.9592285, -9.3589325, 0.5458832
2.936493, -9.343369, 0.533905
2.913742, -9.357742, 0.4980011
2.9233246, -9.325409, 0.5386963
2.9197235, -9.32901, 0.5386963
2.8790283, -9.339783, 0.53630066
2.9257202, -9.363724, 0.5566559
2.992752, -9.378082, 0.5506592
3.0262756, -9.406815, 0.57221985
3.055008, -9.351746, 0.61650085
3.04422, -9.291901, 0.5518646
3.0669708, -9.2799225, 0.60453796
3.0502167, -9.284714, 0.6033325
3.0274658, -9.253586, 0.5913696
3.0095062, -9.263168, 0.63327026
3.0382385, -9.247604, 0.6201019
3.0645752, -9.303864, 0.6368561
3.10289, -9.326614, 0.6141052
3.1411896, -9.362518, 0.61172485
3.2010498, -9.364914, 0.62249756
3.2932281, -9.403229, 0.5901642
3.368637, -9.387665, 0.6069336
3.351883, -9.339783, 0.588974
3.3626556, -9.308655, 0.6320648
3.3566742, -9.307465, 0.5805969
3.2980194, -9.293091, 0.56144714
3.3423004, -9.263168, 0.5315094
3.3435059, -9.2799225, 0.54707336
3.3554688, -9.266754, 0.52552795
3.3698425, -9.277527, 0.49320984
3.406952, -9.307465, 0.50756836
3.4296875, -9.340973, 0.49560547
3.4620209, -9.363724, 0.44172668
3.463211, -9.340973, 0.40342712
3.4644165, -9.343369, 0.41659546
3.4261017, -9.307465, 0.38546753
3.3925781, -9.296692, 0.38426208
3.3698425, -9.290695, 0.33877563
3.3650513, -9.296692, 0.3136444
3.3267365, -9.244019, 0.2753296
3.3387146, -9.285904, 0.24182129
3.3351288, -9.283524, 0.25019836
3.327942, -9.284714, 0.27293396
3.2788544, -9.318237, 0.27293396
3.2345734, -9.32901, 0.27174377
3.2393494, -9.337387, 0.296875
3.2225952, -9.351746, 0.31124878
3.1651306, -9.375687, 0.36271667
3.186676, -9.3589325, 0.38546753
3.1747131, -9.340973, 0.4225769
3.178299, -9.380478, 0.41539
3.142395, -9.343369, 0.37709045
3.142395, -9.350555, 0.36271667
3.154358, -9.366119, 0.375885
3.147171, -9.352951, 0.38905334
3.1495667, -9.30986, 0.38067627
3.1328125, -9.2883, 0.35194397
3.1280212, -9.297882, 0.29328918
3.1064758, -9.287109, 0.2813263
3.1076813, -9.293091, 0.27653503
3.1567535, -9.300278, 0.24420166
3.190277, -9.299072, 0.25857544
3.1795044, -9.314636, 0.252594
3.1998444, -9.285904, 0.23582458
3.1950684, -9.26796, 0.22865295
3.1699219, -9.289505, 0.296875
3.1986542, -9.278732, 0.34596252
3.20224, -9.305069, 0.35075378
3.1854858, -9.31105, 0.3830719
3.2201996, -9.308655, 0.45729065
3.2393494, -9.321823, 0.41778564
3.241745, -9.34697, 0.45968628
3.2357635, -9.326614, 0.4333496
3.26091, -9.337387, 0.44293213
3.2776642, -9.340973, 0.49320984
3.2956238, -9.290695, 0.46806335
3.308792, -9.338577, 0.47883606
3.2920227, -9.34816, 0.51475525
3.3099823, -9.301468, 0.56144714
3.2980194, -9.26915, 0.5458832
3.3399048, -9.263168, 0.52433777
3.3231506, -9.289505, 0.60453796
3.367447, -9.26915, 0.63087463
3.3650513, -9.282318, 0.58418274
3.3435059, -9.278732, 0.6428375
3.348297, -9.266754, 0.6787567
3.3662415, -9.2595825, 0.6763611
3.3961792, -9.265564, 0.6320648
3.3698425, -9.273941, 0.69311523
3.4141388, -9.315842, 0.6895294
3.3734283, -9.3194275, 0.7254486
3.3698425, -9.320633, 0.72424316
3.3590698, -9.326614, 0.73262024
3.4105377, -9.3302, 0.75297546
3.3722382, -9.294296, 0.76734924
3.3399048, -9.284714, 0.8128357
3.3315277, -9.2595825, 0.81881714
3.2920227, -9.254791, 0.81881714
3.3040009, -9.276337, 0.8044586
3.2836456, -9.260773, 0.7733307
3.3040009, -9.25, 0.786499
3.2836456, -9.271545, 0.7876892
3.265686, -9.25, 0.8044586
3.296814, -9.277527, 0.8271942
3.288437, -9.290695, 0.79367065
3.3040009, -9.287109, 0.7948761
3.3494873, -9.315842, 0.76374817
3.3566742, -9.315842, 0.7457886
3.3889923, -9.283524, 0.74938965
3.3375244, -9.248795, 0.7733307
3.3327332, -9.216476, 0.7398071
3.3459015, -9.236832, 0.7362213
3.3590698, -9.218872, 0.69551086
3.3470917, -9.263168, 0.69551086
3.3865967, -9.301468, 0.6248932
3.4021606, -9.278732, 0.57580566
3.3889923, -9.327805, 0.53749084
3.4117432, -9.324219, 0.4620819
3.430893, -9.303864, 0.4297638
3.4009705, -9.350555, 0.375885
3.3878021, -9.323029, 0.35554504
3.3937836, -9.297882, 0.24061584
3.3961792, -9.2595825, 0.20829773
3.3818054, -9.217682, 0.1951294
3.4045563, -9.236832, 0.15322876
3.399765, -9.234436, 0.118515015
3.3889923, -9.218872, 0.11253357
3.3794098, -9.198517, 0.11730957
3.3901825, -9.227249, 0.13287354
3.4261017, -9.248795, 0.094573975
3.4428558, -9.273941, 0.087387085
3.4739838, -9.278732, 0.10295105
3.4799652, -9.265564, 0.05267334
3.4715881, -9.296692, 0.06463623
3.4416656, -9.266754, 0.070632935
3.4296875, -9.285904, 0.108932495
3.3949738, -9.25119, 0.101760864
3.3937836, -9.270355, 0.0909729
3.3435059, -9.26915, 0.113723755
3.3554688, -9.291901, 0.120910645
3.351883, -9.261963, 0.16758728
3.3590698, -9.312241, 0.18315125
3.3470917, -9.351746, 0.20231628
3.336319, -9.340973, 0.23942566
3.3195648, -9.327805, 0.23703003
3.3003998, -9.300278, 0.2454071
3.3195648, -9.290695, 0.3028717
3.3494873, -9.3194275, 0.3148346
3.3147736, -9.290695, 0.28251648
3.2980194, -9.2883, 0.32081604
3.308792, -9.278732, 0.32081604
3.320755, -9.285904, 0.3722992
3.3435059, -9.308655, 0.41419983
3.3003998, -9.301468, 0.42497253
3.3494873, -9.299072, 0.4632721
3.3399048, -9.3194275, 0.4441223
3.344696, -9.305069, 0.43933105
3.3195648, -9.290695, 0.46687317
3.3040009, -9.281128, 0.46687317
3.2980194, -9.283524, 0.45610046
3.2704773, -9.263168, 0.44293213
3.2561188, -9.276337, 0.49440002
3.2776642, -9.248795, 0.4632721
3.2872314, -9.226059, 0.47166443
3.288437, -9.266754, 0.5087738
3.3147736, -9.283524, 0.49440002
3.2632904, -9.285904, 0.48362732
3.284851, -9.296692, 0.4980011
3.2513275, -9.312241, 0.5398865
3.2441406, -9.315842, 0.5195465
3.284851, -9.312241, 0.49679565
3.2632904, -9.31105, 0.5303192
3.2118225, -9.305069, 0.54467773
3.2070312, -9.306259, 0.5530548
3.1842957, -9.289505, 0.5063782
3.1531677, -9.282318, 0.5506592
3.147171, -9.300278, 0.57699585
3.1806946, -9.306259, 0.5422821
3.1806946, -9.325409, 0.55545044
3.1890717, -9.314636, 0.5566559
3.166336, -9.308655, 0.60453796
3.1914673, -9.297882, 0.60214233
3.186676, -9.315842, 0.5710144
3.2190094, -9.306259, 0.6093292
3.2166138, -9.3194275, 0.5805969
3.1986542, -9.321823, 0.5901642
3.221405, -9.294296, 0.55784607
3.2201996, -9.301468, 0.59376526
3.241745, -9.293091, 0.61650085
3.2249908, -9.31105, 0.59495544
3.2632904, -9.301468, 0.61650085
3.265686, -9.282318, 0.6248932
3.2621002, -9.315842, 0.5686188
3.2680817, -9.349365, 0.54467773
3.2740784, -9.30986, 0.5590515
3.289627, -9.293091, 0.549469
3.3075867, -9.282318, 0.53271484
3.2860413, -9.278732, 0.53749084
3.3159637, -9.266754, 0.49679565
3.391388, -9.289505, 0.50038147
3.3698425, -9.296692, 0.44172668
3.3710327, -9.277527, 0.39982605
3.4057465, -9.275131, 0.41419983
3.3626556, -9.272736, 0.38067627
3.3865967, -9.261963, 0.36271667
3.3782196, -9.265564, 0.39863586
3.3614655, -9.299072, 0.3938446
3.3854065, -9.284714, 0.32081604
3.3710327, -9.244019, 0.33518982
3.3746338, -9.247604, 0.3028717
3.3770142, -9.26796, 0.29927063
3.3638458, -9.276337, 0.31124878
3.3794098, -9.255981, 0.2166748
3.3854065, -9.276337, 0.27653503
3.3901825, -9.276337, 0.2238617
3.4045563, -9.285904, 0.24061584
3.4033508, -9.285904, 0.2059021
3.4033508, -9.282318, 0.17837524
3.3985748, -9.271545, 0.17118835
3.3830109, -9.235626, 0.18435669
3.4009705, -9.246414, 0.17237854
3.4165192, -9.261963, 0.19992065
3.415329, -9.263168, 0.16041565
3.4332886, -9.291901, 0.14724731
3.4536285, -9.2799225, 0.13407898
3.4620209, -9.25, 0.111328125
3.4560242, -9.26915, 0.116119385
3.4536285, -9.281128, 0.13526917
3.4524384, -9.277527, 0.120910645
3.446457, -9.245209, 0.14245605
3.4428558, -9.242813, 0.14485168
3.4428558, -9.228455, 0.12449646
3.494339, -9.247604, 0.0861969
3.5063019, -9.276337, 0.116119385
3.4608154, -9.260773, 0.1376648
3.4883575, -9.254791, 0.10295105
3.5039215, -9.263168, 0.1376648
3.4500427, -9.285904, 0.13887024
3.4296875, -9.2595825, 0.17837524
3.454834, -9.2595825, 0.17597961
3.4488525, -9.25, 0.16520691
3.446457, -9.265564, 0.14964294
3.4320831, -9.236832, 0.15083313
3.3889923, -9.25119, 0.15802002
3.3854065, -9.285904, 0.19273376
3.3889923, -9.277527, 0.18675232
3.3878021, -9.32901, 0.19033813
3.3949738, -9.321823, 0.19033813
3.3746338, -9.331406, 0.24659729
3.3626556, -9.334991, 0.25857544
3.3099823, -9.337387, 0.25737
3.2824554, -9.317032, 0.27174377
3.3003998, -9.263168, 0.3136444
3.3075867, -9.275131, 0.2956848
3.3171692, -9.296692, 0.27772522
3.2956238, -9.308655, 0.34835815
3.2621002, -9.308655, 0.31843567
3.308792, -9.3194275, 0.31962585
3.2776642, -9.317032, 0.33877563
3.26091, -9.30986, 0.36871338
3.2477417, -9.3194275, 0.39624023
3.2393494, -9.32901, 0.42616272
3.226181, -9.352951, 0.43574524
3.2369537, -9.332596, 0.4225769
3.2225952, -9.334991, 0.39982605
3.229782, -9.363724, 0.40701294
3.2082367, -9.354141, 0.43095398
3.186676, -9.333801, 0.4441223
3.20224, -9.339783, 0.41778564
3.1830902, -9.343369, 0.4118042
3.1280212, -9.320633, 0.43095398
3.1675262, -9.336197, 0.45489502
3.1735077, -9.326614, 0.45010376
3.1340027, -9.294296, 0.4740448
3.1447906, -9.31105, 0.46687317
3.150772, -9.287109, 0.46806335
3.1675262, -9.297882, 0.47166443
3.1842957, -9.306259, 0.48243713
3.193863, -9.305069, 0.45010376
3.1352081, -9.3302, 0.4405365
3.1735077, -9.342178, 0.4524994
3.193863, -9.312241, 0.4584961
3.1795044, -9.334991, 0.4980011
3.1723175, -9.336197, 0.49440002
3.20224, -9.313446, 0.48960876
3.2405548, -9.32901, 0.4632721
3.229782, -9.315842, 0.46806335
3.2154083, -9.300278, 0.4632721
3.2273865, -9.315842, 0.47166443
3.205841, -9.300278, 0.4692688
3.221405, -9.294296, 0.50038147
3.2321777, -9.285904, 0.4237671
3.2273865, -9.302673, 0.4405365
3.2309723, -9.2799225, 0.47764587
3.221405, -9.275131, 0.43814087
3.2441406, -9.273941, 0.40701294
3.257309, -9.271545, 0.43215942
3.2285767, -9.308655, 0.42138672
3.2429504, -9.276337, 0.40342712
3.2716827, -9.291901, 0.42018127
3.2824554, -9.313446, 0.40701294
3.2537231, -9.32901, 0.44891357
3.2632904, -9.31105, 0.44651794
3.312378, -9.290695, 0.40940857
3.3040009, -9.307465, 0.4046173
3.3231506, -9.282318, 0.38067627
3.3387146, -9.301468, 0.42616272
3.375824, -9.306259, 0.40821838
3.3494873, -9.3194275, 0.3722992
3.3698425, -9.30986, 0.34117126
3.3506927, -9.276337, 0.35554504
3.320755, -9.247604, 0.3531494
3.2956238, -9.239227, 0.34117126
3.324356, -9.2595825, 0.30885315
3.3985748, -9.2595825, 0.2849121
3.4117432, -9.242813, 0.27174377
3.4057465, -9.273941, 0.30166626
3.4368744, -9.276337, 0.252594
3.4380798, -9.236832, 0.28370667
3.4404755, -9.244019, 0.25498962
3.4512482, -9.248795, 0.22146606
3.4991302, -9.270355, 0.2059021
3.5134888, -9.278732, 0.20469666
3.470398, -9.25, 0.20469666
3.4320831, -9.246414, 0.19871521
3.4213104, -9.25, 0.17956543
3.3878021, -9.26915, 0.23942566
3.3854065, -9.242813, 0.20111084
3.4105377, -9.235626, 0.19273376
3.4320831, -9.2595825, 0.20350647
3.4536285, -9.287109, 0.2238617
3.4572296, -9.290695, 0.22984314
3.446457, -9.285904, 0.24301147
3.430893, -9.277527, 0.26097107
3.4045563, -9.266754, 0.27653503
3.3889923, -9.289505, 0.22265625
3.3770142, -9.254791, 0.25498962
3.367447, -9.238022, 0.2861023
3.3650513, -9.246414, 0.2849121
3.329132, -9.2799225, 0.3256073
3.36026, -9.252396, 0.331604
3.3662415, -9.261963, 0.292099
3.3806152, -9.248795, 0.37828064
3.3937836, -9.260773, 0.3543396
3.3901825, -9.289505, 0.37828064
3.3638458, -9.276337, 0.4189911
3.312378, -9.258377, 0.39863586
3.3387146, -9.26796, 0.39265442
3.3710327, -9.282318, 0.41778564
3.327942, -9.294296, 0.39624023
3.3111877, -9.299072, 0.38905334
3.329132, -9.2883, 0.3830719
3.3339233, -9.325409, 0.3830719
3.3027954, -9.293091, 0.39144897
3.3183594, -9.272736, 0.37948608
3.2944183, -9.25, 0.3902588
3.2944183, -9.26915, 0.39743042
3.269287, -9.273941, 0.3902588
3.284851, -9.275131, 0.40701294
3.2860413, -9.2799225, 0.4237671
3.2549133, -9.289505, 0.39982605
3.2740784, -9.290695, 0.45968628
3.2788544, -9.332596, 0.4010315
3.2477417, -9.323029, 0.42138672
3.2381592, -9.276337, 0.42138672
3.2561188, -9.3302, 0.44770813
3.2561188, -9.305069, 0.41778564
3.257309, -9.303864, 0.40582275
3.2357635, -9.325409, 0.3818817
3.2201996, -9.307465, 0.41299438
3.2549133, -9.295486, 0.3866577
3.250122, -9.281128, 0.42018127
3.217804, -9.253586, 0.38905334
3.2381592, -9.257187, 0.36631775
3.2776642, -9.2883, 0.37348938
3.2716827, -9.2799225, 0.3818817
3.2908325, -9.2883, 0.331604
3.288437, -9.296692, 0.331604
3.2908325, -9.278732, 0.32081604
3.2824554, -9.305069, 0.33758545
3.3183594, -9.289505, 0.32321167
3.320755, -9.284714, 0.29808044
3.3099823, -9.305069, 0.32920837
3.3111877, -9.282318, 0.31843567
3.3554688, -9.283524, 0.28730774
3.3506927, -9.265564, 0.2813263
3.3566742, -9.257187, 0.30166626
3.3040009, -9.260773, 0.2753296
3.3327332, -9.26915, 0.28730774
3.367447, -9.272736, 0.33758545
3.368637, -9.261963, 0.37469482
3.3806152, -9.305069, 0.3327942
3.3566742, -9.275131, 0.36750793
3.3794098, -9.275131, 0.36271667
3.3806152, -9.273941, 0.35913086
3.3650513, -9.2799225, 0.37469482
3.3614655, -9.291901, 0.39863586
3.3351288, -9.2595825, 0.37109375
3.3530731, -9.258377, 0.3615265
3.3901825, -9.26915, 0.3543396
3.3746338, -9.258377, 0.36990356
3.391388, -9.257187, 0.41419983
3.408142, -9.226059, 0.38905334
3.3830109, -9.257187, 0.3902588
3.4261017, -9.26796, 0.3531494
3.4117432, -9.283524, 0.40940857
3.4189148, -9.289505, 0.37109375
3.4284973, -9.276337, 0.41539
3.4009705, -9.261963, 0.39144897
3.4380798, -9.272736, 0.37348938
3.4440613, -9.25119, 0.39265442
3.446457, -9.258377, 0.3651123
3.4356842, -9.254791, 0.36631775
3.4117432, -9.258377, 0.40582275
3.4189148, -9.273941, 0.35075378
3.4057465, -9.254791, 0.37348938
3.384201, -9.2883, 0.34117126
3.4009705, -9.281128, 0.33518982
3.3794098, -9.23204, 0.375885
3.3878021, -9.25, 0.37109375
3.3854065, -9.282318, 0.35075378
3.368637, -9.297882, 0.37948608
3.3901825, -9.293091, 0.34477234
3.3722382, -9.302673, 0.3136444
3.348297, -9.285904, 0.32681274
3.348297, -9.273941, 0.33398438
3.3387146, -9.305069, 0.3244171
3.3399048, -9.293091, 0.31604004
3.3423004, -9.308655, 0.30526733
3.3159637, -9.293091, 0.292099
3.3016052, -9.261963, 0.29808044
3.3459015, -9.277527, 0.30526733
3.3195648, -9.297882, 0.25976562
3.28125, -9.308655, 0.28012085
3.2932281, -9.290695, 0.27653503
3.313568, -9.284714, 0.2861023
3.3003998, -9.320633, 0.32081604
3.3171692, -9.326614, 0.32081604
3.2776642, -9.312241, 0.33518982
3.305191, -9.30986, 0.34477234
3.3016052, -9.342178, 0.3040619
3.28125, -9.363724, 0.34954834
3.3063965, -9.32901, 0.37948608
3.289627, -9.324219, 0.33998108
3.308792, -9.314636, 0.35075378
3.288437, -9.318237, 0.35913086
3.288437, -9.294296, 0.39982605
3.2477417, -9.284714, 0.38067627
3.2513275, -9.276337, 0.37828064
3.245346, -9.26796, 0.38426208
3.2441406, -9.255981, 0.39863586
3.2621002, -9.2883, 0.44770813
3.2393494, -9.291901, 0.42736816
3.28125, -9.285904, 0.41059875
3.26091, -9.312241, 0.46447754
3.2525177, -9.285904, 0.42736816
3.2537231, -9.2799225, 0.43574524
3.257309, -9.253586, 0.44172668
3.269287, -9.289505, 0.45610046
3.2513275, -9.325409, 0.4524994
3.2764587, -9.3302, 0.4333496
3.2788544, -9.339783, 0.43095398
3.2980194, -9.340973, 0.44172668
3.2537231, -9.314636, 0.47166443
3.2597046, -9.338577, 0.45729065
3.2549133, -9.325409, 0.46566772
3.2249908, -9.321823, 0.4441223
3.2130127, -9.331406, 0.4333496
3.217804, -9.331406, 0.4189911
3.2082367, -9.3194275, 0.42616272
3.2070312, -9.289505, 0.4046173
3.2237854, -9.296692, 0.42138672
3.1819, -9.289505, 0.43095398
3.197464, -9.297882, 0.41299438
3.1962585, -9.293091, 0.40222168
3.186676, -9.26796, 0.37828064
3.2154083, -9.301468, 0.35913086
3.1890717, -9.305069, 0.3722992
3.2201996, -9.30986, 0.36631775
3.2082367, -9.321823, 0.35673523
3.2441406, -9.324219, 0.35075378
3.2441406, -9.308655, 0.35673523
3.2190094, -9.314636, 0.32321167
3.248932, -9.308655, 0.34477234
3.2764587, -9.299072, 0.3435669
3.2621002, -9.300278, 0.34954834
3.2716827, -9.315842, 0.32681274
3.2800598, -9.3194275, 0.34117126
3.308792, -9.287109, 0.32202148
3.3255463, -9.287109, 0.30526733
3.3195648, -9.289505, 0.3148346
3.3267365, -9.295486, 0.31004333
3.3435059, -9.271545, 0.33638
3.3183594, -9.289505, 0.39743042
3.344696, -9.285904, 0.35554504
3.3698425, -9.285904, 0.3148346
3.3770142, -9.295486, 0.31962585
3.3710327, -9.294296, 0.31604004
3.3782196, -9.282318, 0.30526733
3.3734283, -9.294296, 0.27293396
3.3901825, -9.295486, 0.2741394
3.4093475, -9.295486, 0.30645752
3.3878021, -9.302673, 0.28970337
3.4021606, -9.258377, 0.30526733
3.4033508, -9.276337, 0.31723022
3.4057465, -9.270355, 0.2741394
3.4033508, -9.278732, 0.26815796
3.3710327, -9.283524, 0.25019836
3.3818054, -9.282318, 0.28370667
3.399765, -9.297882, 0.24420166
3.3830109, -9.281128, 0.26934814
3.3662415, -9.282318, 0.24182129
3.3865967, -9.2883, 0.23822021
3.3722382, -9.291901, 0.23942566
3.3530731, -9.263168, 0.26216125
3.3818054, -9.2883, 0.20350647
3.3542786, -9.290695, 0.21427917
3.327942, -9.281128, 0.23703003
3.3375244, -9.282318, 0.22505188
3.3111877, -9.272736, 0.2059021
3.2872314, -9.271545, 0.22984314
3.3315277, -9.281128, 0.2238617
3.3231506, -9.303864, 0.27293396
3.3303375, -9.315842, 0.21427917
3.320755, -9.320633, 0.20469666
3.2860413, -9.299072, 0.23942566
3.2561188, -9.31105, 0.24780273
3.2740784, -9.339783, 0.27293396
3.2788544, -9.32901, 0.252594
3.2740784, -9.326614, 0.2669525
3.2644958, -9.285904, 0.2561798
3.257309, -9.301468, 0.2741394
3.2465363, -9.314636, 0.2669525
3.2249908, -9.301468, 0.24899292
3.2465363, -9.284714, 0.31004333
3.2561188, -9.308655, 0.2849121
3.248932, -9.339783, 0.33638
3.2249908, -9.327805, 0.32681274
3.2285767, -9.284714, 0.34477234
3.2357635, -9.303864, 0.33039856
3.2465363, -9.303864, 0.35673523
3.2405548, -9.325409, 0.35554504
3.2285767, -9.306259, 0.36750793
3.2285767, -9.284714, 0.32681274
3.2249908, -9.312241, 0.36990356
3.26091, -9.317032, 0.41778564
3.2405548, -9.313446, 0.38546753
3.2285767, -9.318237, 0.3902588
3.2764587, -9.326614, 0.36271667
3.26091, -9.332596, 0.39982605
3.2405548, -9.315842, 0.41059875
3.2704773, -9.315842, 0.43215942
3.2549133, -9.296692, 0.39743042
3.2321777, -9.317032, 0.44770813
3.2357635, -9.277527, 0.44293213
3.26091, -9.291901, 0.38786316
3.2477417, -9.3302, 0.42736816
3.265686, -9.336197, 0.4333496
3.2142181, -9.333801, 0.42497253
3.2585144, -9.318237, 0.42497253
3.2561188, -9.299072, 0.4046173
3.2597046, -9.254791, 0.3938446
3.2644958, -9.261963, 0.42497253
3.2381592, -9.287109, 0.39982605
3.2273865, -9.293091, 0.43574524
3.2201996, -9.296692, 0.40342712
3.2441406, -9.297882, 0.3938446
3.2381592, -9.305069, 0.4405365
3.2549133, -9.331406, 0.42497253
3.265686, -9.326614, 0.37948608
3.2776642, -9.317032, 0.3902588
3.2668915, -9.320633, 0.37948608
3.2788544, -9.303864, 0.34596252
3.2190094, -9.318237, 0.35075378
3.2345734, -9.299072, 0.3435669
3.2585144, -9.308655, 0.32202148
3.2704773, -9.294296, 0.3423767
3.26091, -9.295486, 0.32920837
3.2345734, -9.303864, 0.29927063
3.2190094, -9.30986, 0.32081604
3.248932, -9.287109, 0.28251648
3.2668915, -9.295486, 0.27653503
3.2752686, -9.300278, 0.30885315
3.2441406, -9.289505, 0.3040619
3.2644958, -9.290695, 0.29447937
3.284851, -9.289505, 0.27293396
3.2920227, -9.2643585, 0.25138855
3.2944183, -9.254791, 0.21427917
3.305191, -9.254791, 0.27053833
3.2944183, -9.247604, 0.27772522
3.308792, -9.2404175, 0.25498962
3.312378, -9.2643585, 0.24899292
3.3195648, -9.303864, 0.27174377
3.3542786, -9.318237, 0.24899292
3.3662415, -9.34816, 0.24301147
3.430893, -9.39006, 0.20829773
3.4189148, -9.369705, 0.23703003
3.3937836, -9.396042, 0.25138855
3.4368744, -9.386475, 0.24420166
3.4799652, -9.414001, 0.22625732
3.4763794, -9.40921, 0.22984314
3.4452515, -9.378082, 0.23223877
3.43927, -9.34816, 0.22744751
3.3854065, -9.277527, 0.20350647
3.3411102, -9.204514, 0.22865295
3.284851, -9.136276, 0.2238617
3.1890717, -9.094376, 0.24301147
3.1603394, -9.106354, 0.18554688
3.1316223, -9.156631, 0.2059021
3.1483765, -9.222458, 0.1592102
3.1411896, -9.290695, 0.19273376
3.2046356, -9.376892, 0.18315125
3.248932, -9.4379425, 0.16758728
3.265686, -9.416397, 0.22146606
3.2944183, -9.381683, 0.20948792
3.2776642, -9.387665, 0.20469666
3.2561188, -9.387665, 0.22744751
3.269287, -9.320633, 0.23582458
3.2525177, -9.307465, 0.25857544
3.2764587, -9.312241, 0.27053833
3.2381592, -9.289505, 0.2849121
3.1771088, -9.260773, 0.24780273
3.1495667, -9.281128, 0.296875
3.157959, -9.301468, 0.28970337
3.1352081, -9.308655, 0.25498962
3.1328125, -9.326614, 0.2956848
3.1519623, -9.339783, 0.3040619
3.1819, -9.349365, 0.28730774
3.1806946, -9.375687, 0.32081604
3.1699219, -9.364914, 0.3256073
3.2046356, -9.349365, 0.31723022
3.1842957, -9.34697, 0.32681274
3.1795044, -9.321823, 0.36871338
3.1771088, -9.326614, 0.34477234
3.154358, -9.31105, 0.37469482
3.1711273, -9.273941, 0.37828064
3.1914673, -9.273941, 0.3615265
3.2249908, -9.324219, 0.38426208
3.26091, -9.368515, 0.34954834
3.2788544, -9.375687, 0.3722992
3.305191, -9.378082, 0.3722992
3.2944183, -9.375687, 0.3902588
3.250122, -9.392456, 0.38067627
3.3003998, -9.385269, 0.4189911
3.289627, -9.366119, 0.41059875
3.2704773, -9.352951, 0.4046173
3.2824554, -9.3302, 0.40342712
3.257309, -9.30986, 0.43814087
3.2525177, -9.336197, 0.48841858
3.2920227, -9.325409, 0.45010376
3.289627, -9.318237, 0.45610046
3.2668915, -9.360138, 0.44172668
3.289627, -9.345764, 0.38786316
3.2932281, -9.334991, 0.42138672
3.288437, -9.339783, 0.4333496
3.2632904, -9.349365, 0.43693542
3.2716827, -9.315842, 0.45729065
3.26091, -9.301468, 0.42616272
3.2201996, -9.308655, 0.38067627
3.162735, -9.326614, 0.3830719
3.1256256, -9.297882, 0.375885
3.154358, -9.313446, 0.38067627
3.1483765, -9.3194275, 0.36871338
3.154358, -9.331406, 0.3651123
3.1687317, -9.339783, 0.36392212
3.1675262, -9.3302, 0.35673523
3.1495667, -9.332596, 0.3435669
3.0980988, -9.30986, 0.3615265
3.075348, -9.301468, 0.34596252
3.1136627, -9.248795, 0.331604
3.0825348, -9.265564, 0.38426208
3.0585938, -9.31105, 0.3148346
3.0705566, -9.307465, 0.292099
3.0813446, -9.314636, 0.36271667
3.1208344, -9.343369, 0.33877563
3.10289, -9.317032, 0.32681274
3.094513, -9.31105, 0.4046173
3.087326, -9.342178, 0.38426208
3.1088715, -9.361328, 0.31243896
3.1244354, -9.350555, 0.39144897
3.1004944, -9.325409, 0.3531494
3.0813446, -9.345764, 0.33877563
3.1088715, -9.307465, 0.33398438
3.1052856, -9.313446, 0.39982605
3.1196442, -9.314636, 0.40701294
3.1088715, -9.282318, 0.41059875
3.1280212, -9.285904, 0.4189911
3.0861206, -9.276337, 0.40940857
3.1064758, -9.273941, 0.40222168
3.10289, -9.31105, 0.4118042
3.1304169, -9.306259, 0.4297638
3.147171, -9.301468, 0.4524994
3.1411896, -9.290695, 0.41299438
3.150772, -9.350555, 0.43095398
3.1639404, -9.379288, 0.44770813
3.1687317, -9.388855, 0.4800415
3.210617, -9.400833, 0.47045898
3.2094269, -9.419983, 0.47045898
3.2154083, -9.461884, 0.46087646
3.2118225, -9.424774, 0.40821838
3.2154083, -9.422379, 0.41659546
3.2285767, -9.40921, 0.4118042
3.245346, -9.396042, 0.4010315
3.1795044, -9.397247, 0.37348938
3.1998444, -9.384079, 0.36750793
3.1711273, -9.373306, 0.42138672
3.1842957, -9.369705, 0.43693542
3.126831, -9.376892, 0.39743042
3.154358, -9.417587, 0.38786316
3.1603394, -9.42717, 0.37469482
3.1435852, -9.415192, 0.32321167
3.1244354, -9.404419, 0.3136444
3.1160583, -9.3589325, 0.3256073
3.1040802, -9.340973, 0.3423767
3.0298615, -9.331406, 0.28251648
3.0178986, -9.303864, 0.25498962
2.9867706, -9.255981, 0.29328918
2.9185333, -9.246414, 0.31243896
2.8778229, -9.242813, 0.3040619
2.8778229, -9.278732, 0.29089355
2.874237, -9.295486, 0.2861023
2.8945923, -9.378082, 0.2741394
2.8790283, -9.435547, 0.25857544
2.9185333, -9.528915, 0.27653503
2.975998, -9.621094, 0.28370667
2.9616241, -9.707291, 0.23582458
3.0502167, -9.793488, 0.23342896
3.0346527, -9.84137, 0.252594
3.031067, -9.82222, 0.252594
3.035843, -9.752777, 0.24899292
3.0047302, -9.635468, 0.27893066
2.9640198, -9.481033, 0.25019836
2.9197235, -9.308655, 0.26455688
2.8754425, -9.17099, 0.27653503
2.7928314, -9.056061, 0.31124878
2.7688904, -8.986633, 0.33998108
2.7892456, -8.962692, 0.3531494
2.8059998, -9.004593, 0.4118042
2.8694458, -9.075226, 0.40222168
2.9951477, -9.156631, 0.43933105
3.063385, -9.276337, 0.44770813
3.1639404, -9.396042, 0.47166443
3.3219604, -9.48703, 0.4920044
3.3722382, -9.50618, 0.49679565
3.4129333, -9.564835, 0.52433777
3.4488525, -9.58519, 0.5351105
3.430893, -9.546875, 0.51594543
3.4045563, -9.502594, 0.5015869
3.3578644, -9.473862, 0.5398865
3.36026, -9.448715, 0.49560547
3.344696, -9.370911, 0.5315094
3.3255463, -9.325409, 0.53630066
3.384201, -9.281128, 0.5123596
3.3782196, -9.257187, 0.5171509
3.4057465, -9.257187, 0.48362732
3.4404755, -9.216476, 0.47644043
3.463211, -9.228455, 0.4740448
3.4799652, -9.216476, 0.4920044
3.4751892, -9.2404175, 0.47644043
3.4799652, -9.241623, 0.47883606
3.4847565, -9.235626, 0.44770813
3.4931335, -9.234436, 0.44293213
3.5075073, -9.216476, 0.40821838
3.5063019, -9.23085, 0.40342712
3.4955292, -9.247604, 0.3938446
3.5051117, -9.2883, 0.40821838
3.5206757, -9.321823, 0.39505005
3.463211, -9.313446, 0.3471527
3.4584198, -9.342178, 0.30166626
3.4656067, -9.394852, 0.27893066
3.4320831, -9.429565, 0.3244171
3.4452515, -9.454697, 0.25976562
3.3949738, -9.436752, 0.22146606
3.3710327, -9.458298, 0.21308899
3.284851, -9.430756, 0.17837524
3.2357635, -9.39006, 0.13887024
3.1950684, -9.362518, 0.13526917
3.1352081, -9.339783, 0.14125061
3.1040802, -9.289505, 0.10774231
3.0705566, -9.2799225, 0.12808228
2.9891663, -9.26796, 0.11253357
2.996338, -9.248795, 0.061050415
2.977188, -9.242813, 0.061050415
2.953247, -9.257187, 0.07901001
2.9556427, -9.281128, 0.063446045
2.956833, -9.297882, 0.03591919
2.9317017, -9.34816, 0.05027771
2.917328, -9.370911, 0.034713745
2.9664154, -9.379288, 0.068237305
2.9700012, -9.431961, 0.07661438
2.9304962, -9.467865, 0.0861969
2.9640198, -9.463089, 0.063446045
2.9352875, -9.478638, 0.11253357
2.9592285, -9.466675, 0.12210083
2.9269104, -9.475052, 0.17597961
2.9424744, -9.457092, 0.21548462
2.9352875, -9.455902, 0.21786499
2.920929, -9.399643, 0.24182129
2.9005737, -9.370911, 0.28370667
2.8957825, -9.384079, 0.31124878
2.8921967, -9.36731, 0.33998108
2.8933868, -9.315842, 0.34954834
2.9113464, -9.323029, 0.38905334
2.9089508, -9.336197, 0.39505005
2.9388885, -9.294296, 0.4046173
2.996338, -9.327805, 0.4728546
3.0119019, -9.373306, 0.47045898
3.071762, -9.397247, 0.50038147
3.0466156, -9.406815, 0.54348755
3.083725, -9.40921, 0.5518646
3.1004944, -9.42717, 0.5626373
3.1208344, -9.405624, 0.59495544
3.1160583, -9.387665, 0.5973511
3.1376038, -9.370911, 0.6428375
3.1304169, -9.374496, 0.628479
3.1280212, -9.323029, 0.6572113
3.1483765, -9.301468, 0.6476288
3.1280212, -9.301468, 0.6655884
3.1316223, -9.302673, 0.6691742
3.1292267, -9.306259, 0.6823425
3.142395, -9.31105, 0.69911194
3.162735, -9.339783, 0.7003021
3.205841, -9.34697, 0.68833923
3.2621002, -9.350555, 0.723053
3.2465363, -9.338577, 0.68833923
3.2321777, -9.308655, 0.68833923
3.2776642, -9.343369, 0.70628357
3.2740784, -9.323029, 0.7050934
3.3016052, -9.283524, 0.7170563
3.2549133, -9.290695, 0.70150757
3.257309, -9.293091, 0.6548157
3.226181, -9.276337, 0.6715698
3.2644958, -9.2883, 0.6715698
3.284851, -9.282318, 0.6380615
3.2716827, -9.320633, 0.6572113
3.3267365, -9.325409, 0.61291504
3.3494873, -9.364914, 0.6380615
3.288437, -9.382874, 0.5458832
3.3111877, -9.373306, 0.54348755
3.3303375, -9.352951, 0.5602417
3.2908325, -9.342178, 0.4980011
3.2632904, -9.354141, 0.5015869
3.241745, -9.366119, 0.48602295
3.2010498, -9.307465, 0.43574524
3.1878815, -9.307465, 0.41778564
3.1890717, -9.307465, 0.36032104
3.154358, -9.339783, 0.3531494
3.197464, -9.382874, 0.28730774
3.1675262, -9.378082, 0.28849792
3.1878815, -9.375687, 0.25737
3.1723175, -9.406815, 0.25976562
3.1771088, -9.422379, 0.19392395
3.1842957, -9.431961, 0.18075562
3.1567535, -9.422379, 0.15802002
3.1136627, -9.422379, 0.12210083
3.1280212, -9.411606, 0.14245605
3.12323, -9.3984375, 0.11013794
3.118454, -9.399643, 0.0861969
3.0777435, -9.374496, 0.03591919
3.0490112, -9.384079, 0.03831482
3.0621796, -9.382874, 0.05267334
3.0418396, -9.379288, -0.010772705
3.0262756, -9.406815, -0.0071868896
3.0262756, -9.404419, -0.02154541
3.0286713, -9.440338, 0.02633667
2.9987335, -9.436752, 0.01914978
3.0095062, -9.417587, -0.034713745
3.020279, -9.451111, 0.020355225
3.0059204, -9.44632, 0.025146484
2.960434, -9.418793, 0.058654785
2.9269104, -9.406815, 0.06703186
2.896988, -9.396042, 0.0861969
2.8598785, -9.378082, 0.096969604
2.8670502, -9.385269, 0.080200195
2.8538818, -9.337387, 0.10774231
2.8562775, -9.380478, 0.17837524
2.8670502, -9.366119, 0.20350647
2.8718414, -9.324219, 0.26097107
2.8909912, -9.325409, 0.29089355
2.8838196, -9.300278, 0.31843567
2.8886108, -9.308655, 0.4046173
2.8838196, -9.313446, 0.4237671
2.8993835, -9.295486, 0.43814087
2.9257202, -9.284714, 0.46687317
2.9592285, -9.282318, 0.5063782
2.9508514, -9.275131, 0.57580566
2.9676056, -9.296692, 0.5793915
3.0190887, -9.276337, 0.59376526
3.039444, -9.260773, 0.60095215
3.0609894, -9.281128, 0.5997467
3.12323, -9.331406, 0.62249756
3.1699219, -9.342178, 0.6655884
3.2082367, -9.369705, 0.68115234
3.241745, -9.355347, 0.69551086
3.2632904, -9.352951, 0.746994
3.312378, -9.34816, 0.6967163
3.3734283, -9.366119, 0.70150757
3.3435059, -9.3589325, 0.7182617
3.348297, -9.345764, 0.70269775
3.3901825, -9.324219, 0.7110748
3.43927, -9.338577, 0.7517853
3.463211, -9.345764, 0.74220276
3.5122986, -9.354141, 0.7661438
3.525467, -9.326614, 0.7170563
3.5314484, -9.321823, 0.7122803
3.5781403, -9.313446, 0.707489
3.6511536, -9.351746, 0.7410126
3.6379852, -9.350555, 0.7445984
3.648758, -9.325409, 0.68115234
3.6786957, -9.302673, 0.7254486
3.6763, -9.293091, 0.69911194
3.6846771, -9.238022, 0.6775665
3.664322, -9.206909, 0.6763611
3.660736, -9.165009, 0.6260834
3.645172, -9.144653, 0.6248932
3.6164398, -9.154236, 0.6201019
3.6427765, -9.168594, 0.5961609
3.6272125, -9.181763, 0.5566559
3.6343994, -9.1698, 0.5315094
3.6655273, -9.200912, 0.49560547
3.6942596, -9.23204, 0.4513092
3.7050323, -9.254791, 0.44293213
3.700241, -9.276337, 0.37948608
3.7241821, -9.326614, 0.4010315
3.7421417, -9.373306, 0.3244171
3.6978455, -9.340973, 0.3028717
3.667923, -9.349365, 0.24420166
3.6475677, -9.414001, 0.22146606
3.6164398, -9.397247, 0.15802002
3.581726, -9.417587, 0.084991455
3.5482025, -9.39006, 0.084991455
3.509903, -9.364914, 0.056259155
3.4572296, -9.345764, -0.04548645
3.4057465, -9.340973, -0.05506897
3.3375244, -9.34697, -0.11013794
3.296814, -9.31105, -0.19154358
3.2381592, -9.303864, -0.21069336
3.166336, -9.326614, -0.22265625
3.1795044, -9.3302, -0.28251648
3.142395, -9.344574, -0.27772522
3.1004944, -9.372101, -0.32920837
3.0573883, -9.410416, -0.33039856
3.0669708, -9.411606, -0.33518982
2.992752, -9.4379425, -0.3435669
2.9664154, -9.422379, -0.3615265
2.9484558, -9.440338, -0.37709045
2.9041595, -9.463089, -0.36750793
2.8886108, -9.447525, -0.32321167
2.8526917, -9.445129, -0.31962585
2.8012085, -9.455902, -0.3148346
2.762909, -9.460693, -0.22625732
2.7090454, -9.452301, -0.19273376
2.6898804, -9.430756, -0.2238617
2.7054443, -9.482239, -0.15083313
2.6946716, -9.502594, -0.104141235
2.7018585, -9.502594, -0.084991455
2.7054443, -9.515747, -0.015563965
2.7174225, -9.498993, 0.0287323
2.6934814, -9.493011, 0.04788208
2.699463, -9.454697, 0.13407898
2.6348114, -9.457092, 0.16879272
2.6336212, -9.384079, 0.19392395
2.5965118, -9.372101, 0.23822021
2.6240387, -9.363724, 0.27893066
2.6432037, -9.399643, 0.29927063
2.6970673, -9.415192, 0.3327942
2.6910858, -9.443924, 0.3543396
2.7581177, -9.451111, 0.41419983
2.795227, -9.497803, 0.39863586
2.8036041, -9.484634, 0.4333496
2.841919, -9.478638, 0.5171509
2.8203735, -9.447525, 0.50038147
2.817978, -9.445129, 0.5518646
2.841919, -9.421188, 0.58299255
2.834732, -9.393646, 0.5925598
2.8335419, -9.396042, 0.6212921
2.8622742, -9.366119, 0.6907196
2.9149475, -9.387665, 0.6943207
2.9281158, -9.393646, 0.72065735
2.9388885, -9.351746, 0.7086792
2.980774, -9.326614, 0.7170563
2.9939423, -9.34816, 0.77931213
3.0334473, -9.352951, 0.7445984
3.0645752, -9.337387, 0.7912903
3.083725, -9.34816, 0.82121277
3.10289, -9.345764, 0.81163025
3.1100616, -9.350555, 0.8319855
3.1806946, -9.315842, 0.8343811
3.1603394, -9.318237, 0.826004
3.178299, -9.287109, 0.8044586
3.166336, -9.281128, 0.82839966
3.217804, -9.290695, 0.826004
3.3111877, -9.318237, 0.81762695
3.348297, -9.317032, 0.7841034
3.367447, -9.31105, 0.8044586
3.3746338, -9.339783, 0.7553711
3.3387146, -9.318237, 0.7146759
3.2956238, -9.312241, 0.6979065
3.265686, -9.276337, 0.69311523
3.2321777, -9.266754, 0.7122803
3.2668915, -9.258377, 0.65122986
3.289627, -9.265564, 0.6488342
3.2908325, -9.260773, 0.6356659
3.2860413, -9.26915, 0.6212921
3.248932, -9.252396, 0.6201019
3.2549133, -9.23085, 0.60572815
3.3027954, -9.2643585, 0.5386963
3.327942, -9.270355, 0.5590515
3.3423004, -9.293091, 0.54348755
3.3638458, -9.283524, 0.47166443
3.3770142, -9.278732, 0.47644043
3.384201, -9.297882, 0.48721313
3.3746338, -9.31105, 0.44172668
3.4249115, -9.289505, 0.36750793
3.4225159, -9.302673, 0.36032104
3.4093475, -9.351746, 0.33877563
3.3734283, -9.32901, 0.36032104
3.3578644, -9.325409, 0.31124878
3.3566742, -9.31105, 0.31243896
3.3746338, -9.320633, 0.27893066
3.384201, -9.337387, 0.24182129
3.406952, -9.342178, 0.21548462
3.4165192, -9.357742, 0.17477417
3.4165192, -9.354141, 0.1592102
3.3722382, -9.318237, 0.17837524
3.3399048, -9.300278, 0.12808228
3.296814, -9.313446, 0.075424194
3.3003998, -9.273941, 0.037109375
3.308792, -9.278732, -0.015563965
3.3040009, -9.289505, -0.063446045
3.3063965, -9.287109, -0.068237305
3.289627, -9.30986, -0.111328125
3.2944183, -9.306259, -0.13407898
3.320755, -9.305069, -0.16160583
3.3016052, -9.308655, -0.18435669
3.2872314, -9.295486, -0.19154358
3.2752686, -9.306259, -0.18435669
3.3075867, -9.307465, -0.19273376
3.312378, -9.323029, -0.19392395
3.3016052, -9.331406, -0.16998291
3.3183594, -9.3194275, -0.1376648
3.296814, -9.320633, -0.16520691
3.2716827, -9.295486, -0.16520691
3.3111877, -9.331406, -0.16041565
3.3159637, -9.31105, -0.13407898
3.3219604, -9.305069, -0.12449646
3.3506927, -9.323029, -0.07421875
3.2908325, -9.301468, -0.09336853
3.272873, -9.285904, -0.05267334
3.3040009, -9.294296, -0.02633667
3.2704773, -9.275131, -0.0059814453
3.2764587, -9.317032, 0.02633667
3.2441406, -9.326614, 0.075424194
3.2525177, -9.31105, 0.101760864
3.2525177, -9.323029, 0.13287354
3.2537231, -9.340973, 0.18435669
3.265686, -9.360138, 0.21188354
3.305191, -9.356537, 0.252594
3.2908325, -9.34697, 0.252594
3.2680817, -9.3589325, 0.28849792
3.284851, -9.343369, 0.32081604
3.2680817, -9.318237, 0.3471527
3.2764587, -9.333801, 0.36271667
3.2597046, -9.333801, 0.4189911
3.2369537, -9.301468, 0.4189911
3.2201996, -9.321823, 0.4237671
3.269287, -9.324219, 0.47045898
3.2621002, -9.3194275, 0.49560547
3.241745, -9.336197, 0.5015869
3.2621002, -9.331406, 0.5051727
3.2776642, -9.336197, 0.5458832
3.272873, -9.351746, 0.54348755
3.2716827, -9.312241, 0.5386963
3.2465363, -9.326614, 0.58418274
3.272873, -9.325409, 0.5566559
3.2477417, -9.307465, 0.58299255
3.2273865, -9.302673, 0.5674286
3.250122, -9.327805, 0.55784607
3.265686, -9.331406, 0.6177063
3.2764587, -9.326614, 0.61291504
3.221405, -9.295486, 0.6033325
3.2225952, -9.294296, 0.6177063
3.2621002, -9.334991, 0.6081238
3.2321777, -9.290695, 0.59376526
3.2285767, -9.271545, 0.6177063
3.2237854, -9.307465, 0.6033325
3.2369537, -9.308655, 0.60453796
3.2190094, -9.302673, 0.62249756
3.1819, -9.31105, 0.6033325
3.1878815, -9.314636, 0.62249756
3.217804, -9.32901, 0.60214233
3.2070312, -9.318237, 0.63087463
3.1914673, -9.318237, 0.5626373
3.1591492, -9.323029, 0.55545044
3.142395, -9.31105, 0.54348755
3.1759033, -9.3194275, 0.5518646
3.1363983, -9.334991, 0.52433777
3.1220398, -9.318237, 0.4812317
3.1687317, -9.364914, 0.46566772
3.1759033, -9.345764, 0.4513092
3.1687317, -9.3194275, 0.44770813
3.1615448, -9.323029, 0.38905334
3.1639404, -9.300278, 0.4189911
3.1567535, -9.266754, 0.39863586
3.1555634, -9.244019, 0.39144897
3.1699219, -9.246414, 0.34117126
3.1531677, -9.254791, 0.31843567
3.178299, -9.2643585, 0.32681274
3.2070312, -9.277527, 0.31004333
3.2668915, -9.308655, 0.2669525
3.2788544, -9.317032, 0.28730774
3.2992096, -9.320633, 0.28849792
3.327942, -9.303864, 0.22505188
3.336319, -9.308655, 0.22984314
3.3782196, -9.305069, 0.24780273
3.3614655, -9.284714, 0.23103333
3.3830109, -9.273941, 0.21548462
3.3889923, -9.260773, 0.1879425
3.4105377, -9.284714, 0.20350647
3.4380798, -9.290695, 0.20350647
3.4165192, -9.300278, 0.13407898
3.4608154, -9.305069, 0.09815979
3.4165192, -9.275131, 0.0574646
3.408142, -9.273941, 0.010772705
3.3985748, -9.276337, 0.0059814453
3.4428558, -9.302673, -0.010772705
3.463211, -9.340973, -0.034713745
3.4656067, -9.339783, -0.05267334
3.4512482, -9.324219, -0.010772705
3.399765, -9.305069, -0.0287323
3.3375244, -9.297882, -0.0035858154
3.3003998, -9.303864, 0.02394104
3.312378, -9.295486, 0.03591919
3.2992096, -9.321823, 0.022750854
3.2860413, -9.30986, 0.02154541
3.2345734, -9.312241, 0.0574646
3.2118225, -9.34697, 0.16400146
3.250122, -9.344574, 0.21308899
3.2429504, -9.34816, 0.2059021
3.2776642, -9.378082, 0.22146606
3.2632904, -9.352951, 0.24301147
3.2285767, -9.30986, 0.24420166
3.221405, -9.301468, 0.27772522
3.1890717, -9.266754, 0.25976562
3.1687317, -9.282318, 0.25857544
3.1914673, -9.263168, 0.3028717
3.1854858, -9.295486, 0.32321167
3.2285767, -9.283524, 0.37469482
3.272873, -9.31105, 0.3722992
3.2920227, -9.307465, 0.38905334
3.3183594, -9.339783, 0.45489502
3.2788544, -9.327805, 0.48960876
3.257309, -9.333801, 0.4405365
3.2597046, -9.338577, 0.48362732
3.2549133, -9.258377, 0.48602295
3.2800598, -9.236832, 0.5051727
3.3171692, -9.254791, 0.533905
3.3351288, -9.2799225, 0.57580566
3.3578644, -9.239227, 0.5746155
3.3818054, -9.23204, 0.5638275
3.3662415, -9.246414, 0.59376526
3.327942, -9.248795, 0.6320648
3.3578644, -9.289505, 0.62249756
3.3566742, -9.2883, 0.6296692
3.3411102, -9.291901, 0.6368561
3.3255463, -9.368515, 0.628479
3.2908325, -9.394852, 0.628479
3.2944183, -9.376892, 0.6607971
3.257309, -9.360138, 0.6979065
3.2800598, -9.373306, 0.6895294
3.2465363, -9.331406, 0.6643982
3.1914673, -9.317032, 0.68473816
3.1519623, -9.305069, 0.6787567
3.099289, -9.273941, 0.6871338
3.0765533, -9.296692, 0.7122803
3.0980988, -9.25, 0.70269775
3.1196442, -9.2883, 0.72424316
3.1136627, -9.303864, 0.70388794
3.1735077, -9.301468, 0.75057983
3.2082367, -9.317032, 0.75297546
3.2225952, -9.31105, 0.7410126
3.20224, -9.254791, 0.707489
3.1771088, -9.265564, 0.7541809
3.1830902, -9.295486, 0.72424316
3.1723175, -9.270355, 0.69551086
3.210617, -9.257187, 0.6859436
3.1998444, -9.2595825, 0.6787567
3.2441406, -9.2595825, 0.7122803
3.2477417, -9.293091, 0.6907196
3.305191, -9.276337, 0.6296692
3.2800598, -9.2595825, 0.6691742
3.2393494, -9.248795, 0.6859436
3.2369537, -9.246414, 0.69551086
3.2381592, -9.2595825, 0.62368774
3.2621002, -9.257187, 0.6212921
3.2752686, -9.244019, 0.64164734
3.3183594, -9.247604, 0.5877838
3.2932281, -9.2643585, 0.55784607
3.3578644, -9.307465, 0.5746155
3.4273071, -9.289505, 0.509964
3.454834, -9.2883, 0.52194214
3.4356842, -9.320633, 0.47045898
3.43927, -9.287109, 0.42497253
3.4368744, -9.291901, 0.36990356
3.4105377, -9.283524, 0.34477234
3.4380798, -9.260773, 0.31723022
3.4620209, -9.253586, 0.24182129
3.4320831, -9.289505, 0.22505188
3.4165192, -9.281128, 0.19154358
3.4572296, -9.281128, 0.1376648
3.4057465, -9.266754, 0.09576416
3.3818054, -9.26915, 0.075424194
3.3734283, -9.2799225, -0.0071868896
3.391388, -9.285904, -0.04309082
3.502716, -9.291901, -0.053863525
3.605667, -9.323029, -0.08140564
3.6499634, -9.349365, -0.13647461
3.688263, -9.326614, -0.13887024
3.7182007, -9.308655, -0.12449646
3.6954498, -9.26915, -0.13887024
3.648758, -9.206909, -0.14964294
3.59729, -9.157822, -0.16400146
3.609253, -9.144653, -0.14125061
3.6296082, -9.160217, -0.089782715
3.6272125, -9.186554, -0.08140564
3.6499634, -9.2248535, -0.09576416
3.6403809, -9.234436, -0.061050415
3.5721436, -9.218872, -0.08140564
3.5625763, -9.2248535, -0.0059814453
3.5086975, -9.227249, 0.034713745
3.4991302, -9.227249, 0.073028564
3.4428558, -9.252396, 0.10055542
3.4129333, -9.26796, 0.120910645
3.4189148, -9.291901, 0.15441895
3.406952, -9.315842, 0.17118835
3.4009705, -9.306259, 0.20350647
3.3794098, -9.3194275, 0.22744751
3.3351288, -9.320633, 0.21786499
3.3411102, -9.315842, 0.27653503
3.3183594, -9.312241, 0.2561798
3.2860413, -9.283524, 0.29328918
3.288437, -9.276337, 0.3327942
3.26091, -9.278732, 0.36631775
3.2405548, -9.299072, 0.34596252
3.2154083, -9.362518, 0.3722992
3.2465363, -9.327805, 0.39624023
3.2513275, -9.3194275, 0.42497253
3.229782, -9.369705, 0.42736816
3.2190094, -9.382874, 0.40701294
3.2082367, -9.3589325, 0.44651794
3.1651306, -9.333801, 0.48483276
3.142395, -9.362518, 0.46806335
3.1016846, -9.363724, 0.5087738
3.1016846, -9.352951, 0.533905
3.094513, -9.321823, 0.549469
3.0729523, -9.350555, 0.5398865
3.0286713, -9.363724, 0.5901642
3.0226746, -9.327805, 0.61172485
2.9939423, -9.326614, 0.6260834
2.9867706, -9.3194275, 0.6212921
2.999939, -9.336197, 0.68473816
2.9879608, -9.364914, 0.71347046
3.0298615, -9.3984375, 0.7110748
3.0885162, -9.417587, 0.70388794
3.1004944, -9.406815, 0.69311523
3.1088715, -9.378082, 0.73262024
3.0705566, -9.356537, 0.75297546
3.0346527, -9.364914, 0.73143005
3.0334473, -9.351746, 0.72784424
2.999939, -9.325409, 0.7182617
3.0131073, -9.336197, 0.70628357
3.015503, -9.314636, 0.69311523
3.008316, -9.30986, 0.64523315
3.0035248, -9.342178, 0.64523315
3.0035248, -9.342178, 0.65960693
2.9903564, -9.362518, 0.65600586
2.9939423, -9.36731, 0.6572113
3.0059204, -9.385269, 0.628479
3.0023346, -9.34816, 0.6093292
3.0131073, -9.357742, 0.6081238
2.999939, -9.375687, 0.62368774
3.0681763, -9.378082, 0.58299255
3.0968933, -9.350555, 0.6069336
3.0621796, -9.343369, 0.59495544
3.0933075, -9.339783, 0.5913696
3.150772, -9.317032, 0.55784607
3.162735, -9.300278, 0.5482788
3.190277, -9.3302, 0.56144714
3.197464, -9.333801, 0.5805969
3.2237854, -9.294296, 0.5303192
3.2249908, -9.301468, 0.47764587
3.2597046, -9.289505, 0.5279236
3.2956238, -9.306259, 0.5171509
3.3315277, -9.308655, 0.50038147
3.3339233, -9.284714, 0.48243713
3.3470917, -9.296692, 0.45489502
3.3554688, -9.299072, 0.4812317
3.4021606, -9.252396, 0.42616272
3.406952, -9.281128, 0.3938446
3.406952, -9.255981, 0.3830719
3.391388, -9.227249, 0.36750793
3.399765, -9.235626, 0.36871338
3.3949738, -9.241623, 0.3148346
3.4332886, -9.261963, 0.2813263
3.470398, -9.248795, 0.30047607
3.446457, -9.2404175, 0.2956848
3.4560242, -9.236832, 0.26934814
3.4584198, -9.263168, 0.24899292
3.4919434, -9.244019, 0.19992065
3.4799652, -9.278732, 0.17837524
3.4835663, -9.2595825, 0.1304779
3.4656067, -9.235626, 0.17597961
3.5230713, -9.254791, 0.13887024
3.5158844, -9.2248535, 0.08859253
3.5290527, -9.248795, 0.061050415
3.525467, -9.247604, 0.0909729
3.5146942, -9.228455, 0.08380127
3.533844, -9.254791, 0.061050415
3.530243, -9.272736, 0.099365234
3.4967346, -9.25, 0.087387085
3.5170898, -9.253586, 0.070632935
3.5063019, -9.252396, 0.07901001
3.5015259, -9.266754, 0.06703186
3.4967346, -9.258377, 0.08380127
3.4895477, -9.273941, 0.12210083
3.4883575, -9.260773, 0.111328125
3.4452515, -9.278732, 0.120910645
3.4536285, -9.290695, 0.1376648
3.4644165, -9.306259, 0.15203857
3.4284973, -9.31105, 0.14724731
3.4057465, -9.293091, 0.16879272
3.3734283, -9.283524, 0.13647461
3.329132, -9.315842, 0.14245605
3.3351288, -9.3194275, 0.14964294
3.2980194, -9.299072, 0.2238617
3.2740784, -9.3194275, 0.18675232
3.2764587, -9.300278, 0.21188354
3.269287, -9.313446, 0.24061584
3.2441406, -9.34697, 0.1879425
3.2237854, -9.340973, 0.25019836
3.1842957, -9.351746, 0.24061584
3.20224, -9.338577, 0.252594
3.1771088, -9.337387, 0.28251648
3.1735077, -9.323029, 0.27293396
3.1699219, -9.352951, 0.29447937
3.1399994, -9.3302, 0.31604004
3.154358, -9.315842, 0.30526733
3.1759033, -9.338577, 0.35194397
3.1399994, -9.314636, 0.37948608
3.0885162, -9.295486, 0.35913086
3.1328125, -9.31105, 0.40582275
3.138794, -9.315842, 0.43693542
3.1160583, -9.321823, 0.43095398
3.1076813, -9.32901, 0.44891357
3.1052856, -9.345764, 0.46806335
3.1304169, -9.334991, 0.4692688
3.118454, -9.334991, 0.4800415
3.1124573, -9.344574, 0.5279236
3.1483765, -9.325409, 0.51834106
3.1447906, -9.360138, 0.54348755
3.1196442, -9.333801, 0.5877838
3.138794, -9.349365, 0.5530548
3.1495667, -9.364914, 0.60572815
3.1711273, -9.355347, 0.6141052
3.1878815, -9.356537, 0.62727356
3.1483765, -9.369705, 0.6536102
3.1603394, -9.357742, 0.63087463
3.1723175, -9.3589325, 0.63087463
3.1759033, -9.340973, 0.63087463
3.1747131, -9.336197, 0.6655884
3.1723175, -9.350555, 0.66319275
3.166336, -9.332596, 0.6643982
3.157959, -9.325409, 0.6787567
3.2166138, -9.308655, 0.69311523
3.2166138, -9.306259, 0.69192505
3.2429504, -9.315842, 0.667984
3.2561188, -9.326614, 0.67277527
3.2680817, -9.32901, 0.6895294
3.272873, -9.325409, 0.6871338
3.2644958, -9.312241, 0.70269775
3.250122, -9.299072, 0.6943207
3.2405548, -9.295486, 0.67037964
3.248932, -9.300278, 0.6655884
3.2680817, -9.295486, 0.6655884
3.2908325, -9.295486, 0.6967163
3.2992096, -9.302673, 0.6691742
3.3040009, -9.324219, 0.6380615
3.3099823, -9.314636, 0.6260834
3.3147736, -9.366119, 0.6296692
3.3231506, -9.351746, 0.61291504
3.3255463, -9.344574, 0.55784607
3.329132, -9.338577, 0.4908142
3.2872314, -9.320633, 0.47045898
3.2740784, -9.339783, 0.49560547
3.28125, -9.3302, 0.44172668
3.3016052, -9.287109, 0.36392212
3.3040009, -9.283524, 0.36871338
3.2788544, -9.297882, 0.29927063
3.2621002, -9.320633, 0.2633667
3.2644958, -9.295486, 0.26455688
3.2405548, -9.296692, 0.2059021
3.2477417, -9.299072, 0.15441895
3.2668915, -9.325409, 0.14125061
3.2752686, -9.314636, 0.1149292
3.2740784, -9.349365, 0.084991455
3.28125, -9.344574, 0.063446045
3.3027954, -9.312241, 0.0143585205
3.2920227, -9.300278, -0.022750854
3.2980194, -9.291901, 0.015563965
3.2585144, -9.305069, -0.0047912598
3.2800598, -9.258377, 0.0059814453
3.2944183, -9.263168, 0.010772705
3.289627, -9.284714, -0.017959595
3.313568, -9.2595825, -0.0011901855
3.3075867, -9.25, -0.008377075
3.3111877, -9.303864, 0.011978149
3.3530731, -9.295486, 0.015563965
3.3578644, -9.290695, 0.032318115
3.3662415, -9.297882, 0.03591919
3.384201, -9.296692, 0.099365234
3.3339233, -9.283524, 0.123306274
3.3399048, -9.270355, 0.11013794
3.3423004, -9.275131, 0.116119385
3.3626556, -9.258377, 0.2059021
3.3782196, -9.2643585, 0.20829773
3.3351288, -9.248795, 0.23942566
3.3411102, -9.265564, 0.2669525
3.3339233, -9.234436, 0.3148346
3.344696, -9.252396, 0.331604
3.3626556, -9.260773, 0.31243896
3.3878021, -9.307465, 0.3435669
3.3698425, -9.287109, 0.37828064
3.3411102, -9.2799225, 0.37709045
3.3746338, -9.257187, 0.41539
3.3494873, -9.271545, 0.4118042
3.3770142, -9.26915, 0.44891357
3.3734283, -9.272736, 0.44532776
3.3578644, -9.26915, 0.4297638
3.3722382, -9.278732, 0.4333496
3.3770142, -9.285904, 0.46806335
3.3937836, -9.284714, 0.43814087
3.3566742, -9.281128, 0.46447754
3.375824, -9.277527, 0.47764587
3.3985748, -9.282318, 0.50038147
3.4057465, -9.263168, 0.48960876
3.4009705, -9.2595825, 0.4920044
3.3554688, -9.265564, 0.48483276
3.391388, -9.261963, 0.46566772
3.3925781, -9.290695, 0.48960876
3.4033508, -9.270355, 0.5051727
3.3889923, -9.270355, 0.46687317
3.4093475, -9.283524, 0.46806335
3.3925781, -9.2883, 0.45729065
3.3889923, -9.303864, 0.4333496
3.367447, -9.284714, 0.39743042
3.36026, -9.2799225, 0.46447754
3.3662415, -9.293091, 0.4584961
3.3494873, -9.282318, 0.40821838
3.289627, -9.294296, 0.41778564
3.2944183, -9.290695, 0.39743042
3.2788544, -9.26796, 0.3543396
3.2668915, -9.299072, 0.34596252
3.2597046, -9.302673, 0.3543396
3.2393494, -9.314636, 0.35794067
3.2345734, -9.338577, 0.3866577
3.2477417, -9.357742, 0.3244171
3.2070312, -9.333801, 0.31843567
3.2249908, -9.327805, 0.3256073
3.210617, -9.34697, 0.36392212
3.186676, -9.355347, 0.36990356
3.1842957, -9.352951, 0.3651123
3.1711273, -9.355347, 0.36990356
3.1340027, -9.321823, 0.375885
3.1328125, -9.303864, 0.35673523
3.1304169, -9.302673, 0.38067627
3.1340027, -9.334991, 0.35673523
3.157959, -9.354141, 0.35075378
3.1842957, -9.378082, 0.3615265
3.1842957, -9.379288, 0.3435669
3.166336, -9.403229, 0.34477234
3.1890717, -9.374496, 0.29927063
3.162735, -9.381683, 0.3256073
3.166336, -9.375687, 0.29808044
3.142395, -9.3589325, 0.30047607
3.150772, -9.323029, 0.25976562
3.1675262, -9.303864, 0.26576233
3.1411896, -9.313446, 0.2741394
3.126831, -9.314636, 0.25019836
3.1651306, -9.3194275, 0.2454071
3.1878815, -9.317032, 0.2561798
3.178299, -9.350555, 0.22865295
3.2154083, -9.354141, 0.28970337
3.2046356, -9.339783, 0.27053833
3.1926727, -9.338577, 0.23223877
3.2285767, -9.336197, 0.28849792
3.2094269, -9.343369, 0.26455688
3.1998444, -9.325409, 0.29927063
3.1819, -9.3194275, 0.30526733
3.2130127, -9.315842, 0.2813263
3.2225952, -9.323029, 0.33758545
3.2513275, -9.325409, 0.3435669
3.241745, -9.312241, 0.32081604
3.257309, -9.312241, 0.37348938
3.250122, -9.3194275, 0.35673523
3.2369537, -9.293091, 0.35794067
3.2381592, -9.323029, 0.37348938
3.217804, -9.303864, 0.36631775
3.229782, -9.295486, 0.37469482
3.2130127, -9.2799225, 0.41419983
3.245346, -9.297882, 0.4046173
3.257309, -9.2883, 0.42138672
3.2561188, -9.312241, 0.41059875
3.28125, -9.3194275, 0.3830719
3.2980194, -9.31105, 0.40940857
3.2908325, -9.314636, 0.40701294
3.2800598, -9.300278, 0.4441223
3.2872314, -9.289505, 0.46447754
3.2644958, -9.281128, 0.4237671
3.3063965, -9.282318, 0.4524994
3.3315277, -9.270355, 0.44172668
3.3315277, -9.255981, 0.43455505
3.3099823, -9.244019, 0.4812317
3.3375244, -9.236832, 0.44532776
3.344696, -9.241623, 0.41299438
3.3387146, -9.252396, 0.41659546
3.3231506, -9.228455, 0.3902588
3.3578644, -9.252396, 0.43933105
3.3973694, -9.295486, 0.37709045
3.3925781, -9.26915, 0.3866577
3.4021606, -9.252396, 0.40701294
3.4009705, -9.252396, 0.3902588
3.430893, -9.246414, 0.39624023
3.4117432, -9.253586, 0.3471527
3.4296875, -9.235626, 0.32681274
3.4608154, -9.218872, 0.33758545
3.4680023, -9.272736, 0.33518982
3.4584198, -9.26915, 0.3040619
3.4667969, -9.255981, 0.2956848
3.4727936, -9.275131, 0.32920837
3.4608154, -9.272736, 0.2753296
3.4775848, -9.2799225, 0.25976562
3.485962, -9.277527, 0.20829773
3.4524384, -9.2595825, 0.18315125
3.399765, -9.2799225, 0.19273376
3.4057465, -9.277527, 0.18435669
3.3794098, -9.242813, 0.14604187
3.3878021, -9.273941, 0.1484375
3.3267365, -9.272736, 0.12689209
3.3255463, -9.2799225, 0.1484375
3.3327332, -9.30986, 0.06942749
3.324356, -9.323029, 0.07901001
3.3027954, -9.307465, 0.07182312
3.296814, -9.305069, 0.020355225
3.2632904, -9.320633, 0.0574646
3.2764587, -9.307465, 0.075424194
3.2860413, -9.277527, 0.022750854
3.233368, -9.276337, 0.0909729
3.226181, -9.289505, 0.1257019
3.2190094, -9.294296, 0.106536865
3.20224, -9.285904, 0.07901001
3.233368, -9.297882, 0.12928772
3.2525177, -9.332596, 0.18315125
3.241745, -9.295486, 0.14724731
3.2477417, -9.30986, 0.16520691
3.2393494, -9.332596, 0.20829773
3.2273865, -9.325409, 0.16281128
3.2357635, -9.331406, 0.17837524
3.2249908, -9.313446, 0.24301147
3.221405, -9.283524, 0.23342896
3.2034454, -9.315842, 0.23582458
3.217804, -9.30986, 0.24659729
3.2166138, -9.301468, 0.26934814
3.2070312, -9.344574, 0.27293396
3.2190094, -9.327805, 0.30047607
3.2321777, -9.307465, 0.3148346
3.2118225, -9.342178, 0.30645752
3.2046356, -9.350555, 0.33758545
3.1950684, -9.320633, 0.36392212
3.1962585, -9.321823, 0.3435669
3.221405, -9.323029, 0.3531494
3.1639404, -9.334991, 0.36032104
3.1639404, -9.339783, 0.37709045
3.1723175, -9.352951, 0.41059875
3.2034454, -9.32901, 0.45370483
3.1842957, -9.32901, 0.4189911
3.2094269, -9.338577, 0.42616272
3.1830902, -9.302673, 0.43455505
3.2381592, -9.308655, 0.40940857
3.2130127, -9.289505, 0.44293213
3.1986542, -9.270355, 0.4524994
3.2082367, -9.293091, 0.48602295
3.1998444, -9.263168, 0.49560547
3.2285767, -9.282318, 0.51475525
3.250122, -9.281128, 0.4800415
3.2836456, -9.305069, 0.49320984
3.2920227, -9.2643585, 0.50038147
3.28125, -9.278732, 0.47764587
3.2824554, -9.285904, 0.50398254
3.2860413, -9.290695, 0.45370483
3.289627, -9.300278, 0.4513092
3.2752686, -9.299072, 0.47883606
3.313568, -9.302673, 0.49919128
3.3075867, -9.283524, 0.4620819
3.3003998, -9.31105, 0.48602295
3.3423004, -9.320633, 0.4920044
3.3423004, -9.278732, 0.4441223
3.3506927, -9.295486, 0.4441223
3.296814, -9.270355, 0.4620819
3.3327332, -9.270355, 0.4513092
3.368637, -9.276337, 0.43814087
3.3075867, -9.26915, 0.39982605
3.3303375, -9.258377, 0.42018127
3.3231506, -9.244019, 0.41299438
3.368637, -9.25119, 0.39743042
3.3554688, -9.229645, 0.34954834
3.367447, -9.254791, 0.37469482
3.4213104, -9.252396, 0.38067627
3.4332886, -9.253586, 0.33039856
3.3878021, -9.283524, 0.32202148
3.4368744, -9.260773, 0.35794067
3.4644165, -9.258377, 0.33039856
3.4560242, -9.272736, 0.31723022
3.4811707, -9.275131, 0.33998108
3.4715881, -9.265564, 0.33039856
3.5278625, -9.275131, 0.33039856
3.51828, -9.2643585, 0.29447937
3.5146942, -9.257187, 0.30526733
3.526657, -9.247604, 0.31604004
3.5146942, -9.244019, 0.3028717
3.4991302, -9.227249, 0.2861023
3.525467, -9.25119, 0.2956848
3.5051117, -9.247604, 0.2561798
3.5350342, -9.26915, 0.2669525
3.5541992, -9.2799225, 0.25378418
3.525467, -9.315842, 0.26216125
3.5206757, -9.306259, 0.22146606
3.5278625, -9.307465, 0.24780273
3.5075073, -9.320633, 0.22625732
3.5134888, -9.299072, 0.18435669
3.463211, -9.295486, 0.17837524
3.4273071, -9.293091, 0.20829773
3.4296875, -9.252396, 0.17477417
3.4105377, -9.252396, 0.099365234
3.367447, -9.273941, 0.13887024
3.3542786, -9.263168, 0.13168335
3.3435059, -9.26915, 0.11730957
3.3267365, -9.2883, 0.108932495
3.3063965, -9.326614, 0.068237305
3.3016052, -9.312241, 0.075424194
3.296814, -9.336197, 0.065841675
3.2800598, -9.342178, 0.04788208
3.2597046, -9.3589325, 0.06225586
3.2357635, -9.351746, 0.034713745
3.2201996, -9.339783, 0.05267334
3.221405, -9.360138, 0.04069519
3.2010498, -9.366119, 0.022750854
3.150772, -9.343369, 0.029922485
3.1842957, -9.306259, 0.044296265
3.1675262, -9.312241, 0.03591919
3.1352081, -9.30986, 0.04548645
3.1220398, -9.303864, 0.06703186
3.1040802, -9.312241, 0.044296265
3.1316223, -9.3302, 0.07661438
3.0957031, -9.3589325, 0.1197052
3.0885162, -9.343369, 0.120910645
3.118454, -9.350555, 0.1484375
3.0897217, -9.376892, 0.15681458
3.1280212, -9.392456, 0.15083313
3.1040802, -9.370911, 0.15802002
3.0885162, -9.372101, 0.15441895
3.118454, -9.379288, 0.20829773
3.0777435, -9.345764, 0.23103333
3.0861206, -9.343369, 0.23582458
3.0909119, -9.337387, 0.22625732
3.063385, -9.339783, 0.28849792
3.0585938, -9.34816, 0.29927063
3.0514069, -9.334991, 0.29447937
3.0514069, -9.315842, 0.3076477
3.0968933, -9.3194275, 0.30885315
3.1100616, -9.336197, 0.3327942
3.1256256, -9.352951, 0.36871338
3.150772, -9.34697, 0.39505005
3.1363983, -9.362518, 0.39265442
3.138794, -9.369705, 0.38546753
3.1352081, -9.340973, 0.42736816
3.1088715, -9.345764, 0.40701294
3.12323, -9.354141, 0.45370483
3.1447906, -9.342178, 0.4189911
3.1256256, -9.343369, 0.42018127
3.1435852, -9.333801, 0.42018127
3.1411896, -9.307465, 0.45610046
3.1531677, -9.312241, 0.45010376
3.1316223, -9.327805, 0.44293213
3.1280212, -9.297882, 0.42138672
3.1447906, -9.315842, 0.48841858
3.157959, -9.313446, 0.4800415
3.1795044, -9.317032, 0.4584961
3.2034454, -9.307465, 0.43574524
3.1854858, -9.295486, 0.43095398
3.2070312, -9.3194275, 0.43933105
3.2082367, -9.303864, 0.47764587
3.2010498, -9.325409, 0.44172668
3.2130127, -9.318237, 0.40821838
3.2537231, -9.317032, 0.41659546
3.2429504, -9.323029, 0.39863586
3.2166138, -9.31105, 0.39624023
3.2273865, -9.317032, 0.39624023
3.2477417, -9.312241, 0.3435669
3.2249908, -9.317032, 0.331604
3.2561188, -9.307465, 0.35554504
3.226181, -9.339783, 0.3076477
3.2632904, -9.327805, 0.32321167
3.272873, -9.300278, 0.32681274
3.2932281, -9.331406, 0.2861023
3.288437, -9.345764, 0.2956848
3.2776642, -9.320633, 0.28251648
3.2740784, -9.31105, 0.2956848
3.2561188, -9.314636, 0.30645752
3.2704773, -9.293091, 0.28370667
3.2908325, -9.294296, 0.2633667
3.2800598, -9.307465, 0.2454071
3.2776642, -9.323029, 0.27174377
3.2824554, -9.324219, 0.22865295
3.3027954, -9.303864, 0.24182129
3.296814, -9.272736, 0.26815796
3.284851, -9.30986, 0.23822021
3.2621002, -9.333801, 0.2669525
3.28125, -9.325409, 0.2956848
3.2752686, -9.333801, 0.2669525
3.245346, -9.324219, 0.26815796
3.250122, -9.308655, 0.27053833
3.26091, -9.314636, 0.26097107
3.2369537, -9.340973, 0.2741394
3.2321777, -9.332596, 0.26576233
3.226181, -9.321823, 0.25498962
3.233368, -9.314636, 0.28730774
3.2393494, -9.321823, 0.26934814
3.2513275, -9.323029, 0.27653503
3.2345734, -9.300278, 0.31004333
3.233368, -9.323029, 0.29927063
3.2429504, -9.333801, 0.2956848
3.20224, -9.320633, 0.31004333
3.217804, -9.326614, 0.33398438
3.217804, -9.307465, 0.33039856
3.233368, -9.320633, 0.32800293
3.2166138, -9.321823, 0.34954834
3.2070312, -9.351746, 0.3148346
3.2405548, -9.305069, 0.33518982
3.2680817, -9.306259, 0.3531494
3.2465363, -9.331406, 0.375885
3.1986542, -9.327805, 0.36871338
3.241745, -9.344574, 0.3722992
3.2632904, -9.32901, 0.3818817
3.2094269, -9.327805, 0.39505005
3.2130127, -9.324219, 0.41419983
3.2166138, -9.339783, 0.375885
3.210617, -9.317032, 0.3902588
3.2321777, -9.333801, 0.4189911
3.1890717, -9.339783, 0.37948608
3.1675262, -9.312241, 0.43095398
3.2010498, -9.306259, 0.39505005
3.2130127, -9.3302, 0.4189911
3.2537231, -9.327805, 0.39743042
3.205841, -9.355347, 0.43933105
3.1842957, -9.357742, 0.43693542
3.1998444, -9.361328, 0.4333496
3.1986542, -9.3589325, 0.4118042
3.186676, -9.34697, 0.41299438
3.166336, -9.32901, 0.44532776
3.1795044, -9.340973, 0.4632721
3.1806946, -9.334991, 0.45370483
3.1795044, -9.326614, 0.4297638
3.1723175, -9.332596, 0.43693542
3.1651306, -9.362518, 0.42736816
3.162735, -9.369705, 0.44770813
3.1687317, -9.361328, 0.4297638
3.1208344, -9.350555, 0.43574524
3.1292267, -9.352951, 0.45610046
3.1675262, -9.34816, 0.4584961
3.1651306, -9.352951, 0.44532776
3.1495667, -9.342178, 0.43933105
3.114853, -9.34816, 0.4620819
3.1124573, -9.360138, 0.43693542
3.1459808, -9.356537, 0.40222168
3.1411896, -9.372101, 0.45489502
3.1088715, -9.34697, 0.4225769
3.1280212, -9.334991, 0.39144897
3.1160583, -9.340973, 0.37109375
3.1004944, -9.373306, 0.36271667
3.1483765, -9.39006, 0.39505005
3.0801392, -9.349365, 0.35075378
3.0765533, -9.350555, 0.33398438
3.1040802, -9.369705, 0.30166626
3.1040802, -9.339783, 0.31604004
3.12323, -9.321823, 0.31004333
3.1328125, -9.3302, 0.30526733
3.0968933, -9.306259, 0.2813263
3.1220398, -9.321823, 0.28849792
3.1363983, -9.337387, 0.26216125
3.1363983, -9.340973, 0.26934814
3.138794, -9.339783, 0.27772522
3.1747131, -9.369705, 0.27174377
3.2249908, -9.324219, 0.2633667
3.1735077, -9.344574, 0.29927063
3.1603394, -9.354141, 0.2849121
3.1806946, -9.368515, 0.28849792
3.205841, -9.331406, 0.28730774
3.1759033, -9.361328, 0.26934814
3.1699219, -9.342178, 0.2346344
3.1615448, -9.321823, 0.28251648
3.1759033, -9.362518, 0.27772522
3.1675262, -9.349365, 0.28849792
3.1316223, -9.300278, 0.27772522
3.147171, -9.312241, 0.2849121
3.1603394, -9.313446, 0.30166626
3.1687317, -9.333801, 0.30885315
3.178299, -9.318237, 0.29447937
3.2225952, -9.362518, 0.33998108
3.1950684, -9.337387, 0.33998108
3.1842957, -9.3302, 0.34954834
3.1806946, -9.343369, 0.3543396
3.1723175, -9.32901, 0.35075378
3.1998444, -9.324219, 0.35673523
3.2249908, -9.313446, 0.40582275
3.2225952, -9.314636, 0.39144897
3.2237854, -9.343369, 0.37348938

