x : y : Z 
-1.07, -0.257, 9.512
-1.07, -0.257, 9.512
-1.127, -0.305, 9.579
-1.127, -0.305, 9.579
-1.07, -0.257, 9.608
-0.898, -0.18, 9.761
-0.898, -0.18, 9.761
-0.831, -0.113, 9.876
-1.051, -0.228, 10.029
-1.051, -0.228, 10.029
-1.137, -0.18, 9.915
-1.271, -0.209, 9.771
-1.472, -0.199, 9.694
-1.472, -0.199, 9.694
-1.52, -0.199, 9.378
-1.52, -0.199, 9.378
-1.491, -0.142, 9.33
-1.491, -0.142, 9.33
-1.539, -0.18, 9.445
-1.424, -0.142, 9.637
-1.357, -0.18, 9.733
-1.357, -0.18, 9.733
-1.396, -0.276, 9.838
-1.53, -0.324, 9.915
-1.616, -0.381, 9.934
-1.616, -0.381, 9.934
-1.683, -0.343, 9.867
-1.683, -0.343, 9.867
-1.817, -0.391, 9.742
-1.817, -0.391, 9.742
-1.74, -0.343, 9.78
-1.645, -0.333, 9.962
-1.568, -0.362, 10.183
-1.568, -0.362, 10.183
-1.424, -0.314, 10.202
-1.309, -0.247, 10.106
-1.367, -0.285, 9.924
-1.367, -0.285, 9.924
-1.386, -0.266, 9.78
-1.472, -0.324, 9.943
-1.539, -0.257, 9.915
-1.645, -0.314, 9.905
-1.645, -0.314, 9.905
-1.625, -0.247, 9.915
-1.625, -0.247, 9.915
-1.606, -0.285, 9.857
-1.683, -0.285, 9.752
-1.664, -0.266, 9.618
-1.625, -0.209, 9.417
-1.625, -0.209, 9.417
-1.597, -0.266, 9.455
-1.597, -0.266, 9.455
-1.367, -0.276, 9.551
-1.338, -0.276, 9.713
-1.29, -0.218, 9.8
-1.29, -0.218, 9.8
-1.376, -0.247, 9.771
-1.329, -0.295, 9.733
-1.329, -0.295, 9.733
-1.386, -0.314, 9.819
-1.482, -0.324, 9.886
-1.482, -0.324, 9.886
-1.415, -0.381, 9.838
-1.472, -0.343, 9.847
-1.597, -0.4, 9.733
-1.597, -0.4, 9.733
-1.702, -0.448, 9.589
-1.731, -0.429, 9.417
-1.731, -0.429, 9.417
-1.788, -0.467, 9.426
-1.807, -0.487, 9.369
-1.836, -0.467, 9.618
-1.836, -0.467, 9.618
-1.807, -0.515, 9.627
-1.807, -0.515, 9.627
-1.769, -0.477, 9.656
-1.779, -0.515, 9.694
-1.779, -0.515, 9.694
-1.693, -0.525, 9.531
-1.693, -0.525, 9.531
-1.75, -0.496, 9.369
-1.75, -0.496, 9.369
-1.702, -0.506, 9.388
-1.693, -0.467, 9.484
-1.693, -0.467, 9.484
-1.702, -0.42, 9.503
-1.635, -0.391, 9.417
-1.597, -0.295, 9.464
-1.597, -0.295, 9.464
-1.587, -0.257, 9.627
-1.482, -0.228, 9.867
-1.482, -0.228, 9.867
-1.482, -0.199, 10.001
-1.386, -0.238, 10.135
-1.319, -0.247, 10.202
-1.319, -0.247, 10.202
-1.386, -0.266, 10.125
-1.415, -0.343, 9.876
-1.415, -0.343, 9.876
-1.472, -0.42, 9.675
-1.549, -0.391, 9.733
-1.511, -0.41, 9.742
-1.511, -0.41, 9.742
-1.453, -0.362, 9.876
-1.453, -0.42, 9.723
-1.453, -0.42, 9.723
-1.424, -0.429, 9.723
-1.539, -0.467, 9.752
-1.539, -0.467, 9.752
-1.645, -0.544, 9.828
-1.75, -0.544, 9.905
-1.76, -0.592, 9.934
-1.654, -0.525, 9.8
-1.654, -0.525, 9.8
-1.75, -0.592, 9.8
-1.75, -0.592, 9.8
-1.798, -0.64, 9.618
-1.875, -0.592, 9.531
-1.875, -0.592, 9.531
-2.009, -0.649, 9.445
-2.114, -0.63, 9.34
-2.114, -0.63, 9.34
-2.171, -0.669, 9.464
-2.133, -0.621, 9.531
-2.191, -0.582, 9.56
-2.191, -0.582, 9.56
-2.076, -0.534, 9.531
-2.076, -0.601, 9.704
-2.076, -0.601, 9.704
-1.989, -0.544, 9.656
-1.989, -0.544, 9.656
-1.932, -0.515, 9.685
-1.855, -0.496, 9.598
-1.855, -0.496, 9.598
-1.827, -0.439, 9.608
-1.817, -0.429, 9.618
-1.817, -0.429, 9.618
-1.798, -0.534, 9.551
-1.798, -0.534, 9.551
-1.807, -0.525, 9.484
-1.807, -0.525, 9.484
-1.942, -0.554, 9.359
-1.932, -0.544, 9.397
-1.961, -0.534, 9.445
-1.961, -0.534, 9.445
-2.028, -0.515, 9.503
-2.009, -0.64, 9.598
-1.98, -0.563, 9.742
-1.942, -0.573, 9.733
-1.942, -0.573, 9.733
-2.037, -0.601, 9.627
-2.037, -0.601, 9.627
-2.076, -0.544, 9.56
-2.171, -0.563, 9.551
-2.162, -0.621, 9.57
-2.162, -0.621, 9.57
-2.286, -0.63, 9.57
-2.286, -0.63, 9.57
-2.258, -0.621, 9.56
-2.238, -0.621, 9.56
-2.238, -0.621, 9.56
-2.315, -0.601, 9.484
-2.305, -0.669, 9.426
-2.305, -0.669, 9.426
-2.334, -0.649, 9.512
-2.344, -0.669, 9.531
-2.344, -0.669, 9.531
-2.334, -0.611, 9.426
-2.344, -0.649, 9.474
-2.344, -0.649, 9.474
-2.334, -0.736, 9.445
-2.334, -0.736, 9.445
-2.296, -0.755, 9.522
-2.277, -0.716, 9.493
-2.267, -0.745, 9.56
-2.267, -0.745, 9.56
-2.315, -0.736, 9.522
-2.315, -0.736, 9.522
-2.373, -0.678, 9.598
-2.363, -0.707, 9.436
-2.363, -0.707, 9.436
-2.411, -0.649, 9.369
-2.411, -0.649, 9.369
-2.411, -0.669, 9.349
-2.449, -0.669, 9.369
-2.449, -0.669, 9.369
-2.411, -0.678, 9.196
-2.401, -0.736, 9.215
-2.401, -0.736, 9.215
-2.42, -0.716, 9.282
-2.373, -0.697, 9.34
-2.373, -0.697, 9.34
-2.315, -0.764, 9.417
-2.334, -0.688, 9.359
-2.392, -0.707, 9.33
-2.392, -0.707, 9.33
-2.411, -0.716, 9.321
-2.43, -0.736, 9.311
-2.43, -0.736, 9.311
-2.401, -0.736, 9.388
-2.42, -0.745, 9.254
-2.382, -0.783, 9.225
-2.382, -0.783, 9.225
-2.411, -0.755, 9.254
-2.43, -0.803, 9.196
-2.43, -0.803, 9.196
-2.42, -0.822, 9.206
-2.449, -0.783, 9.263
-2.459, -0.774, 9.359
-2.459, -0.774, 9.359
-2.468, -0.697, 9.292
-2.449, -0.63, 9.388
-2.449, -0.63, 9.388
-2.468, -0.716, 9.484
-2.42, -0.755, 9.646
-2.42, -0.755, 9.646
-2.401, -0.697, 9.723
-2.459, -0.726, 9.33
-2.459, -0.736, 9.187
-2.459, -0.736, 9.187
-2.44, -0.755, 9.196
-2.401, -0.716, 9.168
-2.401, -0.716, 9.168
-2.401, -0.764, 9.436
-2.392, -0.764, 9.369
-2.392, -0.764, 9.369
-2.411, -0.745, 9.57
-2.459, -0.812, 9.742
-2.554, -0.736, 9.828
-2.535, -0.783, 9.991
-2.535, -0.783, 9.991
-2.554, -0.774, 9.886
-2.554, -0.774, 9.886
-2.526, -0.783, 9.828
-2.545, -0.736, 9.551
-2.459, -0.87, 9.235
-2.535, -0.783, 8.947
-2.526, -0.889, 8.842
-2.526, -0.889, 8.842
-2.583, -0.879, 8.717
-2.65, -0.755, 8.727
-2.65, -0.755, 8.727
-2.669, -0.764, 8.871
-2.669, -0.764, 8.871
-2.669, -0.707, 9.072
-2.602, -0.697, 9.426
-2.602, -0.697, 9.426
-2.564, -0.621, 9.503
-2.44, -0.429, 9.579
-2.44, -0.429, 9.579
-2.42, -0.448, 9.646
-2.382, -0.381, 9.656
-2.382, -0.381, 9.656
-2.373, -0.429, 9.637
-2.325, -0.324, 9.551
-2.325, -0.391, 9.522
-2.325, -0.391, 9.522
-2.162, -0.477, 9.589
-2.018, -0.439, 9.742
-2.018, -0.439, 9.742
-1.875, -0.458, 10.029
-1.875, -0.458, 10.029
-1.76, -0.496, 9.953
-1.76, -0.496, 9.953
-1.903, -0.515, 9.704
-2.095, -0.506, 9.57
-2.095, -0.506, 9.57
-2.277, -0.496, 9.436
-2.248, -0.554, 9.349
-2.238, -0.592, 9.417
-2.152, -0.621, 9.579
-2.152, -0.621, 9.579
-2.066, -0.697, 9.541
-2.104, -0.707, 9.445
-2.104, -0.707, 9.445
-2.21, -0.774, 9.254
-2.267, -0.831, 9.168
-2.277, -0.879, 9.033
-2.277, -0.879, 9.033
-2.315, -0.85, 9.196
-2.315, -0.707, 9.34
-2.382, -0.726, 9.503
-2.373, -0.669, 9.598
-2.373, -0.669, 9.598
-2.44, -0.573, 9.598
-2.44, -0.573, 9.598
-2.459, -0.554, 9.522
-2.593, -0.41, 9.503
-2.593, -0.41, 9.503
-2.602, -0.381, 9.551
-2.602, -0.381, 9.551
-2.583, -0.41, 9.646
-2.583, -0.41, 9.646
-2.497, -0.439, 9.627
-2.497, -0.439, 9.627
-2.363, -0.439, 9.761
-2.296, -0.448, 9.78
-2.305, -0.41, 9.742
-2.305, -0.41, 9.742
-2.315, -0.506, 9.733
-2.315, -0.506, 9.733
-2.286, -0.429, 9.666
-2.286, -0.429, 9.666
-2.21, -0.41, 9.685
-2.21, -0.41, 9.685
-2.248, -0.448, 9.646
-2.305, -0.496, 9.503
-2.305, -0.496, 9.503
-2.334, -0.563, 9.474
-2.334, -0.563, 9.474
-2.344, -0.688, 9.206
-2.277, -0.774, 9.062
-2.277, -0.774, 9.062
-2.2, -0.803, 9.043
-2.191, -0.822, 9.12
-2.076, -0.86, 9.139
-2.028, -0.85, 9.426
-2.028, -0.85, 9.426
-2.009, -0.812, 9.493
-1.922, -0.85, 9.646
-1.922, -0.85, 9.646
-1.989, -0.87, 9.522
-2.085, -0.812, 9.57
-2.085, -0.812, 9.57
-2.124, -0.726, 9.512
-2.133, -0.707, 9.455
-2.114, -0.736, 9.292
-2.191, -0.783, 9.321
-2.191, -0.783, 9.321
-2.133, -0.764, 9.436
-2.133, -0.707, 9.733
-2.133, -0.707, 9.733
-2.076, -0.707, 9.8
-2.076, -0.707, 9.8
-2.095, -0.697, 9.656
-2.037, -0.736, 9.484
-2.037, -0.736, 9.484
-1.922, -0.774, 9.254
-1.75, -0.64, 9.302
-1.75, -0.64, 9.302
-1.702, -0.573, 9.407
-1.817, -0.64, 9.551
-1.817, -0.64, 9.551
-1.779, -0.621, 9.685
-1.645, -0.649, 9.761
-1.645, -0.649, 9.761
-1.587, -0.621, 9.742
-1.683, -0.669, 9.666
-1.769, -0.764, 9.484
-1.769, -0.764, 9.484
-1.75, -0.755, 9.359
-1.75, -0.755, 9.359
-1.75, -0.774, 9.512
-1.75, -0.774, 9.512
-1.721, -0.774, 9.541
-1.74, -0.764, 9.397
-1.625, -0.716, 9.369
-1.625, -0.716, 9.369
-1.625, -0.688, 9.177
-1.597, -0.736, 9.177
-1.597, -0.736, 9.177
-1.645, -0.726, 9.254
-1.645, -0.726, 9.254
-1.683, -0.688, 9.292
-1.683, -0.688, 9.292
-1.779, -0.621, 9.426
-1.788, -0.659, 9.378
-1.702, -0.544, 9.503
-1.702, -0.544, 9.503
-1.645, -0.601, 9.56
-1.645, -0.601, 9.56
-1.645, -0.515, 9.618
-1.606, -0.563, 9.694
-1.664, -0.573, 9.78
-1.597, -0.573, 9.608
-1.597, -0.573, 9.608
-1.549, -0.554, 9.637
-1.558, -0.487, 9.704
-1.558, -0.487, 9.704
-1.53, -0.544, 9.761
-1.53, -0.544, 9.761
-1.463, -0.63, 9.694
-1.453, -0.64, 9.723
-1.453, -0.64, 9.723
-1.386, -0.64, 9.752
-1.386, -0.64, 9.752
-1.405, -0.659, 9.646
-1.472, -0.678, 9.618
-1.472, -0.678, 9.618
-1.511, -0.63, 9.666
-1.453, -0.688, 9.666
-1.453, -0.688, 9.666
-1.53, -0.764, 9.56
-1.472, -0.716, 9.407
-1.491, -0.621, 9.426
-1.491, -0.621, 9.426
-1.53, -0.659, 9.388
-1.53, -0.659, 9.388
-1.549, -0.659, 9.33
-1.501, -0.592, 9.34
-1.558, -0.554, 9.474
-1.558, -0.554, 9.474
-1.549, -0.544, 9.541
-1.501, -0.506, 9.522
-1.501, -0.506, 9.522
-1.396, -0.573, 9.493
-1.396, -0.573, 9.493
-1.329, -0.554, 9.464
-1.309, -0.573, 9.455
-1.223, -0.554, 9.579
-1.223, -0.554, 9.579
-1.166, -0.563, 9.704
-1.166, -0.563, 9.704
-1.118, -0.487, 10.068
-1.127, -0.554, 10.106
-1.127, -0.554, 10.106
-1.127, -0.525, 10.106
-1.127, -0.525, 10.106
-1.223, -0.544, 9.915
-1.242, -0.496, 9.905
-1.242, -0.496, 9.905
-1.195, -0.525, 9.953
-1.242, -0.582, 9.943
-1.242, -0.582, 9.943
-1.29, -0.534, 9.847
-1.405, -0.487, 9.8
-1.491, -0.563, 9.8
-1.491, -0.563, 9.8
-1.463, -0.611, 9.733
-1.444, -0.554, 9.685
-1.444, -0.554, 9.685
-1.357, -0.63, 9.608
-1.271, -0.563, 9.78
-1.271, -0.563, 9.78
-1.204, -0.544, 9.771
-1.214, -0.563, 9.713
-1.309, -0.554, 9.646
-1.309, -0.554, 9.646
-1.367, -0.582, 9.493
-1.367, -0.582, 9.493
-1.309, -0.534, 9.464
-1.233, -0.592, 9.225
-1.233, -0.592, 9.225
-1.242, -0.573, 9.215
-1.195, -0.621, 9.225
-1.195, -0.621, 9.225
-1.3, -0.563, 9.273
-1.3, -0.563, 9.273
-1.271, -0.506, 9.292
-1.319, -0.496, 9.292
-1.319, -0.496, 9.292
-1.3, -0.487, 9.378
-1.3, -0.487, 9.378
-1.29, -0.467, 9.215
-1.309, -0.525, 9.503
-1.271, -0.534, 9.771
-1.271, -0.534, 9.771
-1.242, -0.573, 9.685
-1.281, -0.592, 9.685
-1.338, -0.563, 9.311
-1.338, -0.563, 9.311
-1.396, -0.534, 9.57
-1.396, -0.534, 9.57
-1.405, -0.601, 9.646
-1.444, -0.592, 9.78
-1.424, -0.554, 9.646
-1.424, -0.554, 9.646
-1.463, -0.534, 9.551
-1.606, -0.649, 9.445
-1.606, -0.649, 9.445
-1.769, -0.592, 9.57
-1.74, -0.621, 9.503
-1.74, -0.621, 9.503
-1.779, -0.592, 9.618
-1.779, -0.592, 9.618
-1.75, -0.592, 9.618
-1.76, -0.611, 9.598
-1.75, -0.63, 9.627
-1.817, -0.592, 9.742
-1.817, -0.592, 9.742
-1.942, -0.582, 9.78
-1.942, -0.582, 9.78
-1.999, -0.534, 9.847
-1.97, -0.439, 9.962
-1.97, -0.439, 9.962
-1.903, -0.4, 9.924
-1.74, -0.41, 9.905
-1.74, -0.41, 9.905
-1.491, -0.362, 9.598
-1.482, -0.333, 9.043
-1.482, -0.333, 9.043
-1.52, -0.324, 9.12
-1.568, -0.285, 9.11
-1.625, -0.247, 9.302
-1.693, -0.199, 9.474
-1.693, -0.199, 9.474
-1.635, -0.161, 9.589
-1.635, -0.161, 9.589
-1.664, -0.094, 9.598
-1.664, -0.094, 9.598
-1.712, -0.027, 9.857
-1.683, -0.027, 9.723
-1.683, -0.027, 9.723
-1.712, -0.046, 9.608
-1.712, -0.046, 9.608
-1.625, -0.008, 9.292
-1.587, -0.084, 9.378
-1.587, -0.084, 9.378
-1.491, -0.075, 9.522
-1.491, -0.075, 9.522
-1.396, -0.046, 9.847
-1.396, -0.046, 9.847
-1.405, -0.027, 9.876
-1.29, 0.011, 9.991
-1.29, 0.011, 9.991
-1.29, 0.04, 10.097
-1.329, -0.008, 9.934
-1.329, -0.008, 9.934
-1.376, 0.031, 9.915
-1.405, 0.021, 9.895
-1.405, 0.021, 9.895
-1.396, 0.117, 9.685
-1.376, 0.059, 9.79
-1.376, 0.059, 9.79
-1.376, 0.05, 9.79
-1.329, 0.078, 9.627
-1.309, 0.04, 9.685
-1.367, 0.031, 9.656
-1.367, 0.031, 9.656
-1.348, 0.031, 9.608
-1.3, 0.098, 9.56
-1.319, 0.059, 9.551
-1.319, 0.059, 9.551
-1.271, 0.098, 9.541
-1.233, 0.059, 9.579
-1.233, 0.059, 9.579
-1.271, 0.05, 9.56
-1.262, 0.059, 9.503
-1.262, 0.059, 9.503
-1.29, 0.05, 9.598
-1.329, -0.027, 9.531
-1.329, -0.027, 9.531
-1.242, 0.05, 9.627
-1.242, 0.031, 9.694
-1.242, 0.031, 9.694
-1.175, 0.069, 9.56
-1.175, 0.069, 9.56
-1.3, 0.107, 9.493
-1.262, 0.05, 9.531
-1.262, 0.05, 9.531
-1.3, 0.05, 9.589
-1.3, 0.05, 9.589
-1.262, 0.088, 9.531
-1.204, 0.04, 9.646
-1.156, 0.031, 9.56
-1.156, 0.031, 9.56
-1.242, 0.011, 9.474
-1.242, 0.011, 9.474
-1.357, 0.05, 9.608
-1.472, 0.031, 9.57
-1.664, 0.059, 9.666
-1.664, 0.059, 9.666
-1.616, 0.088, 9.675
-1.53, 0.146, 9.627
-1.53, 0.146, 9.627
-1.52, 0.059, 9.876
-1.338, 0.126, 9.809
-1.357, 0.078, 9.742
-1.357, 0.078, 9.742
-1.367, 0.098, 9.685
-1.367, 0.098, 9.685
-1.214, 0.04, 9.56
-1.108, 0.031, 9.321
-1.089, -0.027, 9.148
-1.099, -0.075, 9.292
-1.08, -0.103, 9.225
-1.08, -0.103, 9.225
-1.099, -0.036, 9.11
-1.214, 0.002, 9.053
-1.338, 0.146, 8.89
-1.338, 0.146, 8.89
-1.405, 0.184, 9.062
-1.405, 0.184, 9.062
-1.539, 0.241, 9.302
-1.587, 0.28, 9.33
-1.405, 0.318, 9.464
-1.262, 0.308, 9.445
-1.099, 0.299, 9.235
-1.099, 0.299, 9.235
-1.08, 0.299, 9.014
-1.08, 0.299, 9.014
-0.965, 0.27, 8.995
-0.687, 0.184, 9.235
-0.687, 0.184, 9.235
-0.495, 0.078, 9.752
-0.495, 0.289, 9.982
-0.495, 0.289, 9.982
-0.668, 0.374, 9.934
-0.744, 0.528, 9.761
-1.013, 0.623, 9.512
-1.013, 0.623, 9.512
-1.511, 0.805, 9.225
-1.511, 0.805, 9.225
-1.587, 0.662, 8.909
-1.606, 0.7, 8.526
-1.606, 0.7, 8.526
-1.463, 0.729, 8.315
-1.463, 0.729, 8.315
-1.348, 0.652, 8.44
-1.348, 0.652, 8.44
-0.754, 0.403, 8.957
-0.754, 0.403, 8.957
-0.591, 0.336, 9.072
-0.285, 0.002, 9.369
-0.285, 0.002, 9.369
-0.199, 0.011, 9.426
-0.352, 0.289, 9.244
-0.352, 0.289, 9.244
-0.764, 0.547, 9.062
-0.764, 0.547, 9.062
-1.118, 0.662, 9.206
-1.156, 0.547, 9.417
-1.032, 0.518, 9.215
-1.032, 0.518, 9.215
-0.946, 0.47, 8.928
-0.946, 0.47, 8.928
-0.811, 0.355, 8.851
-0.811, 0.355, 8.851
-0.792, 0.374, 8.727
-0.783, 0.289, 9.072
-0.783, 0.289, 9.072
-0.85, 0.299, 9.129
-0.85, 0.299, 9.129
-0.984, 0.308, 9.292
-0.984, 0.308, 9.292
-1.06, 0.222, 9.541
-1.147, 0.299, 9.57
-1.147, 0.299, 9.57
-1.118, 0.336, 9.685
-1.118, 0.336, 9.685
-1.08, 0.299, 9.78
-0.936, 0.308, 9.742
-0.936, 0.308, 9.742
-0.84, 0.26, 9.512
-0.773, 0.289, 9.426
-0.965, 0.299, 9.531
-0.965, 0.299, 9.531
-0.965, 0.355, 9.551
-0.965, 0.355, 9.551
-0.917, 0.308, 9.79
-0.898, 0.26, 9.886
-0.898, 0.26, 9.886
-0.907, 0.28, 9.598
-0.878, 0.213, 9.579
-0.878, 0.213, 9.579
-0.744, 0.117, 9.637
-0.744, 0.117, 9.637
-0.601, 0.059, 9.618
-0.505, -0.008, 9.895
-0.505, -0.008, 9.895
-0.361, -0.094, 10.106
-0.342, -0.132, 10.164
-0.342, -0.123, 10.135
-0.342, -0.123, 10.135
-0.409, -0.008, 10.087
-0.409, -0.008, 10.087
-0.486, 0.002, 10.135
-0.562, 0.031, 10.097
-0.601, 0.059, 9.8
-0.601, 0.059, 9.8
-0.744, 0.05, 9.56
-0.744, 0.05, 9.56
-0.84, 0.04, 9.56
-1.089, -0.017, 9.723
-1.185, 0.05, 9.704
-1.041, 0.059, 9.876
-0.811, 0.107, 9.857
-0.811, 0.107, 9.857
-0.716, 0.011, 9.943
-0.61, -0.113, 9.905
-0.486, -0.305, 9.761
-0.486, -0.305, 9.761
-0.467, -0.285, 9.531
-0.457, -0.285, 9.8
-0.524, -0.276, 9.876
-0.649, -0.161, 9.847
-0.649, -0.161, 9.847
-0.754, -0.075, 10.02
-0.754, -0.075, 10.02
-0.869, -0.065, 9.972
-0.869, -0.065, 9.972
-1.013, 0.011, 9.895
-1.013, 0.011, 9.895
-1.07, -0.008, 9.771
-1.108, 0.04, 9.349
-0.993, 0.05, 9.158
-0.993, 0.05, 9.158
-0.955, 0.098, 9.053
-0.917, -0.027, 9.177
-0.917, -0.027, 9.177
-0.84, -0.065, 9.503
-0.773, -0.171, 9.8
-0.773, -0.171, 9.8
-0.716, -0.132, 9.943
-0.773, -0.123, 10.097
-0.773, -0.123, 10.097
-0.649, -0.123, 9.838
-0.572, -0.161, 9.78
-0.572, -0.161, 9.78
-0.62, -0.171, 9.646
-0.601, -0.171, 9.857
-0.582, -0.333, 9.886
-0.62, -0.324, 10.029
-0.62, -0.324, 10.029
-0.677, -0.343, 10.087
-0.677, -0.343, 10.087
-0.524, -0.477, 9.915
-0.524, -0.477, 9.915
-0.457, -0.592, 9.819
-0.409, -0.688, 9.34
-0.409, -0.688, 9.34
-0.285, -0.822, 9.043
-0.285, -0.822, 9.043
-0.227, -0.908, 8.88
-0.237, -0.831, 9.091
-0.323, -0.669, 9.464
-0.323, -0.669, 9.464
-0.39, -0.534, 9.876
-0.39, -0.534, 9.876
-0.4, -0.429, 10.02
-0.438, -0.391, 10.049
-0.438, -0.391, 10.049
-0.457, -0.429, 9.962
-0.39, -0.448, 9.828
-0.448, -0.515, 9.733
-0.534, -0.477, 9.752
-0.658, -0.506, 9.589
-0.658, -0.506, 9.589
-0.629, -0.467, 9.57
-0.562, -0.525, 9.685
-0.562, -0.525, 9.685
-0.629, -0.515, 9.589
-0.697, -0.63, 9.541
-0.697, -0.63, 9.541
-0.754, -0.544, 9.551
-0.754, -0.544, 9.551
-0.792, -0.506, 9.407
-0.888, -0.439, 9.503
-0.859, -0.506, 9.771
-0.859, -0.506, 9.771
-0.792, -0.496, 9.905
-0.792, -0.496, 9.905
-0.811, -0.554, 9.742
-0.811, -0.554, 9.742
-0.783, -0.736, 9.934
-0.629, -0.879, 9.847
-0.629, -0.879, 9.847
-0.467, -1.023, 9.598
-0.467, -1.023, 9.598
-0.39, -1.176, 9.273
-0.39, -1.176, 9.273
-0.256, -1.329, 9.12
-0.113, -1.53, 9.014
-0.113, -1.53, 9.014
-0.152, -1.358, 9.388
-0.323, -1.052, 9.809
-0.4, -0.889, 10.049
-0.4, -0.889, 10.049
-0.524, -0.726, 10.135
-0.582, -0.601, 10.135
-0.716, -0.525, 9.962
-0.716, -0.525, 9.962
-0.744, -0.573, 9.953
-0.744, -0.573, 9.953
-0.505, -0.716, 9.915
-0.323, -0.85, 9.991
-0.323, -0.85, 9.991
-0.208, -1.013, 9.895
-0.208, -1.013, 9.895
-0.132, -1.109, 9.598
-0.085, -1.167, 9.225
-0.085, -1.167, 9.225
0.002, -1.301, 8.966
0.002, -1.301, 8.966
-0.065, -1.214, 9.081
-0.266, -0.918, 9.56
-0.266, -0.918, 9.56
-0.323, -0.927, 9.656
-0.438, -0.783, 9.895
-0.62, -0.726, 9.962
-0.582, -0.898, 9.618
-0.582, -0.898, 9.618
-0.505, -1.119, 9.187
-0.505, -1.119, 9.187
-0.409, -1.253, 9.014
-0.361, -1.31, 8.966
-0.361, -1.31, 8.966
-0.352, -1.358, 9.1
-0.543, -1.224, 9.34
-0.543, -1.224, 9.34
-0.677, -1.147, 9.359
-0.677, -1.147, 9.359
-0.84, -1.09, 9.397
-1.032, -1.157, 9.311
-1.089, -1.119, 9.168
-1.013, -1.128, 8.976
-1.013, -1.128, 8.976
-0.955, -1.176, 8.976
-0.955, -1.176, 8.976
-0.869, -1.262, 8.919
-0.811, -1.262, 9.062
-0.802, -1.234, 9.273
-0.802, -1.234, 9.273
-0.677, -1.253, 9.436
-0.677, -1.253, 9.436
-0.601, -1.262, 9.369
-0.524, -1.224, 9.33
-0.486, -1.253, 9.436
-0.486, -1.253, 9.436
-0.486, -1.291, 9.436
-0.495, -1.31, 9.282
-0.553, -1.262, 9.235
-0.553, -1.262, 9.235
-0.582, -1.157, 9.388
-0.562, -1.195, 9.378
-0.409, -1.329, 9.359
-0.409, -1.329, 9.359
-0.227, -1.502, 9.302
-0.161, -1.569, 9.206
-0.161, -1.569, 9.206
-0.208, -1.569, 9.062
-0.237, -1.454, 9.033
-0.237, -1.454, 9.033
-0.199, -1.396, 8.957
-0.171, -1.425, 8.861
-0.132, -1.463, 8.986
-0.132, -1.463, 8.986
-0.266, -1.301, 9.139
-0.313, -1.243, 9.1
-0.313, -1.243, 9.1
-0.256, -1.301, 8.919
-0.256, -1.301, 8.919
-0.323, -1.262, 8.947
-0.333, -1.109, 9.215
-0.333, -1.109, 9.215
-0.199, -1.281, 9.388
0.002, -1.416, 9.455
0.078, -1.463, 9.455
0.078, -1.463, 9.455
0.011, -1.377, 9.206
0.021, -1.368, 8.957
0.021, -1.368, 8.957
-0.056, -1.301, 8.66
-0.171, -1.176, 8.775
-0.227, -1.023, 9.1
-0.323, -0.822, 9.445
-0.323, -0.822, 9.445
-0.361, -0.669, 9.675
-0.361, -0.669, 9.675
-0.448, -0.611, 9.905
-0.62, -0.467, 9.934
-0.697, -0.544, 9.761
-0.744, -0.63, 9.828
-0.553, -0.774, 9.685
-0.553, -0.774, 9.685
-0.352, -1.052, 9.551
-0.352, -1.052, 9.551
-0.285, -1.138, 9.733
-0.285, -1.138, 9.733
-0.333, -1.195, 9.79
-0.333, -1.195, 9.79
-0.313, -1.253, 9.723
-0.371, -1.176, 9.512
-0.495, -1.099, 9.311
-0.878, -1.071, 9.196
-0.878, -1.071, 9.196
-1.195, -1.023, 9.043
-1.175, -0.908, 9.062
-1.175, -0.908, 9.062
-1.127, -0.85, 9.11
-1.127, -0.87, 9.11
-1.127, -0.87, 9.11
-1.166, -0.803, 9.244
-1.022, -0.669, 9.445
-1.022, -0.669, 9.445
-0.965, -0.487, 9.809
-0.965, -0.487, 9.809
-0.946, -0.554, 9.8
-1.051, -0.41, 9.982
-0.898, -0.343, 9.809
-0.783, -0.372, 9.57
-0.783, -0.372, 9.57
-0.831, -0.276, 9.484
-0.831, -0.276, 9.484
-0.917, -0.276, 9.436
-1.137, -0.142, 9.474
-1.185, 0.021, 9.34
-1.329, 0.155, 9.302
-1.329, 0.155, 9.302
-1.223, 0.346, 8.995
-1.223, 0.346, 8.995
-1.08, 0.308, 9.1
-0.984, 0.441, 8.851
-0.62, 0.441, 8.995
-0.878, 0.413, 9.158
-0.878, 0.413, 9.158
-0.859, 0.336, 9.503
-1.041, 0.28, 9.282
-1.041, 0.28, 9.282
-1.089, 0.299, 9.158
-1.108, 0.374, 8.842
-1.108, 0.374, 8.842
-1.108, 0.336, 8.88
-1.271, 0.318, 9.129
-1.271, 0.318, 9.129
-1.013, 0.299, 9.397
-1.013, 0.299, 9.397
-0.955, 0.28, 9.464
-0.898, 0.165, 9.522
-1.08, -0.056, 9.694
-1.08, -0.056, 9.694
-1.262, -0.142, 9.819
-1.52, -0.046, 9.349
-1.52, -0.046, 9.349
-1.807, -0.017, 9.215
-1.807, -0.017, 9.215
-2.076, 0.059, 9.081
-2.124, 0.184, 9.244
-2.009, 0.299, 9.464
-2.009, 0.299, 9.464
-1.75, 0.394, 9.522
-1.75, 0.394, 9.522
-1.434, 0.441, 9.378
-1.367, 0.518, 9.043
-1.338, 0.508, 8.957
-1.482, 0.614, 8.488
-1.597, 0.748, 8.66
-1.597, 0.748, 8.66
-1.549, 0.844, 8.871
-1.52, 1.054, 8.66
-1.52, 1.054, 8.66
-1.338, 1.102, 8.43
-1.338, 1.102, 8.43
-1.262, 1.064, 8.421
-0.974, 1.121, 8.861
-0.974, 1.121, 8.861
-0.658, 1.102, 9.417
-0.371, 1.198, 9.838
-0.371, 1.198, 9.838
-0.371, 1.332, 9.742
-0.275, 1.37, 9.895
-0.275, 1.37, 9.895
-0.323, 1.447, 9.541
-0.428, 1.495, 8.995
-0.428, 1.495, 8.995
-0.457, 1.524, 9.053
-0.457, 1.524, 9.053
-0.467, 1.572, 9.091
-0.457, 1.246, 8.928
-0.457, 1.246, 8.928
-0.543, 1.208, 8.784
-0.534, 1.169, 8.631
-0.534, 1.169, 8.631
-0.572, 1.131, 8.602
-0.486, 1.083, 8.832
-0.19, 1.016, 8.65
-0.19, 1.016, 8.65
-0.142, 1.093, 8.401
-0.285, 1.409, 8.277
-0.285, 1.409, 8.277
-0.227, 1.495, 8.277
-0.476, 1.792, 8.698
-0.946, 1.955, 9.215
-0.946, 1.955, 9.215
-1.712, 1.715, 9.397
-2.65, 1.696, 9.551
-3.56, 1.418, 9.369
-3.56, 1.418, 9.369
-4.192, 1.083, 8.698
-4.192, 1.083, 8.698
-4.001, 1.16, 8.66
-4.001, 1.16, 8.66
-3.838, 1.342, 8.555
-3.378, 1.552, 8.784
-3.378, 1.552, 8.784
-2.842, 1.878, 8.842
-2.526, 1.916, 8.957
-2.526, 1.916, 8.957
-2.296, 2.06, 8.861
-2.095, 2.242, 9.024
-2.124, 2.433, 9.177
-2.124, 2.433, 9.177
-2.143, 2.52, 9.369
-2.143, 2.52, 9.369
-2.143, 2.625, 9.33
-2.325, 2.682, 9.062
-2.373, 2.587, 8.842
-2.392, 2.558, 8.832
-2.392, 2.558, 8.832
-2.535, 2.501, 8.861
-2.535, 2.501, 8.861
-2.593, 2.443, 8.564
-2.756, 2.587, 8.449
-2.775, 2.625, 8.306
-2.775, 2.625, 8.306
-2.727, 2.596, 8.21
-2.679, 2.644, 8.171
-2.602, 2.673, 8.286
-2.65, 2.702, 8.507
-2.65, 2.702, 8.507
-2.689, 2.682, 8.65
-2.851, 2.692, 8.593
-2.851, 2.692, 8.593
-3.254, 2.75, 8.421
-3.464, 2.692, 8.21
-3.598, 2.596, 7.942
-3.598, 2.596, 7.942
-3.474, 2.663, 7.808
-3.474, 2.663, 7.808
-3.167, 2.673, 7.808
-2.784, 2.797, 7.99
-2.334, 3.056, 8.717
-1.894, 3.075, 8.813
-1.52, 3.688, 9.225
-1.52, 3.688, 9.225
-1.281, 3.918, 9.723
-1.233, 3.995, 9.857
-1.262, 3.899, 9.484
-1.357, 3.86, 9.369
-1.357, 3.86, 9.369
-1.558, 3.832, 9.215
-1.74, 3.803, 9.043
-2.238, 3.669, 9.196
-2.238, 3.669, 9.196
-2.315, 3.497, 8.919
-2.382, 3.41, 8.727
-2.382, 3.41, 8.727
-2.401, 3.295, 8.756
-2.401, 3.295, 8.756
-2.392, 3.305, 8.593
-2.267, 3.564, 8.43
-2.267, 3.564, 8.43
-2.353, 3.631, 8.574
-2.334, 3.65, 8.823
-2.334, 3.65, 8.823
-2.411, 3.602, 8.842
-2.411, 3.602, 8.842
-2.497, 3.525, 8.804
-2.545, 3.362, 8.564
-2.545, 3.362, 8.564
-2.65, 3.305, 8.334
-2.507, 3.171, 8.028
-2.507, 3.171, 8.028
-2.373, 2.97, 7.76
-2.238, 3.056, 7.836
-2.124, 3.487, 8.229
-2.076, 3.707, 8.593
-2.076, 3.707, 8.593
-2.468, 4.416, 9.024
-2.373, 4.263, 8.89
-2.535, 3.832, 8.411
-2.698, 3.803, 8.411
-2.775, 3.736, 8.248
-2.775, 3.736, 8.248
-2.65, 3.698, 8.085
-2.564, 3.592, 7.894
-2.44, 3.592, 8.066
-2.334, 3.793, 8.44
-2.334, 3.793, 8.44
-2.238, 3.88, 8.545
-2.162, 4.004, 8.468
-2.162, 4.004, 8.468
-2.238, 3.985, 8.497
-2.219, 3.995, 8.507
-2.219, 3.995, 8.507
-2.2, 3.947, 8.488
-2.258, 3.736, 8.411
-2.334, 3.631, 8.344
-2.382, 3.554, 8.124
-2.43, 3.458, 7.922
-2.43, 3.458, 7.922
-2.382, 3.458, 8.057
-2.382, 3.458, 8.057
-2.286, 3.487, 8.133
-2.085, 3.602, 8.43
-2.047, 3.698, 8.583
-2.191, 3.726, 8.737
-2.191, 3.726, 8.737
-2.43, 3.851, 8.698
-2.612, 3.784, 8.545
-2.612, 3.784, 8.545
-2.736, 3.746, 8.631
-2.851, 3.621, 8.306
-3.091, 3.544, 8.104
-3.091, 3.544, 8.104
-3.349, 3.41, 7.999
-3.426, 3.449, 8.104
-3.349, 3.564, 8.143
-3.349, 3.564, 8.143
-2.995, 3.65, 8.248
-2.995, 3.65, 8.248
-2.765, 3.707, 8.382
-2.459, 3.688, 8.306
-2.459, 3.688, 8.306
-2.305, 3.698, 8.325
-2.085, 3.669, 8.411
-2.171, 3.669, 8.306
-2.171, 3.669, 8.306
-2.315, 3.755, 8.43
-2.344, 3.908, 8.488
-2.459, 3.947, 8.574
-2.497, 3.87, 8.622
-2.497, 3.87, 8.622
-2.468, 3.975, 8.689
-2.401, 3.947, 8.928
-2.401, 3.947, 8.928
-2.296, 3.86, 9.014
-2.296, 3.86, 9.014
-2.238, 3.746, 9.043
-2.344, 3.669, 9.005
-2.344, 3.669, 9.005
-2.344, 3.679, 8.622
-2.344, 3.679, 8.622
-2.526, 3.573, 8.124
-3.052, 3.372, 8.171
-3.052, 3.343, 8.095
-3.11, 3.506, 8.085
-3.11, 3.506, 8.085
-2.401, 3.382, 7.635
-2.401, 3.382, 7.635
-2.411, 3.621, 7.827
-2.373, 3.822, 7.769
-2.373, 3.822, 7.769
-2.344, 3.688, 7.827
-2.353, 3.793, 8.009
-2.353, 3.793, 8.009
-2.507, 3.822, 8.114
-2.507, 3.822, 8.114
-2.535, 3.784, 8.181
-2.736, 3.841, 8.076
-2.631, 3.908, 7.903
-2.554, 3.813, 8.143
-2.554, 3.813, 8.143
-2.554, 3.813, 8.143
-2.305, 3.736, 8.258
-2.2, 3.755, 8.449
-2.2, 3.746, 8.526
-2.2, 3.746, 8.526
-2.286, 3.793, 8.756
-2.353, 3.698, 8.698
-2.353, 3.698, 8.698
-2.497, 3.65, 8.535
-2.497, 3.65, 8.535
-2.497, 3.544, 8.344
-2.669, 3.535, 8.286
-2.669, 3.535, 8.286
-2.708, 3.477, 7.99
-2.717, 3.516, 8.114
-2.641, 3.65, 8.248
-2.641, 3.65, 8.248
-2.564, 3.611, 8.248
-2.564, 3.611, 8.248
-2.363, 3.659, 8.353
-2.353, 3.621, 8.239
-2.353, 3.621, 8.239
-2.401, 3.726, 8.258
-2.44, 3.765, 8.229
-2.411, 3.765, 8.382
-2.411, 3.765, 8.382
-2.44, 3.908, 8.411
-2.373, 3.975, 8.411
-2.516, 4.1, 8.353
-2.516, 4.1, 8.353
-2.516, 4.1, 8.353
-2.564, 4.253, 8.315
-2.564, 4.253, 8.315
-2.612, 4.32, 8.267
-2.516, 4.349, 8.191
-2.43, 4.349, 8.306
-2.43, 4.349, 8.306
-2.373, 4.358, 8.21
-2.373, 4.358, 8.21
-2.411, 4.358, 8.229
-2.411, 4.358, 8.229
-2.44, 4.358, 8.057
-2.411, 4.291, 8.2
-2.411, 4.291, 8.2
-2.44, 4.416, 8.373
-2.401, 4.282, 8.363
-2.401, 4.282, 8.363
-2.382, 4.253, 8.296
-2.382, 4.253, 8.296
-2.449, 4.167, 8.219
-2.468, 4.148, 8.239
-2.468, 4.148, 8.239
-2.449, 4.042, 8.191
-2.353, 4.062, 8.114
-2.353, 4.062, 8.114
-2.325, 4.1, 8.258
-2.21, 4.129, 8.344
-2.162, 4.129, 8.401
-2.162, 4.129, 8.401
-2.258, 4.148, 8.382
-2.258, 4.148, 8.382
-2.21, 4.301, 8.296
-2.21, 4.301, 8.296
-2.21, 4.368, 8.152
-2.497, 4.071, 7.98
-2.947, 4.129, 8.181
-2.947, 4.129, 8.181
-2.985, 4.157, 8.296
-2.985, 4.157, 8.296
-2.669, 3.899, 8.488
-2.392, 3.746, 8.535
-2.296, 3.803, 8.65
-2.296, 3.803, 8.65
-2.229, 3.803, 8.564
-2.124, 3.822, 8.334
-2.124, 3.822, 8.334
-2.181, 3.736, 8.248
-2.325, 3.679, 8.219
-2.325, 3.679, 8.219
-2.43, 3.611, 8.037
-2.478, 3.621, 8.124
-2.468, 3.544, 8.239
-2.468, 3.544, 8.239
-2.449, 3.755, 8.325
-2.449, 3.755, 8.325
-2.401, 3.717, 8.334
-2.114, 3.918, 8.334
-2.114, 3.918, 8.334
-2.143, 3.956, 8.392
-1.951, 4.062, 8.421
-1.788, 4.023, 8.373
-1.788, 4.023, 8.373
-1.817, 3.947, 8.411
-2.009, 3.966, 8.382
-2.104, 4.004, 8.488
-2.009, 3.947, 8.44
-2.009, 3.947, 8.44
-2.018, 3.918, 8.43
-2.114, 3.851, 8.392
-2.114, 3.851, 8.392
-2.2, 3.908, 8.334
-2.095, 3.966, 8.2
-2.066, 3.947, 8.267
-2.066, 3.947, 8.267
-2.056, 3.851, 8.277
-2.056, 3.851, 8.277
-2.018, 3.975, 8.315
-2.018, 3.975, 8.315
-1.827, 4.071, 8.44
-1.903, 4.023, 8.488
-1.903, 4.023, 8.488
-2.095, 3.947, 8.421
-2.095, 3.947, 8.421
-2.152, 4.042, 8.401
-2.066, 3.975, 8.411
-2.133, 4.071, 8.44
-2.133, 4.071, 8.44
-2.162, 3.975, 8.325
-2.133, 3.88, 8.373
-2.133, 3.88, 8.373
-1.999, 3.86, 8.382
-1.999, 3.86, 8.382
-1.951, 3.717, 8.421
-2.114, 3.621, 8.334
-2.085, 3.679, 8.325
-2.085, 3.679, 8.325
-2.037, 3.832, 8.43
-2.037, 3.832, 8.43
-1.798, 3.937, 8.555
-1.798, 3.937, 8.555
-1.731, 3.908, 8.516
-1.52, 4.004, 8.583
-1.52, 4.004, 8.583
-1.463, 3.985, 8.602
-1.367, 4.004, 8.497
-1.367, 4.004, 8.497
-1.367, 4.071, 8.727
-1.29, 4.081, 8.555
-1.281, 4.052, 8.545
-1.281, 4.052, 8.545
-1.29, 4.119, 8.497
-1.29, 4.119, 8.497
-1.223, 4.109, 8.727
-1.223, 4.109, 8.727
-1.137, 4.205, 8.641
-1.041, 4.253, 8.708
-0.898, 4.272, 8.765
-0.898, 4.272, 8.765
-0.859, 4.291, 8.631
-0.85, 4.234, 8.746
-0.85, 4.234, 8.746
-0.898, 4.167, 8.765
-1.051, 4.205, 8.66
-1.118, 4.1, 8.737
-1.118, 4.1, 8.737
-1.262, 4.052, 8.794
-1.329, 4.062, 8.765
-1.367, 3.995, 8.775
-1.367, 3.995, 8.775
-1.491, 3.947, 8.689
-1.491, 3.947, 8.689
-1.654, 3.851, 8.698
-1.721, 3.803, 8.545
-1.721, 3.803, 8.545
-1.817, 3.679, 8.497
-1.884, 3.611, 8.555
-1.884, 3.611, 8.555
-1.922, 3.621, 8.516
-2.028, 3.592, 8.44
-2.066, 3.611, 8.631
-2.066, 3.611, 8.631
-2.047, 3.544, 8.574
-2.047, 3.544, 8.574
-1.989, 3.564, 8.583
-1.884, 3.525, 8.622
-1.884, 3.525, 8.622
-1.779, 3.592, 8.574
-1.836, 3.621, 8.535
-1.922, 3.592, 8.392
-1.922, 3.592, 8.392
-2.056, 3.592, 8.449
-2.056, 3.592, 8.449
-2.219, 3.611, 8.497
-2.171, 3.573, 8.382
-1.989, 3.525, 8.325
-1.989, 3.525, 8.325
-1.894, 3.573, 8.325
-2.009, 3.602, 8.401
-2.009, 3.602, 8.401
-1.98, 3.621, 8.44
-1.98, 3.621, 8.44
-1.903, 3.698, 8.478
-1.855, 3.717, 8.507
-1.855, 3.717, 8.507
-1.855, 3.698, 8.622
-1.74, 3.736, 8.622
-1.74, 3.736, 8.622
-1.731, 3.793, 8.602
-1.846, 3.688, 8.622
-1.846, 3.688, 8.622
-1.827, 3.688, 8.622
-1.779, 3.765, 8.66
-1.731, 3.841, 8.593
-1.731, 3.841, 8.593
-1.673, 3.88, 8.66
-1.693, 3.793, 8.612
-1.721, 3.813, 8.727
-1.721, 3.813, 8.727
-1.836, 3.765, 8.622
-1.836, 3.765, 8.622
-1.913, 3.832, 8.698
-1.961, 3.822, 8.717
-1.961, 3.822, 8.717
-1.903, 3.813, 8.737
-1.922, 3.832, 8.804
-1.922, 3.832, 8.804
-1.721, 3.851, 8.631
-1.721, 3.851, 8.631
-1.712, 3.87, 8.67
-1.798, 3.87, 8.583
-1.875, 3.841, 8.631
-1.875, 3.841, 8.631
-1.98, 3.88, 8.679
-1.98, 3.88, 8.679
-2.066, 3.851, 8.698
-2.037, 3.86, 8.622
-2.037, 3.86, 8.622
-1.951, 3.947, 8.66
-1.884, 3.975, 8.574
-1.884, 3.975, 8.574
-1.817, 3.918, 8.411
-1.817, 3.918, 8.411
-1.846, 3.985, 8.411
-1.932, 3.966, 8.334
-1.989, 4.042, 8.325
-1.989, 4.042, 8.325
-1.989, 3.995, 8.277
-1.999, 4.014, 8.296
-1.999, 4.014, 8.296
-1.951, 3.947, 8.239
-1.932, 4.033, 8.325
-1.827, 4.119, 8.258
-1.798, 4.129, 8.315
-1.712, 4.234, 8.459
-1.712, 4.234, 8.459
-1.587, 4.263, 8.411
-1.587, 4.263, 8.411
-1.501, 4.32, 8.526
-1.501, 4.32, 8.526
-1.463, 4.282, 8.478
-1.472, 4.301, 8.382
-1.472, 4.301, 8.382
-1.597, 4.301, 8.382
-1.597, 4.301, 8.382
-1.645, 4.311, 8.306
-1.702, 4.253, 8.286
-1.702, 4.253, 8.286
-1.74, 4.224, 8.344
-1.74, 4.224, 8.344
-1.635, 4.215, 8.334
-1.635, 4.215, 8.334
-1.683, 4.253, 8.353
-1.606, 4.291, 8.421
-1.606, 4.291, 8.421
-1.645, 4.215, 8.43
-1.673, 4.244, 8.325
-1.712, 4.167, 8.315
-1.712, 4.167, 8.315
-1.721, 4.148, 8.152
-1.606, 4.186, 8.296
-1.606, 4.186, 8.296
-1.673, 4.129, 8.306
-1.616, 4.186, 8.315
-1.616, 4.186, 8.315
-1.597, 4.196, 8.277
-1.597, 4.196, 8.277
-1.712, 4.129, 8.2
-1.702, 4.062, 8.124
-1.702, 4.062, 8.124
-1.712, 4.177, 8.21
-1.712, 4.177, 8.21
-1.645, 4.148, 8.401
-1.616, 4.186, 8.507
-1.511, 4.224, 8.401
-1.511, 4.224, 8.401
-1.396, 4.301, 8.057
-1.396, 4.301, 8.057
-1.386, 4.358, 7.97
-1.376, 4.368, 7.884
-1.376, 4.368, 7.884
-1.52, 4.282, 7.75
-1.712, 4.234, 7.846
-1.712, 4.234, 7.846
-2.047, 4.119, 7.951
-2.047, 4.119, 7.951
-2.133, 4.1, 8.009
-2.162, 3.995, 8.191
-2.133, 4.014, 8.392
-1.942, 4.004, 8.698
-1.855, 3.966, 8.995
-1.855, 3.966, 8.995
-1.922, 4.109, 9.56
-1.702, 4.263, 10.183
-1.013, 3.86, 10.662
-0.802, 3.42, 11.016
-1.08, 3.937, 11.227
-1.08, 3.937, 11.227
-1.022, 4.177, 10.269
-0.946, 4.205, 7.817
-1.472, 3.813, 6.534
-1.472, 3.813, 6.534
-2.689, 3.497, 6.783
-2.689, 3.497, 6.783
-3.11, 3.573, 7.137
-3.618, 3.267, 7.875
-3.618, 3.267, 7.875
-3.407, 3.315, 8.095
-2.708, 3.429, 8.191
-2.708, 3.429, 8.191
-1.922, 3.64, 8.583
-1.922, 3.64, 8.583
-1.922, 3.64, 8.583
-1.329, 3.841, 9.024
-1.089, 4.052, 9.512
-1.022, 4.138, 9.541
-1.022, 4.138, 9.541
-1.444, 4.1, 9.129
-1.444, 4.1, 9.129
-1.616, 4.109, 8.708
-1.97, 3.899, 8.124
-1.97, 3.899, 8.124
-2.305, 3.851, 7.875
-2.305, 3.851, 7.875
-2.305, 3.698, 7.884
-2.238, 3.698, 7.999
-2.056, 3.736, 8.21
-1.702, 3.899, 8.449
-1.702, 3.899, 8.449
-1.348, 4.004, 8.737
-1.348, 4.004, 8.737
-1.338, 4.033, 8.957
-1.415, 4.062, 8.928
-1.463, 3.966, 8.775
-1.463, 3.966, 8.775
-1.731, 3.985, 8.679
-1.884, 3.889, 8.535
-1.999, 3.889, 8.459
-1.999, 3.889, 8.459
-2.028, 3.851, 8.315
-2.028, 3.851, 8.315
-1.951, 3.918, 8.363
-1.875, 3.908, 8.267
-1.875, 3.908, 8.267
-1.683, 3.889, 8.449
-1.683, 3.889, 8.449
-1.558, 3.928, 8.555
-1.53, 4.014, 8.574
-1.539, 3.947, 8.631
-1.616, 3.975, 8.631
-1.616, 3.975, 8.631
-1.721, 3.995, 8.622
-1.769, 3.889, 8.545
-1.836, 3.88, 8.545
-1.894, 3.803, 8.488
-1.894, 3.803, 8.488
-1.98, 3.774, 8.526
-1.903, 3.87, 8.65
-1.903, 3.87, 8.65
-1.836, 3.755, 8.631
-1.75, 3.86, 8.602
-1.693, 3.966, 8.602
-1.664, 3.851, 8.612
-1.664, 3.851, 8.612
-1.683, 3.889, 8.66
-1.75, 3.918, 8.708
-1.798, 4.023, 8.813
-1.798, 4.023, 8.813
-1.712, 4.004, 8.851
-1.712, 4.004, 8.851
-1.76, 3.937, 8.737
-1.721, 3.985, 8.631
-1.721, 3.985, 8.631
-1.702, 4.014, 8.622
-1.702, 3.995, 8.555
-1.702, 3.995, 8.555
-1.76, 4.004, 8.449
-1.76, 4.004, 8.449
-1.75, 4.033, 8.459
-1.75, 4.033, 8.382
-1.75, 4.033, 8.382
-1.75, 3.956, 8.286
-1.75, 4.033, 8.315
-1.731, 4.071, 8.315
-1.731, 4.071, 8.315
-1.779, 4.033, 8.363
-1.807, 3.995, 8.353
-1.721, 4.119, 8.421
-1.721, 4.119, 8.421
-1.702, 4.071, 8.363
-1.702, 4.071, 8.363
-1.664, 4.1, 8.286
-1.53, 4.148, 8.344
-1.53, 4.148, 8.344
-1.558, 4.177, 8.344
-1.558, 4.177, 8.344
-1.558, 4.205, 8.382
-1.578, 4.148, 8.258
-1.578, 4.148, 8.258
-1.683, 4.129, 8.286
-1.683, 4.129, 8.286
-1.702, 4.244, 8.306
-1.673, 4.215, 8.325
-1.673, 4.215, 8.325
-1.616, 4.205, 8.43
-1.616, 4.205, 8.43
-1.511, 4.234, 8.325
-1.511, 4.234, 8.325
-1.376, 4.301, 8.315
-1.376, 4.301, 8.315
-1.415, 4.244, 8.219
-1.405, 4.224, 8.267
-1.405, 4.224, 8.267
-1.482, 4.282, 8.306
-1.539, 4.205, 8.315
-1.539, 4.205, 8.315
-1.587, 4.224, 8.325
-1.606, 4.177, 8.085
-1.769, 4.157, 7.97
-2.009, 4.033, 7.922
-2.009, 4.033, 7.922
-1.865, 4.081, 7.999
-1.894, 3.975, 8.057
-1.942, 3.975, 8.239
-1.951, 3.975, 8.344
-1.951, 3.975, 8.344
-1.894, 3.956, 8.631
-1.894, 3.956, 8.631
-1.855, 3.908, 8.698
-1.884, 3.928, 9.033
-1.836, 3.995, 9.445
-1.836, 3.995, 9.445
-1.52, 3.937, 9.876
-1.52, 3.937, 9.876
-1.175, 3.679, 10.527
-1.175, 3.679, 10.527
-1.223, 3.832, 10.326
-1.147, 4.052, 9.254
-1.147, 4.052, 9.254
-1.195, 3.937, 7.731
-1.807, 3.573, 7.128
-1.807, 3.573, 7.128
-2.487, 3.42, 7.166
-2.871, 3.449, 7.587
-2.871, 3.449, 7.587
-3.11, 3.362, 8.076
-2.803, 3.449, 8.315
-2.315, 3.573, 8.401
-1.894, 3.65, 8.698
-1.894, 3.65, 8.698
-1.453, 3.928, 8.899
-1.137, 4.033, 9.177
-1.137, 4.033, 9.177
-1.051, 4.129, 9.244
-1.137, 4.186, 8.986
-1.444, 4.138, 8.88
-1.444, 4.138, 8.88
-1.74, 4.109, 8.478
-1.98, 3.985, 8.171
-1.98, 3.985, 8.171
-2.104, 3.86, 8.085
-2.104, 3.86, 8.085
-2.076, 3.736, 7.99
-1.961, 3.688, 8.325
-1.961, 3.688, 8.325
-1.673, 3.784, 8.459
-1.673, 3.784, 8.459
-1.463, 3.956, 8.727
-1.463, 3.956, 8.727
-1.405, 3.956, 8.794
-1.501, 3.966, 8.823
-1.501, 3.966, 8.823
-1.712, 3.88, 8.602
-1.712, 3.88, 8.602
-1.865, 3.793, 8.459
-1.865, 3.793, 8.459
-1.989, 3.822, 8.401
-1.989, 3.822, 8.401
-1.922, 3.813, 8.44
-1.865, 3.889, 8.344
-1.865, 3.889, 8.344
-1.865, 3.86, 8.401
-1.865, 3.86, 8.401
-1.693, 3.851, 8.459
-1.693, 3.851, 8.459
-1.597, 3.956, 8.631
-1.511, 3.985, 8.622
-1.511, 3.985, 8.622
-1.463, 3.975, 8.698
-1.568, 3.947, 8.727
-1.568, 3.947, 8.727
-1.693, 3.918, 8.65
-1.75, 3.88, 8.784
-1.75, 3.88, 8.784
-1.807, 3.774, 8.756
-1.894, 3.793, 8.679
-1.788, 3.841, 8.602
-1.788, 3.841, 8.602
-1.712, 3.899, 8.612
-1.635, 3.88, 8.612
-1.635, 3.88, 8.612
-1.702, 3.966, 8.583
-1.683, 3.908, 8.65
-1.683, 3.908, 8.65
-1.654, 4.033, 8.689
-1.587, 4.033, 8.756
-1.587, 4.033, 8.756
-1.549, 4.023, 8.708
-1.549, 4.023, 8.708
-1.501, 3.966, 8.622
-1.501, 4.033, 8.497
-1.501, 4.033, 8.497
-1.53, 4.09, 8.516
-1.53, 4.09, 8.516
-1.587, 4.071, 8.459
-1.587, 4.071, 8.459
-1.606, 4.033, 8.363
-1.606, 4.033, 8.363
-1.664, 3.966, 8.459
-1.664, 3.966, 8.459
-1.702, 4.052, 8.363
-1.645, 4.062, 8.363
-1.53, 4.138, 8.315
-1.53, 4.138, 8.315
-1.511, 4.205, 8.468
-1.405, 4.282, 8.526
-1.405, 4.282, 8.526
-1.415, 4.205, 8.497
-1.415, 4.205, 8.497
-1.396, 4.234, 8.574
-1.338, 4.224, 8.526
-1.309, 4.244, 8.631
-1.309, 4.244, 8.631
-1.396, 4.196, 8.497
-1.396, 4.196, 8.497
-1.424, 4.157, 8.411
-1.444, 4.177, 8.392
-1.453, 4.177, 8.43
-1.463, 4.234, 8.449
-1.491, 4.167, 8.363
-1.491, 4.167, 8.363
-1.444, 4.119, 8.344
-1.424, 4.1, 8.315
-1.424, 4.1, 8.315
-1.415, 4.186, 8.401
-1.415, 4.186, 8.401
-1.444, 4.167, 8.325
-1.444, 4.167, 8.325
-1.463, 4.109, 8.315
-1.53, 4.129, 8.306
-1.53, 4.129, 8.306
-1.558, 4.09, 8.258
-1.558, 4.09, 8.258
-1.549, 4.167, 8.315
-1.463, 4.129, 8.315
-1.463, 4.129, 8.315
-1.415, 4.177, 8.344
-1.367, 4.253, 8.44
-1.252, 4.205, 8.392
-1.252, 4.205, 8.392
-1.338, 4.215, 8.124
-1.338, 4.215, 8.124
-1.376, 4.186, 8.047
-1.501, 4.186, 7.942
-1.645, 4.196, 7.97
-1.779, 4.129, 8.009
-1.779, 4.129, 8.009
-1.903, 4.109, 8.2
-1.855, 4.138, 8.392
-1.817, 4.052, 8.497
-1.664, 4.052, 8.65
-1.664, 4.052, 8.65
-1.463, 4.014, 8.947
-1.511, 4.081, 9.388
-1.511, 4.081, 9.388
-1.424, 4.148, 9.838
-1.424, 4.148, 9.838
-1.041, 3.899, 10.307
-0.955, 3.583, 10.662
-1.06, 4.023, 10.144
-1.06, 4.023, 10.144
-0.965, 4.062, 9.436
-1.013, 4.004, 7.779
-1.013, 4.004, 7.779
-2.056, 3.564, 6.955
-2.056, 3.564, 6.955
-2.411, 3.401, 7.07
-2.803, 3.429, 7.53
-2.803, 3.429, 7.53
-2.746, 3.458, 8.315
-2.746, 3.458, 8.315
-2.554, 3.439, 8.353
-1.97, 3.554, 8.449
-1.75, 3.564, 8.526
-1.175, 3.899, 9.053
-1.175, 3.899, 9.053
-0.984, 4.138, 9.34
-0.984, 4.138, 9.34
-0.917, 4.167, 9.436
-1.271, 4.196, 9.091
-1.271, 4.196, 9.091
-1.271, 4.196, 8.957
-1.501, 4.062, 8.449
-1.769, 3.956, 8.133
-1.769, 3.956, 8.133
-1.894, 3.889, 8.009
-1.894, 3.889, 8.009
-1.922, 3.87, 8.095
-1.721, 3.937, 8.267
-1.376, 3.985, 8.468
-1.242, 3.985, 8.708
-1.242, 3.985, 8.708
-1.156, 4.09, 8.919
-1.185, 3.985, 8.976
-1.185, 3.985, 8.976
-1.309, 3.995, 8.861
-1.539, 3.966, 8.746
-1.539, 3.966, 8.746
-1.664, 3.851, 8.516
-1.664, 3.851, 8.516
-1.884, 3.774, 8.411
-1.884, 3.774, 8.411
-1.884, 3.803, 8.296
-1.865, 3.765, 8.315
-1.74, 3.793, 8.401
-1.74, 3.793, 8.401
-1.645, 3.841, 8.459
-1.472, 3.86, 8.516
-1.453, 3.899, 8.631
-1.453, 3.899, 8.631
-1.463, 3.956, 8.679
-1.482, 3.889, 8.622
-1.482, 3.889, 8.622
-1.52, 3.899, 8.602
-1.578, 3.908, 8.535
-1.683, 3.947, 8.545
-1.683, 3.947, 8.545
-1.721, 3.851, 8.449
-1.712, 3.803, 8.344
-1.712, 3.803, 8.344
-1.616, 3.966, 8.421
-1.501, 3.928, 8.535
-1.415, 3.995, 8.593
-1.434, 4.023, 8.583
-1.434, 4.023, 8.583
-1.424, 3.975, 8.612
-1.415, 4.042, 8.468
-1.491, 3.937, 8.612
-1.491, 3.937, 8.612
-1.549, 3.985, 8.631
-1.616, 3.966, 8.679
-1.616, 3.966, 8.679
-1.568, 3.851, 8.698
-1.568, 3.851, 8.698
-1.616, 3.937, 8.804
-1.616, 3.937, 8.804
-1.587, 3.966, 8.851
-1.587, 3.966, 8.851
-1.491, 4.004, 8.727
-1.405, 4.033, 8.698
-1.405, 4.033, 8.698
-1.348, 4.014, 8.765
-1.453, 3.995, 8.689
-1.472, 4.023, 8.689
-1.491, 3.985, 8.66
-1.491, 3.985, 8.66
-1.578, 4.004, 8.574
-1.587, 3.966, 8.478
-1.683, 3.956, 8.44
-1.597, 4.042, 8.545
-1.597, 3.956, 8.44
-1.597, 3.956, 8.44
-1.568, 4.004, 8.382
-1.539, 3.975, 8.526
-1.482, 4.109, 8.459
-1.482, 4.062, 8.555
-1.482, 4.062, 8.555
-1.482, 4.148, 8.449
-1.396, 4.186, 8.411
-1.396, 4.186, 8.411
-1.424, 4.167, 8.593
-1.3, 4.177, 8.401
-1.3, 4.177, 8.401
-1.348, 4.177, 8.401
-1.348, 4.177, 8.401
-1.357, 4.148, 8.497
-1.338, 4.196, 8.468
-1.319, 4.148, 8.459
-1.367, 4.196, 8.545
-1.367, 4.196, 8.545
-1.348, 4.138, 8.488
-1.348, 4.138, 8.488
-1.348, 4.157, 8.344
-1.367, 4.224, 8.468
-1.424, 4.109, 8.392
-1.405, 4.186, 8.401
-1.405, 4.186, 8.401
-1.415, 4.148, 8.219
-1.415, 4.148, 8.219
-1.329, 4.109, 8.296
-1.357, 4.186, 8.229
-1.357, 4.186, 8.229
-1.3, 4.129, 8.315
-1.348, 4.148, 8.344
-1.348, 4.148, 8.344
-1.444, 4.052, 8.459
-1.444, 4.052, 8.459
-1.472, 4.081, 8.459
-1.434, 4.081, 8.555
-1.434, 4.081, 8.555
-1.376, 4.148, 8.459
-1.376, 4.148, 8.459
-1.281, 4.119, 8.229
-1.367, 4.119, 8.21
-1.434, 4.129, 8.152
-1.434, 4.09, 8.047
-1.434, 4.09, 8.047
-1.539, 4.1, 8.296
-1.539, 4.1, 8.296
-1.578, 4.042, 8.286
-1.578, 4.042, 8.286

